0	1640.63869985
1	1625.31622071
2	1615.58206115
3	1599.27792201
4	1589.02850031
5	1583.96221864
6	1574.20993206
7	1567.85695288
8	1559.94966666
9	1552.51718773
10	1540.2345644
11	1529.83339457
12	1522.24162007
13	1518.01720721
14	1508.74376347
15	1497.15708577
16	1487.20167442
17	1478.92390011
18	1473.4142178
19	1466.39163568
20	1457.44611314
21	1451.98278339
22	1444.70489591
23	1438.30381423
24	1427.56545181
25	1424.14663762
26	1415.56506193
27	1409.49309551
28	1405.76382299
29	1398.95123658
30	1394.72322084
31	1389.03934648
32	1382.44282668
33	1377.98286957
34	1373.48489898
35	1367.50280199
36	1362.44511438
37	1358.63573425
38	1355.70303411
39	1351.62380252
40	1347.497706
41	1338.96701353
42	1335.77032526
43	1330.69300988
44	1328.26862517
45	1322.89979989
46	1319.53636748
47	1315.76674265
48	1313.97101832
49	1311.64805727
50	1307.82509013
51	1302.30749008
52	1301.18417816
53	1296.14621775
54	1290.6386996
55	1289.02915125
56	1286.39956969
57	1282.76649395
58	1280.08778
59	1277.75281428
60	1273.38088331
61	1271.75322234
62	1265.60942833
63	1261.59577418
64	1257.80059312
65	1257.55733874
66	1254.43637719
67	1251.79667095
68	1247.87308029
69	1243.74201793
70	1240.47316083
71	1238.17918121
72	1235.84161235
73	1230.20039147
74	1226.50916796
75	1224.02940985
76	1221.12742193
77	1215.25284763
78	1214.11520772
79	1207.14330296
80	1206.12074063
81	1205.45925409
82	1204.35210803
83	1203.67471134
84	1202.62933525
85	1199.31160912
86	1196.81105544
87	1194.90611578
88	1186.95151285
89	1181.80583381
90	1179.62468771
91	1175.12787478
92	1174.26277173
93	1171.5377772
94	1170.28112251
95	1165.79057205
96	1163.14066454
97	1160.16219823
98	1159.58545153
99	1157.04681431
100	1152.81824251
101	1151.48615072
102	1149.38382776
103	1146.31847697
104	1143.51527103
105	1141.17717923
106	1140.85914906
107	1136.68889363
108	1135.91709314
109	1134.70927078
110	1133.1352139
111	1132.46101044
112	1132.06519969
113	1128.30268256
114	1127.43833078
115	1126.48525548
116	1125.87941733
117	1124.20852626
118	1121.14656136
119	1120.55175002
120	1116.7742599
121	1115.16610601
122	1114.20841924
123	1112.51743712
124	1110.71149003
125	1107.02410555
126	1106.5503899
127	1104.70076478
128	1101.09172361
129	1097.95171502
130	1097.06170266
131	1095.80258334
132	1095.75900299
133	1094.52857311
134	1094.32368024
135	1093.39082779
136	1091.64285815
137	1091.01650168
138	1085.74955813
139	1084.40686691
140	1084.22714891
141	1079.38514019
142	1077.34906658
143	1076.1208665
144	1074.37139352
145	1073.09946242
146	1071.83477753
147	1070.89774084
148	1070.07093672
149	1068.94893931
150	1066.45411382
151	1064.16102233
152	1062.35428205
153	1062.35428205
154	1059.96519159
155	1059.37222584
156	1054.74044048
157	1053.51904341
158	1052.46764876
159	1051.88488529
160	1051.08070032
161	1048.6454955
162	1046.41976244
163	1045.25948659
164	1045.25948659
165	1043.54830943
166	1042.06060008
167	1040.59643022
168	1039.57743629
169	1038.69184281
170	1037.30903157
171	1035.51667688
172	1035.15044248
173	1035.15044248
174	1034.766509
175	1034.64492685
176	1033.52088289
177	1032.23364097
178	1030.57123247
179	1029.59360184
180	1029.33353157
181	1028.99507262
182	1028.68240869
183	1028.25400792
184	1027.13481477
185	1025.05701364
186	1023.83372191
187	1023.10400659
188	1022.41793016
189	1020.23154853
190	1019.02757694
191	1017.34455851
192	1015.76155459
193	1015.01361846
194	1014.41332494
195	1011.28823287
196	1010.79213596
197	1008.89130163
198	1007.79240429
199	1006.74865977
200	1006.38140687
201	1006.38140687
202	1006.38140687
203	1005.85487556
204	1005.57024591
205	1005.45697485
206	1004.83452555
207	1004.48413613
208	1004.13522653
209	1003.77900208
210	1003.17716963
211	1002.37501242
212	1001.47998578
213	1001.32684165
214	1000.84135302
215	1000.22883731
216	1000.1454294
217	997.867726809
218	997.817851134
219	997.184237447
220	996.662082469
221	995.443287389
222	995.238658783
223	994.100176063
224	994.100176063
225	992.434891539
226	992.118582044
227	991.179312691
228	990.018700642
229	989.398308304
230	989.398308304
231	989.381200768
232	988.950594393
233	988.946632741
234	988.613556456
235	988.156045828
236	986.76688276
237	985.766142012
238	982.371786163
239	982.233989074
240	982.125243296
241	980.625141428
242	980.60959688
243	980.050434306
244	977.281388171
245	976.346918127
246	976.179872686
247	976.080733561
248	975.990801187
249	975.608690428
250	973.1678681
251	972.526090539
252	970.552079496
253	969.301437874
254	969.072016594
255	968.79719474
256	967.655596527
257	966.860326269
258	965.986732002
259	965.581346804
260	964.877690884
261	964.877690884
262	964.877690884
263	963.416719751
264	963.358572029
265	961.625597089
266	961.119860323
267	960.264688452
268	960.078521502
269	958.86253396
270	958.58738723
271	958.022751604
272	957.868703989
273	956.473245731
274	954.398114131
275	953.076550478
276	952.868015423
277	951.619935937
278	951.411539659
279	950.922574355
280	949.356490922
281	948.134553847
282	947.803125803
283	947.592119423
284	946.718176158
285	945.933809161
286	945.884028818
287	945.240288326
288	944.845897616
289	944.76635173
290	944.58801151
291	944.554631011
292	944.139530283
293	943.240218051
294	942.525997716
295	941.832533454
296	941.832533454
297	941.444302359
298	941.444302359
299	941.020087887
300	941.020087887
301	938.986564843
302	938.972218695
303	938.054235613
304	937.865408081
305	937.110341931
306	937.051985979
307	936.593765033
308	936.218551268
309	934.454412676
310	934.454412676
311	933.442470948
312	932.555015707
313	932.223758719
314	932.182226407
315	931.960662312
316	930.695555297
317	928.906309849
318	928.078060891
319	928.078060891
320	927.363636384
321	927.235901524
322	926.891097453
323	926.398093165
324	926.132657386
325	926.132657386
326	925.782770597
327	925.433039829
328	925.433039829
329	924.021379565
330	924.004881878
331	923.665240653
332	923.272127071
333	922.33023624
334	921.735999485
335	921.382674175
336	921.135930718
337	921.135930718
338	920.948267229
339	920.938732803
340	919.927997258
341	919.632059167
342	919.589880515
343	918.549129806
344	918.486932008
345	917.511457265
346	917.446160742
347	916.566730936
348	916.399516158
349	915.769827943
350	915.239257234
351	914.358455898
352	913.698737107
353	912.810026243
354	912.327631952
355	910.997953625
356	910.56383942
357	909.603006448
358	909.08691446
359	908.514843369
360	907.465438566
361	907.26584994
362	906.666054291
363	906.575743719
364	906.551641564
365	906.233283286
366	904.788036627
367	904.016869684
368	903.835599807
369	903.835599807
370	903.44157847
371	900.341945423
372	900.271747718
373	899.73620478
374	898.27774082
375	897.738668306
376	896.999899303
377	896.978152816
378	896.446253757
379	896.010205209
380	894.475304368
381	894.216536718
382	893.96867121
383	893.015751026
384	892.535060127
385	892.206183281
386	891.967109694
387	891.967109694
388	891.859846131
389	891.544441517
390	891.430999889
391	890.285720393
392	889.500543521
393	889.500543521
394	888.876631176
395	888.876631176
396	888.563762784
397	888.431138904
398	887.784703697
399	887.461687235
400	886.414367678
401	885.299474148
402	884.942733549
403	883.46241278
404	883.171467207
405	883.171467207
406	883.171467207
407	883.171467207
408	883.171467207
409	883.171467207
410	883.138565282
411	883.022947565
412	881.302938831
413	880.329270437
414	879.911977171
415	879.626582377
416	879.430402602
417	879.430402602
418	879.205996783
419	878.420358619
420	877.7085289
421	877.488147458
422	876.369024053
423	875.540287124
424	875.12733765
425	874.947506089
426	874.296323441
427	874.296323441
428	874.296323441
429	874.054712241
430	874.054712241
431	874.038946535
432	873.207937004
433	873.128375428
434	873.123726882
435	872.937370804
436	872.937370804
437	871.860224355
438	871.860224355
439	871.432622154
440	870.555862723
441	869.598563077
442	869.598563077
443	869.56476391
444	869.081597154
445	868.264878423
446	867.049886071
447	867.03657444
448	865.989472115
449	865.160258147
450	865.160258147
451	865.115783767
452	864.932252381
453	864.372928748
454	863.92907868
455	863.838603843
456	863.564312675
457	863.191911691
458	863.168949292
459	863.168949292
460	863.168949292
461	863.109407218
462	862.49628698
463	862.49628698
464	862.49628698
465	862.05147601
466	861.933737909
467	861.933737909
468	861.830858979
469	861.829344107
470	861.72196709
471	860.374482185
472	859.892467825
473	859.892467825
474	859.760617019
475	859.07450148
476	858.775640334
477	858.284135237
478	857.939117165
479	857.430068379
480	857.218755836
481	856.663550478
482	856.638252489
483	856.638252489
484	856.569357524
485	856.466675662
486	856.466675662
487	856.271211966
488	856.233910472
489	855.995353043
490	855.763682463
491	855.763682463
492	855.763682463
493	855.506879801
494	855.299788377
495	855.299788377
496	855.005180979
497	854.735541101
498	854.735541101
499	854.1407641
500	854.1407641
501	854.010878891
502	853.85185154
503	852.83323987
504	852.141078648
505	850.855957252
506	850.836357196
507	850.836357196
508	850.836357196
509	850.422692826
510	850.413623529
511	848.929969421
512	848.929969421
513	848.800379312
514	847.655646689
515	847.293968234
516	847.279996341
517	847.076111687
518	847.075208355
519	846.874910841
520	846.791742332
521	846.686254019
522	846.686254019
523	846.686254019
524	845.747245236
525	845.747245236
526	845.747245236
527	845.536561654
528	845.174210273
529	844.989299966
530	844.490596595
531	844.105962671
532	844.105962671
533	843.381668155
534	843.381668155
535	843.104593374
536	843.104593374
537	842.761409296
538	842.210422234
539	842.210422234
540	841.880643765
541	841.77651441
542	841.77651441
543	841.609241468
544	841.609241468
545	841.014613762
546	840.197327577
547	839.937723927
548	839.343841449
549	838.392018743
550	837.768827632
551	837.558889741
552	837.001300727
553	836.937933613
554	836.593154644
555	836.306278251
556	835.165183843
557	835.165183843
558	835.048960728
559	834.877003652
560	834.394832722
561	834.207985485
562	833.998569525
563	833.370225486
564	831.988324619
565	831.988324619
566	831.968221954
567	831.655512901
568	831.444006046
569	831.444006046
570	831.240274638
571	831.016273283
572	831.016273283
573	830.730015825
574	830.194380909
575	830.147644605
576	830.147644605
577	829.774435394
578	829.397084426
579	829.397084426
580	829.253530891
581	828.777133854
582	828.777133854
583	828.743832027
584	828.620164982
585	828.184092762
586	828.184092762
587	827.390095127
588	826.865651897
589	826.410919387
590	825.119220545
591	824.885685927
592	824.352841358
593	824.091105785
594	823.956094667
595	823.751192878
596	823.688949132
597	823.485812082
598	823.456966322
599	823.455273954
600	823.455273954
601	823.455273954
602	823.330801424
603	823.330801424
604	823.330801424
605	823.29202028
606	822.868582652
607	822.60648574
608	822.433404197
609	821.917186137
610	821.693992358
611	821.693992358
612	821.693992358
613	821.197522565
614	821.197522565
615	820.201241042
616	820.008207355
617	820.008207355
618	820.008207355
619	819.049165573
620	819.049165573
621	819.049165573
622	818.682796058
623	818.658418445
624	818.454672608
625	818.279106169
626	818.215924043
627	818.215924043
628	818.215924043
629	818.215924043
630	817.843180334
631	817.795565026
632	817.746333872
633	817.652754019
634	817.092240282
635	816.647377676
636	816.647377676
637	816.644285802
638	816.644285802
639	816.44105652
640	816.103876398
641	816.103876398
642	815.453454181
643	815.453454181
644	814.246723502
645	814.089329827
646	814.089329827
647	813.525913203
648	813.525913203
649	813.525913203
650	812.676294338
651	812.218566692
652	812.218566692
653	812.218566692
654	810.741407267
655	810.741407267
656	809.94153968
657	809.94153968
658	809.57611229
659	809.076967134
660	808.956729944
661	808.658759163
662	808.658759163
663	808.605999251
664	808.605999251
665	807.642852713
666	807.185613981
667	807.185613981
668	807.174703428
669	807.174703428
670	807.025873719
671	806.738762698
672	806.715746738
673	806.083961258
674	805.767405693
675	805.245667959
676	805.245667959
677	805.245667959
678	805.167377863
679	804.77014759
680	804.361591002
681	804.169927012
682	803.600791249
683	802.583595686
684	802.333822707
685	802.212131532
686	802.102658832
687	801.985351599
688	801.433439718
689	801.433439718
690	801.433439718
691	801.352989215
692	801.352989215
693	801.177438854
694	800.937124055
695	800.881686835
696	800.079736331
697	799.884085593
698	799.884085593
699	799.884085593
700	799.77779913
701	799.77779913
702	799.77779913
703	799.77779913
704	799.529925465
705	799.013985826
706	798.320091097
707	798.320091097
708	798.293989535
709	798.293989535
710	798.247961956
711	798.247961956
712	798.211296654
713	798.011615579
714	798.011615579
715	797.713527444
716	797.713527444
717	797.626067092
718	797.626067092
719	797.268232228
720	796.644354338
721	796.561489548
722	796.561489548
723	796.532139027
724	796.3795615
725	796.046379802
726	795.862498296
727	795.666924076
728	795.666924076
729	795.666924076
730	795.666924076
731	795.542189768
732	795.281891048
733	795.281891048
734	795.281891048
735	794.726964607
736	794.726964607
737	794.61091794
738	794.543457891
739	794.543457891
740	794.543457891
741	794.534577268
742	794.534577268
743	794.534577268
744	794.504629405
745	794.50078234
746	794.50078234
747	794.354667069
748	793.992270634
749	793.744423343
750	793.744423343
751	793.744423343
752	793.574407884
753	793.549590985
754	793.549590985
755	793.549590985
756	793.179768066
757	792.860740756
758	792.860740756
759	792.556635105
760	792.156576132
761	791.752228557
762	791.752228557
763	791.724266876
764	790.6120873
765	790.199041411
766	789.808207346
767	789.795698254
768	789.210412699
769	789.049155369
770	789.049155369
771	788.989245033
772	788.989245033
773	788.860402367
774	788.67612802
775	788.67612802
776	788.660875062
777	788.660875062
778	788.109603272
779	788.109603272
780	787.858083229
781	787.858083229
782	787.704257408
783	787.704257408
784	787.704257408
785	787.704257408
786	787.419456712
787	787.419456712
788	787.177615424
789	787.057011168
790	786.607566984
791	786.38321432
792	786.233230002
793	786.073760922
794	785.903018513
795	785.903018513
796	785.903018513
797	785.769422889
798	785.727337087
799	785.623861758
800	785.623861758
801	785.623861758
802	785.623861758
803	785.623861758
804	785.623861758
805	785.623861758
806	785.623861758
807	785.623861758
808	785.623861758
809	785.571530148
810	785.571530148
811	785.571530148
812	784.947238407
813	784.653438939
814	784.151706676
815	784.151706676
816	783.544446648
817	782.988970069
818	782.988970069
819	782.988970069
820	782.988970069
821	782.981641607
822	782.528469522
823	782.458416474
824	782.414890744
825	782.414890744
826	782.414890744
827	782.155207337
828	781.925522003
829	781.617450821
830	781.599742144
831	781.599742144
832	781.599742144
833	781.599742144
834	781.599742144
835	781.25196792
836	781.154394889
837	781.133750169
838	781.133750169
839	781.054746227
840	781.047630914
841	780.930350285
842	780.865654056
843	780.865654056
844	780.865654056
845	780.865654056
846	780.769000177
847	780.769000177
848	780.583015728
849	780.476888165
850	780.476888165
851	780.418000636
852	780.418000636
853	780.149479662
854	780.082158194
855	779.694836
856	779.607463951
857	779.607463951
858	778.506969051
859	778.506969051
860	778.506969051
861	778.506969051
862	778.506969051
863	778.506969051
864	778.506969051
865	778.340894434
866	778.294963709
867	778.294963709
868	777.99478638
869	777.934217845
870	777.597260524
871	777.597260524
872	777.597260524
873	777.427784354
874	777.287208354
875	777.287208354
876	777.267128755
877	776.620230844
878	776.620230844
879	776.372188369
880	776.372188369
881	776.16749648
882	776.16749648
883	775.588744196
884	775.502463441
885	775.502463441
886	775.502463441
887	775.502463441
888	775.502463441
889	775.450411492
890	775.184089454
891	774.545136947
892	774.545136947
893	774.298998297
894	773.648061286
895	773.494226909
896	772.735261701
897	772.735261701
898	772.735261701
899	772.735261701
900	772.463312398
901	772.41300592
902	772.380129978
903	772.376156589
904	772.376156589
905	772.089667689
906	772.089667689
907	772.089667689
908	772.089667689
909	771.778248135
910	771.689850512
911	771.689850512
912	771.689850512
913	771.479415656
914	771.46556364
915	771.46556364
916	771.46556364
917	771.46556364
918	771.303456653
919	771.303456653
920	771.303456653
921	771.230919049
922	770.944524069
923	770.762013657
924	770.739265857
925	770.084392447
926	770.084392447
927	770.084392447
928	770.069432208
929	770.069432208
930	769.988423802
931	769.988423802
932	769.819914315
933	769.819914315
934	769.819914315
935	769.423622361
936	769.310126034
937	769.310126034
938	769.184819533
939	769.184819533
940	769.184819533
941	769.184819533
942	769.184819533
943	768.983071375
944	768.571989717
945	768.571989717
946	768.571989717
947	768.571989717
948	768.571989717
949	768.520007822
950	768.520007822
951	768.520007822
952	768.381367175
953	767.995215159
954	767.72545906
955	767.72545906
956	767.72545906
957	767.72545906
958	767.579070076
959	767.579070076
960	767.309246506
961	767.309246506
962	766.983501546
963	766.983501546
964	766.813004878
965	766.700493123
966	766.153994789
967	766.03837907
968	766.03837907
969	765.651181634
970	765.651181634
971	765.399587072
972	765.076887547
973	765.076887547
974	765.076887547
975	764.609860239
976	764.609860239
977	764.531942471
978	764.531942471
979	763.973826176
980	763.973826176
981	763.728942026
982	763.728942026
983	763.728942026
984	763.286951876
985	763.286951876
986	762.940746539
987	762.849163672
988	762.830891594
989	762.628129042
990	762.628129042
991	762.628129042
992	762.577612647
993	761.803756935
994	761.803756935
995	761.288952284
996	761.288952284
997	760.711535561
998	760.67105563
999	760.67105563
1000	760.642721836
1001	760.626846181
1002	760.626846181
1003	760.626846181
1004	760.443250911
1005	760.281594569
1006	760.210319838
1007	760.210319838
1008	759.985239881
1009	759.985239881
1010	759.843974326
1011	759.843974326
1012	759.607687742
1013	759.435741282
1014	759.227545674
1015	759.060900266
1016	759.060900266
1017	758.866169327
1018	758.866169327
1019	758.866169327
1020	758.742569519
1021	758.742569519
1022	757.918843575
1023	757.884777597
1024	757.67178517
1025	756.945381313
1026	756.722258078
1027	756.722258078
1028	756.504580583
1029	756.504580583
1030	756.504580583
1031	756.504580583
1032	756.504580583
1033	756.504580583
1034	756.174339689
1035	756.005473521
1036	756.005473521
1037	755.114897096
1038	755.114897096
1039	755.114897096
1040	754.76907897
1041	754.575778982
1042	753.888908619
1043	753.373387708
1044	753.084100377
1045	752.869396239
1046	752.869396239
1047	752.649959543
1048	752.649959543
1049	752.649959543
1050	752.409901355
1051	751.824459902
1052	751.824459902
1053	751.469262309
1054	751.469262309
1055	751.044762422
1056	751.044762422
1057	751.044762422
1058	750.979461645
1059	750.979461645
1060	750.631499387
1061	750.631499387
1062	750.54929623
1063	750.54929623
1064	750.025106478
1065	750.025106478
1066	750.025106478
1067	750.025106478
1068	749.80273574
1069	749.80273574
1070	749.694913302
1071	749.694913302
1072	749.667074769
1073	749.667074769
1074	749.667074769
1075	749.40062851
1076	748.910314113
1077	748.835639487
1078	748.835639487
1079	748.835639487
1080	747.827074483
1081	747.827074483
1082	747.827074483
1083	747.827074483
1084	747.827074483
1085	747.827074483
1086	747.827074483
1087	747.681260353
1088	747.654125214
1089	747.496369054
1090	747.496369054
1091	747.496369054
1092	747.469156986
1093	747.215014676
1094	747.023020306
1095	746.706583389
1096	746.706583389
1097	746.706583389
1098	746.706583389
1099	746.706583389
1100	746.706583389
1101	746.183334695
1102	746.183334695
1103	746.176057393
1104	746.120793765
1105	745.918669621
1106	745.746813055
1107	745.59276428
1108	745.108463396
1109	745.108463396
1110	745.108463396
1111	744.944125985
1112	744.876193137
1113	744.876193137
1114	744.719762404
1115	744.719762404
1116	744.409656936
1117	744.409656936
1118	744.409656936
1119	743.942359667
1120	743.942359667
1121	743.942359667
1122	743.942359667
1123	743.942359667
1124	743.942359667
1125	743.848900314
1126	743.815313194
1127	743.525752277
1128	743.495587425
1129	743.215139036
1130	743.215139036
1131	743.215139036
1132	743.087724104
1133	743.087724104
1134	742.881490006
1135	742.881490006
1136	742.881490006
1137	742.881490006
1138	742.881490006
1139	742.881490006
1140	742.881490006
1141	742.282119496
1142	741.698078668
1143	741.698078668
1144	741.418954461
1145	741.418954461
1146	741.356645489
1147	741.293923556
1148	741.293923556
1149	741.293923556
1150	741.293923556
1151	741.293923556
1152	741.293923556
1153	741.292076103
1154	741.292076103
1155	741.292076103
1156	741.151781369
1157	740.808788139
1158	740.808788139
1159	740.664825779
1160	740.664825779
1161	740.664825779
1162	740.625227009
1163	740.282036891
1164	740.23266477
1165	740.23266477
1166	740.23266477
1167	740.23266477
1168	739.306451452
1169	739.306451452
1170	738.927057201
1171	738.769717988
1172	738.769717988
1173	738.769717988
1174	738.769368251
1175	738.769368251
1176	738.769368251
1177	738.716171586
1178	738.716171586
1179	738.602887277
1180	738.602887277
1181	738.602887277
1182	738.602887277
1183	738.602887277
1184	738.602887277
1185	738.602887277
1186	738.517415647
1187	738.517415647
1188	738.22997988
1189	738.22997988
1190	738.22997988
1191	738.22997988
1192	738.22997988
1193	738.22997988
1194	738.22997988
1195	737.568624192
1196	737.326269437
1197	737.225280483
1198	737.225280483
1199	736.807117895
1200	736.807117895
1201	736.807117895
1202	736.807117895
1203	736.807117895
1204	736.390752236
1205	736.390752236
1206	736.390752236
1207	736.390752236
1208	736.390752236
1209	736.390752236
1210	736.390752236
1211	736.390752236
1212	736.101999121
1213	736.101999121
1214	736.101999121
1215	736.101999121
1216	735.73013753
1217	735.73013753
1218	735.73013753
1219	735.686736867
1220	735.686736867
1221	735.686736867
1222	735.564936843
1223	735.258986745
1224	735.072617858
1225	735.072617858
1226	734.819454974
1227	734.819454974
1228	734.819454974
1229	734.811289369
1230	734.811289369
1231	734.361860423
1232	734.190540261
1233	734.129010085
1234	734.129010085
1235	734.129010085
1236	734.129010085
1237	733.877296129
1238	733.877296129
1239	733.856384091
1240	733.856384091
1241	733.856384091
1242	733.68794109
1243	733.68794109
1244	733.68794109
1245	733.635484192
1246	733.635484192
1247	733.635484192
1248	733.635484192
1249	733.635484192
1250	733.190580548
1251	732.974265444
1252	732.974265444
1253	732.88364189
1254	732.88364189
1255	732.88364189
1256	732.654526301
1257	732.654526301
1258	732.654526301
1259	732.654526301
1260	732.654526301
1261	732.654526301
1262	732.513030403
1263	732.101448369
1264	731.802098925
1265	731.802098925
1266	731.610482852
1267	731.610482852
1268	730.883184896
1269	730.883184896
1270	730.452353437
1271	730.285231325
1272	730.285231325
1273	730.285231325
1274	730.285231325
1275	730.285231325
1276	730.171919052
1277	730.095049517
1278	730.095049517
1279	730.063104502
1280	730.063104502
1281	730.063104502
1282	729.540231996
1283	729.540231996
1284	729.540231996
1285	729.540231996
1286	729.46539573
1287	729.181265702
1288	728.798556948
1289	728.798556948
1290	728.798556948
1291	728.798556948
1292	728.798556948
1293	728.798556948
1294	728.666245922
1295	728.653784758
1296	728.582916312
1297	728.582916312
1298	728.582916312
1299	728.582916312
1300	728.472484643
1301	728.472484643
1302	728.446210627
1303	728.417941777
1304	728.315512783
1305	728.315512783
1306	728.315512783
1307	728.17575931
1308	728.057185291
1309	728.057185291
1310	727.705514142
1311	727.705514142
1312	727.451334806
1313	727.270042369
1314	726.887160701
1315	726.667892389
1316	726.667892389
1317	726.667892389
1318	726.537686707
1319	726.45748728
1320	726.45748728
1321	726.45748728
1322	726.367780814
1323	726.206703491
1324	726.206703491
1325	726.206703491
1326	726.102513692
1327	726.102513692
1328	726.102513692
1329	726.005635938
1330	725.928902395
1331	725.88179927
1332	725.564752806
1333	725.30509726
1334	725.30509726
1335	725.30509726
1336	725.30509726
1337	724.961430014
1338	724.961430014
1339	724.961430014
1340	724.961430014
1341	724.819630043
1342	724.687024416
1343	724.663085053
1344	724.30223303
1345	724.292794221
1346	724.151130457
1347	724.072656845
1348	724.036531672
1349	723.652722242
1350	723.496790485
1351	723.015354908
1352	722.870162379
1353	722.870162379
1354	722.803244927
1355	722.803244927
1356	722.803244927
1357	722.803244927
1358	722.803244927
1359	722.803244927
1360	722.803244927
1361	722.803244927
1362	722.652692034
1363	722.652692034
1364	722.652692034
1365	722.652692034
1366	722.652692034
1367	722.438763994
1368	722.438763994
1369	722.438763994
1370	722.438763994
1371	722.438763994
1372	722.438763994
1373	722.438763994
1374	722.438763994
1375	722.033976408
1376	721.882968318
1377	721.882968318
1378	721.793679679
1379	721.793679679
1380	721.793679679
1381	721.793679679
1382	720.656592958
1383	720.58486111
1384	720.58486111
1385	720.58486111
1386	720.461788263
1387	720.461788263
1388	720.461788263
1389	720.461788263
1390	720.461788263
1391	720.461788263
1392	720.461788263
1393	720.461788263
1394	720.461788263
1395	720.125308504
1396	720.125308504
1397	720.125308504
1398	720.125308504
1399	719.815830946
1400	719.815830946
1401	719.815830946
1402	719.815830946
1403	719.815830946
1404	719.395481049
1405	719.315111725
1406	719.315111725
1407	719.315111725
1408	719.315111725
1409	719.135890765
1410	719.115299257
1411	719.0241604
1412	719.0241604
1413	719.0241604
1414	719.0241604
1415	718.952840388
1416	718.952840388
1417	718.904009998
1418	718.904009998
1419	718.497604594
1420	718.497604594
1421	718.028426331
1422	718.028426331
1423	718.028426331
1424	718.028426331
1425	717.981327532
1426	717.454590541
1427	717.454590541
1428	717.454590541
1429	717.454590541
1430	717.454590541
1431	717.134799642
1432	717.058455377
1433	717.058455377
1434	716.804104525
1435	716.688537687
1436	716.688537687
1437	716.688537687
1438	716.33788188
1439	716.121289748
1440	716.121289748
1441	715.910758317
1442	715.809975107
1443	715.809975107
1444	715.809975107
1445	715.809975107
1446	715.77558823
1447	715.77558823
1448	715.77558823
1449	715.77558823
1450	715.77558823
1451	715.77558823
1452	715.56063756
1453	715.540323097
1454	715.540323097
1455	715.540323097
1456	715.438993752
1457	715.355302341
1458	715.355302341
1459	714.818254288
1460	714.818254288
1461	714.818254288
1462	714.818254288
1463	714.818254288
1464	714.818254288
1465	714.818254288
1466	714.818254288
1467	714.77950162
1468	714.051380529
1469	714.051380529
1470	714.048521866
1471	713.810433581
1472	713.79856943
1473	713.784232497
1474	713.784232497
1475	713.784232497
1476	713.784232497
1477	713.784232497
1478	713.784232497
1479	713.784232497
1480	713.784232497
1481	713.784232497
1482	713.354534337
1483	713.354534337
1484	713.354534337
1485	712.950716103
1486	712.896453475
1487	712.735072819
1488	712.656923202
1489	712.656923202
1490	712.656923202
1491	712.656923202
1492	712.405520886
1493	712.181133027
1494	712.181133027
1495	712.050271787
1496	712.050271787
1497	712.050271787
1498	712.050271787
1499	711.950479482
1500	711.601841353
1501	711.601841353
1502	711.123167087
1503	710.974555876
1504	710.88714287
1505	710.595233806
1506	710.291738967
1507	710.19741656
1508	710.19741656
1509	710.09587841
1510	710.09587841
1511	709.959693603
1512	709.781784213
1513	709.544629519
1514	709.544629519
1515	709.544629519
1516	709.544629519
1517	709.544629519
1518	709.275440701
1519	708.673795992
1520	708.295548631
1521	708.295548631
1522	708.136360869
1523	708.136360869
1524	708.136360869
1525	707.798610459
1526	707.798610459
1527	707.798610459
1528	707.144926233
1529	707.144926233
1530	707.144926233
1531	707.144926233
1532	707.144926233
1533	707.054869971
1534	707.054869971
1535	707.054869971
1536	707.054869971
1537	707.024597675
1538	707.024597675
1539	707.024597675
1540	706.75818398
1541	706.75818398
1542	706.75818398
1543	706.75818398
1544	706.301087208
1545	706.301087208
1546	705.951199264
1547	705.947033052
1548	705.799120779
1549	705.448839099
1550	705.448839099
1551	705.218245525
1552	705.218245525
1553	704.926564948
1554	704.926564948
1555	704.90221868
1556	704.663030536
1557	704.606881814
1558	704.22382857
1559	703.818627494
1560	703.818627494
1561	703.818627494
1562	703.818627494
1563	703.808910691
1564	703.808910691
1565	703.808910691
1566	703.651233411
1567	703.651233411
1568	703.58166011
1569	703.58166011
1570	703.58166011
1571	703.58166011
1572	703.58166011
1573	703.58166011
1574	703.572892883
1575	703.311157073
1576	703.311157073
1577	703.311157073
1578	702.865210005
1579	702.865210005
1580	702.865210005
1581	702.105248026
1582	701.961983171
1583	701.882523144
1584	701.839599269
1585	701.588655076
1586	701.588655076
1587	701.398461311
1588	701.277690387
1589	701.277690387
1590	700.998436621
1591	700.989878802
1592	700.989878802
1593	700.775174664
1594	700.663275985
1595	700.660682671
1596	700.660682671
1597	700.660682671
1598	700.432837317
1599	699.224013447
1600	697.967055457
1601	697.967055457
1602	697.967055457
1603	697.7139755
1604	697.7139755
1605	697.7139755
1606	697.698945158
1607	697.502034361
1608	697.502034361
1609	697.174560687
1610	697.130817268
1611	697.130817268
1612	697.130817268
1613	697.130817268
1614	697.130817268
1615	697.130817268
1616	696.778080509
1617	696.778080509
1618	696.778080509
1619	696.743536727
1620	695.943809082
1621	695.943809082
1622	695.810094917
1623	695.810094917
1624	695.810094917
1625	695.810094917
1626	695.666901487
1627	695.666901487
1628	695.666901487
1629	695.531660332
1630	695.531660332
1631	695.531660332
1632	695.531660332
1633	695.531660332
1634	695.531660332
1635	695.531660332
1636	695.531660332
1637	695.531660332
1638	695.531660332
1639	695.531660332
1640	695.531660332
1641	695.531660332
1642	695.531660332
1643	695.453230166
1644	695.453230166
1645	695.453230166
1646	695.445087165
1647	694.46749159
1648	694.46749159
1649	694.296023071
1650	694.296023071
1651	694.264848005
1652	694.264848005
1653	694.264848005
1654	694.264848005
1655	694.153102809
1656	694.153102809
1657	694.153102809
1658	694.153102809
1659	694.153102809
1660	694.153102809
1661	694.153102809
1662	693.904491204
1663	693.795903663
1664	693.502233581
1665	693.502233581
1666	693.502233581
1667	693.431208597
1668	693.431208597
1669	693.419999285
1670	693.419999285
1671	693.419999285
1672	693.419999285
1673	693.230820005
1674	693.230820005
1675	693.230820005
1676	692.854279683
1677	692.854279683
1678	692.854279683
1679	692.854279683
1680	692.854279683
1681	692.854279683
1682	692.854279683
1683	692.854279683
1684	692.854279683
1685	692.854279683
1686	692.854279683
1687	692.772048054
1688	692.772048054
1689	692.772048054
1690	692.772048054
1691	692.772048054
1692	692.630032749
1693	692.630032749
1694	692.630032749
1695	692.630032749
1696	692.630032749
1697	692.362497028
1698	692.362497028
1699	692.362497028
1700	692.362497028
1701	692.362497028
1702	692.362497028
1703	692.362497028
1704	692.179463303
1705	692.179463303
1706	692.179463303
1707	692.179463303
1708	692.179463303
1709	692.179463303
1710	692.126493986
1711	691.62651388
1712	691.463934038
1713	691.463934038
1714	691.463934038
1715	691.463934038
1716	691.345132077
1717	691.345132077
1718	691.210164018
1719	691.210164018
1720	691.210164018
1721	691.210164018
1722	691.210164018
1723	691.157722583
1724	691.157722583
1725	691.157722583
1726	691.070273331
1727	691.070273331
1728	691.070273331
1729	691.021442941
1730	691.021442941
1731	690.397418594
1732	690.248938371
1733	690.044046461
1734	689.682103916
1735	689.210240145
1736	689.210240145
1737	689.210240145
1738	689.210240145
1739	689.210240145
1740	689.210240145
1741	689.210240145
1742	689.126158737
1743	689.126158737
1744	689.126158737
1745	688.818506756
1746	688.818506756
1747	688.818506756
1748	688.723200291
1749	688.723200291
1750	688.723200291
1751	688.723200291
1752	688.694354532
1753	688.694354532
1754	688.694354532
1755	688.412794939
1756	688.220181114
1757	688.220181114
1758	687.798134353
1759	687.798134353
1760	687.559380021
1761	687.559380021
1762	687.559380021
1763	687.426628152
1764	687.426628152
1765	687.19345751
1766	687.19345751
1767	687.19345751
1768	687.19345751
1769	687.19345751
1770	687.19345751
1771	687.19345751
1772	687.19345751
1773	687.011689083
1774	687.011689083
1775	687.011689083
1776	686.653987268
1777	686.653987268
1778	686.653987268
1779	686.584053592
1780	686.584053592
1781	686.584053592
1782	686.584053592
1783	686.584053592
1784	686.584053592
1785	686.584053592
1786	686.584053592
1787	686.584053592
1788	686.584053592
1789	686.318861706
1790	686.318861706
1791	686.155997939
1792	686.155997939
1793	686.155997939
1794	685.553131948
1795	685.553131948
1796	685.553131948
1797	685.553131948
1798	685.553131948
1799	685.489744226
1800	685.489744226
1801	685.489744226
1802	685.243347186
1803	685.243347186
1804	685.243347186
1805	685.037345723
1806	685.037345723
1807	684.943293003
1808	684.943293003
1809	684.936581766
1810	684.793106721
1811	684.793106721
1812	684.793106721
1813	684.793106721
1814	684.708591115
1815	684.708591115
1816	684.708591115
1817	684.708591115
1818	684.708591115
1819	684.708591115
1820	684.708591115
1821	684.708591115
1822	684.708591115
1823	684.708591115
1824	684.525697076
1825	684.525697076
1826	684.525697076
1827	684.386746566
1828	684.386746566
1829	684.143656786
1830	683.451147277
1831	683.372554554
1832	683.108308309
1833	683.108308309
1834	683.108308309
1835	683.108308309
1836	683.108308309
1837	683.086705161
1838	683.086705161
1839	683.086705161
1840	683.086705161
1841	683.082099961
1842	682.73469437
1843	682.73469437
1844	682.73469437
1845	682.594577948
1846	682.315526897
1847	682.315526897
1848	682.315526897
1849	682.315526897
1850	682.315526897
1851	682.315526897
1852	682.315526897
1853	682.315526897
1854	682.315526897
1855	682.032446293
1856	682.032446293
1857	682.03011833
1858	682.03011833
1859	681.734994887
1860	681.419087974
1861	681.405519476
1862	681.405519476
1863	681.405519476
1864	681.405519476
1865	681.405519476
1866	681.405519476
1867	681.405519476
1868	681.405519476
1869	681.405519476
1870	681.405519476
1871	681.405519476
1872	681.405519476
1873	681.405519476
1874	681.113788703
1875	681.113788703
1876	681.113788703
1877	681.113788703
1878	681.102716546
1879	680.95352393
1880	680.95352393
1881	680.95352393
1882	680.95352393
1883	680.95352393
1884	680.95352393
1885	680.95352393
1886	680.71104843
1887	680.343708045
1888	680.343708045
1889	680.343708045
1890	680.341159083
1891	680.341159083
1892	680.341159083
1893	680.341159083
1894	680.2063536
1895	680.2063536
1896	680.2063536
1897	680.2063536
1898	680.2063536
1899	680.2063536
1900	680.2063536
1901	680.2063536
1902	680.2063536
1903	680.2063536
1904	680.2063536
1905	680.2063536
1906	680.2063536
1907	680.2063536
1908	680.2063536
1909	680.2063536
1910	680.2063536
1911	680.2063536
1912	680.2063536
1913	680.2063536
1914	680.2063536
1915	680.155320833
1916	680.126475074
1917	680.1116197
1918	680.1116197
1919	680.1116197
1920	680.1116197
1921	680.013641978
1922	680.013641978
1923	680.013641978
1924	679.798937841
1925	679.726009826
1926	679.726009826
1927	679.726009826
1928	679.726009826
1929	679.616165673
1930	679.616165673
1931	679.616165673
1932	679.616165673
1933	679.616165673
1934	679.616165673
1935	679.515217548
1936	679.515217548
1937	679.368208513
1938	679.368208513
1939	679.368208513
1940	679.368208513
1941	679.368208513
1942	679.368208513
1943	679.368208513
1944	679.368208513
1945	678.986101554
1946	678.906403656
1947	678.767411895
1948	678.767411895
1949	678.767411895
1950	678.767411895
1951	678.767411895
1952	678.430668256
1953	678.430668256
1954	678.430668256
1955	678.422687777
1956	678.207055809
1957	678.199008582
1958	678.191232956
1959	678.191232956
1960	678.191232956
1961	678.191232956
1962	678.133724282
1963	677.383963034
1964	677.383963034
1965	677.383963034
1966	677.383963034
1967	677.23257498
1968	677.23257498
1969	676.975845136
1970	676.975845136
1971	676.975845136
1972	676.975845136
1973	676.958368357
1974	676.958368357
1975	676.958368357
1976	676.958368357
1977	676.864887139
1978	676.864887139
1979	676.840433151
1980	676.840433151
1981	676.840433151
1982	676.840433151
1983	676.249734857
1984	676.249734857
1985	676.249734857
1986	676.249734857
1987	676.249734857
1988	676.167194066
1989	676.167194066
1990	676.167194066
1991	676.079597991
1992	676.079597991
1993	676.079597991
1994	676.079597991
1995	676.079597991
1996	675.991179834
1997	675.991179834
1998	675.991179834
1999	675.991179834
2000	675.991179834
2001	675.991179834
2002	675.920590573
2003	675.920590573
2004	675.920590573
2005	675.786267636
2006	675.5925202
2007	675.585110125
2008	675.585110125
2009	675.585110125
2010	675.585110125
2011	675.585110125
2012	675.577374036
2013	675.577374036
2014	675.577374036
2015	675.392993283
2016	675.122042345
2017	675.020768966
2018	675.020768966
2019	675.020768966
2020	674.898369543
2021	674.898369543
2022	674.898369543
2023	674.898369543
2024	674.865951392
2025	674.865951392
2026	674.865951392
2027	674.865951392
2028	674.865951392
2029	674.865951392
2030	674.865951392
2031	674.412649409
2032	674.412649409
2033	674.412649409
2034	674.412649409
2035	674.412649409
2036	674.412649409
2037	674.374046788
2038	674.374046788
2039	674.374046788
2040	674.374046788
2041	674.374046788
2042	674.347546923
2043	674.347546923
2044	674.347546923
2045	674.347546923
2046	673.666603352
2047	673.666603352
2048	673.666603352
2049	673.666603352
2050	673.599936686
2051	673.585812984
2052	673.46477493
2053	673.437300382
2054	673.359310405
2055	673.319641812
2056	673.30562158
2057	673.30562158
2058	673.30562158
2059	673.30562158
2060	673.30562158
2061	673.30562158
2062	673.30562158
2063	673.291856541
2064	673.291856541
2065	673.01929327
2066	673.01929327
2067	673.01929327
2068	673.01929327
2069	673.01929327
2070	673.01929327
2071	673.01929327
2072	673.01929327
2073	673.01929327
2074	673.01929327
2075	673.01929327
2076	673.01929327
2077	673.01929327
2078	673.012086429
2079	673.012086429
2080	673.012086429
2081	673.012086429
2082	673.012086429
2083	673.012086429
2084	673.012086429
2085	673.012086429
2086	673.012086429
2087	673.012086429
2088	672.99789474
2089	672.985955987
2090	672.896281581
2091	672.781186035
2092	672.781186035
2093	672.781186035
2094	672.781186035
2095	672.781186035
2096	672.781186035
2097	672.781186035
2098	672.732547351
2099	672.732547351
2100	672.732547351
2101	672.732547351
2102	672.732547351
2103	672.732547351
2104	672.606201378
2105	672.606201378
2106	672.606201378
2107	672.606201378
2108	672.606201378
2109	672.606201378
2110	672.606201378
2111	672.606201378
2112	672.560266502
2113	671.709125573
2114	671.709125573
2115	671.60682511
2116	671.60682511
2117	671.60682511
2118	671.60682511
2119	671.60682511
2120	671.396621235
2121	671.295029954
2122	671.295029954
2123	671.217055606
2124	671.217055606
2125	671.217055606
2126	671.217055606
2127	671.085859837
2128	671.085859837
2129	671.085859837
2130	671.085859837
2131	671.085859837
2132	671.085859837
2133	671.085859837
2134	670.806157526
2135	670.806157526
2136	670.806157526
2137	670.806157526
2138	670.806157526
2139	670.806157526
2140	670.806157526
2141	670.806157526
2142	670.806157526
2143	670.806157526
2144	670.69087159
2145	670.69087159
2146	670.69087159
2147	670.69087159
2148	670.69087159
2149	670.636166616
2150	670.450213386
2151	670.450213386
2152	670.450213386
2153	670.450213386
2154	670.450213386
2155	670.450213386
2156	670.450213386
2157	670.450213386
2158	670.420917165
2159	670.420917165
2160	670.420917165
2161	670.420917165
2162	670.420917165
2163	670.411300701
2164	670.411300701
2165	669.961929812
2166	669.949360141
2167	669.949360141
2168	669.949360141
2169	669.949360141
2170	669.904074261
2171	669.904074261
2172	669.904074261
2173	669.904074261
2174	669.904074261
2175	669.904074261
2176	669.904074261
2177	669.904074261
2178	669.630888644
2179	669.630888644
2180	669.630888644
2181	669.630888644
2182	669.630888644
2183	669.630888644
2184	669.630888644
2185	669.630888644
2186	669.630888644
2187	669.630888644
2188	669.630888644
2189	669.630888644
2190	669.302085628
2191	669.302085628
2192	669.302085628
2193	669.302085628
2194	669.302085628
2195	669.302085628
2196	669.302085628
2197	669.302085628
2198	669.018846657
2199	668.814661962
2200	668.814661962
2201	668.814661962
2202	668.814661962
2203	668.588370931
2204	668.588370931
2205	667.975544671
2206	667.73986094
2207	667.73986094
2208	667.71860335
2209	667.71860335
2210	667.581410245
2211	667.581410245
2212	667.581410245
2213	667.581410245
2214	667.581410245
2215	667.581410245
2216	667.131184659
2217	667.131184659
2218	667.131184659
2219	667.131184659
2220	667.131184659
2221	667.131184659
2222	667.131184659
2223	667.131184659
2224	667.131184659
2225	667.131184659
2226	667.131184659
2227	667.131184659
2228	667.131184659
2229	667.131184659
2230	667.131184659
2231	666.769214946
2232	666.769214946
2233	666.769214946
2234	666.723339229
2235	666.723339229
2236	666.706983081
2237	666.706983081
2238	666.693669699
2239	666.647465301
2240	666.647465301
2241	666.10161901
2242	666.10161901
2243	666.10161901
2244	666.10161901
2245	666.10161901
2246	665.588515948
2247	665.588515948
2248	665.588515948
2249	665.588515948
2250	665.588515948
2251	665.588515948
2252	665.588515948
2253	665.588515948
2254	665.588515948
2255	665.588515948
2256	665.454193011
2257	665.454193011
2258	665.454193011
2259	665.454193011
2260	665.454193011
2261	665.454193011
2262	665.454193011
2263	665.454193011
2264	665.454193011
2265	665.454193011
2266	665.390683884
2267	665.390683884
2268	665.390683884
2269	665.390683884
2270	665.390683884
2271	665.390683884
2272	665.278329755
2273	665.278329755
2274	665.278329755
2275	665.017229836
2276	664.759106254
2277	664.759106254
2278	664.759106254
2279	664.719938279
2280	664.503066525
2281	664.503066525
2282	664.364517019
2283	664.267418663
2284	664.267418663
2285	664.267418663
2286	664.267418663
2287	664.267418663
2288	664.267418663
2289	664.267418663
2290	664.267418663
2291	664.215297189
2292	664.081758152
2293	664.081758152
2294	664.074607337
2295	664.074607337
2296	664.01838255
2297	664.01838255
2298	664.01838255
2299	664.01838255
2300	664.01838255
2301	664.01838255
2302	664.01838255
2303	664.01838255
2304	663.788079572
2305	663.788079572
2306	663.788079572
2307	663.788079572
2308	663.788079572
2309	663.788079572
2310	663.788079572
2311	663.788079572
2312	663.748814218
2313	663.570582825
2314	663.123151927
2315	663.123151927
2316	662.992767465
2317	662.986683467
2318	662.986683467
2319	662.569721049
2320	662.569721049
2321	662.569721049
2322	662.566512826
2323	662.414175345
2324	662.305935748
2325	662.305935748
2326	662.305935748
2327	662.305935748
2328	662.305935748
2329	662.305935748
2330	662.305935748
2331	662.305935748
2332	662.296040026
2333	661.98023304
2334	661.518962245
2335	661.394654833
2336	661.394654833
2337	661.198468098
2338	661.198468098
2339	661.198468098
2340	661.198468098
2341	660.873899883
2342	660.873899883
2343	660.873899883
2344	660.826832541
2345	660.826832541
2346	660.826832541
2347	660.826832541
2348	660.739666661
2349	660.739666661
2350	660.739666661
2351	660.739666661
2352	660.739666661
2353	660.739666661
2354	660.737349978
2355	660.737349978
2356	660.737349978
2357	660.737349978
2358	660.524089398
2359	660.524089398
2360	660.524089398
2361	660.332838149
2362	660.332838149
2363	660.250295997
2364	660.250295997
2365	660.250295997
2366	660.111442702
2367	660.111442702
2368	660.111442702
2369	660.111442702
2370	660.111442702
2371	660.111442702
2372	660.111442702
2373	660.111442702
2374	659.906750813
2375	659.906750813
2376	659.707696861
2377	659.707696861
2378	659.707696861
2379	659.707696861
2380	659.707696861
2381	659.707696861
2382	659.707696861
2383	659.707696861
2384	659.707696861
2385	659.707696861
2386	659.707696861
2387	659.707696861
2388	659.663694011
2389	659.663694011
2390	659.273829884
2391	659.063533456
2392	658.990652123
2393	658.979106769
2394	658.979106769
2395	658.979106769
2396	658.979106769
2397	658.979106769
2398	658.808215303
2399	658.808215303
2400	658.808215303
2401	658.802114803
2402	658.802114803
2403	658.802114803
2404	658.801498363
2405	658.801498363
2406	658.801498363
2407	658.736325734
2408	658.523663794
2409	658.443143254
2410	658.336644046
2411	658.336644046
2412	658.336644046
2413	658.336644046
2414	658.336644046
2415	658.038475259
2416	658.038475259
2417	658.038475259
2418	657.664517948
2419	657.664517948
2420	657.664517948
2421	657.664517948
2422	657.664517948
2423	657.664517948
2424	657.664517948
2425	657.664517948
2426	657.664517948
2427	657.664517948
2428	657.664517948
2429	657.664517948
2430	657.664517948
2431	657.664517948
2432	657.510803018
2433	657.094444095
2434	657.094444095
2435	657.094444095
2436	657.094444095
2437	657.094444095
2438	657.067536329
2439	657.067536329
2440	656.959399171
2441	656.959399171
2442	656.959399171
2443	656.959399171
2444	656.959399171
2445	656.794954336
2446	656.581486852
2447	656.467295988
2448	656.467295988
2449	656.467295988
2450	656.467295988
2451	656.467295988
2452	656.467295988
2453	656.121471235
2454	656.113880037
2455	656.113880037
2456	656.113880037
2457	655.780450883
2458	655.780450883
2459	655.780450883
2460	655.780450883
2461	655.780450883
2462	655.780450883
2463	655.780450883
2464	655.780450883
2465	655.73237025
2466	655.73237025
2467	655.73237025
2468	655.73237025
2469	655.73237025
2470	655.73237025
2471	655.73237025
2472	655.73237025
2473	655.685269142
2474	655.685269142
2475	655.685269142
2476	655.685269142
2477	655.685269142
2478	655.601278821
2479	655.486785631
2480	655.486785631
2481	655.486785631
2482	655.486785631
2483	655.033707577
2484	654.855829692
2485	654.535369975
2486	654.535369975
2487	654.535369975
2488	654.535369975
2489	654.535369975
2490	654.4256891
2491	654.243895891
2492	654.243895891
2493	654.243895891
2494	654.243895891
2495	654.243895891
2496	654.243895891
2497	654.243895891
2498	654.243895891
2499	653.873501906
2500	653.873501906
2501	653.873501906
2502	653.873501906
2503	653.74017569
2504	653.74017569
2505	653.74017569
2506	653.74017569
2507	653.74017569
2508	653.74017569
2509	653.74017569
2510	653.74017569
2511	653.614308765
2512	653.614308765
2513	653.34130436
2514	653.213892149
2515	653.213892149
2516	653.213892149
2517	653.213892149
2518	653.213892149
2519	653.213892149
2520	653.213892149
2521	653.213892149
2522	653.213892149
2523	653.213892149
2524	653.089911017
2525	653.089911017
2526	653.089911017
2527	653.089911017
2528	653.089911017
2529	653.089911017
2530	653.089911017
2531	653.089911017
2532	653.089911017
2533	653.089911017
2534	653.089911017
2535	653.089911017
2536	653.087392914
2537	653.087392914
2538	653.087392914
2539	653.087392914
2540	653.087392914
2541	653.087392914
2542	653.087392914
2543	652.849570305
2544	652.849570305
2545	652.849570305
2546	652.849570305
2547	652.849570305
2548	652.849570305
2549	652.811617496
2550	652.811617496
2551	652.811617496
2552	652.811617496
2553	652.811617496
2554	652.811617496
2555	652.811617496
2556	652.811617496
2557	652.811617496
2558	652.786554809
2559	652.786554809
2560	652.523353868
2561	652.523353868
2562	652.523353868
2563	652.523353868
2564	652.523353868
2565	652.523353868
2566	651.929837127
2567	651.852954686
2568	651.852954686
2569	651.852954686
2570	651.852954686
2571	651.852954686
2572	651.852954686
2573	651.852954686
2574	651.852954686
2575	651.706575625
2576	651.706575625
2577	651.706575625
2578	651.706575625
2579	651.706575625
2580	651.706575625
2581	651.663881375
2582	651.515562601
2583	651.515562601
2584	651.515562601
2585	651.515562601
2586	651.515562601
2587	651.515562601
2588	651.515562601
2589	651.515562601
2590	651.515562601
2591	651.515562601
2592	651.515562601
2593	651.515562601
2594	651.515562601
2595	650.701031625
2596	650.701031625
2597	650.480175282
2598	650.424519802
2599	650.424519802
2600	650.424519802
2601	650.424519802
2602	650.177357348
2603	650.177357348
2604	650.177357348
2605	650.177357348
2606	650.107780218
2607	650.107780218
2608	650.107780218
2609	650.107780218
2610	650.107780218
2611	650.107780218
2612	650.107780218
2613	649.928818953
2614	649.928818953
2615	649.928818953
2616	649.85550603
2617	649.85550603
2618	649.85550603
2619	649.85550603
2620	649.85550603
2621	649.667929387
2622	649.561144123
2623	649.561144123
2624	649.561144123
2625	649.232014437
2626	649.111364737
2627	649.111364737
2628	649.111364737
2629	649.111364737
2630	649.111364737
2631	649.111364737
2632	649.111364737
2633	649.111364737
2634	649.111364737
2635	648.837736379
2636	648.837736379
2637	648.837736379
2638	648.645285662
2639	648.645285662
2640	648.645285662
2641	648.558867081
2642	648.558867081
2643	648.558867081
2644	648.558867081
2645	648.558867081
2646	648.446789911
2647	648.446789911
2648	648.446789911
2649	648.446789911
2650	648.446789911
2651	648.411870926
2652	648.22309071
2653	648.22309071
2654	648.22309071
2655	648.191945536
2656	648.191945536
2657	648.191945536
2658	648.056050657
2659	648.056050657
2660	648.056050657
2661	648.056050657
2662	648.056050657
2663	646.955907058
2664	646.955907058
2665	646.955907058
2666	646.708945547
2667	646.708945547
2668	646.571495113
2669	646.55668477
2670	646.55668477
2671	646.55668477
2672	646.55668477
2673	646.55668477
2674	646.55668477
2675	646.55668477
2676	646.50916236
2677	646.50916236
2678	646.234650823
2679	646.234650823
2680	646.234650823
2681	646.234650823
2682	646.03091745
2683	646.03091745
2684	646.03091745
2685	646.03091745
2686	646.03091745
2687	646.03091745
2688	646.03091745
2689	646.03091745
2690	646.03091745
2691	645.964934277
2692	645.964934277
2693	645.813364393
2694	645.567502436
2695	645.567502436
2696	645.567502436
2697	645.567502436
2698	645.567502436
2699	645.567502436
2700	645.567502436
2701	645.567502436
2702	645.567502436
2703	645.567502436
2704	645.567502436
2705	645.567502436
2706	645.567502436
2707	645.567502436
2708	645.567502436
2709	645.567502436
2710	645.546959525
2711	645.546959525
2712	645.546959525
2713	645.546959525
2714	645.546959525
2715	645.546959525
2716	645.546959525
2717	645.468284223
2718	645.468284223
2719	645.468284223
2720	645.468284223
2721	645.468284223
2722	645.41871381
2723	645.418699341
2724	645.310982755
2725	645.310982755
2726	645.310982755
2727	645.310982755
2728	645.310982755
2729	645.310982755
2730	645.310982755
2731	645.310982755
2732	645.124316396
2733	645.061719802
2734	645.061719802
2735	645.061719802
2736	645.061719802
2737	645.061719802
2738	644.978211433
2739	644.978211433
2740	644.978211433
2741	644.978211433
2742	644.978211433
2743	644.949577224
2744	644.949577224
2745	644.924832638
2746	644.924832638
2747	644.924832638
2748	644.924832638
2749	644.924832638
2750	644.924832638
2751	644.924832638
2752	644.924832638
2753	644.753937426
2754	644.753937426
2755	644.753937426
2756	644.753937426
2757	644.753937426
2758	644.753937426
2759	644.753937426
2760	644.753937426
2761	644.690840806
2762	644.690840806
2763	644.690840806
2764	644.690840806
2765	644.690840806
2766	644.690840806
2767	644.690840806
2768	644.690840806
2769	644.690840806
2770	644.608063729
2771	644.608063729
2772	644.608063729
2773	644.608063729
2774	644.608063729
2775	644.608063729
2776	644.543377563
2777	644.543377563
2778	644.543377563
2779	644.543377563
2780	644.543377563
2781	644.32489077
2782	644.32489077
2783	644.32489077
2784	644.32489077
2785	644.32489077
2786	644.32489077
2787	644.32489077
2788	644.301669993
2789	644.234966722
2790	644.234966722
2791	643.973138766
2792	643.88420008
2793	643.88420008
2794	643.88420008
2795	643.88420008
2796	643.88420008
2797	643.88420008
2798	643.840169339
2799	643.840169339
2800	643.840169339
2801	643.80918808
2802	643.80918808
2803	643.80918808
2804	643.80918808
2805	643.801746134
2806	643.801746134
2807	643.801746134
2808	643.801746134
2809	643.707887861
2810	643.707887861
2811	643.707887861
2812	643.707887861
2813	643.707887861
2814	643.707887861
2815	643.707887861
2816	643.707887861
2817	643.707887861
2818	643.707887861
2819	643.707887861
2820	643.649862512
2821	643.649862512
2822	643.448226608
2823	643.448226608
2824	643.448226608
2825	643.448226608
2826	643.448226608
2827	643.448226608
2828	643.448226608
2829	643.448226608
2830	643.448226608
2831	643.448226608
2832	643.448226608
2833	643.448226608
2834	643.346604727
2835	643.346604727
2836	643.346604727
2837	643.346604727
2838	643.346604727
2839	643.346604727
2840	643.346604727
2841	643.346604727
2842	643.346604727
2843	643.346604727
2844	643.25739185
2845	643.25739185
2846	643.25739185
2847	643.25739185
2848	643.25739185
2849	643.25739185
2850	643.25739185
2851	643.25739185
2852	643.25739185
2853	643.25739185
2854	643.213420464
2855	643.213420464
2856	643.197703611
2857	643.197703611
2858	643.197703611
2859	643.197703611
2860	643.197703611
2861	643.197703611
2862	643.197703611
2863	643.197703611
2864	643.197703611
2865	643.197703611
2866	643.197703611
2867	643.197703611
2868	643.197703611
2869	643.197703611
2870	643.197703611
2871	643.197703611
2872	643.197703611
2873	643.197703611
2874	643.197703611
2875	643.046154911
2876	643.046154911
2877	643.046154911
2878	643.046154911
2879	643.046154911
2880	643.046154911
2881	643.046154911
2882	643.046154911
2883	642.906527179
2884	642.906527179
2885	642.906527179
2886	642.906527179
2887	642.906527179
2888	642.906527179
2889	642.906527179
2890	642.906527179
2891	642.906527179
2892	642.906527179
2893	642.906527179
2894	642.906527179
2895	642.906527179
2896	642.906527179
2897	642.906527179
2898	642.906527179
2899	642.906527179
2900	642.906527179
2901	642.906527179
2902	642.906527179
2903	642.906527179
2904	642.906527179
2905	642.906527179
2906	642.603239898
2907	642.603239898
2908	642.603239898
2909	642.603239898
2910	642.603239898
2911	642.603239898
2912	642.603239898
2913	642.603239898
2914	642.603239898
2915	642.603239898
2916	642.603239898
2917	642.603239898
2918	642.306236115
2919	642.25681055
2920	642.109375364
2921	642.109375364
2922	642.109375364
2923	642.03693854
2924	642.013453401
2925	642.013453401
2926	642.013453401
2927	642.013453401
2928	642.013453401
2929	642.003805585
2930	642.003805585
2931	642.003805585
2932	642.003805585
2933	642.003805585
2934	642.003805585
2935	642.003805585
2936	642.003805585
2937	642.003805585
2938	642.003805585
2939	642.003805585
2940	642.003805585
2941	642.003805585
2942	642.003805585
2943	641.809849851
2944	641.809849851
2945	641.809849851
2946	641.809849851
2947	641.809849851
2948	641.809849851
2949	641.774413184
2950	641.774413184
2951	641.774413184
2952	641.358809879
2953	641.358809879
2954	641.358809879
2955	641.358809879
2956	641.358809879
2957	641.213970309
2958	641.213970309
2959	641.213970309
2960	641.213970309
2961	641.202533205
2962	641.202533205
2963	641.202533205
2964	640.818423465
2965	640.818423465
2966	640.818423465
2967	640.818423465
2968	640.818423465
2969	640.818423465
2970	640.818423465
2971	640.818423465
2972	640.809970607
2973	640.809970607
2974	640.809970607
2975	640.809970607
2976	640.809970607
2977	640.705437183
2978	640.521349011
2979	640.521349011
2980	640.521349011
2981	640.521349011
2982	640.521349011
2983	640.521349011
2984	640.426994985
2985	640.426994985
2986	640.367972466
2987	640.367972466
2988	640.367972466
2989	640.367972466
2990	640.367972466
2991	640.345710459
2992	640.345710459
2993	640.313946961
2994	640.313946961
2995	640.313946961
2996	640.283812411
2997	640.27810747
2998	640.27810747
2999	640.27810747
3000	640.27810747
3001	640.27810747
3002	640.27810747
3003	640.27810747
3004	640.27810747
3005	640.27810747
3006	640.27810747
3007	640.27810747
3008	640.27810747
3009	640.27810747
3010	640.259362142
3011	640.259362142
3012	640.259362142
3013	640.259362142
3014	640.031267839
3015	640.006684963
3016	640.006684963
3017	640.006684963
3018	640.006684963
3019	640.006684963
3020	639.797539814
3021	639.797539814
3022	639.797539814
3023	639.797539814
3024	639.797539814
3025	639.797539814
3026	639.797539814
3027	639.797539814
3028	639.766135802
3029	639.766135802
3030	639.766135802
3031	639.657477687
3032	639.657477687
3033	639.589899075
3034	639.589899075
3035	639.589899075
3036	639.589899075
3037	639.589899075
3038	639.588002516
3039	639.588002516
3040	639.545134844
3041	639.545134844
3042	639.545134844
3043	639.484154011
3044	639.484154011
3045	639.41356475
3046	639.41356475
3047	639.41356475
3048	639.41356475
3049	639.41356475
3050	639.41356475
3051	639.41356475
3052	639.41356475
3053	639.41356475
3054	639.41356475
3055	639.41356475
3056	639.41356475
3057	639.41356475
3058	639.41356475
3059	639.41356475
3060	639.41356475
3061	639.41356475
3062	639.41356475
3063	639.41356475
3064	639.41356475
3065	639.41356475
3066	639.41356475
3067	639.358358258
3068	639.358358258
3069	639.358358258
3070	639.358358258
3071	639.358358258
3072	639.358358258
3073	639.358358258
3074	639.358358258
3075	639.358358258
3076	639.358358258
3077	639.358358258
3078	639.018293981
3079	639.018293981
3080	639.018293981
3081	639.018293981
3082	639.018293981
3083	638.96597066
3084	638.96597066
3085	638.96597066
3086	638.96597066
3087	638.96597066
3088	638.96597066
3089	638.96597066
3090	638.96597066
3091	638.96597066
3092	638.875605676
3093	638.875605676
3094	638.872155016
3095	638.872155016
3096	638.872155016
3097	638.872155016
3098	638.872155016
3099	638.872155016
3100	638.872155016
3101	638.872155016
3102	638.872155016
3103	638.872155016
3104	638.806143113
3105	638.806143113
3106	638.806143113
3107	638.806143113
3108	638.806143113
3109	638.806143113
3110	638.306902746
3111	638.306902746
3112	638.306902746
3113	638.10586327
3114	637.660917924
3115	637.416738785
3116	637.416738785
3117	637.416738785
3118	637.218797607
3119	637.218797607
3120	637.218797607
3121	637.218797607
3122	637.145208912
3123	637.145208912
3124	637.028077211
3125	637.028077211
3126	637.028077211
3127	637.028077211
3128	636.869361055
3129	636.869361055
3130	636.869361055
3131	636.869361055
3132	636.77394778
3133	636.77394778
3134	636.77394778
3135	636.77394778
3136	636.77394778
3137	636.77394778
3138	636.77394778
3139	636.77394778
3140	636.77394778
3141	636.77394778
3142	636.661956414
3143	636.661956414
3144	636.661956414
3145	636.661956414
3146	636.661956414
3147	636.661956414
3148	636.486470554
3149	636.486470554
3150	636.486470554
3151	636.486470554
3152	636.486470554
3153	636.486470554
3154	636.486470554
3155	636.278484528
3156	636.278484528
3157	636.278484528
3158	635.944672984
3159	635.580133307
3160	635.580133307
3161	635.580133307
3162	635.580133307
3163	635.580133307
3164	635.580133307
3165	635.580133307
3166	635.580133307
3167	635.580133307
3168	635.580133307
3169	635.580133307
3170	635.580133307
3171	635.580133307
3172	635.580133307
3173	635.580133307
3174	635.580133307
3175	635.580133307
3176	635.580133307
3177	635.580133307
3178	635.580133307
3179	635.580133307
3180	635.381929774
3181	635.381929774
3182	635.381929774
3183	635.381929774
3184	635.381929774
3185	635.381929774
3186	635.129628663
3187	635.129628663
3188	635.129628663
3189	635.129628663
3190	635.129628663
3191	635.129628663
3192	635.129628663
3193	635.036762219
3194	634.429414973
3195	634.299344465
3196	634.299344465
3197	634.265311028
3198	634.265311028
3199	634.265311028
3200	634.265311028
3201	634.265311028
3202	634.265311028
3203	634.265311028
3204	634.265311028
3205	634.265311028
3206	634.265311028
3207	634.265311028
3208	634.265311028
3209	634.265311028
3210	634.212391544
3211	634.196259384
3212	634.196259384
3213	634.09618665
3214	634.09618665
3215	633.970943212
3216	633.970943212
3217	633.970943212
3218	633.970943212
3219	633.970943212
3220	633.970943212
3221	633.970943212
3222	633.970943212
3223	633.859660727
3224	633.859660727
3225	633.859660727
3226	633.859660727
3227	633.859660727
3228	633.859660727
3229	633.642895885
3230	633.642895885
3231	633.642895885
3232	633.642895885
3233	633.642895885
3234	633.642895885
3235	633.642895885
3236	633.544139705
3237	633.038130941
3238	633.038130941
3239	633.038130941
3240	633.005574014
3241	633.005574014
3242	633.005574014
3243	633.005574014
3244	633.005574014
3245	632.818986999
3246	632.818986999
3247	632.818986999
3248	632.656924286
3249	632.656924286
3250	632.656924286
3251	632.656924286
3252	632.656924286
3253	632.656924286
3254	632.656924286
3255	632.655587217
3256	632.655587217
3257	632.655587217
3258	632.64795042
3259	632.64795042
3260	632.64795042
3261	632.64795042
3262	632.64795042
3263	632.64795042
3264	632.64795042
3265	632.64795042
3266	632.64795042
3267	632.64795042
3268	632.64795042
3269	632.64795042
3270	632.64795042
3271	632.64795042
3272	632.64795042
3273	632.64795042
3274	632.64795042
3275	632.64795042
3276	632.64795042
3277	632.64795042
3278	632.52932087
3279	632.52932087
3280	632.52932087
3281	632.52932087
3282	632.491263227
3283	632.423319701
3284	632.423319701
3285	632.423319701
3286	632.423319701
3287	632.423319701
3288	632.035291711
3289	632.035291711
3290	632.035291711
3291	632.035291711
3292	632.035291711
3293	632.035291711
3294	631.998374602
3295	631.998374602
3296	631.998374602
3297	631.998374602
3298	631.940746219
3299	631.940746219
3300	631.940746219
3301	631.940746219
3302	631.940746219
3303	631.940746219
3304	631.940746219
3305	631.940746219
3306	631.940746219
3307	631.940746219
3308	631.940746219
3309	631.940746219
3310	631.940746219
3311	631.894291509
3312	631.885180765
3313	631.885180765
3314	631.885180765
3315	631.885180765
3316	631.885180765
3317	631.885180765
3318	631.885180765
3319	631.885180765
3320	631.885180765
3321	631.885180765
3322	631.885180765
3323	631.885180765
3324	631.885180765
3325	631.885180765
3326	631.773092653
3327	631.773092653
3328	631.534525416
3329	631.534525416
3330	631.534525416
3331	631.170827758
3332	631.170827758
3333	631.170827758
3334	631.170827758
3335	631.170827758
3336	631.170827758
3337	631.170827758
3338	631.170827758
3339	631.170827758
3340	631.170827758
3341	631.170827758
3342	631.170827758
3343	631.018383616
3344	631.018383616
3345	631.018383616
3346	631.018383616
3347	631.018383616
3348	631.018383616
3349	631.018383616
3350	631.018383616
3351	631.018383616
3352	630.999228956
3353	630.999228956
3354	630.999228956
3355	630.999228956
3356	630.999228956
3357	630.790083808
3358	630.790083808
3359	630.790083808
3360	630.769332876
3361	630.732354505
3362	630.732354505
3363	630.732354505
3364	630.732354505
3365	630.732354505
3366	630.538617536
3367	630.538617536
3368	630.538617536
3369	630.538617536
3370	630.538617536
3371	630.538617536
3372	630.538617536
3373	630.538617536
3374	630.368924623
3375	630.368924623
3376	630.368924623
3377	630.368924623
3378	630.274374431
3379	630.274374431
3380	630.274374431
3381	630.274374431
3382	630.274374431
3383	630.274374431
3384	630.274374431
3385	630.274374431
3386	630.274374431
3387	630.274374431
3388	630.274374431
3389	630.274374431
3390	630.274374431
3391	630.170938737
3392	630.170938737
3393	630.150806665
3394	630.150806665
3395	630.10120118
3396	630.10120118
3397	630.10120118
3398	630.070734535
3399	629.837860467
3400	629.837860467
3401	629.837860467
3402	629.837860467
3403	629.745477806
3404	629.603251853
3405	629.603251853
3406	629.284045553
3407	629.284045553
3408	629.284045553
3409	629.284045553
3410	629.284045553
3411	629.284045553
3412	629.257291565
3413	629.257291565
3414	629.257291565
3415	629.257291565
3416	629.257291565
3417	629.257291565
3418	629.227625303
3419	629.227625303
3420	629.227625303
3421	629.227625303
3422	629.227625303
3423	629.227625303
3424	629.227625303
3425	629.227625303
3426	629.114364446
3427	629.114364446
3428	629.114364446
3429	629.114364446
3430	629.114364446
3431	629.114364446
3432	629.09323102
3433	629.085671005
3434	629.085671005
3435	629.085671005
3436	629.008367979
3437	629.008367979
3438	629.008367979
3439	629.008367979
3440	628.322929433
3441	628.322929433
3442	628.322929433
3443	628.322929433
3444	628.11919606
3445	628.11919606
3446	628.11919606
3447	628.011515119
3448	628.011515119
3449	628.011515119
3450	628.011515119
3451	628.011515119
3452	628.011515119
3453	628.011515119
3454	628.011515119
3455	627.924923473
3456	627.913438518
3457	627.913438518
3458	627.913438518
3459	627.913438518
3460	627.620821782
3461	627.591976023
3462	627.477785159
3463	627.448715641
3464	627.448715641
3465	627.448715641
3466	627.349827413
3467	627.316374608
3468	627.316374608
3469	627.316374608
3470	627.316374608
3471	627.316374608
3472	627.316374608
3473	627.316374608
3474	627.316374608
3475	627.316374608
3476	627.316374608
3477	627.316374608
3478	627.316374608
3479	627.316374608
3480	627.316374608
3481	627.316374608
3482	627.316374608
3483	627.316374608
3484	627.316374608
3485	627.316374608
3486	627.316374608
3487	627.047697049
3488	627.047697049
3489	627.047697049
3490	627.042280242
3491	627.042280242
3492	627.042280242
3493	627.039249006
3494	627.039249006
3495	627.039249006
3496	627.039249006
3497	627.039249006
3498	627.039249006
3499	627.039249006
3500	627.039249006
3501	627.039249006
3502	627.039249006
3503	627.039249006
3504	627.039249006
3505	627.039249006
3506	627.039249006
3507	627.039249006
3508	626.848428693
3509	626.848428693
3510	626.848428693
3511	626.848428693
3512	626.848428693
3513	626.848428693
3514	626.848428693
3515	626.055302991
3516	626.055302991
3517	625.954073288
3518	625.954073288
3519	625.83578444
3520	625.825931742
3521	625.825931742
3522	625.825931742
3523	625.721974817
3524	625.721974817
3525	625.721974817
3526	625.721974817
3527	625.721974817
3528	625.721974817
3529	625.721974817
3530	625.721974817
3531	625.688998119
3532	625.688998119
3533	625.688998119
3534	625.051919627
3535	625.051919627
3536	624.920723859
3537	624.920723859
3538	624.920723859
3539	624.883257215
3540	624.883257215
3541	624.883257215
3542	624.840682711
3543	624.840682711
3544	624.840682711
3545	624.840682711
3546	624.840682711
3547	624.840682711
3548	624.840682711
3549	624.699802691
3550	624.699802691
3551	624.426981479
3552	624.426981479
3553	623.79491996
3554	623.79491996
3555	623.79491996
3556	623.79491996
3557	623.79491996
3558	623.79491996
3559	623.79491996
3560	623.495757187
3561	623.495757187
3562	623.495757187
3563	623.495757187
3564	623.495757187
3565	623.495757187
3566	623.450057706
3567	623.313495985
3568	623.313495985
3569	623.313495985
3570	623.313495985
3571	623.313495985
3572	623.313495985
3573	623.313495985
3574	623.306778827
3575	623.306778827
3576	623.306778827
3577	623.306778827
3578	623.306778827
3579	623.306778827
3580	623.306778827
3581	623.306778827
3582	623.306778827
3583	623.306778827
3584	623.306778827
3585	623.306778827
3586	623.306778827
3587	623.306778827
3588	623.306778827
3589	623.306778827
3590	623.306778827
3591	623.306778827
3592	623.306778827
3593	623.306778827
3594	623.244419181
3595	623.244419181
3596	623.244419181
3597	623.244419181
3598	623.244419181
3599	623.244419181
3600	623.244419181
3601	623.244419181
3602	623.244419181
3603	623.244419181
3604	623.244419181
3605	623.244419181
3606	623.119730149
3607	623.119730149
3608	623.119730149
3609	623.119730149
3610	623.119730149
3611	623.119730149
3612	623.119730149
3613	623.040717756
3614	623.040717756
3615	623.040717756
3616	623.040717756
3617	623.040717756
3618	623.040717756
3619	623.040717756
3620	623.006998208
3621	623.006998208
3622	623.006998208
3623	622.94405057
3624	622.94405057
3625	622.94405057
3626	622.648063611
3627	622.560167874
3628	622.560167874
3629	622.560167874
3630	622.560167874
3631	622.435101914
3632	622.435101914
3633	622.435101914
3634	622.414969842
3635	622.243525007
3636	622.180006278
3637	622.180006278
3638	622.180006278
3639	622.180006278
3640	622.180006278
3641	622.113428963
3642	622.113428963
3643	622.113428963
3644	622.113428963
3645	622.113428963
3646	622.009431314
3647	622.009431314
3648	622.009431314
3649	622.009431314
3650	622.009431314
3651	622.009431314
3652	621.750823775
3653	621.750823775
3654	621.750823775
3655	621.750823775
3656	621.750823775
3657	621.750823775
3658	621.750823775
3659	621.750823775
3660	621.737159749
3661	621.737159749
3662	621.737159749
3663	621.737159749
3664	621.737159749
3665	621.737159749
3666	621.737159749
3667	621.737159749
3668	621.584087247
3669	621.503281364
3670	621.503281364
3671	621.503281364
3672	621.503281364
3673	621.503281364
3674	621.503281364
3675	621.503281364
3676	621.503281364
3677	621.503281364
3678	621.503281364
3679	621.503281364
3680	621.503281364
3681	621.503281364
3682	621.503281364
3683	621.503281364
3684	621.503281364
3685	621.503281364
3686	620.985708492
3687	620.985708492
3688	620.985708492
3689	620.985708492
3690	620.985708492
3691	620.985708492
3692	620.985708492
3693	620.985708492
3694	620.985708492
3695	620.985708492
3696	620.985708492
3697	620.985708492
3698	620.985708492
3699	620.985708492
3700	620.985708492
3701	620.985708492
3702	620.985708492
3703	620.985708492
3704	620.985708492
3705	620.985708492
3706	620.985708492
3707	620.985708492
3708	620.985708492
3709	620.829605772
3710	620.829605772
3711	620.829605772
3712	620.829605772
3713	620.829605772
3714	620.829605772
3715	620.829605772
3716	620.829605772
3717	620.829605772
3718	620.829605772
3719	620.829605772
3720	620.829605772
3721	620.829605772
3722	620.829605772
3723	620.829605772
3724	620.829605772
3725	620.403440598
3726	620.403440598
3727	620.403440598
3728	620.403440598
3729	620.403440598
3730	620.403440598
3731	620.403440598
3732	620.403440598
3733	620.403440598
3734	620.403440598
3735	620.403440598
3736	620.403440598
3737	620.403440598
3738	620.403440598
3739	620.403440598
3740	620.403440598
3741	620.403440598
3742	620.403440598
3743	620.403440598
3744	620.403440598
3745	620.344691505
3746	620.344691505
3747	620.344691505
3748	620.344691505
3749	620.344691505
3750	620.344691505
3751	620.344691505
3752	620.344691505
3753	620.344691505
3754	620.344691505
3755	620.344691505
3756	620.344691505
3757	620.344691505
3758	620.344691505
3759	620.344691505
3760	620.344691505
3761	620.344691505
3762	620.344691505
3763	620.060755564
3764	619.937900227
3765	619.937900227
3766	619.937900227
3767	619.810307732
3768	619.810307732
3769	619.810307732
3770	619.810307732
3771	619.810307732
3772	619.649786041
3773	619.649786041
3774	619.649786041
3775	619.649786041
3776	619.649786041
3777	619.649786041
3778	619.649786041
3779	619.649786041
3780	619.649786041
3781	619.649786041
3782	619.649786041
3783	619.649786041
3784	619.649786041
3785	619.620940282
3786	619.421741723
3787	619.421741723
3788	619.421741723
3789	619.421741723
3790	619.421741723
3791	619.421741723
3792	619.421741723
3793	619.421741723
3794	619.421741723
3795	619.278796139
3796	619.278796139
3797	619.278796139
3798	619.278796139
3799	619.278796139
3800	619.278796139
3801	619.278796139
3802	619.278796139
3803	619.278796139
3804	619.278796139
3805	619.278796139
3806	619.278796139
3807	619.278796139
3808	619.278796139
3809	618.965964863
3810	618.965964863
3811	618.965964863
3812	618.965964863
3813	618.965964863
3814	618.965964863
3815	618.965964863
3816	618.965964863
3817	618.965964863
3818	618.965964863
3819	618.965964863
3820	618.965964863
3821	618.965964863
3822	618.965964863
3823	618.965964863
3824	618.965964863
3825	618.965964863
3826	618.965964863
3827	618.965964863
3828	618.965964863
3829	618.965964863
3830	618.965964863
3831	618.965964863
3832	618.965964863
3833	618.965964863
3834	618.965964863
3835	618.965964863
3836	618.965964863
3837	618.965964863
3838	618.965964863
3839	618.965964863
3840	618.965964863
3841	618.965964863
3842	618.965964863
3843	618.965964863
3844	618.965964863
3845	618.965964863
3846	618.965964863
3847	618.965964863
3848	618.965964863
3849	618.965964863
3850	618.919755794
3851	618.919755794
3852	618.919755794
3853	618.919755794
3854	618.919755794
3855	618.875289789
3856	618.875289789
3857	618.875289789
3858	618.875289789
3859	618.875289789
3860	618.875289789
3861	618.875289789
3862	618.875289789
3863	618.875289789
3864	618.875289789
3865	618.875289789
3866	618.875289789
3867	618.875289789
3868	618.875289789
3869	618.875289789
3870	618.875289789
3871	618.875289789
3872	618.875289789
3873	618.875289789
3874	618.875289789
3875	618.875289789
3876	618.875289789
3877	618.875289789
3878	618.875289789
3879	618.836713565
3880	618.836713565
3881	618.836713565
3882	618.836713565
3883	618.836713565
3884	618.836713565
3885	618.836713565
3886	618.836713565
3887	618.836713565
3888	618.720981033
3889	618.720981033
3890	618.720981033
3891	618.720981033
3892	618.720981033
3893	618.720981033
3894	618.720981033
3895	618.720981033
3896	618.720981033
3897	618.662359198
3898	618.607573361
3899	618.607573361
3900	618.607573361
3901	618.607573361
3902	618.607573361
3903	618.607573361
3904	618.607573361
3905	618.556294141
3906	618.556294141
3907	618.556294141
3908	618.556294141
3909	618.556294141
3910	618.556294141
3911	618.556294141
3912	618.556294141
3913	618.556294141
3914	618.556294141
3915	618.556294141
3916	618.556294141
3917	618.556294141
3918	618.556294141
3919	618.527611907
3920	618.527611907
3921	618.527611907
3922	618.527611907
3923	618.527611907
3924	618.527611907
3925	618.527611907
3926	618.527611907
3927	618.475722258
3928	618.475722258
3929	618.475722258
3930	618.475722258
3931	618.342396042
3932	618.342396042
3933	618.342396042
3934	618.342396042
3935	618.342396042
3936	618.342396042
3937	618.342396042
3938	618.342396042
3939	618.342396042
3940	618.342396042
3941	618.342396042
3942	618.342396042
3943	618.342396042
3944	618.078038163
3945	618.078038163
3946	617.946842394
3947	617.946842394
3948	617.946842394
3949	617.946842394
3950	617.946842394
3951	617.946842394
3952	617.946842394
3953	617.946842394
3954	617.946842394
3955	617.946842394
3956	617.946842394
3957	617.946842394
3958	617.946842394
3959	617.946842394
3960	617.946842394
3961	617.946842394
3962	617.946842394
3963	617.946842394
3964	617.946842394
3965	617.946842394
3966	617.946842394
3967	617.946842394
3968	617.558814404
3969	617.558814404
3970	617.558814404
3971	617.558814404
3972	617.558814404
3973	617.558814404
3974	617.558814404
3975	617.558814404
3976	617.558814404
3977	617.558814404
3978	617.172830513
3979	617.172830513
3980	617.172830513
3981	617.172830513
3982	617.172830513
3983	617.172830513
3984	617.172830513
3985	617.172830513
3986	617.172830513
3987	617.172830513
3988	617.172830513
3989	617.172830513
3990	617.172830513
3991	617.071840372
3992	617.071840372
3993	617.071840372
3994	617.071840372
3995	617.071840372
3996	617.071840372
3997	617.071840372
3998	617.066665335
3999	617.066665335
4000	617.035162372
4001	617.035162372
4002	617.035162372
4003	617.035162372
4004	617.035162372
4005	617.035162372
4006	617.035162372
4007	616.582864727
4008	616.582864727
4009	616.582864727
4010	616.582864727
4011	616.582864727
4012	616.582864727
4013	616.582864727
4014	616.582864727
4015	616.582864727
4016	616.582864727
4017	616.582864727
4018	616.582864727
4019	616.582864727
4020	616.582864727
4021	616.582864727
4022	616.582864727
4023	616.582864727
4024	616.582864727
4025	616.582864727
4026	616.453167377
4027	616.453167377
4028	616.453167377
4029	616.453167377
4030	616.453167377
4031	616.453167377
4032	616.453167377
4033	616.453167377
4034	616.453167377
4035	616.453167377
4036	616.453167377
4037	616.453167377
4038	616.453167377
4039	616.414274495
4040	616.414274495
4041	616.414274495
4042	616.414274495
4043	616.414274495
4044	616.414274495
4045	616.414274495
4046	616.414274495
4047	616.414274495
4048	616.311330528
4049	616.10663864
4050	616.10663864
4051	616.10663864
4052	616.10663864
4053	616.10663864
4054	616.01305196
4055	616.01305196
4056	616.01305196
4057	616.01305196
4058	616.01305196
4059	616.01305196
4060	616.01305196
4061	616.01305196
4062	616.01305196
4063	616.01305196
4064	616.01305196
4065	616.01305196
4066	616.01305196
4067	616.01305196
4068	616.01305196
4069	616.01305196
4070	616.01305196
4071	616.01305196
4072	616.01305196
4073	615.923995508
4074	615.923995508
4075	615.923995508
4076	615.923995508
4077	615.923995508
4078	615.923995508
4079	615.923995508
4080	615.923995508
4081	615.923995508
4082	615.917494881
4083	615.917494881
4084	615.917494881
4085	615.917494881
4086	615.917494881
4087	615.917494881
4088	615.917494881
4089	615.917494881
4090	615.917494881
4091	615.90646682
4092	615.90646682
4093	615.90646682
4094	615.90646682
4095	615.89494692
4096	615.89494692
4097	615.89494692
4098	615.89494692
4099	615.89494692
4100	615.89494692
4101	615.796793187
4102	615.796793187
4103	615.796793187
4104	615.796793187
4105	615.796793187
4106	615.796793187
4107	615.796793187
4108	615.796793187
4109	615.796793187
4110	615.771057951
4111	615.771057951
4112	615.771057951
4113	615.771057951
4114	615.771057951
4115	615.721551267
4116	615.721551267
4117	615.721551267
4118	615.58478206
4119	615.392388256
4120	615.392388256
4121	615.392388256
4122	615.392388256
4123	615.392388256
4124	615.392388256
4125	615.392388256
4126	615.392388256
4127	615.392388256
4128	615.369232462
4129	615.369232462
4130	615.369232462
4131	615.369232462
4132	615.369232462
4133	615.369232462
4134	615.369232462
4135	615.250031794
4136	615.227912563
4137	615.227912563
4138	615.227912563
4139	615.227912563
4140	615.227912563
4141	615.227912563
4142	615.227912563
4143	615.227912563
4144	615.227912563
4145	615.227912563
4146	615.227912563
4147	615.227912563
4148	615.227912563
4149	615.227912563
4150	615.227912563
4151	615.048778551
4152	614.989814747
4153	614.989814747
4154	614.989814747
4155	614.989814747
4156	614.932938761
4157	614.932938761
4158	614.932938761
4159	614.932938761
4160	614.932938761
4161	614.920892853
4162	614.920892853
4163	614.800342373
4164	614.800342373
4165	614.800342373
4166	614.800342373
4167	614.800342373
4168	614.800342373
4169	614.800342373
4170	614.800342373
4171	614.800342373
4172	614.797449846
4173	614.797449846
4174	614.797449846
4175	614.797449846
4176	614.797449846
4177	614.755917534
4178	614.755917534
4179	614.755917534
4180	614.755917534
4181	614.755917534
4182	614.755917534
4183	614.755917534
4184	614.755917534
4185	614.755917534
4186	614.59972834
4187	614.59972834
4188	614.59972834
4189	614.59972834
4190	614.59972834
4191	614.477027969
4192	614.477027969
4193	614.477027969
4194	614.477027969
4195	614.477027969
4196	614.477027969
4197	614.477027969
4198	614.477027969
4199	614.091875345
4200	614.072225501
4201	614.072225501
4202	614.072225501
4203	614.072225501
4204	614.072225501
4205	614.072225501
4206	614.072225501
4207	614.072225501
4208	614.072225501
4209	614.072225501
4210	614.072225501
4211	614.072225501
4212	613.864254651
4213	613.864254651
4214	613.864254651
4215	613.864254651
4216	613.864254651
4217	613.864254651
4218	613.846287339
4219	613.846287339
4220	613.846287339
4221	613.846287339
4222	613.846287339
4223	613.846287339
4224	613.846287339
4225	613.846287339
4226	613.846287339
4227	613.534480347
4228	613.508831069
4229	613.191800704
4230	613.191800704
4231	613.0924211
4232	613.0924211
4233	612.783470323
4234	612.783470323
4235	612.783470323
4236	612.783470323
4237	612.783470323
4238	612.783470323
4239	612.783470323
4240	612.783470323
4241	612.640540121
4242	612.509453224
4243	612.509453224
4244	612.509453224
4245	612.509453224
4246	612.509453224
4247	612.509453224
4248	612.509453224
4249	612.509453224
4250	612.509453224
4251	612.509453224
4252	612.509453224
4253	612.509453224
4254	612.509453224
4255	612.509453224
4256	612.509453224
4257	612.509453224
4258	612.509453224
4259	612.509453224
4260	612.509453224
4261	612.509453224
4262	612.509453224
4263	612.393713878
4264	612.393713878
4265	612.393713878
4266	612.393713878
4267	612.393713878
4268	612.393713878
4269	612.393713878
4270	612.393713878
4271	612.393713878
4272	612.393713878
4273	612.393713878
4274	612.393713878
4275	612.393713878
4276	612.393713878
4277	612.393713878
4278	612.393713878
4279	611.95293601
4280	611.95293601
4281	611.842232862
4282	611.842232862
4283	611.842232862
4284	611.842232862
4285	611.836856845
4286	611.836856845
4287	611.836856845
4288	611.836856845
4289	611.836856845
4290	611.836856845
4291	611.836856845
4292	611.836856845
4293	611.836856845
4294	611.836856845
4295	611.769102192
4296	611.769102192
4297	611.769102192
4298	611.769102192
4299	611.769102192
4300	611.769102192
4301	611.769102192
4302	611.769102192
4303	611.769102192
4304	611.769102192
4305	611.769102192
4306	611.769102192
4307	611.769102192
4308	611.769102192
4309	611.769102192
4310	611.643158784
4311	611.643158784
4312	611.643158784
4313	611.643158784
4314	611.643158784
4315	611.643158784
4316	611.601389173
4317	611.601389173
4318	611.601389173
4319	611.601389173
4320	611.601389173
4321	611.601389173
4322	611.601389173
4323	611.601389173
4324	611.601389173
4325	611.601389173
4326	611.601389173
4327	611.601389173
4328	611.601389173
4329	611.601389173
4330	611.601389173
4331	611.601389173
4332	611.601389173
4333	611.601389173
4334	611.601389173
4335	611.601389173
4336	611.601389173
4337	611.601389173
4338	611.601389173
4339	611.601389173
4340	611.601389173
4341	611.499395587
4342	611.499395587
4343	611.499395587
4344	611.499395587
4345	611.499395587
4346	611.499395587
4347	611.499395587
4348	611.499395587
4349	611.499395587
4350	611.499395587
4351	611.499395587
4352	611.499395587
4353	611.499395587
4354	611.499395587
4355	611.499395587
4356	611.499395587
4357	611.499395587
4358	611.499395587
4359	611.499395587
4360	611.499395587
4361	611.499395587
4362	611.499395587
4363	611.499395587
4364	611.499395587
4365	611.499395587
4366	611.499395587
4367	611.499395587
4368	611.499395587
4369	611.469498803
4370	611.469498803
4371	611.469498803
4372	611.469498803
4373	611.469498803
4374	611.469498803
4375	611.469498803
4376	611.469498803
4377	611.469498803
4378	611.469498803
4379	611.469498803
4380	611.469498803
4381	611.469498803
4382	611.469498803
4383	611.469498803
4384	611.469498803
4385	611.469498803
4386	611.469498803
4387	611.469498803
4388	611.444129714
4389	611.444129714
4390	611.444129714
4391	611.444129714
4392	611.444129714
4393	611.444129714
4394	611.444129714
4395	611.444129714
4396	611.444129714
4397	611.444129714
4398	611.444129714
4399	611.444129714
4400	611.444129714
4401	611.444129714
4402	611.444129714
4403	611.300170669
4404	611.300170669
4405	611.300170669
4406	611.300170669
4407	611.300170669
4408	611.300170669
4409	611.300170669
4410	611.300170669
4411	611.300170669
4412	611.300170669
4413	611.300170669
4414	611.300170669
4415	611.27132417
4416	611.228351317
4417	611.228351317
4418	611.228351317
4419	611.228351317
4420	611.228351317
4421	611.228351317
4422	611.228351317
4423	611.228351317
4424	611.228351317
4425	611.228351317
4426	611.228351317
4427	611.228351317
4428	611.228351317
4429	611.228351317
4430	611.228351317
4431	611.228351317
4432	611.228351317
4433	611.228351317
4434	611.214596506
4435	611.214596506
4436	611.214596506
4437	611.214596506
4438	611.214596506
4439	611.214596506
4440	611.214596506
4441	611.214596506
4442	611.214596506
4443	611.214596506
4444	611.214596506
4445	611.214596506
4446	611.214596506
4447	611.214596506
4448	611.184356638
4449	611.184356638
4450	611.184356638
4451	611.184356638
4452	611.184356638
4453	611.184356638
4454	611.165219686
4455	611.165219686
4456	611.165219686
4457	611.165219686
4458	611.165219686
4459	611.165219686
4460	611.165219686
4461	611.165219686
4462	611.165219686
4463	611.165219686
4464	611.165219686
4465	611.165219686
4466	611.165219686
4467	611.165219686
4468	611.165219686
4469	611.165219686
4470	611.165219686
4471	611.165219686
4472	611.165219686
4473	611.165219686
4474	611.165219686
4475	611.165219686
4476	611.165219686
4477	611.165219686
4478	611.165219686
4479	611.165219686
4480	611.165219686
4481	611.165219686
4482	611.165219686
4483	611.165219686
4484	611.130970029
4485	611.130970029
4486	611.130970029
4487	611.130970029
4488	611.130970029
4489	611.130970029
4490	611.130970029
4491	611.130970029
4492	611.130970029
4493	611.130970029
4494	611.130970029
4495	611.130970029
4496	611.130970029
4497	611.130970029
4498	611.130970029
4499	611.130970029
4500	611.130970029
4501	611.130970029
4502	611.130970029
4503	611.130970029
4504	611.130970029
4505	611.130970029
4506	610.945415234
4507	610.945415234
4508	610.892078486
4509	610.892078486
4510	610.892078486
4511	610.848933791
4512	610.8250083
4513	610.8250083
4514	610.8250083
4515	610.8250083
4516	610.8250083
4517	610.8250083
4518	610.8250083
4519	610.8250083
4520	610.8250083
4521	610.8250083
4522	610.62504598
4523	610.62504598
4524	610.62504598
4525	610.62504598
4526	610.62504598
4527	610.62504598
4528	610.523491065
4529	610.523491065
4530	610.523491065
4531	610.523491065
4532	610.523491065
4533	610.523491065
4534	610.523491065
4535	610.523491065
4536	610.523491065
4537	610.478568662
4538	610.478568662
4539	610.478568662
4540	610.162132615
4541	610.162132615
4542	610.162132615
4543	610.162132615
4544	610.162132615
4545	610.162132615
4546	610.162132615
4547	610.162132615
4548	610.162132615
4549	610.162132615
4550	610.162132615
4551	610.162132615
4552	610.162132615
4553	610.162132615
4554	610.162132615
4555	610.162132615
4556	610.162132615
4557	610.162132615
4558	610.162132615
4559	610.162132615
4560	610.162132615
4561	609.879255158
4562	609.879255158
4563	609.879255158
4564	609.776510238
4565	609.776510238
4566	609.776510238
4567	609.776510238
4568	609.776510238
4569	609.776510238
4570	609.776510238
4571	609.776510238
4572	609.776510238
4573	609.776510238
4574	609.776510238
4575	609.776510238
4576	609.688670481
4577	609.688670481
4578	609.688670481
4579	609.688670481
4580	609.688670481
4581	609.688670481
4582	609.688670481
4583	609.688670481
4584	609.105219207
4585	609.105219207
4586	609.105219207
4587	609.105219207
4588	609.105219207
4589	609.105219207
4590	609.105219207
4591	609.105219207
4592	609.105219207
4593	609.105219207
4594	609.105219207
4595	609.105219207
4596	609.105219207
4597	609.105219207
4598	608.908779078
4599	608.908779078
4600	608.908779078
4601	608.908779078
4602	608.908779078
4603	608.908779078
4604	608.908779078
4605	608.908779078
4606	608.908779078
4607	608.691188826
4608	608.691188826
4609	608.691188826
4610	608.691188826
4611	608.691188826
4612	608.691188826
4613	608.691188826
4614	608.691188826
4615	608.591411774
4616	608.591411774
4617	608.591411774
4618	608.591411774
4619	608.591411774
4620	608.591411774
4621	608.591411774
4622	608.591411774
4623	608.591411774
4624	608.591411774
4625	608.591411774
4626	608.591411774
4627	608.591411774
4628	608.591411774
4629	608.591411774
4630	608.55047757
4631	608.328234229
4632	608.328234229
4633	608.328234229
4634	608.328234229
4635	608.328234229
4636	608.328234229
4637	608.328234229
4638	608.328234229
4639	607.92257367
4640	607.92257367
4641	607.92257367
4642	607.92257367
4643	607.92257367
4644	607.92257367
4645	607.92257367
4646	607.92257367
4647	607.92257367
4648	607.92257367
4649	607.92257367
4650	607.92257367
4651	607.873483864
4652	607.873483864
4653	607.873483864
4654	607.873483864
4655	607.873483864
4656	607.873483864
4657	607.873483864
4658	607.804017734
4659	607.804017734
4660	607.804017734
4661	607.804017734
4662	607.757437519
4663	607.757437519
4664	607.757437519
4665	607.757437519
4666	607.757437519
4667	607.757437519
4668	607.757437519
4669	607.757437519
4670	607.757437519
4671	607.757437519
4672	607.757437519
4673	607.757437519
4674	607.757437519
4675	607.757437519
4676	607.757437519
4677	607.662741945
4678	607.662741945
4679	607.662741945
4680	607.609161067
4681	607.609161067
4682	607.609161067
4683	607.609161067
4684	607.430847675
4685	607.430847675
4686	607.430847675
4687	607.430847675
4688	607.430847675
4689	607.430847675
4690	607.430847675
4691	607.215457773
4692	607.215457773
4693	607.215457773
4694	607.215457773
4695	607.215457773
4696	607.215457773
4697	607.215457773
4698	607.215457773
4699	607.215457773
4700	607.215457773
4701	607.215457773
4702	607.215457773
4703	607.215457773
4704	607.215457773
4705	607.215457773
4706	607.215457773
4707	607.215457773
4708	607.215457773
4709	607.215457773
4710	607.215457773
4711	607.215457773
4712	607.215457773
4713	607.215457773
4714	607.15008751
4715	607.15008751
4716	607.15008751
4717	607.15008751
4718	607.15008751
4719	607.15008751
4720	607.15008751
4721	607.15008751
4722	607.15008751
4723	607.15008751
4724	607.15008751
4725	607.15008751
4726	607.15008751
4727	607.15008751
4728	607.15008751
4729	607.15008751
4730	607.15008751
4731	607.15008751
4732	607.15008751
4733	607.15008751
4734	607.15008751
4735	607.15008751
4736	607.15008751
4737	607.15008751
4738	607.15008751
4739	607.15008751
4740	607.15008751
4741	607.15008751
4742	607.15008751
4743	607.15008751
4744	607.15008751
4745	607.100425121
4746	607.100425121
4747	607.100425121
4748	607.100425121
4749	607.100425121
4750	607.100425121
4751	607.100425121
4752	607.100425121
4753	607.100425121
4754	607.100425121
4755	607.100425121
4756	607.100425121
4757	607.100425121
4758	607.100425121
4759	607.100425121
4760	607.100425121
4761	607.100425121
4762	607.100425121
4763	607.050417248
4764	607.050417248
4765	607.050417248
4766	607.050417248
4767	607.050417248
4768	607.050417248
4769	607.050417248
4770	607.050417248
4771	607.050417248
4772	607.050417248
4773	607.050417248
4774	607.050417248
4775	607.050417248
4776	607.050417248
4777	607.050417248
4778	607.050417248
4779	607.050417248
4780	607.050417248
4781	607.050417248
4782	607.050417248
4783	607.050417248
4784	607.050417248
4785	607.050417248
4786	607.050417248
4787	606.97207336
4788	606.97207336
4789	606.97207336
4790	606.97207336
4791	606.97207336
4792	606.97207336
4793	606.97207336
4794	606.97207336
4795	606.97207336
4796	606.97207336
4797	606.97207336
4798	606.97207336
4799	606.97207336
4800	606.97207336
4801	606.97207336
4802	606.97207336
4803	606.97207336
4804	606.97207336
4805	606.97207336
4806	606.97207336
4807	606.891348626
4808	606.891348626
4809	606.891348626
4810	606.891348626
4811	606.891348626
4812	606.891348626
4813	606.891348626
4814	606.891348626
4815	606.891348626
4816	606.891348626
4817	606.891348626
4818	606.891348626
4819	606.891348626
4820	606.891348626
4821	606.891348626
4822	606.777157762
4823	606.777157762
4824	606.777157762
4825	606.690999732
4826	606.690999732
4827	606.690999732
4828	606.690999732
4829	606.676567109
4830	606.676567109
4831	606.676567109
4832	606.676567109
4833	606.634658351
4834	606.634658351
4835	606.634658351
4836	606.634658351
4837	606.634658351
4838	606.634658351
4839	606.634658351
4840	606.634658351
4841	606.634658351
4842	606.634658351
4843	606.634658351
4844	606.634658351
4845	606.634658351
4846	606.634658351
4847	606.634658351
4848	606.588072939
4849	606.588072939
4850	606.588072939
4851	606.577982411
4852	606.577982411
4853	606.548075801
4854	606.548075801
4855	606.548075801
4856	606.548075801
4857	606.548075801
4858	606.548075801
4859	606.548075801
4860	606.548075801
4861	606.548075801
4862	606.548075801
4863	606.548075801
4864	606.527506767
4865	606.527506767
4866	606.527506767
4867	606.527506767
4868	606.527506767
4869	606.527506767
4870	606.527506767
4871	606.527506767
4872	606.527506767
4873	606.527506767
4874	606.527506767
4875	606.527506767
4876	606.527506767
4877	606.527506767
4878	606.527506767
4879	606.527506767
4880	606.527506767
4881	606.527506767
4882	606.527506767
4883	606.527506767
4884	606.527506767
4885	606.378253474
4886	606.378253474
4887	606.378253474
4888	606.378253474
4889	606.378253474
4890	606.378253474
4891	606.378253474
4892	606.378253474
4893	606.378253474
4894	606.378253474
4895	606.378253474
4896	606.378253474
4897	606.334015769
4898	606.334015769
4899	606.334015769
4900	606.334015769
4901	606.334015769
4902	606.334015769
4903	606.334015769
4904	606.334015769
4905	606.334015769
4906	606.334015769
4907	606.334015769
4908	606.334015769
4909	606.334015769
4910	606.289425276
4911	606.289425276
4912	606.289425276
4913	606.289425276
4914	606.289425276
4915	606.289425276
4916	606.289425276
4917	606.289425276
4918	606.289425276
4919	606.289425276
4920	606.08630625
4921	606.08630625
4922	606.08630625
4923	606.08630625
4924	606.08630625
4925	606.08630625
4926	606.08630625
4927	606.08630625
4928	606.08630625
4929	606.08630625
4930	606.08630625
4931	606.08630625
4932	606.08630625
4933	606.08630625
4934	606.08630625
4935	606.08630625
4936	606.08630625
4937	606.08630625
4938	606.08630625
4939	606.08630625
4940	606.08630625
4941	606.08630625
4942	605.833135644
4943	605.833135644
4944	605.833135644
4945	605.833135644
4946	605.782647064
4947	605.782647064
4948	605.715980397
4949	605.715980397
4950	605.687399209
4951	605.687399209
4952	605.644897004
4953	605.644897004
4954	605.644897004
4955	605.644897004
4956	605.644897004
4957	605.644897004
4958	605.644897004
4959	605.644897004
4960	605.644897004
4961	605.644897004
4962	605.644897004
4963	605.644897004
4964	605.644897004
4965	605.644897004
4966	605.633964043
4967	605.633964043
4968	605.633964043
4969	605.633964043
4970	605.633964043
4971	605.633964043
4972	605.633964043
4973	605.633964043
4974	605.633964043
4975	605.633964043
4976	605.633964043
4977	605.633964043
4978	605.633964043
4979	605.633964043
4980	605.633964043
4981	605.633964043
4982	605.633964043
4983	605.633964043
4984	605.633964043
4985	605.633964043
4986	605.633964043
4987	605.633964043
4988	605.633964043
4989	605.633964043
4990	605.633964043
4991	605.633964043
4992	605.633964043
4993	605.633964043
4994	605.633964043
4995	605.633964043
4996	605.633964043
4997	605.633964043
4998	605.633964043
4999	605.633964043
