0	1602.84052612
1	1547.47318338
2	1508.06007036
3	1472.48184313
4	1440.21329308
5	1411.60167731
6	1389.42952938
7	1368.38111608
8	1349.36138374
9	1332.19217308
10	1312.81867426
11	1294.78889956
12	1277.7531896
13	1261.6003179
14	1249.26918953
15	1237.33845117
16	1218.50841394
17	1213.89827191
18	1206.56321691
19	1194.93835055
20	1187.21430297
21	1174.91927243
22	1164.64342203
23	1155.61303158
24	1145.20307188
25	1138.24243466
26	1133.12237758
27	1123.38835509
28	1116.03397856
29	1105.12143327
30	1099.15406416
31	1095.17422701
32	1087.44924783
33	1080.117283
34	1078.38558975
35	1067.44985656
36	1060.03905084
37	1059.17732391
38	1056.13173852
39	1053.80506793
40	1044.58031508
41	1040.00638925
42	1035.77519097
43	1032.62356719
44	1028.91061707
45	1023.12434132
46	1017.33393482
47	1016.5202503
48	1010.38796683
49	1006.29797952
50	1000.57012092
51	997.624062979
52	997.867614772
53	992.333814384
54	991.448963234
55	988.381401312
56	988.679113444
57	986.495622803
58	987.867243734
59	981.771628579
60	983.321857968
61	982.006197258
62	976.816057855
63	978.029540619
64	977.230835587
65	974.22580471
66	974.530473187
67	972.352606944
68	972.00383826
69	969.075820477
70	964.607599496
71	960.468184592
72	957.354119259
73	953.137955242
74	948.369150009
75	948.848660574
76	947.95291714
77	943.973126803
78	940.220091399
79	936.811674825
80	932.964826872
81	930.161194284
82	927.81461507
83	924.84078081
84	916.769000628
85	915.162388782
86	914.707367073
87	909.988358489
88	907.135169507
89	905.585286477
90	901.786530038
91	901.439926444
92	900.682642727
93	897.86845473
94	895.145187575
95	893.028896427
96	891.142110813
97	889.373238174
98	886.150596422
99	882.220464777
100	880.62190605
101	878.061397392
102	875.644193262
103	873.842370464
104	869.058782682
105	865.255280422
106	864.205177414
107	861.920963649
108	860.388561319
109	857.675822094
110	853.571203527
111	851.269627351
112	849.309744049
113	846.784607411
114	842.643423163
115	839.996087273
116	838.022417222
117	837.067890102
118	836.784415787
119	834.293090098
120	832.307525035
121	828.268759186
122	825.66512048
123	824.403765398
124	821.964094623
125	819.662900638
126	818.322615414
127	816.924595645
128	816.082090574
129	814.834086029
130	813.470142842
131	810.722674399
132	808.180207164
133	805.951298279
134	804.428666526
135	803.629711016
136	802.699799417
137	800.850916074
138	798.125875834
139	797.566761773
140	795.953910296
141	794.521327941
142	792.456674304
143	791.121932028
144	790.077510663
145	788.943495325
146	787.466256983
147	785.199331661
148	783.646485513
149	781.466658072
150	780.302615993
151	778.275350208
152	777.213061189
153	775.984493148
154	774.179550591
155	772.07278184
156	770.722127388
157	769.962921833
158	767.906515159
159	765.634000996
160	764.052034629
161	762.775107733
162	762.541443067
163	761.951061749
164	760.836244915
165	759.163830707
166	756.70302994
167	755.203459356
168	755.204254854
169	752.635528249
170	752.602339245
171	751.307253142
172	748.625638753
173	747.873733573
174	747.060868351
175	746.270045143
176	745.574582993
177	745.058361788
178	744.176442849
179	743.352096035
180	742.669546062
181	742.295663135
182	741.189881078
183	739.875380694
184	738.985208962
185	738.985208962
186	737.889981282
187	737.338531066
188	737.338531066
189	736.186988105
190	735.450750846
191	734.638964046
192	734.311045405
193	733.61308517
194	730.794972159
195	730.305039926
196	729.428232444
197	728.268105184
198	727.212432432
199	726.206646514
200	725.380929072
201	724.989609939
202	723.825251575
203	723.305047683
204	722.089782479
205	721.680049343
206	719.928323412
207	719.047638262
208	718.637828618
209	718.064420533
210	717.504549829
211	716.068552239
212	714.79748152
213	714.733507208
214	714.383315558
215	714.248710924
216	713.228804021
217	712.618690436
218	711.65607476
219	710.784664689
220	710.051338716
221	710.049898702
222	710.049898702
223	709.82715559
224	709.224120854
225	708.477767063
226	707.870997876
227	707.021530794
228	706.534079743
229	705.7471108
230	704.670385878
231	704.450261864
232	704.367540205
233	703.916958141
234	702.753227498
235	701.809095874
236	701.543295906
237	700.714808059
238	700.443158346
239	699.432075499
240	698.487718045
241	697.74659084
242	697.064724237
243	696.68241577
244	696.417136073
245	695.678478704
246	695.250157359
247	694.356622323
248	694.138451405
249	693.204274928
250	692.782159587
251	692.704076797
252	692.439935517
253	691.820558024
254	691.698340903
255	691.253954103
256	691.253954103
257	689.767047593
258	689.258712304
259	688.418478165
260	687.795502079
261	687.373826701
262	687.003539482
263	686.45118854
264	686.306274912
265	685.979398668
266	685.541697918
267	685.210542533
268	684.643759363
269	684.643759363
270	684.514574922
271	684.103322561
272	683.750439346
273	683.363465682
274	683.019833141
275	682.808356776
276	682.250347464
277	682.104970676
278	680.928955375
279	680.846400978
280	680.454073092
281	680.454073092
282	680.446367222
283	680.23702148
284	680.23702148
285	678.572386269
286	678.305681429
287	678.034985856
288	677.949105906
289	677.55497957
290	677.55497957
291	676.461272845
292	676.179311712
293	676.176195455
294	675.776721947
295	675.671339545
296	675.188016122
297	674.991743384
298	674.438504154
299	674.229772145
300	674.229772145
301	672.867358112
302	672.777045345
303	672.630808765
304	672.249433041
305	672.249433041
306	671.554683864
307	671.465554705
308	670.764534744
309	670.736512502
310	670.654574003
311	670.433211593
312	670.00743064
313	669.961892325
314	669.961892325
315	669.571644524
316	668.945669134
317	668.276052678
318	667.896536949
319	667.224915513
320	666.636353435
321	666.361631303
322	665.828452942
323	665.828452942
324	665.58852563
325	665.553501426
326	665.553501426
327	664.727058807
328	664.629256478
329	664.629256478
330	664.112727291
331	663.593629883
332	663.425646201
333	663.425646201
334	663.037623525
335	662.058409852
336	661.622272368
337	661.531315488
338	661.476537313
339	660.98863305
340	660.98863305
341	660.527948284
342	660.527948284
343	660.527948284
344	659.537314119
345	659.433168328
346	659.332736157
347	659.03107509
348	658.418572429
349	658.078843513
350	657.755344975
351	657.696238306
352	657.463908621
353	657.441513721
354	657.440072692
355	657.440072692
356	657.058700753
357	656.54143993
358	656.151664461
359	656.140989652
360	654.84518445
361	654.449905289
362	654.28990988
363	654.266364175
364	653.632351589
365	653.529800532
366	652.737001067
367	652.737001067
368	652.494957126
369	652.238945855
370	652.168962636
371	651.625747528
372	651.339949007
373	651.127763531
374	650.812506179
375	650.337904362
376	650.108006452
377	649.965094795
378	649.452449102
379	649.247823666
380	648.779566375
381	648.772000409
382	648.620998168
383	648.513153097
384	648.368602012
385	647.394426115
386	647.173166386
387	646.8097434
388	646.62303691
389	646.445648027
390	646.217084721
391	645.58887416
392	645.118915193
393	644.954905782
394	644.851873306
395	644.517283925
396	644.462454183
397	644.144197967
398	643.947873547
399	643.714748356
400	643.364651786
401	643.120986936
402	643.075438755
403	643.03189194
404	642.063551014
405	642.063551014
406	641.798170106
407	641.614292997
408	641.605262538
409	641.395545752
410	641.292880298
411	641.114970908
412	640.579786902
413	640.462376805
414	640.185595842
415	639.052396177
416	639.052396177
417	638.814556689
418	638.346185099
419	637.732636652
420	637.551273915
421	637.455034649
422	637.365481377
423	636.933981977
424	636.933981977
425	636.873936685
426	636.789855277
427	636.72638461
428	635.934023338
429	635.934023338
430	635.836402959
431	635.660393925
432	635.660393925
433	635.660393925
434	635.354476408
435	634.722775312
436	634.48679214
437	634.48679214
438	634.441253938
439	634.385068819
440	634.247863196
441	633.863013692
442	633.863013692
443	633.644126729
444	633.644126729
445	633.644126729
446	633.505754443
447	633.066238936
448	632.993534294
449	632.785363682
450	632.785363682
451	632.603067106
452	632.129772312
453	632.096313267
454	632.096313267
455	631.863923611
456	631.731273771
457	631.731273771
458	631.649386332
459	631.649386332
460	631.446820747
461	631.331392453
462	631.177471771
463	630.787447217
464	630.317166118
465	630.194310781
466	630.102708282
467	630.057175555
468	630.012644277
469	630.012644277
470	629.8867303
471	629.8867303
472	629.8867303
473	629.558379325
474	629.345692343
475	629.345692343
476	628.995138676
477	628.688161968
478	628.688161968
479	628.688071233
480	628.5281537
481	628.327598057
482	628.327598057
483	628.110172896
484	628.110172896
485	628.10440052
486	628.10440052
487	627.770266289
488	627.770266289
489	627.760310918
490	627.670180878
491	627.386102183
492	627.154339922
493	627.067377891
494	627.019892886
495	627.019892886
496	626.909519652
497	626.750980778
498	626.73789718
499	626.73789718
500	626.597367003
501	626.597367003
502	626.597367003
503	626.418058772
504	626.418058772
505	626.021588711
506	625.394982868
507	625.251920024
508	624.831908536
509	624.831908536
510	624.705719404
511	624.457783468
512	624.431283603
513	624.332504168
514	624.192145568
515	624.075170438
516	624.075170438
517	623.150821089
518	622.893021888
519	622.803865826
520	622.770289566
521	622.770289566
522	622.642653084
523	622.352751926
524	622.352751926
525	622.352751926
526	622.352751926
527	622.33234587
528	622.33234587
529	622.306760193
530	622.168245445
531	622.168245445
532	622.096436183
533	621.80191002
534	621.615842901
535	621.511822709
536	621.511822709
537	621.034150461
538	621.034150461
539	620.929800691
540	620.929800691
541	620.916344793
542	620.916344793
543	620.916344793
544	620.914744672
545	620.914744672
546	620.911572967
547	620.911572967
548	620.882727208
549	620.772281
550	620.709028324
551	620.709028324
552	620.709028324
553	620.709028324
554	620.709028324
555	620.696790617
556	620.696790617
557	620.61306192
558	620.61306192
559	620.603604233
560	620.603604233
561	620.444007954
562	620.371100597
563	620.371100597
564	620.371100597
565	620.060667993
566	620.060667993
567	620.009249842
568	619.907256255
569	619.634982232
570	619.634982232
571	619.634982232
572	619.634982232
573	619.585397112
574	619.585397112
575	619.330283602
576	619.132654161
577	618.982859912
578	618.661111013
579	618.661111013
580	618.638837019
581	618.552206766
582	618.552206766
583	618.552206766
584	618.337777529
585	618.337777529
586	618.250335954
587	618.250335954
588	618.250335954
589	618.250335954
590	618.153918296
591	618.09190177
592	617.977710906
593	617.825381936
594	617.777579432
595	617.676196069
596	617.676196069
597	617.671731262
598	617.671731262
599	617.671731262
600	617.671731262
601	617.63171265
602	617.571585327
603	617.295317906
604	617.171002335
605	617.149615328
606	617.149615328
607	617.084366215
608	616.937025684
609	616.658519344
610	616.658519344
611	616.19245446
612	616.19245446
613	616.19245446
614	616.146949096
615	616.123686551
616	616.123686551
617	615.882421149
618	615.846019957
619	615.499749602
620	615.47786052
621	615.475968409
622	615.475968409
623	615.475968409
624	615.475968409
625	615.173721196
626	615.173721196
627	615.173721196
628	615.173721196
629	615.002150938
630	615.002150938
631	614.887150426
632	614.887150426
633	614.887150426
634	614.88420331
635	614.876947789
636	614.876947789
637	614.876947789
638	614.865986346
639	614.81249615
640	614.81249615
641	614.644408159
642	614.644408159
643	614.644408159
644	614.644408159
645	614.644408159
646	614.644408159
647	614.644408159
648	614.385924592
649	614.064261445
650	614.03594324
651	614.03594324
652	613.967197208
653	613.967197208
654	613.630097959
655	613.630097959
656	613.265661369
657	613.108613464
658	613.021966476
659	613.021966476
660	612.693333874
661	612.644854639
662	612.644854639
663	612.644854639
664	612.644854639
665	612.644854639
666	612.644854639
667	612.644854639
668	612.644854639
669	612.561319173
670	612.36122574
671	612.335636384
672	612.335636384
673	612.335636384
674	612.111983156
675	612.010437826
676	612.010437826
677	612.010437826
678	611.696713257
679	611.696713257
680	611.497150167
681	611.497150167
682	611.497150167
683	611.497150167
684	611.365177797
685	611.365177797
686	611.365177797
687	611.365177797
688	611.309810475
689	611.309810475
690	611.309810475
691	611.127654433
692	611.127654433
693	611.127654433
694	610.966113895
695	610.966113895
696	610.966113895
697	610.956966906
698	610.956966906
699	610.956966906
700	610.956966906
701	610.956966906
702	610.956966906
703	610.956966906
704	610.558320889
705	610.056864458
706	610.056864458
707	610.056864458
708	610.056864458
709	610.056864458
710	610.056864458
711	610.056864458
712	610.056864458
713	610.056864458
714	610.056864458
715	610.056864458
716	609.833011647
717	609.686263856
718	609.686263856
719	609.146542496
720	609.146542496
721	609.132357378
722	609.058518842
723	608.985640101
724	608.985640101
725	608.985640101
726	608.985640101
727	608.985640101
728	608.865107982
729	608.819602618
730	608.622251961
731	608.622251961
732	608.516493873
733	608.104025595
734	608.104025595
735	608.104025595
736	608.104025595
737	608.104025595
738	608.035314062
739	607.837450899
740	607.837450899
741	607.824367301
742	607.824367301
743	607.824367301
744	607.194651671
745	607.194651671
746	607.165805911
747	607.165805911
748	607.014694197
749	607.014694197
750	607.014694197
751	607.014694197
752	607.014694197
753	607.014694197
754	606.924818235
755	606.924818235
756	606.895972476
757	606.895972476
758	606.870323198
759	606.755555103
760	606.722378691
761	606.722378691
762	606.722378691
763	606.722378691
764	606.722378691
765	606.185064883
766	606.185064883
767	606.185064883
768	606.156653966
769	606.156653966
770	606.156653966
771	606.156653966
772	606.156653966
773	606.156653966
774	606.037178054
775	606.037178054
776	605.988621262
777	605.988621262
778	605.901179688
779	605.833106666
780	605.833106666
781	605.833106666
782	605.833106666
783	605.819139486
784	605.681424706
785	605.681424706
786	605.588425577
787	605.588425577
788	605.588425577
789	605.588425577
790	605.588425577
791	605.588425577
792	605.588425577
793	605.588425577
794	605.588425577
795	605.578751368
796	605.578751368
797	605.578751368
798	605.415756048
799	605.415756048
800	605.415756048
801	605.415756048
802	605.415756048
803	605.346114945
804	605.346114945
805	605.346114945
806	605.346114945
807	605.346114945
808	605.346114945
809	605.151533002
810	605.151533002
811	605.151533002
812	605.151533002
813	605.151533002
814	605.151533002
815	605.151533002
816	605.151533002
817	605.151533002
818	604.993899169
819	604.941055585
820	604.941055585
821	604.941055585
822	604.941055585
823	604.941055585
824	604.865286371
825	604.865286371
826	604.865286371
827	604.865286371
828	604.865286371
829	604.865286371
830	604.763650424
831	604.271598031
832	604.271598031
833	604.271598031
834	604.271598031
835	604.013829005
836	604.013829005
837	604.013829005
838	603.940867829
839	603.940867829
840	603.940867829
841	603.713440312
842	603.713440312
843	603.713440312
844	603.713440312
845	603.713440312
846	603.713440312
847	603.713440312
848	603.512226321
849	603.512226321
850	603.512226321
851	603.512226321
852	603.512226321
853	603.512226321
854	603.512226321
855	603.193792922
856	603.15994397
857	603.15994397
858	603.15994397
859	603.15994397
860	603.15994397
861	603.15994397
862	603.15994397
863	603.15994397
864	603.15994397
865	603.15994397
866	603.053102841
867	602.722824132
868	602.65508198
869	602.65508198
870	602.65508198
871	602.609576617
872	602.609576617
873	602.544044263
874	602.544044263
875	602.544044263
876	602.458651514
877	602.343393498
878	602.343393498
879	602.343393498
880	602.33744411
881	602.33744411
882	602.33744411
883	602.33744411
884	602.33744411
885	602.249117168
886	602.181299653
887	602.181299653
888	602.181299653
889	602.07280854
890	602.07280854
891	602.07280854
892	601.929707355
893	601.929707355
894	601.929707355
895	601.929707355
896	601.929707355
897	601.761589715
898	601.62792852
899	601.451547982
900	601.451547982
901	601.451547982
902	601.451547982
903	601.451547982
904	601.437647354
905	601.437647354
906	601.437647354
907	601.396949356
908	601.286941735
909	601.286941735
910	601.178363673
911	601.178363673
912	601.178363673
913	601.178363673
914	601.178363673
915	601.178363673
916	601.178363673
917	601.178363673
918	601.178363673
919	601.178363673
920	600.622161846
921	600.622161846
922	600.622161846
923	600.622161846
924	600.622161846
925	600.553950966
926	600.553950966
927	600.553950966
928	600.553950966
929	600.553950966
930	600.553950966
931	600.553950966
932	600.482807471
933	600.482807471
934	600.482807471
935	600.482807471
936	600.378416287
937	600.378416287
938	600.378416287
939	600.378416287
940	600.378416287
941	600.378416287
942	600.378416287
943	600.378416287
944	600.378416287
945	600.378416287
946	600.378416287
947	600.378416287
948	600.349570527
949	600.349570527
950	600.264409089
951	600.264409089
952	600.235862459
953	600.235862459
954	600.235862459
955	600.235862459
956	600.235862459
957	600.235862459
958	600.14014302
959	600.14014302
960	600.14014302
961	600.14014302
962	600.14014302
963	600.08728346
964	600.08728346
965	600.08728346
966	600.08728346
967	600.08728346
968	600.08728346
969	600.076369492
970	600.076369492
971	600.076369492
972	600.076369492
973	600.006435816
974	600.006435816
975	600.006435816
976	600.006435816
977	600.006435816
978	600.006435816
979	600.006435816
980	600.006435816
981	600.006435816
982	599.867707905
983	599.867707905
984	599.867707905
985	599.521565794
986	599.521565794
987	599.521565794
988	599.413500707
989	599.252549997
990	599.252549997
991	599.236828004
992	599.236828004
993	599.236828004
994	599.236828004
995	599.236828004
996	599.236828004
997	599.109704105
998	599.109704105
999	598.89472686
1000	598.867856021
1001	598.867856021
1002	598.867856021
1003	598.867856021
1004	598.696944846
1005	598.696944846
1006	598.696944846
1007	598.696944846
1008	598.696944846
1009	598.696944846
1010	598.696944846
1011	598.696944846
1012	598.696944846
1013	598.696944846
1014	598.696944846
1015	598.696944846
1016	598.696944846
1017	598.589216543
1018	598.316946091
1019	598.316946091
1020	598.316946091
1021	598.316946091
1022	598.316946091
1023	598.316946091
1024	598.316946091
1025	598.163750084
1026	598.163750084
1027	598.0293934
1028	598.0293934
1029	598.0293934
1030	598.0293934
1031	598.0293934
1032	598.0293934
1033	598.0293934
1034	598.0293934
1035	597.993667796
1036	597.993667796
1037	597.993667796
1038	597.984490384
1039	597.984490384
1040	597.984490384
1041	597.984490384
1042	597.984490384
1043	597.984490384
1044	597.984490384
1045	597.713365869
1046	597.713365869
1047	597.713365869
1048	597.692989745
1049	597.692989745
1050	597.626581012
1051	597.616690113
1052	597.616690113
1053	597.616690113
1054	597.534407652
1055	597.500775481
1056	597.421421164
1057	597.421421164
1058	597.421421164
1059	597.421421164
1060	597.219630439
1061	597.219630439
1062	597.219630439
1063	597.128918592
1064	597.087891111
1065	597.087891111
1066	597.087891111
1067	597.087891111
1068	596.954388117
1069	596.841748148
1070	596.792943743
1071	596.792943743
1072	596.792943743
1073	596.792943743
1074	596.733724349
1075	596.733724349
1076	596.733724349
1077	596.733724349
1078	596.733724349
1079	596.733724349
1080	596.733724349
1081	596.642921806
1082	596.642921806
1083	596.642921806
1084	596.642921806
1085	596.642921806
1086	596.642921806
1087	596.642921806
1088	596.642921806
1089	596.642921806
1090	596.6071211
1091	596.6071211
1092	596.6071211
1093	596.6071211
1094	596.6071211
1095	596.532291519
1096	596.532291519
1097	596.532291519
1098	596.532291519
1099	596.532291519
1100	596.532291519
1101	596.532291519
1102	596.532291519
1103	596.532291519
1104	596.532291519
1105	596.532291519
1106	596.532291519
1107	596.532291519
1108	596.532291519
1109	596.532291519
1110	596.532291519
1111	596.532291519
1112	596.532291519
1113	596.532291519
1114	596.532291519
1115	596.532291519
1116	596.532291519
1117	596.335612357
1118	596.335612357
1119	596.335612357
1120	596.335612357
1121	596.335612357
1122	596.20589986
1123	596.20589986
1124	596.20589986
1125	596.20589986
1126	596.20589986
1127	596.20589986
1128	596.20589986
1129	596.202792367
1130	596.202792367
1131	596.202792367
1132	596.202792367
1133	595.984787751
1134	595.984787751
1135	595.984787751
1136	595.984787751
1137	595.984787751
1138	595.984787751
1139	595.984787751
1140	595.984787751
1141	595.984787751
1142	595.984787751
1143	595.984787751
1144	595.984787751
1145	595.984787751
1146	595.984787751
1147	595.984787751
1148	595.984787751
1149	595.984787751
1150	595.984787751
1151	595.984787751
1152	595.984787751
1153	595.984787751
1154	595.984787751
1155	595.984787751
1156	595.878234545
1157	595.878234545
1158	595.878234545
1159	595.878234545
1160	595.878234545
1161	595.878234545
1162	595.878234545
1163	595.878234545
1164	595.878234545
1165	595.878234545
1166	595.878234545
1167	595.878234545
1168	595.878234545
1169	595.878234545
1170	595.878234545
1171	595.878234545
1172	595.878234545
1173	595.878234545
1174	595.878234545
1175	595.878234545
1176	595.878234545
1177	595.878234545
1178	595.878234545
1179	595.878234545
1180	595.878234545
1181	595.878234545
1182	595.878234545
1183	595.878234545
1184	595.878234545
1185	595.878234545
1186	595.878234545
1187	595.878234545
1188	595.878234545
1189	595.878234545
1190	595.878234545
1191	595.878234545
1192	595.878234545
1193	595.878234545
1194	595.878234545
1195	595.878234545
1196	595.878234545
1197	595.878234545
1198	595.878234545
1199	595.878234545
1200	595.878234545
1201	595.878234545
1202	595.878234545
1203	595.878234545
1204	595.878234545
1205	595.878234545
1206	595.878234545
1207	595.878234545
1208	595.465139916
1209	595.465139916
1210	595.465139916
1211	595.465139916
1212	595.465139916
1213	595.465139916
1214	595.465139916
1215	595.465139916
1216	595.465139916
1217	595.465139916
1218	595.465139916
1219	595.465139916
1220	595.465139916
1221	595.465139916
1222	595.465139916
1223	595.465139916
1224	595.465139916
1225	595.465139916
1226	595.465139916
1227	595.465139916
1228	595.465139916
1229	595.465139916
1230	595.465139916
1231	595.465139916
1232	595.465139916
1233	595.465139916
1234	595.465139916
1235	595.465139916
1236	595.465139916
1237	595.381417634
1238	595.381417634
1239	595.381417634
1240	595.381417634
1241	595.381417634
1242	595.381417634
1243	595.381417634
1244	595.381417634
1245	595.381417634
1246	595.381417634
1247	595.381417634
1248	595.381417634
1249	595.21082164
1250	595.21082164
1251	595.21082164
1252	595.21082164
1253	595.21082164
1254	595.21082164
1255	595.21082164
1256	595.21082164
1257	595.086923169
1258	594.99960701
1259	594.99960701
1260	594.99960701
1261	594.99960701
1262	594.99960701
1263	594.99960701
1264	594.99960701
1265	594.99960701
1266	594.99960701
1267	594.99960701
1268	594.99960701
1269	594.99960701
1270	594.99960701
1271	594.99960701
1272	594.99960701
1273	594.99960701
1274	594.99960701
1275	594.99960701
1276	594.99960701
1277	594.99960701
1278	594.980240036
1279	594.980240036
1280	594.980240036
1281	594.980240036
1282	594.980240036
1283	594.980240036
1284	594.980240036
1285	594.980240036
1286	594.980240036
1287	594.980240036
1288	594.980240036
1289	594.980240036
1290	594.980240036
1291	594.980240036
1292	594.980240036
1293	594.980240036
1294	594.851144394
1295	594.851144394
1296	594.851144394
1297	594.851144394
1298	594.851144394
1299	594.739730744
1300	594.739730744
1301	594.739730744
1302	594.739730744
1303	594.739730744
1304	594.739730744
1305	594.739730744
1306	594.739730744
1307	594.739730744
1308	594.739730744
1309	594.739730744
1310	594.739730744
1311	594.739730744
1312	594.739730744
1313	594.739730744
1314	594.739730744
1315	594.739730744
1316	594.739730744
1317	594.739730744
1318	594.739730744
1319	594.739730744
1320	594.739730744
1321	594.739730744
1322	594.739730744
1323	594.739730744
1324	594.739730744
1325	594.739730744
1326	594.739730744
1327	594.739730744
1328	594.739730744
1329	594.739730744
1330	594.739730744
1331	594.739730744
1332	594.739730744
1333	594.739730744
1334	594.739730744
1335	594.739730744
1336	594.739730744
1337	594.739730744
1338	594.739730744
1339	594.739730744
1340	594.739730744
1341	594.659372965
1342	594.659372965
1343	594.390270738
1344	594.390270738
1345	594.390270738
1346	594.390270738
1347	594.390270738
1348	594.173663841
1349	594.173663841
1350	594.173663841
1351	594.173663841
1352	594.173663841
1353	594.064589682
1354	594.064589682
1355	594.064589682
1356	594.064589682
1357	594.064589682
1358	594.064589682
1359	594.064589682
1360	594.064589682
1361	594.064589682
1362	594.064589682
1363	594.064589682
1364	594.064589682
1365	594.064589682
1366	593.958717171
1367	593.958717171
1368	593.958717171
1369	593.958717171
1370	593.958717171
1371	593.958717171
1372	593.958717171
1373	593.958717171
1374	593.958717171
1375	593.958717171
1376	593.958717171
1377	593.958717171
1378	593.958717171
1379	593.958717171
1380	593.958717171
1381	593.958717171
1382	593.958717171
1383	593.958717171
1384	593.958717171
1385	593.942600691
1386	593.845916332
1387	593.845916332
1388	593.845916332
1389	593.845916332
1390	593.845916332
1391	593.845916332
1392	593.791066457
1393	593.791066457
1394	593.791066457
1395	593.628638095
1396	593.465475357
1397	593.465475357
1398	593.465475357
1399	593.465475357
1400	593.465475357
1401	593.465475357
1402	593.465475357
1403	593.465475357
1404	593.465475357
1405	593.465475357
1406	593.465475357
1407	593.465475357
1408	593.465475357
1409	593.465475357
1410	593.465475357
1411	593.465475357
1412	593.465475357
1413	593.465475357
1414	593.465475357
1415	593.465475357
1416	593.465475357
1417	593.465475357
1418	593.465475357
1419	593.465475357
1420	593.465475357
1421	593.465475357
1422	593.465475357
1423	593.465475357
1424	593.465475357
1425	593.465475357
1426	593.465475357
1427	593.465475357
1428	593.465475357
1429	593.465475357
1430	593.465475357
1431	593.363422628
1432	593.363422628
1433	593.363422628
1434	593.363422628
1435	593.363422628
1436	593.34135411
1437	593.34135411
1438	593.34135411
1439	593.34135411
1440	593.289698502
1441	593.289698502
1442	593.006459532
1443	593.006459532
1444	593.006459532
1445	593.006459532
1446	593.006459532
1447	593.006459532
1448	593.006459532
1449	593.006459532
1450	593.006459532
1451	593.006459532
1452	592.972733219
1453	592.972733219
1454	592.972733219
1455	592.767539357
1456	592.767539357
1457	592.767539357
1458	592.767539357
1459	592.767539357
1460	592.767539357
1461	592.767539357
1462	592.767539357
1463	592.699714073
1464	592.699714073
1465	592.697936239
1466	592.697936239
1467	592.586924466
1468	592.586924466
1469	592.586924466
1470	592.586924466
1471	592.586924466
1472	592.586924466
1473	592.479168804
1474	592.479168804
1475	592.479168804
1476	592.479168804
1477	592.479168804
1478	592.479168804
1479	592.479168804
1480	592.479168804
1481	592.479168804
1482	592.479168804
1483	592.479168804
1484	592.479168804
1485	592.479168804
1486	592.479168804
1487	592.479168804
1488	592.440050718
1489	592.440050718
1490	592.440050718
1491	592.440050718
1492	592.440050718
1493	592.440050718
1494	592.440050718
1495	592.440050718
1496	592.440050718
1497	592.440050718
1498	592.404841924
1499	592.404841924
1500	592.404841924
1501	592.404841924
1502	592.404841924
1503	592.404841924
1504	592.404841924
1505	592.404841924
1506	592.404841924
1507	592.404841924
1508	592.404841924
1509	592.404841924
1510	592.404841924
1511	592.404841924
1512	592.404841924
1513	592.404841924
1514	592.404841924
1515	592.404841924
1516	592.404841924
1517	592.404841924
1518	592.404841924
1519	592.404841924
1520	592.404841924
1521	592.404841924
1522	592.404841924
1523	592.285816295
1524	592.285816295
1525	592.285816295
1526	592.285816295
1527	592.285816295
1528	592.285816295
1529	592.285816295
1530	592.285816295
1531	592.285816295
1532	592.285816295
1533	592.285816295
1534	592.285816295
1535	592.285816295
1536	592.285816295
1537	592.285816295
1538	592.285816295
1539	592.285816295
1540	592.285816295
1541	592.285816295
1542	592.285816295
1543	592.197120886
1544	592.197120886
1545	592.12375794
1546	592.12375794
1547	592.12375794
1548	592.12375794
1549	592.12375794
1550	592.12375794
1551	592.12375794
1552	592.12375794
1553	592.12375794
1554	592.12375794
1555	592.043194068
1556	592.043194068
1557	591.923653148
1558	591.923653148
1559	591.923653148
1560	591.923653148
1561	591.923653148
1562	591.923653148
1563	591.923653148
1564	591.923653148
1565	591.923653148
1566	591.923653148
1567	591.923653148
1568	591.923653148
1569	591.923653148
1570	591.923653148
1571	591.923653148
1572	591.923653148
1573	591.790143855
1574	591.790143855
1575	591.790143855
1576	591.790143855
1577	591.790143855
1578	591.790143855
1579	591.761289873
1580	591.761289873
1581	591.761289873
1582	591.761289873
1583	591.761289873
1584	591.761289873
1585	591.761289873
1586	591.697229238
1587	591.697229238
1588	591.697229238
1589	591.697229238
1590	591.697229238
1591	591.697229238
1592	591.697229238
1593	591.690550495
1594	591.557011459
1595	591.557011459
1596	591.557011459
1597	591.526040133
1598	591.526040133
1599	591.526040133
1600	591.526040133
1601	591.526040133
1602	591.526040133
1603	591.526040133
1604	591.526040133
1605	591.526040133
1606	591.526040133
1607	591.394563145
1608	591.394563145
1609	591.394563145
1610	591.394563145
1611	591.394563145
1612	591.394563145
1613	591.394563145
1614	591.394563145
1615	591.394563145
1616	591.394563145
1617	591.394563145
1618	591.394563145
1619	591.394563145
1620	591.394563145
1621	591.394563145
1622	591.239438991
1623	591.239438991
1624	591.239438991
1625	591.239438991
1626	591.239438991
1627	591.212549289
1628	591.212549289
1629	591.212549289
1630	591.212549289
1631	591.212549289
1632	591.212549289
1633	591.212549289
1634	591.212549289
1635	591.212549289
1636	591.212549289
1637	591.212549289
1638	591.212549289
1639	591.072364405
1640	591.072364405
1641	591.012412229
1642	591.012412229
1643	591.012412229
1644	591.012412229
1645	591.012412229
1646	591.012412229
1647	591.012412229
1648	591.012412229
1649	591.012412229
1650	591.012412229
1651	591.012412229
1652	590.912770431
1653	590.912770431
1654	590.912770431
1655	590.912770431
1656	590.912770431
1657	590.912770431
1658	590.912770431
1659	590.912770431
1660	590.912770431
1661	590.912770431
1662	590.912770431
1663	590.912770431
1664	590.912770431
1665	590.80016483
1666	590.80016483
1667	590.697006185
1668	590.697006185
1669	590.697006185
1670	590.697006185
1671	590.697006185
1672	590.697006185
1673	590.697006185
1674	590.697006185
1675	590.697006185
1676	590.697006185
1677	590.697006185
1678	590.697006185
1679	590.697006185
1680	590.697006185
1681	590.697006185
1682	590.697006185
1683	590.697006185
1684	590.611806999
1685	590.611806999
1686	590.611806999
1687	590.588127861
1688	590.588127861
1689	590.588127861
1690	590.588127861
1691	590.588127861
1692	590.588127861
1693	590.588127861
1694	590.588127861
1695	590.588127861
1696	590.588127861
1697	590.588127861
1698	590.588127861
1699	590.588127861
1700	590.588127861
1701	590.588127861
1702	590.588127861
1703	590.588127861
1704	590.588127861
1705	590.588127861
1706	590.588127861
1707	590.588127861
1708	590.588127861
1709	590.588127861
1710	590.588127861
1711	590.588127861
1712	590.588127861
1713	590.588127861
1714	590.588127861
1715	590.588127861
1716	590.588127861
1717	590.588127861
1718	590.588127861
1719	590.588127861
1720	590.446756655
1721	590.446756655
1722	590.446756655
1723	590.446756655
1724	590.446756655
1725	590.446756655
1726	590.446756655
1727	590.446756655
1728	590.446756655
1729	590.446756655
1730	590.446756655
1731	590.446756655
1732	590.446756655
1733	590.446756655
1734	590.446756655
1735	590.446756655
1736	590.446756655
1737	590.400531687
1738	590.400531687
1739	590.342110618
1740	590.342110618
1741	590.342110618
1742	590.342110618
1743	590.342110618
1744	590.342110618
1745	590.342110618
1746	590.342110618
1747	590.342110618
1748	590.187588689
1749	590.187588689
1750	590.187588689
1751	590.187588689
1752	590.187588689
1753	590.187588689
1754	590.187588689
1755	590.187588689
1756	590.187588689
1757	590.187588689
1758	590.187588689
1759	590.187588689
1760	590.187588689
1761	590.187588689
1762	590.187588689
1763	590.187588689
1764	590.187588689
1765	590.187588689
1766	590.187588689
1767	590.187588689
1768	590.187588689
1769	590.187588689
1770	590.187588689
1771	590.187588689
1772	590.187588689
1773	590.187588689
1774	590.187588689
1775	590.187588689
1776	590.187588689
1777	590.187588689
1778	590.187588689
1779	590.187588689
1780	590.187588689
1781	590.187588689
1782	590.187588689
1783	590.187588689
1784	590.187588689
1785	590.187588689
1786	590.187588689
1787	590.187588689
1788	590.187588689
1789	590.187588689
1790	590.187588689
1791	590.187588689
1792	590.187588689
1793	590.187588689
1794	590.187588689
1795	590.187588689
1796	590.187588689
1797	590.187588689
1798	590.187588689
1799	590.187588689
1800	590.187588689
1801	590.187588689
1802	590.187588689
1803	590.187588689
1804	590.187588689
1805	590.187588689
1806	590.187588689
1807	590.187588689
1808	590.187588689
1809	590.187588689
1810	590.187588689
1811	590.187588689
1812	590.187588689
1813	590.187588689
1814	590.187588689
1815	590.187588689
1816	590.187588689
1817	589.920317446
1818	589.920317446
1819	589.920317446
1820	589.920317446
1821	589.920317446
1822	589.920317446
1823	589.920317446
1824	589.920317446
1825	589.920317446
1826	589.920317446
1827	589.920317446
1828	589.920317446
1829	589.920317446
1830	589.920317446
1831	589.920317446
1832	589.920317446
1833	589.920317446
1834	589.920317446
1835	589.920317446
1836	589.920317446
1837	589.920317446
1838	589.920317446
1839	589.920317446
1840	589.920317446
1841	589.920317446
1842	589.920317446
1843	589.920317446
1844	589.920317446
1845	589.920317446
1846	589.920317446
1847	589.920317446
1848	589.920317446
1849	589.920317446
1850	589.920317446
1851	589.920317446
1852	589.920317446
1853	589.920317446
1854	589.920317446
1855	589.920317446
1856	589.920317446
1857	589.920317446
1858	589.920317446
1859	589.920317446
1860	589.920317446
1861	589.920317446
1862	589.920317446
1863	589.920317446
1864	589.920317446
1865	589.920317446
1866	589.920317446
1867	589.920317446
1868	589.920317446
1869	589.920317446
1870	589.920317446
1871	589.920317446
1872	589.920317446
1873	589.920317446
1874	589.920317446
1875	589.920317446
1876	589.920317446
1877	589.920317446
1878	589.920317446
1879	589.920317446
1880	589.920317446
1881	589.920317446
1882	589.920317446
1883	589.920317446
1884	589.77685274
1885	589.77685274
1886	589.769292725
1887	589.769292725
1888	589.769292725
1889	589.769292725
1890	589.769292725
1891	589.769292725
1892	589.769292725
1893	589.769292725
1894	589.769292725
1895	589.769292725
1896	589.769292725
1897	589.769292725
1898	589.769292725
1899	589.769292725
1900	589.769292725
1901	589.769292725
1902	589.74588284
1903	589.74588284
1904	589.74588284
1905	589.74588284
1906	589.74588284
1907	589.74588284
1908	589.74588284
1909	589.74588284
1910	589.74588284
1911	589.74588284
1912	589.74588284
1913	589.74588284
1914	589.74588284
1915	589.74588284
1916	589.74588284
1917	589.74588284
1918	589.74588284
1919	589.74588284
1920	589.74588284
1921	589.74588284
1922	589.74588284
1923	589.74588284
1924	589.74588284
1925	589.74588284
1926	589.74588284
1927	589.74588284
1928	589.74588284
1929	589.74588284
1930	589.709113512
1931	589.709113512
1932	589.709113512
1933	589.709113512
1934	589.709113512
1935	589.709113512
1936	589.709113512
1937	589.709113512
1938	589.709113512
1939	589.709113512
1940	589.709113512
1941	589.709113512
1942	589.709113512
1943	589.709113512
1944	589.709113512
1945	589.709113512
1946	589.709113512
1947	589.709113512
1948	589.709113512
1949	589.709113512
1950	589.709113512
1951	589.709113512
1952	589.709113512
1953	589.709113512
1954	589.709113512
1955	589.680267753
1956	589.680267753
1957	589.680267753
1958	589.680267753
1959	589.680267753
1960	589.680267753
1961	589.680267753
1962	589.680267753
1963	589.680267753
1964	589.680267753
1965	589.680267753
1966	589.680267753
1967	589.680267753
1968	589.680267753
1969	589.680267753
1970	589.680267753
1971	589.680267753
1972	589.680267753
1973	589.680267753
1974	589.680267753
1975	589.680267753
1976	589.680267753
1977	589.680267753
1978	589.680267753
1979	589.680267753
1980	589.680267753
1981	589.680267753
1982	589.608571685
1983	589.608571685
1984	589.608571685
1985	589.608571685
1986	589.608571685
1987	589.608571685
1988	589.608571685
1989	589.608571685
1990	589.608571685
1991	589.608571685
1992	589.608571685
1993	589.608571685
1994	589.608571685
1995	589.608571685
1996	589.608571685
1997	589.608571685
1998	589.608571685
1999	589.608571685
2000	589.608571685
2001	589.608571685
2002	589.608571685
2003	589.608571685
2004	589.608571685
2005	589.608571685
2006	589.608571685
2007	589.608571685
2008	589.608571685
2009	589.608571685
2010	589.608571685
2011	589.608571685
2012	589.608571685
2013	589.608571685
2014	589.608571685
2015	589.608571685
2016	589.608571685
2017	589.608571685
2018	589.608571685
2019	589.608571685
2020	589.608571685
2021	589.553594553
2022	589.553594553
2023	589.553594553
2024	589.553594553
2025	589.553594553
2026	589.553594553
2027	589.553594553
2028	589.553594553
2029	589.553594553
2030	589.553594553
2031	589.553594553
2032	589.553594553
2033	589.553594553
2034	589.553594553
2035	589.553594553
2036	589.553594553
2037	589.553594553
2038	589.553594553
2039	589.553594553
2040	589.553594553
2041	589.553594553
2042	589.553594553
2043	589.553594553
2044	589.553594553
2045	589.553594553
2046	589.553594553
2047	589.553594553
2048	589.553594553
2049	589.553594553
2050	589.553594553
2051	589.553594553
2052	589.553594553
2053	589.553594553
2054	589.553594553
2055	589.553594553
2056	589.553594553
2057	589.553594553
2058	589.553594553
2059	589.553594553
2060	589.553594553
2061	589.553594553
2062	589.553594553
2063	589.553594553
2064	589.553594553
2065	589.553594553
2066	589.553594553
2067	589.553594553
2068	589.553594553
2069	589.553594553
2070	589.553594553
2071	589.553594553
2072	589.553594553
2073	589.553594553
2074	589.553594553
2075	589.553594553
2076	589.553594553
2077	589.553594553
2078	589.553594553
2079	589.553594553
2080	589.553594553
2081	589.553594553
2082	589.553594553
2083	589.553594553
2084	589.553594553
2085	589.553594553
2086	589.553594553
2087	589.553594553
2088	589.553594553
2089	589.553594553
2090	589.553594553
2091	589.553594553
2092	589.553594553
2093	589.553594553
2094	589.553594553
2095	589.553594553
2096	589.553594553
2097	589.553594553
2098	589.553594553
2099	589.553594553
2100	589.553594553
2101	589.553594553
2102	589.553594553
2103	589.553594553
2104	589.553594553
2105	589.553594553
2106	589.553594553
2107	589.553594553
2108	589.553594553
2109	589.553594553
2110	589.553594553
2111	589.553594553
2112	589.553594553
2113	589.553594553
2114	589.553594553
2115	589.553594553
2116	589.553594553
2117	589.553594553
2118	589.553594553
2119	589.553594553
2120	589.553594553
2121	589.553594553
2122	589.553594553
2123	589.553594553
2124	589.553594553
2125	589.553594553
2126	589.553594553
2127	589.553594553
2128	589.553594553
2129	589.553594553
2130	589.553594553
2131	589.553594553
2132	589.553594553
2133	589.553594553
2134	589.553594553
2135	589.471365274
2136	589.471365274
2137	589.471365274
2138	589.471365274
2139	589.471365274
2140	589.471365274
2141	589.471365274
2142	589.471365274
2143	589.471365274
2144	589.471365274
2145	589.471365274
2146	589.471365274
2147	589.471365274
2148	589.471365274
2149	589.471365274
2150	589.471365274
2151	589.471365274
2152	589.471365274
2153	589.471365274
2154	589.471365274
2155	589.471365274
2156	589.471365274
2157	589.471365274
2158	589.471365274
2159	589.471365274
2160	589.471365274
2161	589.471365274
2162	589.471365274
2163	589.471365274
2164	589.471365274
2165	589.471365274
2166	589.471365274
2167	589.471365274
2168	589.471365274
2169	589.471365274
2170	589.471365274
2171	589.471365274
2172	589.471365274
2173	589.471365274
2174	589.471365274
2175	589.470319249
2176	589.470319249
2177	589.470319249
2178	589.470319249
2179	589.470319249
2180	589.470319249
2181	589.470319249
2182	589.470319249
2183	589.470319249
2184	589.470319249
2185	589.470319249
2186	589.470319249
2187	589.470319249
2188	589.470319249
2189	589.470319249
2190	589.470319249
2191	589.470319249
2192	589.470319249
2193	589.470319249
2194	589.470319249
2195	589.470319249
2196	589.470319249
2197	589.470319249
2198	589.470319249
2199	589.470319249
2200	589.470319249
2201	589.470319249
2202	589.470319249
2203	589.470319249
2204	589.470319249
2205	589.470319249
2206	589.470319249
2207	589.470319249
2208	589.470319249
2209	589.470319249
2210	589.470319249
2211	589.470319249
2212	589.470319249
2213	589.470319249
2214	589.470319249
2215	589.470319249
2216	589.470319249
2217	589.470319249
2218	589.470319249
2219	589.470319249
2220	589.470319249
2221	589.470319249
2222	589.470319249
2223	589.470319249
2224	589.470319249
2225	589.470319249
2226	589.470319249
2227	589.470319249
2228	589.470319249
2229	589.470319249
2230	589.470319249
2231	589.470319249
2232	589.470319249
2233	589.470319249
2234	589.470319249
2235	589.470319249
2236	589.470319249
2237	589.470319249
2238	589.470319249
2239	589.470319249
2240	589.470319249
2241	589.119705923
2242	589.119705923
2243	589.119705923
2244	589.119705923
2245	589.119705923
2246	589.119705923
2247	589.119705923
2248	589.119705923
2249	589.119705923
2250	589.119705923
2251	589.119705923
2252	589.119705923
2253	589.119705923
2254	589.119705923
2255	589.119705923
2256	589.119705923
2257	589.119705923
2258	589.119705923
2259	589.119705923
2260	589.119705923
2261	589.119705923
2262	589.119705923
2263	589.119705923
2264	589.119705923
2265	589.119705923
2266	589.119691186
2267	589.119691186
2268	589.119691186
2269	589.119691186
2270	589.119691186
2271	589.119691186
2272	589.119691186
2273	589.119691186
2274	589.119691186
2275	589.119691186
2276	589.119691186
2277	589.119691186
2278	589.119691186
2279	589.119691186
2280	589.119691186
2281	589.119691186
2282	589.119691186
2283	589.119691186
2284	589.119691186
2285	589.119691186
2286	589.119691186
2287	589.119691186
2288	589.119691186
2289	589.119691186
2290	589.119691186
2291	589.119691186
2292	589.119691186
2293	589.119691186
2294	589.119691186
2295	589.119691186
2296	589.119691186
2297	589.119691186
2298	589.119691186
2299	589.119691186
2300	589.119691186
2301	589.119691186
2302	589.119691186
2303	589.119691186
2304	589.119691186
2305	589.119691186
2306	589.119691186
2307	589.119691186
2308	589.119691186
2309	589.119691186
2310	589.119691186
2311	589.119691186
2312	589.107204384
2313	589.107204384
2314	589.107204384
2315	589.107204384
2316	589.107204384
2317	589.107204384
2318	589.107204384
2319	589.107204384
2320	589.107204384
2321	589.107204384
2322	589.107204384
2323	589.107204384
2324	589.107204384
2325	589.107204384
2326	589.107204384
2327	589.107204384
2328	589.107204384
2329	589.107204384
2330	589.107204384
2331	589.107204384
2332	589.107204384
2333	589.107204384
2334	589.107204384
2335	589.107204384
2336	589.107204384
2337	589.107204384
2338	589.107204384
2339	589.107204384
2340	589.107204384
2341	589.107204384
2342	589.107204384
2343	589.006189002
2344	589.006189002
2345	589.006189002
2346	589.006189002
2347	589.006189002
2348	589.006189002
2349	589.006189002
2350	589.006189002
2351	589.006189002
2352	589.006189002
2353	589.006189002
2354	589.006189002
2355	589.006189002
2356	589.006189002
2357	589.006189002
2358	589.006189002
2359	589.006189002
2360	589.006189002
2361	589.006189002
2362	589.006189002
2363	589.006189002
2364	589.006189002
2365	589.006189002
2366	589.006189002
2367	589.006189002
2368	589.006189002
2369	589.006189002
2370	589.006189002
2371	589.006189002
2372	589.006189002
2373	589.006189002
2374	589.006189002
2375	589.006189002
2376	589.006189002
2377	589.006189002
2378	589.006189002
2379	589.006189002
2380	589.006189002
2381	589.006189002
2382	589.006189002
2383	589.006189002
2384	589.006189002
2385	589.006189002
2386	589.006189002
2387	589.006189002
2388	589.006189002
2389	589.006189002
2390	589.006189002
2391	589.006189002
2392	589.006189002
2393	589.006189002
2394	589.006189002
2395	588.910960028
2396	588.910960028
2397	588.910960028
2398	588.910960028
2399	588.878209475
2400	588.878209475
2401	588.878209475
2402	588.878209475
2403	588.878209475
2404	588.878209475
2405	588.878209475
2406	588.878209475
2407	588.878209475
2408	588.878209475
2409	588.878209475
2410	588.878209475
2411	588.878209475
2412	588.878209475
2413	588.878209475
2414	588.878209475
2415	588.878209475
2416	588.878209475
2417	588.878209475
2418	588.878209475
2419	588.878209475
2420	588.878209475
2421	588.878209475
2422	588.878209475
2423	588.729816202
2424	588.729816202
2425	588.729816202
2426	588.729816202
2427	588.729816202
2428	588.729816202
2429	588.729816202
2430	588.729816202
2431	588.729816202
2432	588.729816202
2433	588.729816202
2434	588.729816202
2435	588.729816202
2436	588.729816202
2437	588.729816202
2438	588.729816202
2439	588.729816202
2440	588.729816202
2441	588.729816202
2442	588.729816202
2443	588.729816202
2444	588.729816202
2445	588.729816202
2446	588.729816202
2447	588.729816202
2448	588.729816202
2449	588.729816202
2450	588.729816202
2451	588.729816202
2452	588.687816588
2453	588.687816588
2454	588.687816588
2455	588.687816588
2456	588.687816588
2457	588.687816588
2458	588.687816588
2459	588.687816588
2460	588.675401911
2461	588.675401911
2462	588.580100454
2463	588.580100454
2464	588.580100454
2465	588.580100454
2466	588.580100454
2467	588.469457558
2468	588.469457558
2469	588.469457558
2470	588.469457558
2471	588.469457558
2472	588.469457558
2473	588.469457558
2474	588.469457558
2475	588.469457558
2476	588.469457558
2477	588.469457558
2478	588.469457558
2479	588.469457558
2480	588.469457558
2481	588.469457558
2482	588.469457558
2483	588.469457558
2484	588.469457558
2485	588.423783109
2486	588.423783109
2487	588.423783109
2488	588.423783109
2489	588.423783109
2490	588.423783109
2491	588.423783109
2492	588.423783109
2493	588.423783109
2494	588.423783109
2495	588.423783109
2496	588.423783109
2497	588.423783109
2498	588.423783109
2499	588.423783109
2500	588.423783109
2501	588.423783109
2502	588.423783109
2503	588.423783109
2504	588.423783109
2505	588.423783109
2506	588.423783109
2507	588.423783109
2508	588.423783109
2509	588.423783109
2510	588.423783109
2511	588.423783109
2512	588.423783109
2513	588.423783109
2514	588.423783109
2515	588.423783109
2516	588.423783109
2517	588.423783109
2518	588.423783109
2519	588.423783109
2520	588.423783109
2521	588.423783109
2522	588.423783109
2523	588.423783109
2524	588.423783109
2525	588.423783109
2526	588.423783109
2527	588.423783109
2528	588.423783109
2529	588.423783109
2530	588.423783109
2531	588.423783109
2532	588.423783109
2533	588.423783109
2534	588.423783109
2535	588.423783109
2536	588.423783109
2537	588.423783109
2538	588.423783109
2539	588.423783109
2540	588.423783109
2541	588.331328816
2542	588.331328816
2543	588.331328816
2544	588.331328816
2545	588.331328816
2546	588.331328816
2547	588.331328816
2548	588.331328816
2549	588.331328816
2550	588.331328816
2551	588.331328816
2552	588.331328816
2553	588.331328816
2554	588.331328816
2555	588.331328816
2556	588.331328816
2557	588.331328816
2558	588.331328816
2559	588.331328816
2560	588.331328816
2561	588.331328816
2562	588.331328816
2563	588.331328816
2564	588.331328816
2565	588.331328816
2566	588.331328816
2567	588.331328816
2568	588.331328816
2569	588.331328816
2570	588.331328816
2571	588.331328816
2572	588.331328816
2573	588.331328816
2574	588.331328816
2575	588.331328816
2576	588.331328816
2577	588.331328816
2578	588.331328816
2579	588.331328816
2580	588.331328816
2581	588.331328816
2582	588.331328816
2583	588.331328816
2584	588.331328816
2585	588.331328816
2586	588.331328816
2587	588.331328816
2588	588.331328816
2589	588.331328816
2590	588.331328816
2591	588.331328816
2592	588.331328816
2593	588.331328816
2594	588.331328816
2595	588.331328816
2596	588.331328816
2597	588.331328816
2598	588.331328816
2599	588.331328816
2600	588.331328816
2601	588.331328816
2602	588.331328816
2603	588.331328816
2604	588.331328816
2605	588.331328816
2606	588.331328816
2607	588.331328816
2608	588.331328816
2609	588.331328816
2610	588.331328816
2611	588.331328816
2612	588.331328816
2613	588.331328816
2614	588.331328816
2615	588.331328816
2616	588.331328816
2617	588.331328816
2618	588.331328816
2619	588.331328816
2620	588.331328816
2621	588.331328816
2622	588.331328816
2623	588.331328816
2624	588.331328816
2625	588.331328816
2626	588.331328816
2627	588.331328816
2628	588.331328816
2629	588.331328816
2630	588.331328816
2631	588.331328816
2632	588.331328816
2633	588.331328816
2634	588.331328816
2635	588.331328816
2636	588.331328816
2637	588.331328816
2638	588.331328816
2639	588.331328816
2640	588.331328816
2641	588.331328816
2642	588.331328816
2643	588.331328816
2644	588.331328816
2645	588.331328816
2646	588.331328816
2647	588.331328816
2648	588.331328816
2649	588.331328816
2650	588.331328816
2651	588.307080879
2652	588.307080879
2653	588.307080879
2654	588.307080879
2655	588.307080879
2656	588.307080879
2657	588.307080879
2658	588.307080879
2659	588.307080879
2660	588.307080879
2661	588.307080879
2662	588.307080879
2663	588.307080879
2664	588.307080879
2665	588.307080879
2666	588.307080879
2667	588.307080879
2668	588.307080879
2669	588.307080879
2670	588.307080879
2671	588.307080879
2672	588.307080879
2673	588.307080879
2674	588.307080879
2675	588.307080879
2676	588.307080879
2677	588.307080879
2678	588.307080879
2679	588.307080879
2680	588.307080879
2681	588.307080879
2682	588.307080879
2683	588.307080879
2684	588.307080879
2685	588.307080879
2686	588.307080879
2687	588.307080879
2688	588.307080879
2689	588.307080879
2690	588.307080879
2691	588.307080879
2692	588.307080879
2693	588.307080879
2694	588.307080879
2695	588.307080879
2696	588.307080879
2697	588.307080879
2698	588.307080879
2699	588.307080879
2700	588.307080879
2701	588.307080879
2702	588.307080879
2703	588.307080879
2704	588.307080879
2705	588.307080879
2706	588.307080879
2707	588.307080879
2708	588.307080879
2709	588.307080879
2710	588.307080879
2711	588.307080879
2712	588.307080879
2713	588.307080879
2714	588.307080879
2715	588.307080879
2716	588.307080879
2717	588.307080879
2718	588.307080879
2719	588.307080879
2720	588.307080879
2721	588.307080879
2722	588.307080879
2723	588.307080879
2724	588.307080879
2725	588.307080879
2726	588.307080879
2727	588.307080879
2728	588.307080879
2729	588.307080879
2730	588.307080879
2731	588.307080879
2732	588.307080879
2733	588.307080879
2734	588.307080879
2735	588.307080879
2736	588.307080879
2737	588.307080879
2738	588.307080879
2739	588.307080879
2740	588.307080879
2741	588.307080879
2742	588.307080879
2743	588.307080879
2744	588.307080879
2745	588.299500145
2746	588.135162733
2747	588.135162733
2748	588.135162733
2749	588.135162733
2750	588.135162733
2751	588.135162733
2752	588.135162733
2753	588.135162733
2754	588.135162733
2755	588.135162733
2756	588.135162733
2757	588.135162733
2758	588.135162733
2759	588.135162733
2760	588.135162733
2761	588.135162733
2762	588.135162733
2763	588.135162733
2764	588.135162733
2765	588.135162733
2766	588.135162733
2767	588.135162733
2768	588.135162733
2769	588.135162733
2770	588.135162733
2771	588.135162733
2772	588.135162733
2773	588.135162733
2774	588.135162733
2775	588.135162733
2776	588.056046908
2777	588.056046908
2778	588.056046908
2779	588.056046908
2780	588.056046908
2781	588.056046908
2782	588.056046908
2783	588.056046908
2784	588.056046908
2785	588.056046908
2786	588.056046908
2787	588.056046908
2788	588.056046908
2789	588.056046908
2790	588.056046908
2791	588.056046908
2792	588.056046908
2793	588.056046908
2794	588.056046908
2795	588.056046908
2796	588.031328196
2797	588.031328196
2798	588.031328196
2799	588.031328196
2800	588.031328196
2801	588.031328196
2802	588.031328196
2803	588.031328196
2804	588.031328196
2805	588.031328196
2806	588.031328196
2807	588.031328196
2808	588.031328196
2809	588.031328196
2810	588.031328196
2811	588.031328196
2812	588.031328196
2813	588.031328196
2814	588.031328196
2815	588.031328196
2816	588.031328196
2817	588.031328196
2818	588.031328196
2819	588.031328196
2820	588.031328196
2821	588.031328196
2822	588.031328196
2823	588.031328196
2824	588.031328196
2825	588.031328196
2826	588.031328196
2827	588.031328196
2828	588.031328196
2829	588.031328196
2830	588.031328196
2831	588.031328196
2832	588.031328196
2833	588.031328196
2834	588.031328196
2835	588.031328196
2836	588.031328196
2837	588.031328196
2838	588.031328196
2839	588.031328196
2840	588.031328196
2841	588.031328196
2842	588.031328196
2843	588.031328196
2844	588.031328196
2845	588.031328196
2846	588.031328196
2847	588.031328196
2848	588.031328196
2849	588.031328196
2850	588.031328196
2851	588.031328196
2852	588.031328196
2853	588.031328196
2854	588.031328196
2855	588.031328196
2856	588.031328196
2857	588.031328196
2858	588.031328196
2859	588.031328196
2860	588.031328196
2861	588.031328196
2862	588.031328196
2863	588.031328196
2864	588.031328196
2865	588.031328196
2866	588.031328196
2867	588.031328196
2868	588.031328196
2869	588.031328196
2870	588.031328196
2871	588.031328196
2872	588.031328196
2873	588.031328196
2874	588.031328196
2875	588.031328196
2876	588.031328196
2877	588.031328196
2878	588.031328196
2879	588.031328196
2880	588.031328196
2881	588.031328196
2882	588.031328196
2883	588.031328196
2884	588.031328196
2885	588.031328196
2886	588.031328196
2887	588.031328196
2888	588.031328196
2889	588.031328196
2890	588.031328196
2891	588.031328196
2892	588.031328196
2893	588.031328196
2894	588.031328196
2895	588.031328196
2896	588.031328196
2897	588.031328196
2898	588.031328196
2899	588.031328196
2900	588.031328196
2901	588.031328196
2902	588.031328196
2903	588.031328196
2904	588.031328196
2905	588.031328196
2906	588.031328196
2907	588.031328196
2908	588.031328196
2909	588.031328196
2910	588.031328196
2911	588.031328196
2912	588.031328196
2913	588.031328196
2914	588.031328196
2915	588.031328196
2916	588.031328196
2917	588.031328196
2918	588.031328196
2919	588.031328196
2920	588.031328196
2921	588.031328196
2922	588.031328196
2923	588.031328196
2924	588.031328196
2925	588.031328196
2926	588.031328196
2927	588.031328196
2928	588.031328196
2929	588.031328196
2930	588.031328196
2931	588.031328196
2932	588.031328196
2933	588.031328196
2934	588.031328196
2935	588.031328196
2936	588.031328196
2937	588.031328196
2938	588.031328196
2939	588.031328196
2940	588.031328196
2941	588.031328196
2942	588.031328196
2943	588.031328196
2944	588.031328196
2945	588.031328196
2946	588.031328196
2947	588.031328196
2948	588.031328196
2949	588.031328196
2950	588.031328196
2951	588.031328196
2952	588.031328196
2953	588.031328196
2954	588.031328196
2955	588.031328196
2956	588.031328196
2957	588.031328196
2958	588.031328196
2959	588.031328196
2960	588.031328196
2961	588.031328196
2962	588.031328196
2963	588.031328196
2964	588.031328196
2965	588.031328196
2966	588.031328196
2967	588.031328196
2968	588.031328196
2969	588.031328196
2970	588.031328196
2971	588.031328196
2972	588.031328196
2973	588.031328196
2974	588.031328196
2975	588.031328196
2976	588.031328196
2977	588.031328196
2978	588.031328196
2979	587.980102383
2980	587.980102383
2981	587.980102383
2982	587.980102383
2983	587.980102383
2984	587.980102383
2985	587.980102383
2986	587.980102383
2987	587.980102383
2988	587.980102383
2989	587.980102383
2990	587.980102383
2991	587.980102383
2992	587.980102383
2993	587.980102383
2994	587.980102383
2995	587.980102383
2996	587.980102383
2997	587.980102383
2998	587.980102383
2999	587.980102383
3000	587.980102383
3001	587.980102383
3002	587.980102383
3003	587.980102383
3004	587.980102383
3005	587.980102383
3006	587.980102383
3007	587.980102383
3008	587.980102383
3009	587.980102383
3010	587.980102383
3011	587.980102383
3012	587.980102383
3013	587.980102383
3014	587.980102383
3015	587.980102383
3016	587.980102383
3017	587.980102383
3018	587.980102383
3019	587.980102383
3020	587.980102383
3021	587.980102383
3022	587.980102383
3023	587.980102383
3024	587.980102383
3025	587.980102383
3026	587.980102383
3027	587.980102383
3028	587.980102383
3029	587.980102383
3030	587.980102383
3031	587.980102383
3032	587.980102383
3033	587.980102383
3034	587.976054702
3035	587.976054702
3036	587.976054702
3037	587.976054702
3038	587.976054702
3039	587.976054702
3040	587.976054702
3041	587.976054702
3042	587.976054702
3043	587.976054702
3044	587.976054702
3045	587.976054702
3046	587.976054702
3047	587.976054702
3048	587.976054702
3049	587.976054702
3050	587.976054702
3051	587.976054702
3052	587.976054702
3053	587.976054702
3054	587.976054702
3055	587.976054702
3056	587.976054702
3057	587.976054702
3058	587.976054702
3059	587.976054702
3060	587.976054702
3061	587.976054702
3062	587.976054702
3063	587.976054702
3064	587.976054702
3065	587.976054702
3066	587.976054702
3067	587.976054702
3068	587.976054702
3069	587.976054702
3070	587.976054702
3071	587.976054702
3072	587.976054702
3073	587.976054702
3074	587.976054702
3075	587.976054702
3076	587.976054702
3077	587.976054702
3078	587.976054702
3079	587.976054702
3080	587.976054702
3081	587.976054702
3082	587.976054702
3083	587.976054702
3084	587.976054702
3085	587.976054702
3086	587.976054702
3087	587.976054702
3088	587.976054702
3089	587.976054702
3090	587.976054702
3091	587.976054702
3092	587.976054702
3093	587.976054702
3094	587.976054702
3095	587.976054702
3096	587.976054702
3097	587.976054702
3098	587.976054702
3099	587.976054702
3100	587.976054702
3101	587.976054702
3102	587.976054702
3103	587.976054702
3104	587.976054702
3105	587.976054702
3106	587.976054702
3107	587.976054702
3108	587.976054702
3109	587.976054702
3110	587.976054702
3111	587.976054702
3112	587.976054702
3113	587.976054702
3114	587.976054702
3115	587.976054702
3116	587.976054702
3117	587.976054702
3118	587.976054702
3119	587.976054702
3120	587.976054702
3121	587.976054702
3122	587.976054702
3123	587.976054702
3124	587.976054702
3125	587.976054702
3126	587.976054702
3127	587.976054702
3128	587.976054702
3129	587.976054702
3130	587.976054702
3131	587.976054702
3132	587.976054702
3133	587.976054702
3134	587.976054702
3135	587.976054702
3136	587.976054702
3137	587.976054702
3138	587.976054702
3139	587.976054702
3140	587.976054702
3141	587.976054702
3142	587.976054702
3143	587.976054702
3144	587.976054702
3145	587.976054702
3146	587.976054702
3147	587.976054702
3148	587.976054702
3149	587.976054702
3150	587.976054702
3151	587.976054702
3152	587.976054702
3153	587.976054702
3154	587.976054702
3155	587.976054702
3156	587.976054702
3157	587.976054702
3158	587.976054702
3159	587.976054702
3160	587.976054702
3161	587.976054702
3162	587.976054702
3163	587.976054702
3164	587.976054702
3165	587.976054702
3166	587.976054702
3167	587.976054702
3168	587.976054702
3169	587.976054702
3170	587.976054702
3171	587.976054702
3172	587.976054702
3173	587.976054702
3174	587.976054702
3175	587.976054702
3176	587.976054702
3177	587.976054702
3178	587.976054702
3179	587.976054702
3180	587.976054702
3181	587.976054702
3182	587.976054702
3183	587.976054702
3184	587.976054702
3185	587.976054702
3186	587.976054702
3187	587.976054702
3188	587.976054702
3189	587.976054702
3190	587.976054702
3191	587.976054702
3192	587.976054702
3193	587.976054702
3194	587.976054702
3195	587.976054702
3196	587.976054702
3197	587.976054702
3198	587.976054702
3199	587.976054702
3200	587.976054702
3201	587.976054702
3202	587.976054702
3203	587.976054702
3204	587.976054702
3205	587.976054702
3206	587.976054702
3207	587.976054702
3208	587.976054702
3209	587.976054702
3210	587.976054702
3211	587.976054702
3212	587.976054702
3213	587.976054702
3214	587.976054702
3215	587.976054702
3216	587.976054702
3217	587.976054702
3218	587.976054702
3219	587.976054702
3220	587.976054702
3221	587.976054702
3222	587.976054702
3223	587.976054702
3224	587.976054702
3225	587.976054702
3226	587.976054702
3227	587.976054702
3228	587.976054702
3229	587.976054702
3230	587.976054702
3231	587.976054702
3232	587.976054702
3233	587.976054702
3234	587.976054702
3235	587.976054702
3236	587.976054702
3237	587.976054702
3238	587.976054702
3239	587.976054702
3240	587.976054702
3241	587.976054702
3242	587.976054702
3243	587.976054702
3244	587.976054702
3245	587.976054702
3246	587.976054702
3247	587.976054702
3248	587.976054702
3249	587.976054702
3250	587.976054702
3251	587.976054702
3252	587.976054702
3253	587.976054702
3254	587.976054702
3255	587.976054702
3256	587.976054702
3257	587.976054702
3258	587.976054702
3259	587.976054702
3260	587.976054702
3261	587.976054702
3262	587.976054702
3263	587.976054702
3264	587.976054702
3265	587.976054702
3266	587.976054702
3267	587.976054702
3268	587.976054702
3269	587.976054702
3270	587.976054702
3271	587.976054702
3272	587.976054702
3273	587.976054702
3274	587.976054702
3275	587.976054702
3276	587.976054702
3277	587.976054702
3278	587.976054702
3279	587.976054702
3280	587.976054702
3281	587.976054702
3282	587.976054702
3283	587.976054702
3284	587.976054702
3285	587.976054702
3286	587.976054702
3287	587.976054702
3288	587.976054702
3289	587.976054702
3290	587.976054702
3291	587.976054702
3292	587.976054702
3293	587.976054702
3294	587.976054702
3295	587.976054702
3296	587.976054702
3297	587.976054702
3298	587.976054702
3299	587.976054702
3300	587.976054702
3301	587.976054702
3302	587.976054702
3303	587.976054702
3304	587.976054702
3305	587.976054702
3306	587.976054702
3307	587.976054702
3308	587.976054702
3309	587.976054702
3310	587.976054702
3311	587.976054702
3312	587.976054702
3313	587.976054702
3314	587.976054702
3315	587.976054702
3316	587.976054702
3317	587.976054702
3318	587.976054702
3319	587.976054702
3320	587.976054702
3321	587.976054702
3322	587.976054702
3323	587.976054702
3324	587.976054702
3325	587.976054702
3326	587.976054702
3327	587.976054702
3328	587.976054702
3329	587.976054702
3330	587.976054702
3331	587.976054702
3332	587.976054702
3333	587.976054702
3334	587.976054702
3335	587.976054702
3336	587.976054702
3337	587.976054702
3338	587.976054702
3339	587.976054702
3340	587.976054702
3341	587.976054702
3342	587.976054702
3343	587.976054702
3344	587.976054702
3345	587.976054702
3346	587.976054702
3347	587.976054702
3348	587.976054702
3349	587.976054702
3350	587.976054702
3351	587.976054702
3352	587.976054702
3353	587.976054702
3354	587.976054702
3355	587.976054702
3356	587.976054702
3357	587.976054702
3358	587.976054702
3359	587.976054702
3360	587.976054702
3361	587.976054702
3362	587.976054702
3363	587.976054702
3364	587.976054702
3365	587.976054702
3366	587.976054702
3367	587.976054702
3368	587.976054702
3369	587.976054702
3370	587.976054702
3371	587.976054702
3372	587.976054702
3373	587.976054702
3374	587.976054702
3375	587.976054702
3376	587.976054702
3377	587.976054702
3378	587.976054702
3379	587.976054702
3380	587.976054702
3381	587.976054702
3382	587.976054702
3383	587.976054702
3384	587.976054702
3385	587.976054702
3386	587.976054702
3387	587.976054702
3388	587.976054702
3389	587.976054702
3390	587.976054702
3391	587.976054702
3392	587.976054702
3393	587.976054702
3394	587.976054702
3395	587.976054702
3396	587.976054702
3397	587.976054702
3398	587.976054702
3399	587.976054702
3400	587.976054702
3401	587.976054702
3402	587.976054702
3403	587.976054702
3404	587.976054702
3405	587.976054702
3406	587.976054702
3407	587.976054702
3408	587.976054702
3409	587.976054702
3410	587.976054702
3411	587.976054702
3412	587.976054702
3413	587.976054702
3414	587.976054702
3415	587.976054702
3416	587.976054702
3417	587.976054702
3418	587.976054702
3419	587.976054702
3420	587.976054702
3421	587.976054702
3422	587.976054702
3423	587.976054702
3424	587.976054702
3425	587.976054702
3426	587.976054702
3427	587.976054702
3428	587.976054702
3429	587.976054702
3430	587.976054702
3431	587.976054702
3432	587.976054702
3433	587.976054702
3434	587.976054702
3435	587.976054702
3436	587.976054702
3437	587.976054702
3438	587.976054702
3439	587.976054702
3440	587.976054702
3441	587.976054702
3442	587.976054702
3443	587.976054702
3444	587.976054702
3445	587.976054702
3446	587.976054702
3447	587.976054702
3448	587.976054702
3449	587.976054702
3450	587.976054702
3451	587.976054702
3452	587.976054702
3453	587.976054702
3454	587.976054702
3455	587.976054702
3456	587.976054702
3457	587.976054702
3458	587.976054702
3459	587.976054702
3460	587.976054702
3461	587.976054702
3462	587.976054702
3463	587.976054702
3464	587.976054702
3465	587.976054702
3466	587.976054702
3467	587.976054702
3468	587.976054702
3469	587.976054702
3470	587.976054702
3471	587.976054702
3472	587.976054702
3473	587.976054702
3474	587.976054702
3475	587.976054702
3476	587.976054702
3477	587.976054702
3478	587.976054702
3479	587.976054702
3480	587.976054702
3481	587.976054702
3482	587.976054702
3483	587.976054702
3484	587.976054702
3485	587.976054702
3486	587.976054702
3487	587.976054702
3488	587.976054702
3489	587.976054702
3490	587.976054702
3491	587.976054702
3492	587.976054702
3493	587.976054702
3494	587.976054702
3495	587.976054702
3496	587.976054702
3497	587.976054702
3498	587.976054702
3499	587.976054702
3500	587.976054702
3501	587.976054702
3502	587.976054702
3503	587.976054702
3504	587.976054702
3505	587.976054702
3506	587.976054702
3507	587.976054702
3508	587.976054702
3509	587.976054702
3510	587.976054702
3511	587.976054702
3512	587.976054702
3513	587.976054702
3514	587.976054702
3515	587.976054702
3516	587.976054702
3517	587.976054702
3518	587.976054702
3519	587.976054702
3520	587.976054702
3521	587.976054702
3522	587.976054702
3523	587.976054702
3524	587.976054702
3525	587.976054702
3526	587.976054702
3527	587.976054702
3528	587.976054702
3529	587.976054702
3530	587.976054702
3531	587.976054702
3532	587.976054702
3533	587.976054702
3534	587.976054702
3535	587.976054702
3536	587.976054702
3537	587.976054702
3538	587.976054702
3539	587.976054702
3540	587.976054702
3541	587.976054702
3542	587.976054702
3543	587.976054702
3544	587.976054702
3545	587.976054702
3546	587.976054702
3547	587.976054702
3548	587.976054702
3549	587.976054702
3550	587.976054702
3551	587.976054702
3552	587.976054702
3553	587.976054702
3554	587.976054702
3555	587.976054702
3556	587.976054702
3557	587.976054702
3558	587.976054702
3559	587.976054702
3560	587.976054702
3561	587.976054702
3562	587.976054702
3563	587.976054702
3564	587.976054702
3565	587.976054702
3566	587.976054702
3567	587.976054702
3568	587.976054702
3569	587.976054702
3570	587.976054702
3571	587.976054702
3572	587.976054702
3573	587.976054702
3574	587.976054702
3575	587.976054702
3576	587.976054702
3577	587.976054702
3578	587.976054702
3579	587.976054702
3580	587.976054702
3581	587.976054702
3582	587.976054702
3583	587.976054702
3584	587.976054702
3585	587.976054702
3586	587.976054702
3587	587.976054702
3588	587.976054702
3589	587.976054702
3590	587.976054702
3591	587.976054702
3592	587.976054702
3593	587.976054702
3594	587.976054702
3595	587.976054702
3596	587.976054702
3597	587.976054702
3598	587.976054702
3599	587.976054702
3600	587.976054702
3601	587.976054702
3602	587.976054702
3603	587.976054702
3604	587.976054702
3605	587.976054702
3606	587.976054702
3607	587.976054702
3608	587.976054702
3609	587.976054702
3610	587.976054702
3611	587.976054702
3612	587.976054702
3613	587.976054702
3614	587.976054702
3615	587.976054702
3616	587.976054702
3617	587.976054702
3618	587.976054702
3619	587.976054702
3620	587.976054702
3621	587.976054702
3622	587.976054702
3623	587.976054702
3624	587.976054702
3625	587.976054702
3626	587.976054702
3627	587.976054702
3628	587.976054702
3629	587.976054702
3630	587.976054702
3631	587.976054702
3632	587.976054702
3633	587.976054702
3634	587.976054702
3635	587.976054702
3636	587.976054702
3637	587.976054702
3638	587.976054702
3639	587.976054702
3640	587.976054702
3641	587.976054702
3642	587.976054702
3643	587.976054702
3644	587.976054702
3645	587.976054702
3646	587.976054702
3647	587.976054702
3648	587.976054702
3649	587.976054702
3650	587.976054702
3651	587.976054702
3652	587.976054702
3653	587.976054702
3654	587.976054702
3655	587.976054702
3656	587.976054702
3657	587.976054702
3658	587.976054702
3659	587.976054702
3660	587.976054702
3661	587.976054702
3662	587.976054702
3663	587.976054702
3664	587.976054702
3665	587.976054702
3666	587.976054702
3667	587.976054702
3668	587.976054702
3669	587.976054702
3670	587.976054702
3671	587.976054702
3672	587.976054702
3673	587.976054702
3674	587.976054702
3675	587.976054702
3676	587.976054702
3677	587.976054702
3678	587.976054702
3679	587.976054702
3680	587.976054702
3681	587.976054702
3682	587.976054702
3683	587.976054702
3684	587.976054702
3685	587.976054702
3686	587.976054702
3687	587.976054702
3688	587.976054702
3689	587.976054702
3690	587.976054702
3691	587.976054702
3692	587.976054702
3693	587.976054702
3694	587.976054702
3695	587.976054702
3696	587.976054702
3697	587.976054702
3698	587.976054702
3699	587.976054702
3700	587.976054702
3701	587.976054702
3702	587.976054702
3703	587.976054702
3704	587.976054702
3705	587.976054702
3706	587.976054702
3707	587.976054702
3708	587.976054702
3709	587.976054702
3710	587.976054702
3711	587.976054702
3712	587.976054702
3713	587.976054702
3714	587.976054702
3715	587.976054702
3716	587.976054702
3717	587.976054702
3718	587.976054702
3719	587.976054702
3720	587.976054702
3721	587.976054702
3722	587.976054702
3723	587.976054702
3724	587.976054702
3725	587.976054702
3726	587.976054702
3727	587.976054702
3728	587.976054702
3729	587.976054702
3730	587.976054702
3731	587.976054702
3732	587.976054702
3733	587.976054702
3734	587.976054702
3735	587.976054702
3736	587.976054702
3737	587.976054702
3738	587.976054702
3739	587.976054702
3740	587.976054702
3741	587.976054702
3742	587.976054702
3743	587.976054702
3744	587.976054702
3745	587.976054702
3746	587.976054702
3747	587.976054702
3748	587.976054702
3749	587.976054702
3750	587.976054702
3751	587.976054702
3752	587.976054702
3753	587.976054702
3754	587.976054702
3755	587.976054702
3756	587.976054702
3757	587.976054702
3758	587.976054702
3759	587.976054702
3760	587.976054702
3761	587.976054702
3762	587.976054702
3763	587.976054702
3764	587.976054702
3765	587.976054702
3766	587.976054702
3767	587.976054702
3768	587.976054702
3769	587.976054702
3770	587.976054702
3771	587.976054702
3772	587.976054702
3773	587.976054702
3774	587.976054702
3775	587.976054702
3776	587.976054702
3777	587.976054702
3778	587.976054702
3779	587.976054702
3780	587.976054702
3781	587.976054702
3782	587.976054702
3783	587.976054702
3784	587.976054702
3785	587.976054702
3786	587.976054702
3787	587.976054702
3788	587.976054702
3789	587.976054702
3790	587.976054702
3791	587.976054702
3792	587.976054702
3793	587.976054702
3794	587.976054702
3795	587.976054702
3796	587.976054702
3797	587.976054702
3798	587.976054702
3799	587.976054702
3800	587.976054702
3801	587.976054702
3802	587.976054702
3803	587.976054702
3804	587.976054702
3805	587.976054702
3806	587.976054702
3807	587.976054702
3808	587.976054702
3809	587.976054702
3810	587.976054702
3811	587.976054702
3812	587.976054702
3813	587.976054702
3814	587.976054702
3815	587.976054702
3816	587.976054702
3817	587.976054702
3818	587.976054702
3819	587.976054702
3820	587.976054702
3821	587.976054702
3822	587.976054702
3823	587.976054702
3824	587.976054702
3825	587.976054702
3826	587.976054702
3827	587.976054702
3828	587.976054702
3829	587.976054702
3830	587.976054702
3831	587.976054702
3832	587.976054702
3833	587.976054702
3834	587.976054702
3835	587.976054702
3836	587.976054702
3837	587.976054702
3838	587.976054702
3839	587.976054702
3840	587.976054702
3841	587.976054702
3842	587.976054702
3843	587.976054702
3844	587.976054702
3845	587.976054702
3846	587.976054702
3847	587.976054702
3848	587.976054702
3849	587.976054702
3850	587.976054702
3851	587.976054702
3852	587.976054702
3853	587.976054702
3854	587.976054702
3855	587.976054702
3856	587.976054702
3857	587.976054702
3858	587.976054702
3859	587.976054702
3860	587.976054702
3861	587.976054702
3862	587.976054702
3863	587.976054702
3864	587.976054702
3865	587.976054702
3866	587.976054702
3867	587.976054702
3868	587.976054702
3869	587.976054702
3870	587.976054702
3871	587.976054702
3872	587.976054702
3873	587.976054702
3874	587.976054702
3875	587.976054702
3876	587.976054702
3877	587.976054702
3878	587.976054702
3879	587.976054702
3880	587.976054702
3881	587.976054702
3882	587.976054702
3883	587.976054702
3884	587.976054702
3885	587.976054702
3886	587.976054702
3887	587.976054702
3888	587.976054702
3889	587.976054702
3890	587.976054702
3891	587.976054702
3892	587.976054702
3893	587.976054702
3894	587.976054702
3895	587.976054702
3896	587.976054702
3897	587.976054702
3898	587.976054702
3899	587.976054702
3900	587.976054702
3901	587.976054702
3902	587.976054702
3903	587.976054702
3904	587.976054702
3905	587.976054702
3906	587.976054702
3907	587.976054702
3908	587.976054702
3909	587.976054702
3910	587.976054702
3911	587.976054702
3912	587.976054702
3913	587.976054702
3914	587.976054702
3915	587.976054702
3916	587.976054702
3917	587.976054702
3918	587.976054702
3919	587.976054702
3920	587.976054702
3921	587.976054702
3922	587.976054702
3923	587.976054702
3924	587.976054702
3925	587.976054702
3926	587.976054702
3927	587.976054702
3928	587.976054702
3929	587.976054702
3930	587.976054702
3931	587.976054702
3932	587.976054702
3933	587.976054702
3934	587.976054702
3935	587.976054702
3936	587.976054702
3937	587.976054702
3938	587.976054702
3939	587.976054702
3940	587.976054702
3941	587.976054702
3942	587.976054702
3943	587.976054702
3944	587.976054702
3945	587.976054702
3946	587.976054702
3947	587.976054702
3948	587.976054702
3949	587.976054702
3950	587.976054702
3951	587.976054702
3952	587.976054702
3953	587.976054702
3954	587.976054702
3955	587.976054702
3956	587.976054702
3957	587.976054702
3958	587.976054702
3959	587.976054702
3960	587.976054702
3961	587.976054702
3962	587.976054702
3963	587.976054702
3964	587.976054702
3965	587.976054702
3966	587.976054702
3967	587.976054702
3968	587.976054702
3969	587.976054702
3970	587.976054702
3971	587.976054702
3972	587.976054702
3973	587.976054702
3974	587.976054702
3975	587.976054702
3976	587.976054702
3977	587.976054702
3978	587.976054702
3979	587.976054702
3980	587.976054702
3981	587.976054702
3982	587.976054702
3983	587.976054702
3984	587.976054702
3985	587.976054702
3986	587.976054702
3987	587.976054702
3988	587.976054702
3989	587.976054702
3990	587.976054702
3991	587.976054702
3992	587.976054702
3993	587.976054702
3994	587.976054702
3995	587.976054702
3996	587.976054702
3997	587.976054702
3998	587.976054702
3999	587.976054702
4000	587.976054702
4001	587.976054702
4002	587.976054702
4003	587.976054702
4004	587.976054702
4005	587.976054702
4006	587.976054702
4007	587.976054702
4008	587.976054702
4009	587.976054702
4010	587.976054702
4011	587.976054702
4012	587.976054702
4013	587.976054702
4014	587.976054702
4015	587.976054702
4016	587.976054702
4017	587.976054702
4018	587.976054702
4019	587.976054702
4020	587.976054702
4021	587.976054702
4022	587.976054702
4023	587.976054702
4024	587.976054702
4025	587.976054702
4026	587.976054702
4027	587.976054702
4028	587.976054702
4029	587.976054702
4030	587.976054702
4031	587.976054702
4032	587.976054702
4033	587.976054702
4034	587.976054702
4035	587.976054702
4036	587.976054702
4037	587.976054702
4038	587.976054702
4039	587.976054702
4040	587.976054702
4041	587.976054702
4042	587.976054702
4043	587.976054702
4044	587.976054702
4045	587.976054702
4046	587.976054702
4047	587.976054702
4048	587.976054702
4049	587.976054702
4050	587.976054702
4051	587.976054702
4052	587.976054702
4053	587.976054702
4054	587.976054702
4055	587.976054702
4056	587.976054702
4057	587.976054702
4058	587.976054702
4059	587.976054702
4060	587.976054702
4061	587.976054702
4062	587.976054702
4063	587.976054702
4064	587.976054702
4065	587.976054702
4066	587.976054702
4067	587.976054702
4068	587.976054702
4069	587.976054702
4070	587.976054702
4071	587.976054702
4072	587.976054702
4073	587.976054702
4074	587.976054702
4075	587.976054702
4076	587.976054702
4077	587.976054702
4078	587.976054702
4079	587.976054702
4080	587.976054702
4081	587.976054702
4082	587.976054702
4083	587.976054702
4084	587.976054702
4085	587.976054702
4086	587.976054702
4087	587.976054702
4088	587.976054702
4089	587.976054702
4090	587.976054702
4091	587.976054702
4092	587.976054702
4093	587.976054702
4094	587.976054702
4095	587.976054702
4096	587.976054702
4097	587.976054702
4098	587.976054702
4099	587.976054702
4100	587.976054702
4101	587.976054702
4102	587.976054702
4103	587.976054702
4104	587.976054702
4105	587.976054702
4106	587.976054702
4107	587.976054702
4108	587.976054702
4109	587.976054702
4110	587.976054702
4111	587.976054702
4112	587.976054702
4113	587.976054702
4114	587.976054702
4115	587.976054702
4116	587.976054702
4117	587.976054702
4118	587.976054702
4119	587.976054702
4120	587.976054702
4121	587.976054702
4122	587.976054702
4123	587.976054702
4124	587.976054702
4125	587.976054702
4126	587.976054702
4127	587.976054702
4128	587.976054702
4129	587.976054702
4130	587.976054702
4131	587.976054702
4132	587.976054702
4133	587.976054702
4134	587.976054702
4135	587.976054702
4136	587.976054702
4137	587.976054702
4138	587.976054702
4139	587.976054702
4140	587.976054702
4141	587.976054702
4142	587.976054702
4143	587.976054702
4144	587.976054702
4145	587.976054702
4146	587.976054702
4147	587.976054702
4148	587.976054702
4149	587.976054702
4150	587.976054702
4151	587.976054702
4152	587.976054702
4153	587.976054702
4154	587.976054702
4155	587.976054702
4156	587.976054702
4157	587.976054702
4158	587.976054702
4159	587.976054702
4160	587.976054702
4161	587.976054702
4162	587.976054702
4163	587.976054702
4164	587.976054702
4165	587.976054702
4166	587.976054702
4167	587.976054702
4168	587.976054702
4169	587.976054702
4170	587.976054702
4171	587.976054702
4172	587.976054702
4173	587.976054702
4174	587.976054702
4175	587.976054702
4176	587.976054702
4177	587.976054702
4178	587.976054702
4179	587.976054702
4180	587.976054702
4181	587.976054702
4182	587.976054702
4183	587.976054702
4184	587.976054702
4185	587.976054702
4186	587.976054702
4187	587.976054702
4188	587.976054702
4189	587.976054702
4190	587.976054702
4191	587.976054702
4192	587.976054702
4193	587.976054702
4194	587.976054702
4195	587.976054702
4196	587.976054702
4197	587.976054702
4198	587.976054702
4199	587.976054702
4200	587.976054702
4201	587.976054702
4202	587.976054702
4203	587.976054702
4204	587.976054702
4205	587.976054702
4206	587.976054702
4207	587.976054702
4208	587.976054702
4209	587.976054702
4210	587.976054702
4211	587.976054702
4212	587.976054702
4213	587.976054702
4214	587.976054702
4215	587.976054702
4216	587.976054702
4217	587.976054702
4218	587.976054702
4219	587.976054702
4220	587.976054702
4221	587.976054702
4222	587.976054702
4223	587.976054702
4224	587.976054702
4225	587.976054702
4226	587.976054702
4227	587.976054702
4228	587.976054702
4229	587.976054702
4230	587.976054702
4231	587.976054702
4232	587.976054702
4233	587.976054702
4234	587.976054702
4235	587.976054702
4236	587.976054702
4237	587.976054702
4238	587.976054702
4239	587.976054702
4240	587.976054702
4241	587.976054702
4242	587.976054702
4243	587.976054702
4244	587.976054702
4245	587.976054702
4246	587.976054702
4247	587.976054702
4248	587.976054702
4249	587.976054702
4250	587.976054702
4251	587.976054702
4252	587.976054702
4253	587.976054702
4254	587.976054702
4255	587.976054702
4256	587.976054702
4257	587.976054702
4258	587.976054702
4259	587.976054702
4260	587.976054702
4261	587.976054702
4262	587.976054702
4263	587.976054702
4264	587.976054702
4265	587.976054702
4266	587.976054702
4267	587.976054702
4268	587.976054702
4269	587.976054702
4270	587.976054702
4271	587.976054702
4272	587.976054702
4273	587.976054702
4274	587.976054702
4275	587.976054702
4276	587.976054702
4277	587.976054702
4278	587.976054702
4279	587.976054702
4280	587.976054702
4281	587.976054702
4282	587.976054702
4283	587.976054702
4284	587.976054702
4285	587.976054702
4286	587.976054702
4287	587.976054702
4288	587.976054702
4289	587.976054702
4290	587.976054702
4291	587.976054702
4292	587.976054702
4293	587.976054702
4294	587.976054702
4295	587.976054702
4296	587.976054702
4297	587.976054702
4298	587.976054702
4299	587.976054702
4300	587.976054702
4301	587.976054702
4302	587.976054702
4303	587.976054702
4304	587.976054702
4305	587.976054702
4306	587.976054702
4307	587.976054702
4308	587.976054702
4309	587.976054702
4310	587.976054702
4311	587.976054702
4312	587.976054702
4313	587.976054702
4314	587.976054702
4315	587.976054702
4316	587.976054702
4317	587.976054702
4318	587.976054702
4319	587.976054702
4320	587.976054702
4321	587.976054702
4322	587.976054702
4323	587.976054702
4324	587.976054702
4325	587.976054702
4326	587.976054702
4327	587.976054702
4328	587.976054702
4329	587.976054702
4330	587.976054702
4331	587.976054702
4332	587.976054702
4333	587.976054702
4334	587.976054702
4335	587.976054702
4336	587.976054702
4337	587.976054702
4338	587.976054702
4339	587.976054702
4340	587.976054702
4341	587.976054702
4342	587.976054702
4343	587.976054702
4344	587.976054702
4345	587.976054702
4346	587.976054702
4347	587.976054702
4348	587.976054702
4349	587.976054702
4350	587.976054702
4351	587.976054702
4352	587.976054702
4353	587.976054702
4354	587.976054702
4355	587.976054702
4356	587.976054702
4357	587.976054702
4358	587.976054702
4359	587.976054702
4360	587.976054702
4361	587.976054702
4362	587.976054702
4363	587.976054702
4364	587.976054702
4365	587.976054702
4366	587.976054702
4367	587.976054702
4368	587.976054702
4369	587.976054702
4370	587.976054702
4371	587.976054702
4372	587.976054702
4373	587.976054702
4374	587.976054702
4375	587.976054702
4376	587.976054702
4377	587.976054702
4378	587.976054702
4379	587.976054702
4380	587.976054702
4381	587.976054702
4382	587.976054702
4383	587.976054702
4384	587.976054702
4385	587.976054702
4386	587.976054702
4387	587.976054702
4388	587.976054702
4389	587.976054702
4390	587.976054702
4391	587.976054702
4392	587.976054702
4393	587.976054702
4394	587.976054702
4395	587.976054702
4396	587.976054702
4397	587.976054702
4398	587.976054702
4399	587.976054702
4400	587.976054702
4401	587.976054702
4402	587.976054702
4403	587.976054702
4404	587.976054702
4405	587.976054702
4406	587.976054702
4407	587.976054702
4408	587.976054702
4409	587.976054702
4410	587.976054702
4411	587.976054702
4412	587.976054702
4413	587.976054702
4414	587.976054702
4415	587.976054702
4416	587.976054702
4417	587.976054702
4418	587.976054702
4419	587.976054702
4420	587.976054702
4421	587.976054702
4422	587.976054702
4423	587.976054702
4424	587.976054702
4425	587.976054702
4426	587.976054702
4427	587.976054702
4428	587.976054702
4429	587.976054702
4430	587.976054702
4431	587.976054702
4432	587.976054702
4433	587.976054702
4434	587.976054702
4435	587.976054702
4436	587.976054702
4437	587.976054702
4438	587.976054702
4439	587.976054702
4440	587.976054702
4441	587.976054702
4442	587.976054702
4443	587.976054702
4444	587.976054702
4445	587.976054702
4446	587.976054702
4447	587.976054702
4448	587.976054702
4449	587.976054702
4450	587.976054702
4451	587.976054702
4452	587.976054702
4453	587.976054702
4454	587.976054702
4455	587.976054702
4456	587.976054702
4457	587.976054702
4458	587.976054702
4459	587.976054702
4460	587.976054702
4461	587.976054702
4462	587.976054702
4463	587.976054702
4464	587.976054702
4465	587.976054702
4466	587.976054702
4467	587.976054702
4468	587.976054702
4469	587.976054702
4470	587.976054702
4471	587.976054702
4472	587.976054702
4473	587.976054702
4474	587.976054702
4475	587.976054702
4476	587.976054702
4477	587.976054702
4478	587.976054702
4479	587.976054702
4480	587.976054702
4481	587.976054702
4482	587.976054702
4483	587.976054702
4484	587.976054702
4485	587.976054702
4486	587.976054702
4487	587.976054702
4488	587.976054702
4489	587.976054702
4490	587.976054702
4491	587.976054702
4492	587.976054702
4493	587.976054702
4494	587.976054702
4495	587.976054702
4496	587.976054702
4497	587.976054702
4498	587.976054702
4499	587.976054702
4500	587.976054702
4501	587.976054702
4502	587.976054702
4503	587.976054702
4504	587.976054702
4505	587.976054702
4506	587.976054702
4507	587.976054702
4508	587.976054702
4509	587.976054702
4510	587.976054702
4511	587.976054702
4512	587.976054702
4513	587.976054702
4514	587.976054702
4515	587.976054702
4516	587.976054702
4517	587.976054702
4518	587.976054702
4519	587.976054702
4520	587.976054702
4521	587.976054702
4522	587.976054702
4523	587.976054702
4524	587.976054702
4525	587.976054702
4526	587.976054702
4527	587.976054702
4528	587.976054702
4529	587.976054702
4530	587.976054702
4531	587.976054702
4532	587.976054702
4533	587.976054702
4534	587.976054702
4535	587.976054702
4536	587.976054702
4537	587.976054702
4538	587.976054702
4539	587.976054702
4540	587.976054702
4541	587.976054702
4542	587.976054702
4543	587.976054702
4544	587.976054702
4545	587.976054702
4546	587.976054702
4547	587.976054702
4548	587.976054702
4549	587.976054702
4550	587.976054702
4551	587.976054702
4552	587.976054702
4553	587.976054702
4554	587.976054702
4555	587.976054702
4556	587.976054702
4557	587.976054702
4558	587.976054702
4559	587.976054702
4560	587.976054702
4561	587.976054702
4562	587.976054702
4563	587.976054702
4564	587.976054702
4565	587.976054702
4566	587.976054702
4567	587.976054702
4568	587.976054702
4569	587.976054702
4570	587.976054702
4571	587.976054702
4572	587.976054702
4573	587.976054702
4574	587.976054702
4575	587.976054702
4576	587.976054702
4577	587.976054702
4578	587.976054702
4579	587.976054702
4580	587.976054702
4581	587.976054702
4582	587.976054702
4583	587.976054702
4584	587.976054702
4585	587.976054702
4586	587.976054702
4587	587.976054702
4588	587.976054702
4589	587.976054702
4590	587.976054702
4591	587.976054702
4592	587.976054702
4593	587.976054702
4594	587.976054702
4595	587.976054702
4596	587.976054702
4597	587.976054702
4598	587.976054702
4599	587.976054702
4600	587.976054702
4601	587.976054702
4602	587.976054702
4603	587.976054702
4604	587.976054702
4605	587.976054702
4606	587.976054702
4607	587.976054702
4608	587.976054702
4609	587.976054702
4610	587.976054702
4611	587.976054702
4612	587.976054702
4613	587.976054702
4614	587.976054702
4615	587.976054702
4616	587.976054702
4617	587.976054702
4618	587.976054702
4619	587.976054702
4620	587.976054702
4621	587.976054702
4622	587.976054702
4623	587.976054702
4624	587.976054702
4625	587.976054702
4626	587.976054702
4627	587.976054702
4628	587.976054702
4629	587.976054702
4630	587.976054702
4631	587.976054702
4632	587.976054702
4633	587.976054702
4634	587.976054702
4635	587.976054702
4636	587.976054702
4637	587.976054702
4638	587.976054702
4639	587.976054702
4640	587.976054702
4641	587.976054702
4642	587.976054702
4643	587.976054702
4644	587.976054702
4645	587.976054702
4646	587.976054702
4647	587.976054702
4648	587.976054702
4649	587.976054702
4650	587.976054702
4651	587.976054702
4652	587.976054702
4653	587.976054702
4654	587.976054702
4655	587.976054702
4656	587.976054702
4657	587.976054702
4658	587.976054702
4659	587.976054702
4660	587.976054702
4661	587.976054702
4662	587.976054702
4663	587.976054702
4664	587.976054702
4665	587.976054702
4666	587.976054702
4667	587.976054702
4668	587.976054702
4669	587.976054702
4670	587.976054702
4671	587.976054702
4672	587.976054702
4673	587.976054702
4674	587.976054702
4675	587.976054702
4676	587.976054702
4677	587.976054702
4678	587.976054702
4679	587.976054702
4680	587.976054702
4681	587.976054702
4682	587.976054702
4683	587.976054702
4684	587.976054702
4685	587.976054702
4686	587.976054702
4687	587.976054702
4688	587.976054702
4689	587.976054702
4690	587.976054702
4691	587.976054702
4692	587.976054702
4693	587.976054702
4694	587.976054702
4695	587.976054702
4696	587.976054702
4697	587.976054702
4698	587.976054702
4699	587.976054702
4700	587.976054702
4701	587.976054702
4702	587.976054702
4703	587.976054702
4704	587.976054702
4705	587.976054702
4706	587.976054702
4707	587.976054702
4708	587.976054702
4709	587.976054702
4710	587.976054702
4711	587.976054702
4712	587.976054702
4713	587.976054702
4714	587.976054702
4715	587.976054702
4716	587.976054702
4717	587.976054702
4718	587.976054702
4719	587.976054702
4720	587.976054702
4721	587.976054702
4722	587.976054702
4723	587.976054702
4724	587.976054702
4725	587.976054702
4726	587.976054702
4727	587.976054702
4728	587.976054702
4729	587.976054702
4730	587.976054702
4731	587.976054702
4732	587.976054702
4733	587.976054702
4734	587.976054702
4735	587.976054702
4736	587.976054702
4737	587.976054702
4738	587.976054702
4739	587.976054702
4740	587.976054702
4741	587.976054702
4742	587.976054702
4743	587.976054702
4744	587.976054702
4745	587.976054702
4746	587.976054702
4747	587.976054702
4748	587.976054702
4749	587.976054702
4750	587.976054702
4751	587.976054702
4752	587.976054702
4753	587.976054702
4754	587.976054702
4755	587.976054702
4756	587.976054702
4757	587.976054702
4758	587.976054702
4759	587.976054702
4760	587.976054702
4761	587.976054702
4762	587.976054702
4763	587.976054702
4764	587.976054702
4765	587.976054702
4766	587.976054702
4767	587.976054702
4768	587.976054702
4769	587.976054702
4770	587.976054702
4771	587.976054702
4772	587.976054702
4773	587.976054702
4774	587.976054702
4775	587.976054702
4776	587.976054702
4777	587.976054702
4778	587.976054702
4779	587.976054702
4780	587.976054702
4781	587.976054702
4782	587.976054702
4783	587.976054702
4784	587.976054702
4785	587.976054702
4786	587.976054702
4787	587.976054702
4788	587.976054702
4789	587.976054702
4790	587.976054702
4791	587.976054702
4792	587.976054702
4793	587.976054702
4794	587.976054702
4795	587.976054702
4796	587.976054702
4797	587.976054702
4798	587.976054702
4799	587.976054702
4800	587.976054702
4801	587.976054702
4802	587.976054702
4803	587.976054702
4804	587.976054702
4805	587.976054702
4806	587.976054702
4807	587.976054702
4808	587.976054702
4809	587.976054702
4810	587.976054702
4811	587.976054702
4812	587.976054702
4813	587.976054702
4814	587.976054702
4815	587.976054702
4816	587.976054702
4817	587.976054702
4818	587.976054702
4819	587.976054702
4820	587.976054702
4821	587.976054702
4822	587.976054702
4823	587.976054702
4824	587.976054702
4825	587.976054702
4826	587.976054702
4827	587.976054702
4828	587.976054702
4829	587.976054702
4830	587.976054702
4831	587.976054702
4832	587.976054702
4833	587.976054702
4834	587.976054702
4835	587.976054702
4836	587.976054702
4837	587.976054702
4838	587.976054702
4839	587.976054702
4840	587.976054702
4841	587.976054702
4842	587.976054702
4843	587.976054702
4844	587.976054702
4845	587.976054702
4846	587.976054702
4847	587.976054702
4848	587.976054702
4849	587.976054702
4850	587.976054702
4851	587.976054702
4852	587.976054702
4853	587.976054702
4854	587.976054702
4855	587.976054702
4856	587.976054702
4857	587.976054702
4858	587.976054702
4859	587.976054702
4860	587.976054702
4861	587.976054702
4862	587.976054702
4863	587.976054702
4864	587.976054702
4865	587.976054702
4866	587.976054702
4867	587.976054702
4868	587.976054702
4869	587.976054702
4870	587.976054702
4871	587.976054702
4872	587.976054702
4873	587.976054702
4874	587.976054702
4875	587.976054702
4876	587.976054702
4877	587.976054702
4878	587.976054702
4879	587.976054702
4880	587.976054702
4881	587.976054702
4882	587.976054702
4883	587.976054702
4884	587.976054702
4885	587.976054702
4886	587.976054702
4887	587.976054702
4888	587.976054702
4889	587.976054702
4890	587.976054702
4891	587.976054702
4892	587.976054702
4893	587.976054702
4894	587.976054702
4895	587.976054702
4896	587.976054702
4897	587.976054702
4898	587.976054702
4899	587.976054702
4900	587.976054702
4901	587.976054702
4902	587.976054702
4903	587.976054702
4904	587.976054702
4905	587.976054702
4906	587.976054702
4907	587.976054702
4908	587.976054702
4909	587.976054702
4910	587.976054702
4911	587.976054702
4912	587.976054702
4913	587.976054702
4914	587.976054702
4915	587.976054702
4916	587.976054702
4917	587.976054702
4918	587.976054702
4919	587.976054702
4920	587.976054702
4921	587.976054702
4922	587.976054702
4923	587.976054702
4924	587.976054702
4925	587.976054702
4926	587.976054702
4927	587.976054702
4928	587.976054702
4929	587.976054702
4930	587.976054702
4931	587.976054702
4932	587.976054702
4933	587.976054702
4934	587.976054702
4935	587.976054702
4936	587.976054702
4937	587.976054702
4938	587.976054702
4939	587.976054702
4940	587.976054702
4941	587.976054702
4942	587.976054702
4943	587.976054702
4944	587.976054702
4945	587.976054702
4946	587.976054702
4947	587.976054702
4948	587.976054702
4949	587.976054702
4950	587.976054702
4951	587.976054702
4952	587.976054702
4953	587.976054702
4954	587.976054702
4955	587.976054702
4956	587.976054702
4957	587.976054702
4958	587.976054702
4959	587.976054702
4960	587.976054702
4961	587.976054702
4962	587.976054702
4963	587.976054702
4964	587.976054702
4965	587.976054702
4966	587.976054702
4967	587.976054702
4968	587.976054702
4969	587.976054702
4970	587.976054702
4971	587.976054702
4972	587.976054702
4973	587.976054702
4974	587.976054702
4975	587.976054702
4976	587.976054702
4977	587.976054702
4978	587.976054702
4979	587.976054702
4980	587.976054702
4981	587.976054702
4982	587.976054702
4983	587.976054702
4984	587.976054702
4985	587.976054702
4986	587.976054702
4987	587.976054702
4988	587.976054702
4989	587.976054702
4990	587.976054702
4991	587.976054702
4992	587.976054702
4993	587.976054702
4994	587.976054702
4995	587.976054702
4996	587.976054702
4997	587.976054702
4998	587.976054702
4999	587.976054702
