1704.2561038
1704.2561038
1704.2561038
1685.7938174
1685.7938174
1681.41091941
1656.04674297
1656.04674297
1656.04674297
1656.04674297
1571.93508533
1571.93508533
1532.43312098
1532.43312098
1532.43312098
1525.41708028
1525.41708028
1525.41708028
1525.41708028
1525.41708028
1525.41708028
1516.2330213
1516.2330213
1516.2330213
1516.2330213
1516.2330213
1512.84297516
1509.11077759
1509.11077759
1509.11077759
1506.07634444
1506.07634444
1493.88749579
1493.88749579
1493.88749579
1493.88749579
1493.88749579
1493.88749579
1493.88749579
1493.88749579
1485.37995131
1485.37995131
1485.37995131
1483.73731165
1470.73048248
1470.73048248
1470.73048248
1470.73048248
1470.73048248
1470.73048248
1470.73048248
1436.95183576
1436.95183576
1436.33623881
1436.33623881
1436.33623881
1436.33623881
1433.1555216
1433.1555216
1433.1555216
1433.1555216
1433.1555216
1433.1555216
1433.1555216
1403.69633031
1403.69633031
1398.06452739
1363.82798305
1314.1660438
1308.09813835
1308.09813835
1306.35967132
1306.35967132
1306.35967132
1306.35967132
1306.35967132
1298.28498921
1259.1629298
1257.6057851
1240.61597265
1240.61597265
1240.61597265
1237.00917503
1237.00917503
1237.00917503
1237.00917503
1222.62595278
1221.10446136
1221.10446136
1221.10446136
1221.10446136
1221.10446136
1221.10446136
1221.10446136
1221.10446136
1221.10446136
1209.8390088
1209.8390088
1209.8390088
1209.8390088
1209.8390088
1206.926449
1199.38631184
1199.38631184
1199.38631184
1199.38631184
1199.38631184
1184.34494997
1184.34494997
1184.34494997
1184.34494997
1184.34494997
1184.34494997
1158.91255
1158.91255
1158.91255
1158.91255
1158.91255
1158.91255
1157.8085518
1157.8085518
1157.8085518
1154.59260089
1154.59260089
1154.59260089
1154.59260089
1154.59260089
1154.59260089
1154.59260089
1154.59260089
1154.59260089
1154.59260089
1154.59260089
1154.59260089
1154.59260089
1154.59260089
1154.59260089
1154.59260089
1154.59260089
1154.59260089
1154.59260089
1147.62703229
1147.62703229
1146.49810972
1118.94672413
1118.94672413
1118.94672413
1118.94672413
1118.94672413
1118.94672413
1118.94672413
1118.94672413
1118.94672413
1118.94672413
1118.94672413
1118.94672413
1108.16542008
1108.16542008
1108.16542008
1108.16542008
1108.16542008
1108.16542008
1108.16542008
1108.16542008
1108.16542008
1108.16542008
1108.16542008
1108.16542008
1108.16542008
1108.16542008
1108.16542008
1108.16542008
1108.16542008
1108.16542008
1108.16542008
1108.16542008
1108.16542008
1108.16542008
1108.16542008
1107.15586849
1106.01362251
1106.01362251
1106.01362251
1106.01362251
1106.01362251
1106.01362251
1106.01362251
1106.01362251
1101.32027059
1101.32027059
1101.32027059
1101.32027059
1101.32027059
1101.32027059
1101.32027059
1049.14090809
1049.14090809
1049.14090809
1049.14090809
1049.14090809
1049.14090809
1049.14090809
1049.14090809
1049.14090809
1049.14090809
1049.14090809
1037.77209771
1037.77209771
1037.77209771
1037.77209771
1037.77209771
1037.77209771
1037.77209771
1037.77209771
1034.52103086
1034.52103086
1034.52103086
1024.74244975
1024.74244975
1024.74244975
1024.74244975
1024.74244975
1024.74244975
1024.74244975
1024.74244975
1024.6359975
1024.6359975
1024.37419624
1024.37419624
1024.37419624
1024.37419624
1024.37419624
1024.37419624
1024.2553467
1024.2553467
1024.2553467
1024.2553467
1024.2553467
1024.2553467
1024.2553467
1024.2553467
1024.2553467
1024.2553467
1022.66750736
1022.66750736
1022.66750736
1022.66750736
1022.66750736
1022.66750736
1022.66750736
1022.66750736
1021.51789454
1021.51789454
1021.51789454
1021.51789454
1021.51789454
1021.51789454
1021.51789454
1010.47631095
1010.47631095
1010.47631095
1010.47631095
1010.47631095
1010.47631095
1008.73187927
1008.15003858
1008.15003858
1008.15003858
1008.15003858
1008.15003858
1008.15003858
1008.15003858
1008.15003858
1008.15003858
1008.15003858
1008.15003858
1008.15003858
1008.15003858
1008.15003858
1008.15003858
999.597623035
999.597623035
999.597623035
999.597623035
999.597623035
999.597623035
999.597623035
999.597623035
999.597623035
999.597623035
999.597623035
999.597623035
993.632461955
993.632461955
993.632461955
993.632461955
993.632461955
993.632461955
993.632461955
993.632461955
993.632461955
993.632461955
993.632461955
993.632461955
993.632461955
993.632461955
993.632461955
993.632461955
993.632461955
993.632461955
993.632461955
993.632461955
993.632461955
992.50507565
992.50507565
992.50507565
992.50507565
992.50507565
992.50507565
992.50507565
992.50507565
992.50507565
992.50507565
992.50507565
992.50507565
992.50507565
992.50507565
992.50507565
992.50507565
992.50507565
992.50507565
992.50507565
992.50507565
992.50507565
992.50507565
992.50507565
992.50507565
992.50507565
991.620758338
991.620758338
991.620758338
991.620758338
991.620758338
991.620758338
991.620758338
991.620758338
991.620758338
991.620758338
991.620758338
991.620758338
991.620758338
987.472893013
987.472893013
961.775330031
961.775330031
961.775330031
961.775330031
961.775330031
961.775330031
961.775330031
961.775330031
961.775330031
961.775330031
961.775330031
961.775330031
961.775330031
961.775330031
961.775330031
961.775330031
961.775330031
949.954689916
949.954689916
949.954689916
949.954689916
949.954689916
949.954689916
949.954689916
949.954689916
949.954689916
949.954689916
949.954689916
949.954689916
949.954689916
949.954689916
949.954689916
949.954689916
949.954689916
949.954689916
949.954689916
940.492551496
940.492551496
940.492551496
940.492551496
940.492551496
940.492551496
940.492551496
940.492551496
940.492551496
940.492551496
940.492551496
940.492551496
940.492551496
940.492551496
940.492551496
940.492551496
940.492551496
940.492551496
940.492551496
940.492551496
940.492551496
940.492551496
940.492551496
940.492551496
932.425977203
932.425977203
932.425977203
932.425977203
932.425977203
932.425977203
932.425977203
932.425977203
932.425977203
932.425977203
932.425977203
932.425977203
932.425977203
932.425977203
932.425977203
932.425977203
932.425977203
932.425977203
932.425977203
932.425977203
932.425977203
932.425977203
932.425977203
932.425977203
932.425977203
932.425977203
932.425977203
911.013052336
911.013052336
911.013052336
911.013052336
911.013052336
911.013052336
911.013052336
911.013052336
908.713130802
908.713130802
908.713130802
908.713130802
908.713130802
908.713130802
908.713130802
908.713130802
908.713130802
908.713130802
908.713130802
908.713130802
908.713130802
908.713130802
908.713130802
908.713130802
908.713130802
908.713130802
908.713130802
908.713130802
908.713130802
908.713130802
908.713130802
908.713130802
908.713130802
908.713130802
908.713130802
908.713130802
908.713130802
908.713130802
908.713130802
908.713130802
908.713130802
908.713130802
908.713130802
908.713130802
908.713130802
908.713130802
908.713130802
908.713130802
908.713130802
908.713130802
908.713130802
908.713130802
908.713130802
908.713130802
908.713130802
908.713130802
908.713130802
908.713130802
908.713130802
908.713130802
908.713130802
904.816574547
904.816574547
904.816574547
891.670330327
891.670330327
891.670330327
891.670330327
891.670330327
891.670330327
891.670330327
891.670330327
891.670330327
891.670330327
891.670330327
891.670330327
891.670330327
885.553790707
885.553790707
885.553790707
885.553790707
885.553790707
885.553790707
885.553790707
885.553790707
885.553790707
885.553790707
885.553790707
874.683249267
874.683249267
874.683249267
874.683249267
874.683249267
874.683249267
874.683249267
874.683249267
874.683249267
874.683249267
874.683249267
874.683249267
874.683249267
874.683249267
874.683249267
874.683249267
874.683249267
874.683249267
874.683249267
874.683249267
874.683249267
874.683249267
855.98751592
849.689379199
848.68957974
848.68957974
848.68957974
848.68957974
848.68957974
848.68957974
848.68957974
848.68957974
848.68957974
848.68957974
848.68957974
848.68957974
848.68957974
848.68957974
848.68957974
848.68957974
848.68957974
848.68957974
848.68957974
848.68957974
848.68957974
848.68957974
848.68957974
848.68957974
848.68957974
848.68957974
848.68957974
848.68957974
848.68957974
848.68957974
848.68957974
848.68957974
848.68957974
840.104972853
840.104972853
840.104972853
840.104972853
840.104972853
840.104972853
840.104972853
840.104972853
840.104972853
840.104972853
840.104972853
840.104972853
840.104972853
840.104972853
840.104972853
840.104972853
840.104972853
840.104972853
840.104972853
840.104972853
840.104972853
837.217878834
837.217878834
836.073886984
836.073886984
836.073886984
836.073886984
836.073886984
836.073886984
836.073886984
836.073886984
836.073886984
836.073886984
836.073886984
836.073886984
836.073886984
836.073886984
836.073886984
836.073886984
836.073886984
836.073886984
836.073886984
836.073886984
836.073886984
836.073886984
836.073886984
836.073886984
836.073886984
836.073886984
836.073886984
836.073886984
836.073886984
836.073886984
836.073886984
836.073886984
836.073886984
836.073886984
836.073886984
836.073886984
835.366360022
835.366360022
835.366360022
835.366360022
835.366360022
835.366360022
835.366360022
835.366360022
835.366360022
835.366360022
835.366360022
835.366360022
835.366360022
835.366360022
835.366360022
835.366360022
835.366360022
826.4272366
826.4272366
826.4272366
826.4272366
826.4272366
826.4272366
826.4272366
826.099920024
826.099920024
826.099920024
826.099920024
826.099920024
826.099920024
826.099920024
826.099920024
826.099920024
826.099920024
826.099920024
826.099920024
813.843222393
813.843222393
813.843222393
813.843222393
813.843222393
813.843222393
813.843222393
813.843222393
813.843222393
813.843222393
813.843222393
813.843222393
813.843222393
813.843222393
813.843222393
813.843222393
813.843222393
813.843222393
813.843222393
813.843222393
813.843222393
813.843222393
813.843222393
813.843222393
813.843222393
813.843222393
813.843222393
813.843222393
813.843222393
813.843222393
813.843222393
813.843222393
813.843222393
813.843222393
813.843222393
813.843222393
813.843222393
813.843222393
813.843222393
813.843222393
813.843222393
812.866514575
812.866514575
812.866514575
812.866514575
812.866514575
812.866514575
812.866514575
812.866514575
812.866514575
812.866514575
812.866514575
812.866514575
812.866514575
812.866514575
812.866514575
812.866514575
812.866514575
812.866514575
812.866514575
812.866514575
812.866514575
812.866514575
812.866514575
812.866514575
812.866514575
812.866514575
812.866514575
812.866514575
812.866514575
812.866514575
812.866514575
812.866514575
812.866514575
812.866514575
812.866514575
812.866514575
812.866514575
812.866514575
812.866514575
812.866514575
812.866514575
812.866514575
812.866514575
812.866514575
812.866514575
812.866514575
812.866514575
812.866514575
812.866514575
812.866514575
812.866514575
812.866514575
812.866514575
812.866514575
812.866514575
812.866514575
812.866514575
812.866514575
812.866514575
812.866514575
812.866514575
812.866514575
812.866514575
812.866514575
812.866514575
812.866514575
812.866514575
812.866514575
812.866514575
812.866514575
812.866514575
812.866514575
812.866514575
812.866514575
812.866514575
812.866514575
812.866514575
812.866514575
812.866514575
812.866514575
812.866514575
812.866514575
812.866514575
812.866514575
812.866514575
812.866514575
812.866514575
812.866514575
812.866514575
812.866514575
812.866514575
812.866514575
812.866514575
812.866514575
812.866514575
812.866514575
812.866514575
812.866514575
812.866514575
812.866514575
812.646660696
812.646660696
812.646660696
812.646660696
812.646660696
812.646660696
811.050293188
811.050293188
811.050293188
811.050293188
811.050293188
811.050293188
811.050293188
811.050293188
811.050293188
811.050293188
811.050293188
811.050293188
811.050293188
811.050293188
811.050293188
811.050293188
811.050293188
811.050293188
811.050293188
811.050293188
811.050293188
811.050293188
809.991075729
809.991075729
809.991075729
809.991075729
809.991075729
809.991075729
809.991075729
809.991075729
809.991075729
809.991075729
809.991075729
809.991075729
809.991075729
809.991075729
809.991075729
809.991075729
809.991075729
809.991075729
809.991075729
800.985755881
800.985755881
800.985755881
800.985755881
800.985755881
800.985755881
800.985755881
800.985755881
800.985755881
800.985755881
800.985755881
794.534774031
794.534774031
794.534774031
794.534774031
794.534774031
794.534774031
794.534774031
794.534774031
794.534774031
794.534774031
794.534774031
794.534774031
794.534774031
794.534774031
794.534774031
794.534774031
794.534774031
794.534774031
794.534774031
794.534774031
794.534774031
794.534774031
794.534774031
794.534774031
794.534774031
794.534774031
794.534774031
794.534774031
794.534774031
794.534774031
794.534774031
794.534774031
794.534774031
794.534774031
794.534774031
794.534774031
794.534774031
794.534774031
794.534774031
794.534774031
794.534774031
794.534774031
794.534774031
794.534774031
794.534774031
794.534774031
794.534774031
794.534774031
794.534774031
794.534774031
794.534774031
794.534774031
794.534774031
794.534774031
794.534774031
794.534774031
794.534774031
794.534774031
794.534774031
794.534774031
794.534774031
794.534774031
794.534774031
794.534774031
794.534774031
794.534774031
794.534774031
794.534774031
794.534774031
794.534774031
794.534774031
794.534774031
794.534774031
794.534774031
794.534774031
794.534774031
794.534774031
794.534774031
794.534774031
794.534774031
794.534774031
794.534774031
794.534774031
794.534774031
794.534774031
794.534774031
794.534774031
794.534774031
794.534774031
794.534774031
794.534774031
794.534774031
794.534774031
794.534774031
794.534774031
794.534774031
794.534774031
794.534774031
792.197240991
792.197240991
792.197240991
792.197240991
792.197240991
792.197240991
792.197240991
792.197240991
792.197240991
781.811080888
781.811080888
781.811080888
781.811080888
781.811080888
781.811080888
781.811080888
781.811080888
781.811080888
781.811080888
781.811080888
781.811080888
781.811080888
781.811080888
781.811080888
781.811080888
781.811080888
781.811080888
781.811080888
778.565176646
778.565176646
778.565176646
778.565176646
778.565176646
778.565176646
778.565176646
778.565176646
778.565176646
778.565176646
778.565176646
778.565176646
778.565176646
778.565176646
778.565176646
778.565176646
778.565176646
778.565176646
778.565176646
778.565176646
778.565176646
778.565176646
778.565176646
778.565176646
778.565176646
778.565176646
778.565176646
778.565176646
778.565176646
778.565176646
778.565176646
778.565176646
778.565176646
778.565176646
778.565176646
778.565176646
778.565176646
778.565176646
778.565176646
778.565176646
778.565176646
778.565176646
778.565176646
778.565176646
778.565176646
778.565176646
778.565176646
778.565176646
778.565176646
778.565176646
778.565176646
778.565176646
778.565176646
778.565176646
778.565176646
778.565176646
778.565176646
778.565176646
778.565176646
778.565176646
778.565176646
778.565176646
778.565176646
778.565176646
778.565176646
778.565176646
778.565176646
778.565176646
778.565176646
778.565176646
778.565176646
778.565176646
778.565176646
778.565176646
778.565176646
778.565176646
778.565176646
778.565176646
778.565176646
778.565176646
778.565176646
778.565176646
778.565176646
778.565176646
778.565176646
778.565176646
778.565176646
778.565176646
778.565176646
778.565176646
778.565176646
778.565176646
778.565176646
778.565176646
778.565176646
778.565176646
778.565176646
778.565176646
778.565176646
778.565176646
778.565176646
778.565176646
778.565176646
778.565176646
778.565176646
778.565176646
778.565176646
778.565176646
778.565176646
778.565176646
778.565176646
778.565176646
778.565176646
778.565176646
778.565176646
778.565176646
778.565176646
778.565176646
778.565176646
778.565176646
778.565176646
778.565176646
778.565176646
778.565176646
778.565176646
778.565176646
778.565176646
778.565176646
778.565176646
778.565176646
778.565176646
778.565176646
778.565176646
778.565176646
778.565176646
778.565176646
778.565176646
778.565176646
778.565176646
778.565176646
778.565176646
778.565176646
778.565176646
778.565176646
778.565176646
778.565176646
778.565176646
778.565176646
778.565176646
778.565176646
778.565176646
778.565176646
778.565176646
778.565176646
778.565176646
778.565176646
778.565176646
778.565176646
778.565176646
778.565176646
778.565176646
778.565176646
778.565176646
778.565176646
778.565176646
778.565176646
778.565176646
778.565176646
778.565176646
778.565176646
778.565176646
778.565176646
778.565176646
778.565176646
778.565176646
778.565176646
778.565176646
778.565176646
778.565176646
778.565176646
778.565176646
778.565176646
778.565176646
778.565176646
778.565176646
778.565176646
778.565176646
778.565176646
778.565176646
778.565176646
778.565176646
771.294534003
771.294534003
771.294534003
771.294534003
771.294534003
771.294534003
771.294534003
771.294534003
771.294534003
771.294534003
771.294534003
771.294534003
771.294534003
771.294534003
771.294534003
771.294534003
771.294534003
771.294534003
771.294534003
771.294534003
771.294534003
771.294534003
771.294534003
771.294534003
771.294534003
771.294534003
771.294534003
771.294534003
771.294534003
771.294534003
771.294534003
771.294534003
771.294534003
771.294534003
771.294534003
771.294534003
771.294534003
771.294534003
771.294534003
771.294534003
771.294534003
771.294534003
771.294534003
771.294534003
771.294534003
771.294534003
771.294534003
771.294534003
771.294534003
771.294534003
771.294534003
771.294534003
771.294534003
771.294534003
771.294534003
764.805080878
764.805080878
764.805080878
764.805080878
764.805080878
764.805080878
764.805080878
764.805080878
764.805080878
764.805080878
764.805080878
764.805080878
764.805080878
764.805080878
764.805080878
764.805080878
764.805080878
764.805080878
764.805080878
764.805080878
764.805080878
764.805080878
764.805080878
764.805080878
764.805080878
764.805080878
764.805080878
764.805080878
764.805080878
764.805080878
764.805080878
764.805080878
764.805080878
764.805080878
764.805080878
764.805080878
764.805080878
764.805080878
764.805080878
764.805080878
764.805080878
764.805080878
764.805080878
764.805080878
764.431245941
764.431245941
764.431245941
764.431245941
764.431245941
764.431245941
764.431245941
764.431245941
764.431245941
764.431245941
764.431245941
764.431245941
764.431245941
764.431245941
764.431245941
764.431245941
764.431245941
764.431245941
764.431245941
764.431245941
764.431245941
764.431245941
764.431245941
764.431245941
764.431245941
764.431245941
764.431245941
764.431245941
764.431245941
764.431245941
764.431245941
764.431245941
764.431245941
764.431245941
764.431245941
764.431245941
764.431245941
764.431245941
764.431245941
764.431245941
764.431245941
764.431245941
764.431245941
764.431245941
764.431245941
764.431245941
764.431245941
764.431245941
764.431245941
764.431245941
764.431245941
764.431245941
764.431245941
764.431245941
764.431245941
764.431245941
764.431245941
764.431245941
764.431245941
764.431245941
764.431245941
764.431245941
764.431245941
764.431245941
764.431245941
764.431245941
764.431245941
764.431245941
764.431245941
764.431245941
764.431245941
764.431245941
764.431245941
764.431245941
764.431245941
764.431245941
764.431245941
764.431245941
764.431245941
764.431245941
764.431245941
764.431245941
764.431245941
764.431245941
764.431245941
764.431245941
764.431245941
764.431245941
764.431245941
764.431245941
764.431245941
764.431245941
764.431245941
764.431245941
764.431245941
764.431245941
764.431245941
764.431245941
764.431245941
764.431245941
764.431245941
764.431245941
764.431245941
764.431245941
764.431245941
764.431245941
764.431245941
764.431245941
764.431245941
764.431245941
764.431245941
764.431245941
764.431245941
764.431245941
759.054617147
759.054617147
759.054617147
759.054617147
759.054617147
759.054617147
759.054617147
759.054617147
759.054617147
759.054617147
759.054617147
759.054617147
759.054617147
759.054617147
759.054617147
759.054617147
757.641653167
757.641653167
757.641653167
757.641653167
757.641653167
757.641653167
757.641653167
757.641653167
757.641653167
757.641653167
757.641653167
757.641653167
757.641653167
757.641653167
757.641653167
757.641653167
757.641653167
757.641653167
757.641653167
757.641653167
757.641653167
757.641653167
757.641653167
757.641653167
757.641653167
757.641653167
757.641653167
757.641653167
757.03221926
757.03221926
757.03221926
757.03221926
757.03221926
757.03221926
757.03221926
757.03221926
757.03221926
757.03221926
757.03221926
757.03221926
757.03221926
757.03221926
757.03221926
757.03221926
757.03221926
757.03221926
757.03221926
757.03221926
757.03221926
757.03221926
757.03221926
757.03221926
757.03221926
757.03221926
757.03221926
757.03221926
757.03221926
757.03221926
757.03221926
757.03221926
757.03221926
757.03221926
757.03221926
757.03221926
757.03221926
757.03221926
757.03221926
757.03221926
757.03221926
757.03221926
757.03221926
757.03221926
757.03221926
757.03221926
757.03221926
757.03221926
757.03221926
757.03221926
757.03221926
757.03221926
757.03221926
757.03221926
754.202547048
754.202547048
753.03383374
753.03383374
753.03383374
753.03383374
753.03383374
753.03383374
753.03383374
753.03383374
753.03383374
753.03383374
753.03383374
753.03383374
753.03383374
753.03383374
753.03383374
753.03383374
753.03383374
753.03383374
753.03383374
753.03383374
753.03383374
753.03383374
753.03383374
753.03383374
753.03383374
753.03383374
753.03383374
753.03383374
753.03383374
753.03383374
753.03383374
753.03383374
753.03383374
753.03383374
753.03383374
753.03383374
753.03383374
753.03383374
753.03383374
753.03383374
753.03383374
753.03383374
753.03383374
753.03383374
753.03383374
753.03383374
753.03383374
753.03383374
753.03383374
753.03383374
753.03383374
753.03383374
753.03383374
753.03383374
753.03383374
753.03383374
753.03383374
753.03383374
753.03383374
753.03383374
753.03383374
753.03383374
753.03383374
753.03383374
753.03383374
753.03383374
753.03383374
753.03383374
753.03383374
753.03383374
753.03383374
753.03383374
753.03383374
753.03383374
753.03383374
753.03383374
753.03383374
753.03383374
753.03383374
753.03383374
753.03383374
753.03383374
753.03383374
753.03383374
753.03383374
753.03383374
753.03383374
753.03383374
753.03383374
753.03383374
753.03383374
753.03383374
753.03383374
753.03383374
753.03383374
753.03383374
753.03383374
753.03383374
747.126509823
747.126509823
747.126509823
747.126509823
747.126509823
747.126509823
747.126509823
747.126509823
747.126509823
747.126509823
747.126509823
747.126509823
747.126509823
744.75472274
744.75472274
744.75472274
744.75472274
744.75472274
744.75472274
744.75472274
744.75472274
744.75472274
744.75472274
744.75472274
744.75472274
744.75472274
744.75472274
744.75472274
744.75472274
744.75472274
744.75472274
744.75472274
744.75472274
744.75472274
744.75472274
744.75472274
744.75472274
744.75472274
744.75472274
744.75472274
744.75472274
744.75472274
744.75472274
744.75472274
744.75472274
744.75472274
744.75472274
744.75472274
744.75472274
744.75472274
744.75472274
744.75472274
744.75472274
744.75472274
744.75472274
744.75472274
744.75472274
735.944620267
735.944620267
735.944620267
735.944620267
735.944620267
735.944620267
735.944620267
735.944620267
735.944620267
735.944620267
735.944620267
735.944620267
735.944620267
735.944620267
735.944620267
735.944620267
735.944620267
735.944620267
735.944620267
735.944620267
735.944620267
735.944620267
735.944620267
735.944620267
735.944620267
735.944620267
735.944620267
735.944620267
735.944620267
735.944620267
735.944620267
735.944620267
735.944620267
735.944620267
735.944620267
735.944620267
735.944620267
735.944620267
735.944620267
735.944620267
735.944620267
735.944620267
735.944620267
735.944620267
735.944620267
735.944620267
735.944620267
735.944620267
735.944620267
735.944620267
735.944620267
735.944620267
735.944620267
735.944620267
735.944620267
735.944620267
735.944620267
735.944620267
735.944620267
734.371377225
734.371377225
734.371377225
734.371377225
734.371377225
734.371377225
734.371377225
734.371377225
734.371377225
734.371377225
734.371377225
734.371377225
734.371377225
734.371377225
734.371377225
734.371377225
734.371377225
734.371377225
734.371377225
734.371377225
734.371377225
734.371377225
734.371377225
734.371377225
734.371377225
734.371377225
734.371377225
734.371377225
734.371377225
734.371377225
734.371377225
734.371377225
734.371377225
734.371377225
734.371377225
734.371377225
734.371377225
734.371377225
734.371377225
734.371377225
734.371377225
734.371377225
734.371377225
734.371377225
734.371377225
734.371377225
734.371377225
734.371377225
734.371377225
734.371377225
734.371377225
734.371377225
734.371377225
734.371377225
734.371377225
734.371377225
734.371377225
734.371377225
734.371377225
734.371377225
734.371377225
734.371377225
734.371377225
734.371377225
734.371377225
734.371377225
734.371377225
734.371377225
734.371377225
734.371377225
734.371377225
734.371377225
734.371377225
734.371377225
734.371377225
734.371377225
734.371377225
734.371377225
734.371377225
734.371377225
734.371377225
734.371377225
734.371377225
734.371377225
734.371377225
734.371377225
734.371377225
734.371377225
734.371377225
734.371377225
734.371377225
734.371377225
734.371377225
734.371377225
734.371377225
734.371377225
734.371377225
734.371377225
734.371377225
734.371377225
734.371377225
734.371377225
734.371377225
734.371377225
734.371377225
734.371377225
734.371377225
734.371377225
734.371377225
733.525878684
733.525878684
733.525878684
733.525878684
733.525878684
733.525878684
733.525878684
733.525878684
733.525878684
733.525878684
733.525878684
733.525878684
733.525878684
733.525878684
733.525878684
733.525878684
733.525878684
733.525878684
733.525878684
733.525878684
733.525878684
733.525878684
733.525878684
733.525878684
733.525878684
733.525878684
733.525878684
733.525878684
733.525878684
733.525878684
733.525878684
733.525878684
733.525878684
733.525878684
733.525878684
733.525878684
733.525878684
733.525878684
733.525878684
733.525878684
733.525878684
733.525878684
733.525878684
733.525878684
733.525878684
733.525878684
733.525878684
733.525878684
733.525878684
733.525878684
733.525878684
733.525878684
733.525878684
733.525878684
733.525878684
733.525878684
733.525878684
733.525878684
733.525878684
733.525878684
733.525878684
733.525878684
733.525878684
733.525878684
733.525878684
733.525878684
733.525878684
733.525878684
733.525878684
733.525878684
733.525878684
733.525878684
733.525878684
733.525878684
733.525878684
733.525878684
733.525878684
733.525878684
733.525878684
733.525878684
733.525878684
733.525878684
733.525878684
733.525878684
733.525878684
733.525878684
733.525878684
733.525878684
733.525878684
733.525878684
733.525878684
733.525878684
733.525878684
733.525878684
733.525878684
733.525878684
733.525878684
733.525878684
733.525878684
733.525878684
733.525878684
733.525878684
733.525878684
733.525878684
733.525878684
733.525878684
733.525878684
733.525878684
733.525878684
733.525878684
733.525878684
733.525878684
733.525878684
733.525878684
733.525878684
733.525878684
733.525878684
733.525878684
733.525878684
733.525878684
724.031017155
724.031017155
724.031017155
724.031017155
724.031017155
724.031017155
724.031017155
724.031017155
724.031017155
724.031017155
724.031017155
724.031017155
724.031017155
724.031017155
724.031017155
724.031017155
724.031017155
717.707622778
717.707622778
717.707622778
717.707622778
717.707622778
717.707622778
717.707622778
717.707622778
717.707622778
717.707622778
717.707622778
717.707622778
717.707622778
717.707622778
717.707622778
717.707622778
717.707622778
717.707622778
717.707622778
717.707622778
717.707622778
717.707622778
717.707622778
717.707622778
717.707622778
717.707622778
717.707622778
717.707622778
717.707622778
717.707622778
717.707622778
717.707622778
717.707622778
717.707622778
717.707622778
717.707622778
717.707622778
717.707622778
717.707622778
717.707622778
717.707622778
717.707622778
717.707622778
717.707622778
717.707622778
717.707622778
717.707622778
717.707622778
717.707622778
717.707622778
717.707622778
717.707622778
717.707622778
717.707622778
717.707622778
717.707622778
717.707622778
717.707622778
717.707622778
717.707622778
717.707622778
717.707622778
717.707622778
717.707622778
717.707622778
717.707622778
717.707622778
717.707622778
717.707622778
717.707622778
717.707622778
717.707622778
717.707622778
717.707622778
717.707622778
717.707622778
717.707622778
717.707622778
717.707622778
717.707622778
717.707622778
717.707622778
717.707622778
717.707622778
717.707622778
717.707622778
717.707622778
717.707622778
717.707622778
717.707622778
717.707622778
717.707622778
717.707622778
717.707622778
717.707622778
717.707622778
717.707622778
717.707622778
717.707622778
717.707622778
717.707622778
717.707622778
717.707622778
717.707622778
717.707622778
717.707622778
717.707622778
717.707622778
717.707622778
717.707622778
717.707622778
717.707622778
717.707622778
717.707622778
717.707622778
717.707622778
717.707622778
717.707622778
717.707622778
717.707622778
717.707622778
717.707622778
717.707622778
717.707622778
717.707622778
717.707622778
717.707622778
717.707622778
717.707622778
717.707622778
717.707622778
717.707622778
717.707622778
717.707622778
717.707622778
717.707622778
717.707622778
717.707622778
717.707622778
717.707622778
717.707622778
717.707622778
717.707622778
717.707622778
717.707622778
717.707622778
717.707622778
717.707622778
717.707622778
717.707622778
717.707622778
717.707622778
717.707622778
717.707622778
717.707622778
717.707622778
717.707622778
717.707622778
717.707622778
717.707622778
717.707622778
717.707622778
717.707622778
717.707622778
717.707622778
717.707622778
717.707622778
717.707622778
717.707622778
717.707622778
717.707622778
717.707622778
717.707622778
717.707622778
717.707622778
714.249044703
714.249044703
714.249044703
714.249044703
714.249044703
714.249044703
714.249044703
714.249044703
714.249044703
714.249044703
714.249044703
714.249044703
714.249044703
714.249044703
714.249044703
714.249044703
714.249044703
714.249044703
714.249044703
714.249044703
714.249044703
714.249044703
714.249044703
714.249044703
714.249044703
714.249044703
714.249044703
714.249044703
714.249044703
714.249044703
714.249044703
714.249044703
714.249044703
714.249044703
714.249044703
714.249044703
714.249044703
714.249044703
714.249044703
714.249044703
714.249044703
714.249044703
714.249044703
714.249044703
714.249044703
714.249044703
714.249044703
714.249044703
714.249044703
714.249044703
714.249044703
714.249044703
714.249044703
714.249044703
714.249044703
714.249044703
714.249044703
714.249044703
714.249044703
714.249044703
714.249044703
714.249044703
714.249044703
714.249044703
714.249044703
714.249044703
714.249044703
714.249044703
714.249044703
714.249044703
714.249044703
714.249044703
714.249044703
714.249044703
714.249044703
714.249044703
714.249044703
714.249044703
714.249044703
714.249044703
714.249044703
714.249044703
714.249044703
714.249044703
714.249044703
714.249044703
714.249044703
711.106760083
711.106760083
711.106760083
711.106760083
711.106760083
711.106760083
711.106760083
711.106760083
711.106760083
711.106760083
711.106760083
711.106760083
711.106760083
711.106760083
711.106760083
711.106760083
711.106760083
711.106760083
711.106760083
711.106760083
711.106760083
711.106760083
711.106760083
711.106760083
711.106760083
711.106760083
711.106760083
711.106760083
711.106760083
711.106760083
711.106760083
711.106760083
711.106760083
711.106760083
711.106760083
711.106760083
711.106760083
711.106760083
711.106760083
711.106760083
711.106760083
711.106760083
711.106760083
711.106760083
711.106760083
711.106760083
711.106760083
711.106760083
709.931720842
709.931720842
709.931720842
709.931720842
707.018770163
707.018770163
707.018770163
707.018770163
707.018770163
707.018770163
707.018770163
707.018770163
707.018770163
707.018770163
707.018770163
706.804245718
706.804245718
706.804245718
706.804245718
706.804245718
706.804245718
706.804245718
706.804245718
706.804245718
706.804245718
706.804245718
706.804245718
706.804245718
706.804245718
706.804245718
706.804245718
706.804245718
706.804245718
706.804245718
706.804245718
706.804245718
706.804245718
706.804245718
706.804245718
706.804245718
706.804245718
706.804245718
706.804245718
706.804245718
706.804245718
706.804245718
706.804245718
706.804245718
706.804245718
706.804245718
706.804245718
706.804245718
706.804245718
706.804245718
706.804245718
706.804245718
706.804245718
706.804245718
706.804245718
706.804245718
706.804245718
706.804245718
706.804245718
706.804245718
706.804245718
706.804245718
706.804245718
706.804245718
706.804245718
706.804245718
706.804245718
706.804245718
706.804245718
706.804245718
706.804245718
706.804245718
706.804245718
706.804245718
706.804245718
706.804245718
706.804245718
706.804245718
706.804245718
706.804245718
706.804245718
706.804245718
706.804245718
706.804245718
706.804245718
706.804245718
706.804245718
706.804245718
706.804245718
706.804245718
706.804245718
706.804245718
706.804245718
706.804245718
706.804245718
706.804245718
706.804245718
706.804245718
706.804245718
706.804245718
706.804245718
706.804245718
706.804245718
706.804245718
706.804245718
706.804245718
706.804245718
695.10832192
695.10832192
695.10832192
695.10832192
695.10832192
695.10832192
695.10832192
695.10832192
695.10832192
695.10832192
695.10832192
694.925306929
694.925306929
694.925306929
694.925306929
694.925306929
694.925306929
694.925306929
694.925306929
694.925306929
694.925306929
694.925306929
694.925306929
694.925306929
694.925306929
694.925306929
694.925306929
694.925306929
694.925306929
694.925306929
694.925306929
694.925306929
694.925306929
694.925306929
694.925306929
694.925306929
694.925306929
694.925306929
694.925306929
694.925306929
694.925306929
694.925306929
694.925306929
694.925306929
694.925306929
694.925306929
694.925306929
694.925306929
694.925306929
694.925306929
694.925306929
694.925306929
694.925306929
694.925306929
694.925306929
694.925306929
694.925306929
694.925306929
694.925306929
694.925306929
694.925306929
694.925306929
694.925306929
694.925306929
694.925306929
694.925306929
694.925306929
694.925306929
694.925306929
694.925306929
694.925306929
694.925306929
694.925306929
694.925306929
694.925306929
694.925306929
694.925306929
694.925306929
694.925306929
694.925306929
694.925306929
694.925306929
694.925306929
694.925306929
694.925306929
694.925306929
694.925306929
694.925306929
694.925306929
694.925306929
694.925306929
694.925306929
694.925306929
694.925306929
694.925306929
694.925306929
694.925306929
694.925306929
694.925306929
694.925306929
694.925306929
694.925306929
694.925306929
694.925306929
694.925306929
694.925306929
694.925306929
694.925306929
694.925306929
694.925306929
694.925306929
694.925306929
694.925306929
694.925306929
694.925306929
694.925306929
694.925306929
694.925306929
694.925306929
694.925306929
694.925306929
694.925306929
694.925306929
694.925306929
694.925306929
694.925306929
694.925306929
694.925306929
694.925306929
694.925306929
694.925306929
694.925306929
694.925306929
694.925306929
694.925306929
694.925306929
694.925306929
694.925306929
694.925306929
694.925306929
694.925306929
694.925306929
694.925306929
694.925306929
694.925306929
694.925306929
694.925306929
694.925306929
694.925306929
694.925306929
694.925306929
694.925306929
694.925306929
694.925306929
694.925306929
694.925306929
694.925306929
694.925306929
694.925306929
694.925306929
694.925306929
694.925306929
694.925306929
694.925306929
694.925306929
694.925306929
694.925306929
694.925306929
694.925306929
694.925306929
694.925306929
694.925306929
694.925306929
694.925306929
694.925306929
694.925306929
694.925306929
694.925306929
694.925306929
694.925306929
694.925306929
694.925306929
694.925306929
694.925306929
694.925306929
694.925306929
694.925306929
694.925306929
694.925306929
694.925306929
694.925306929
694.925306929
690.475743713
690.475743713
690.475743713
690.475743713
690.475743713
690.475743713
690.475743713
690.475743713
690.475743713
690.475743713
690.475743713
690.475743713
690.475743713
690.475743713
690.475743713
690.475743713
690.475743713
690.475743713
690.475743713
690.475743713
690.475743713
690.475743713
690.475743713
690.475743713
690.475743713
690.475743713
690.475743713
690.475743713
690.475743713
690.475743713
690.475743713
690.475743713
690.475743713
690.475743713
690.475743713
690.475743713
690.475743713
690.475743713
690.475743713
690.475743713
687.272185778
687.272185778
687.272185778
687.272185778
687.272185778
687.272185778
687.272185778
687.272185778
687.272185778
687.272185778
687.272185778
687.272185778
687.272185778
679.063335053
679.063335053
679.063335053
679.063335053
679.063335053
679.063335053
679.063335053
679.063335053
679.063335053
679.063335053
679.063335053
679.063335053
679.063335053
679.063335053
679.063335053
679.063335053
679.063335053
679.063335053
679.063335053
679.063335053
679.063335053
679.063335053
679.063335053
679.063335053
679.063335053
679.063335053
679.063335053
679.063335053
679.063335053
679.063335053
679.063335053
679.063335053
679.063335053
679.063335053
679.063335053
679.063335053
679.063335053
679.063335053
679.063335053
679.063335053
679.063335053
679.063335053
679.063335053
679.063335053
679.063335053
679.063335053
679.063335053
679.063335053
679.063335053
679.063335053
679.063335053
679.063335053
679.063335053
679.063335053
679.063335053
679.063335053
679.063335053
679.063335053
679.063335053
679.063335053
679.063335053
679.063335053
679.063335053
679.063335053
679.063335053
679.063335053
679.063335053
679.063335053
679.063335053
679.063335053
679.063335053
679.063335053
679.063335053
679.063335053
679.063335053
679.063335053
679.063335053
679.063335053
679.063335053
679.063335053
679.063335053
679.063335053
679.063335053
679.063335053
679.063335053
679.063335053
679.063335053
679.063335053
679.063335053
679.063335053
679.063335053
679.063335053
679.063335053
679.063335053
679.063335053
679.063335053
679.063335053
679.063335053
679.063335053
679.063335053
679.063335053
679.063335053
679.063335053
679.063335053
679.063335053
679.063335053
679.063335053
679.063335053
679.063335053
679.063335053
679.063335053
679.063335053
679.063335053
679.063335053
679.063335053
679.063335053
679.063335053
679.063335053
679.063335053
679.063335053
679.063335053
679.063335053
679.063335053
679.063335053
679.063335053
679.063335053
679.063335053
679.063335053
679.063335053
679.063335053
679.063335053
679.063335053
679.063335053
679.063335053
679.063335053
679.063335053
679.063335053
679.063335053
679.063335053
679.063335053
679.063335053
679.063335053
679.063335053
679.063335053
679.063335053
679.063335053
679.063335053
679.063335053
679.063335053
679.063335053
679.063335053
679.063335053
679.063335053
679.063335053
679.063335053
679.063335053
679.063335053
679.063335053
679.063335053
679.063335053
679.063335053
679.063335053
679.063335053
679.063335053
679.063335053
679.063335053
679.063335053
679.063335053
679.063335053
679.063335053
679.063335053
679.063335053
679.063335053
679.063335053
679.063335053
679.063335053
679.063335053
679.063335053
679.063335053
679.063335053
679.063335053
679.063335053
679.063335053
679.063335053
679.063335053
679.063335053
679.063335053
679.063335053
679.063335053
679.063335053
679.063335053
679.063335053
679.063335053
679.063335053
679.063335053
679.063335053
679.063335053
679.063335053
679.063335053
679.063335053
679.063335053
679.063335053
679.063335053
679.063335053
679.063335053
679.063335053
679.063335053
679.063335053
679.063335053
679.063335053
679.063335053
679.063335053
679.063335053
679.063335053
679.063335053
679.063335053
679.063335053
679.063335053
679.063335053
679.063335053
679.063335053
679.063335053
679.063335053
679.063335053
679.063335053
679.063335053
679.063335053
679.063335053
679.063335053
679.063335053
679.063335053
679.063335053
679.063335053
679.063335053
679.063335053
679.063335053
679.063335053
679.063335053
679.063335053
679.063335053
679.063335053
679.063335053
679.063335053
679.063335053
679.063335053
679.063335053
679.063335053
679.063335053
679.063335053
679.063335053
679.063335053
679.063335053
679.063335053
679.063335053
679.063335053
679.063335053
679.063335053
679.063335053
679.063335053
679.063335053
679.063335053
679.063335053
679.063335053
679.063335053
679.063335053
679.063335053
679.063335053
679.063335053
679.063335053
679.063335053
679.063335053
679.063335053
679.063335053
679.063335053
679.063335053
679.063335053
679.063335053
679.063335053
679.063335053
679.063335053
679.063335053
679.063335053
679.063335053
679.063335053
679.063335053
679.063335053
679.063335053
679.063335053
679.063335053
679.063335053
679.063335053
679.063335053
679.063335053
679.063335053
679.063335053
679.063335053
679.063335053
679.063335053
679.063335053
679.063335053
679.063335053
679.063335053
679.063335053
679.063335053
679.063335053
679.063335053
679.063335053
679.063335053
679.063335053
679.063335053
679.063335053
679.063335053
679.063335053
679.063335053
679.063335053
679.063335053
679.063335053
676.313150181
676.313150181
676.313150181
676.313150181
676.313150181
676.313150181
676.313150181
676.313150181
676.313150181
676.313150181
676.313150181
676.313150181
676.313150181
676.313150181
676.313150181
676.313150181
676.313150181
676.313150181
676.313150181
676.313150181
676.313150181
676.313150181
676.313150181
676.313150181
676.313150181
676.313150181
676.313150181
676.313150181
676.313150181
676.313150181
676.313150181
676.313150181
676.313150181
676.313150181
676.313150181
676.313150181
676.313150181
676.313150181
676.313150181
676.313150181
676.313150181
676.313150181
676.313150181
676.313150181
676.313150181
676.313150181
676.313150181
676.313150181
676.313150181
676.313150181
676.313150181
676.313150181
676.313150181
676.313150181
676.313150181
676.313150181
676.313150181
676.313150181
676.313150181
676.313150181
676.313150181
676.313150181
676.313150181
676.313150181
676.313150181
676.313150181
676.313150181
676.313150181
676.313150181
676.313150181
676.313150181
676.313150181
676.313150181
676.313150181
676.313150181
676.313150181
676.313150181
676.313150181
676.313150181
676.313150181
676.313150181
676.313150181
676.313150181
676.313150181
676.313150181
676.313150181
676.313150181
676.313150181
676.313150181
676.313150181
676.313150181
676.313150181
676.313150181
676.313150181
676.313150181
676.313150181
676.313150181
676.313150181
676.313150181
676.313150181
676.313150181
676.313150181
676.313150181
676.313150181
676.313150181
676.313150181
676.313150181
676.313150181
676.313150181
676.313150181
676.313150181
676.313150181
676.313150181
676.313150181
676.313150181
676.313150181
676.313150181
676.313150181
676.313150181
676.313150181
676.313150181
676.313150181
676.313150181
676.313150181
676.313150181
676.313150181
676.313150181
676.313150181
676.313150181
676.313150181
676.313150181
676.313150181
676.313150181
676.313150181
676.313150181
676.313150181
676.313150181
676.313150181
676.313150181
676.313150181
676.313150181
676.313150181
676.313150181
676.313150181
676.313150181
676.313150181
676.313150181
676.313150181
676.313150181
676.313150181
676.313150181
676.313150181
676.313150181
676.313150181
676.313150181
676.313150181
676.313150181
676.313150181
676.313150181
676.313150181
676.313150181
676.313150181
676.313150181
676.313150181
676.313150181
676.313150181
676.313150181
676.313150181
676.313150181
676.313150181
676.313150181
676.313150181
676.313150181
676.313150181
676.313150181
676.313150181
671.551665491
671.551665491
671.551665491
671.551665491
671.551665491
671.551665491
671.551665491
671.551665491
671.551665491
671.551665491
671.551665491
671.551665491
671.551665491
671.551665491
671.551665491
671.551665491
671.551665491
671.551665491
671.551665491
671.551665491
671.551665491
671.551665491
671.551665491
671.551665491
671.551665491
671.551665491
671.551665491
671.551665491
671.551665491
671.551665491
671.551665491
671.551665491
671.551665491
671.551665491
671.551665491
671.551665491
671.551665491
671.551665491
671.551665491
671.551665491
671.551665491
671.551665491
671.551665491
671.551665491
671.551665491
671.551665491
671.551665491
671.551665491
671.551665491
671.551665491
671.551665491
671.551665491
671.551665491
671.551665491
671.551665491
671.551665491
671.551665491
671.551665491
671.551665491
671.551665491
671.551665491
671.551665491
671.551665491
671.551665491
671.551665491
671.551665491
671.551665491
671.551665491
671.551665491
671.551665491
671.551665491
671.551665491
671.551665491
671.551665491
671.551665491
671.551665491
671.551665491
671.551665491
671.551665491
671.551665491
671.551665491
671.551665491
671.551665491
671.551665491
671.551665491
671.551665491
671.551665491
671.551665491
671.551665491
671.551665491
671.551665491
671.551665491
671.551665491
671.551665491
671.551665491
671.551665491
671.551665491
671.551665491
671.551665491
671.551665491
671.551665491
671.551665491
671.551665491
671.551665491
671.551665491
671.551665491
671.551665491
671.551665491
671.551665491
671.551665491
671.551665491
671.551665491
671.551665491
671.551665491
671.551665491
671.551665491
671.551665491
665.954055041
665.954055041
665.954055041
665.954055041
665.954055041
665.954055041
665.954055041
665.954055041
665.954055041
665.954055041
665.954055041
665.954055041
665.954055041
665.954055041
665.954055041
665.954055041
665.954055041
665.954055041
665.954055041
665.954055041
665.954055041
665.954055041
665.954055041
665.954055041
665.954055041
665.954055041
665.954055041
665.954055041
665.954055041
665.954055041
665.954055041
665.954055041
665.954055041
665.954055041
665.954055041
665.954055041
665.954055041
665.954055041
665.954055041
665.954055041
665.954055041
665.954055041
665.954055041
665.954055041
665.954055041
665.954055041
665.954055041
665.954055041
665.954055041
665.954055041
665.954055041
665.954055041
665.954055041
665.954055041
665.954055041
665.954055041
665.954055041
665.954055041
665.954055041
665.954055041
665.954055041
665.954055041
665.954055041
665.954055041
665.954055041
665.954055041
665.954055041
665.954055041
665.954055041
665.954055041
665.954055041
665.954055041
665.954055041
665.954055041
665.954055041
665.954055041
665.954055041
665.954055041
665.954055041
665.954055041
665.954055041
665.954055041
665.954055041
665.954055041
665.954055041
665.954055041
665.954055041
665.954055041
665.954055041
665.954055041
665.954055041
665.954055041
665.954055041
665.954055041
665.954055041
665.954055041
665.954055041
665.954055041
665.954055041
665.954055041
665.954055041
665.954055041
665.954055041
665.954055041
665.954055041
665.954055041
665.954055041
665.954055041
665.954055041
665.954055041
665.954055041
665.954055041
665.954055041
665.954055041
665.954055041
665.954055041
665.954055041
665.954055041
665.954055041
665.954055041
665.954055041
665.954055041
665.954055041
665.954055041
665.954055041
665.954055041
665.954055041
665.954055041
665.954055041
665.954055041
665.954055041
665.954055041
665.954055041
665.954055041
665.954055041
665.954055041
665.954055041
665.954055041
665.954055041
665.954055041
665.954055041
665.954055041
665.954055041
665.954055041
665.954055041
665.954055041
665.954055041
665.954055041
665.350092867
665.350092867
665.350092867
665.350092867
665.350092867
665.350092867
665.350092867
665.350092867
665.350092867
665.350092867
665.350092867
665.350092867
665.350092867
665.350092867
665.350092867
665.350092867
665.350092867
665.350092867
665.350092867
665.350092867
665.350092867
665.350092867
665.350092867
665.350092867
665.350092867
665.350092867
665.350092867
665.350092867
665.350092867
665.350092867
665.350092867
665.350092867
665.350092867
665.350092867
665.350092867
665.350092867
665.350092867
665.350092867
665.350092867
665.350092867
665.350092867
665.350092867
665.350092867
665.350092867
665.350092867
665.350092867
665.350092867
665.350092867
665.350092867
665.350092867
665.350092867
665.350092867
665.350092867
665.350092867
665.350092867
665.350092867
665.350092867
665.350092867
665.350092867
665.350092867
665.350092867
665.350092867
662.752343466
662.752343466
662.752343466
662.752343466
662.752343466
662.752343466
662.752343466
662.752343466
662.752343466
662.752343466
662.752343466
662.752343466
662.752343466
662.752343466
662.752343466
662.752343466
662.752343466
662.752343466
662.752343466
662.752343466
662.752343466
662.752343466
662.752343466
662.752343466
662.752343466
662.752343466
662.752343466
662.752343466
662.752343466
662.752343466
662.752343466
662.752343466
662.752343466
662.752343466
662.752343466
662.752343466
662.752343466
662.752343466
662.752343466
662.752343466
662.752343466
662.752343466
662.752343466
662.752343466
662.752343466
662.752343466
662.752343466
662.752343466
662.752343466
662.752343466
662.752343466
662.752343466
662.752343466
662.752343466
662.752343466
662.752343466
662.752343466
662.752343466
662.752343466
662.752343466
662.752343466
662.752343466
662.752343466
662.752343466
662.752343466
662.752343466
662.752343466
662.752343466
662.752343466
662.752343466
662.752343466
662.752343466
662.752343466
662.752343466
662.752343466
662.752343466
662.752343466
662.752343466
662.752343466
662.752343466
662.752343466
662.752343466
662.752343466
662.752343466
662.752343466
662.752343466
662.752343466
662.752343466
662.752343466
662.752343466
662.752343466
662.752343466
662.752343466
662.752343466
662.752343466
662.752343466
662.752343466
662.752343466
662.752343466
662.752343466
662.752343466
662.752343466
662.752343466
662.752343466
662.752343466
662.752343466
662.752343466
662.752343466
662.752343466
662.752343466
662.752343466
662.752343466
658.655491833
658.655491833
658.655491833
658.655491833
658.655491833
658.655491833
658.655491833
658.655491833
658.655491833
658.655491833
658.655491833
658.655491833
658.655491833
658.655491833
658.655491833
658.655491833
658.655491833
658.655491833
658.655491833
658.655491833
658.655491833
658.655491833
658.655491833
658.655491833
658.655491833
658.655491833
658.655491833
658.655491833
658.655491833
658.655491833
658.655491833
658.655491833
658.655491833
658.655491833
658.655491833
658.655491833
658.655491833
658.655491833
658.655491833
658.655491833
658.655491833
658.655491833
658.655491833
658.655491833
658.655491833
658.655491833
658.655491833
658.655491833
658.655491833
658.655491833
658.655491833
658.655491833
658.655491833
658.655491833
658.655491833
658.655491833
658.655491833
658.655491833
658.655491833
658.655491833
658.655491833
658.655491833
658.655491833
658.655491833
658.655491833
658.655491833
658.655491833
658.655491833
658.655491833
658.655491833
658.655491833
658.655491833
658.655491833
658.655491833
658.655491833
658.655491833
658.655491833
658.655491833
658.655491833
658.655491833
658.655491833
658.655491833
658.655491833
658.655491833
658.655491833
658.655491833
658.655491833
658.655491833
658.655491833
658.655491833
658.655491833
658.655491833
658.655491833
658.655491833
658.655491833
658.655491833
658.655491833
658.655491833
658.655491833
658.655491833
658.655491833
658.655491833
658.655491833
658.655491833
658.655491833
658.655491833
658.655491833
658.655491833
658.655491833
658.655491833
658.655491833
658.655491833
658.655491833
658.655491833
658.655491833
658.655491833
658.655491833
658.655491833
658.655491833
658.655491833
658.655491833
658.655491833
658.655491833
658.655491833
658.655491833
658.655491833
658.655491833
658.655491833
658.655491833
658.655491833
658.655491833
658.655491833
658.655491833
658.655491833
658.655491833
658.655491833
658.655491833
658.655491833
658.655491833
658.655491833
658.655491833
658.655491833
658.655491833
658.655491833
658.655491833
658.655491833
658.655491833
658.655491833
658.655491833
658.655491833
658.655491833
658.655491833
658.655491833
658.655491833
658.655491833
658.655491833
658.655491833
658.655491833
658.655491833
658.655491833
658.655491833
658.655491833
658.655491833
658.655491833
658.655491833
658.655491833
658.655491833
658.655491833
658.655491833
658.655491833
658.655491833
658.655491833
658.655491833
658.655491833
658.655491833
658.655491833
658.655491833
658.655491833
658.655491833
658.655491833
658.655491833
658.655491833
658.655491833
658.655491833
658.655491833
658.655491833
658.655491833
658.655491833
658.655491833
658.655491833
658.655491833
658.655491833
658.655491833
658.655491833
658.655491833
658.655491833
658.655491833
658.655491833
658.655491833
658.655491833
658.655491833
658.655491833
658.655491833
658.655491833
658.655491833
658.655491833
658.655491833
658.655491833
658.655491833
658.655491833
658.655491833
658.655491833
658.655491833
658.655491833
658.655491833
658.655491833
658.655491833
658.655491833
658.655491833
658.655491833
658.655491833
658.655491833
658.655491833
658.655491833
658.655491833
658.655491833
658.655491833
658.655491833
658.655491833
658.655491833
658.655491833
658.655491833
658.655491833
658.655491833
658.655491833
658.655491833
658.655491833
658.655491833
658.655491833
658.655491833
658.655491833
658.655491833
658.655491833
658.655491833
658.655491833
658.655491833
658.655491833
658.655491833
658.655491833
658.655491833
658.655491833
658.655491833
658.655491833
658.655491833
658.655491833
658.655491833
658.655491833
658.655491833
658.655491833
658.655491833
658.655491833
658.655491833
658.655491833
658.655491833
658.655491833
658.655491833
658.655491833
658.655491833
658.655491833
658.655491833
658.655491833
658.655491833
658.655491833
658.655491833
658.655491833
658.655491833
658.655491833
658.655491833
658.655491833
658.655491833
658.655491833
658.655491833
658.655491833
658.655491833
658.655491833
658.655491833
658.655491833
658.655491833
658.655491833
658.655491833
658.655491833
658.655491833
658.655491833
658.655491833
658.655491833
658.655491833
658.655491833
658.655491833
658.655491833
658.655491833
658.655491833
658.655491833
658.655491833
658.655491833
658.655491833
658.655491833
658.655491833
658.655491833
658.655491833
658.655491833
658.655491833
658.655491833
658.655491833
658.655491833
658.655491833
658.655491833
658.655491833
658.655491833
658.655491833
658.655491833
658.655491833
658.655491833
658.655491833
658.655491833
658.655491833
658.655491833
658.655491833
658.655491833
658.655491833
658.655491833
658.655491833
658.655491833
658.655491833
658.655491833
658.655491833
658.655491833
658.655491833
658.655491833
658.655491833
658.655491833
658.655491833
658.655491833
658.655491833
658.655491833
658.655491833
658.655491833
658.655491833
658.655491833
658.655491833
658.655491833
658.655491833
658.655491833
658.655491833
658.655491833
658.655491833
658.655491833
658.655491833
658.655491833
658.655491833
658.655491833
658.655491833
658.655491833
658.655491833
658.655491833
658.655491833
658.655491833
658.655491833
658.655491833
658.655491833
658.655491833
658.655491833
658.655491833
658.655491833
658.655491833
658.655491833
658.655491833
658.655491833
658.655491833
658.655491833
658.655491833
658.655491833
658.655491833
658.655491833
658.655491833
658.655491833
658.655491833
658.655491833
658.655491833
658.655491833
658.655491833
658.655491833
658.655491833
658.655491833
658.655491833
658.655491833
658.655491833
658.655491833
658.655491833
658.655491833
658.655491833
658.655491833
658.655491833
658.655491833
658.655491833
658.655491833
658.655491833
658.655491833
658.655491833
658.655491833
658.655491833
658.655491833
658.655491833
658.655491833
658.655491833
658.655491833
658.655491833
658.655491833
658.655491833
658.655491833
658.655491833
658.655491833
658.655491833
658.655491833
658.655491833
658.655491833
658.655491833
658.655491833
658.655491833
658.655491833
658.655491833
658.655491833
658.655491833
658.655491833
657.710402961
657.710402961
657.710402961
657.710402961
657.710402961
657.710402961
657.710402961
657.710402961
657.710402961
657.710402961
657.710402961
657.710402961
657.710402961
657.710402961
657.710402961
657.710402961
657.710402961
657.710402961
657.710402961
657.710402961
657.710402961
657.710402961
657.710402961
657.710402961
657.710402961
657.710402961
657.710402961
657.710402961
657.710402961
657.710402961
657.710402961
657.710402961
657.710402961
657.710402961
657.710402961
657.710402961
657.710402961
657.710402961
657.710402961
657.710402961
657.710402961
657.710402961
657.710402961
657.710402961
657.710402961
657.710402961
657.710402961
657.710402961
657.710402961
657.710402961
657.710402961
657.710402961
657.710402961
657.710402961
657.710402961
657.710402961
657.710402961
657.710402961
657.710402961
657.710402961
657.710402961
657.710402961
657.710402961
657.710402961
657.710402961
657.710402961
657.710402961
657.710402961
657.710402961
657.710402961
657.710402961
657.710402961
657.710402961
657.710402961
657.710402961
657.710402961
657.710402961
657.710402961
657.710402961
657.710402961
657.710402961
657.710402961
657.710402961
657.710402961
657.710402961
657.710402961
657.710402961
657.710402961
657.710402961
657.710402961
657.710402961
657.710402961
657.710402961
657.710402961
657.710402961
657.710402961
657.710402961
657.710402961
657.710402961
657.710402961
657.710402961
657.710402961
657.710402961
657.710402961
657.710402961
657.710402961
657.710402961
657.710402961
657.710402961
657.710402961
657.710402961
657.710402961
657.710402961
657.710402961
657.710402961
657.710402961
657.710402961
657.710402961
657.710402961
657.710402961
657.710402961
657.710402961
657.710402961
657.710402961
657.710402961
657.710402961
657.710402961
657.710402961
657.015729124
657.015729124
657.015729124
657.015729124
657.015729124
657.015729124
657.015729124
657.015729124
657.015729124
657.015729124
657.015729124
657.015729124
657.015729124
657.015729124
657.015729124
657.015729124
657.015729124
657.015729124
657.015729124
657.015729124
657.015729124
657.015729124
657.015729124
657.015729124
657.015729124
657.015729124
657.015729124
657.015729124
657.015729124
657.015729124
657.015729124
657.015729124
657.015729124
657.015729124
657.015729124
657.015729124
657.015729124
657.015729124
657.015729124
657.015729124
657.015729124
657.015729124
657.015729124
657.015729124
656.928953295
656.928953295
656.928953295
656.928953295
656.928953295
656.928953295
656.928953295
656.928953295
656.928953295
656.928953295
656.928953295
656.928953295
656.928953295
656.928953295
656.928953295
656.928953295
656.928953295
656.928953295
656.928953295
656.928953295
656.928953295
656.928953295
656.928953295
656.928953295
656.928953295
656.928953295
656.928953295
656.928953295
656.928953295
656.928953295
656.928953295
656.928953295
656.928953295
656.928953295
656.928953295
656.928953295
656.928953295
656.928953295
656.928953295
656.928953295
656.928953295
656.928953295
656.928953295
656.928953295
656.928953295
656.928953295
656.928953295
656.928953295
656.928953295
656.928953295
656.928953295
656.928953295
656.928953295
656.928953295
656.928953295
656.928953295
656.928953295
656.928953295
656.928953295
656.928953295
656.928953295
656.928953295
656.928953295
656.928953295
656.928953295
656.928953295
656.928953295
656.928953295
656.928953295
656.928953295
656.928953295
656.928953295
656.928953295
656.928953295
656.928953295
656.928953295
656.928953295
656.928953295
656.928953295
656.928953295
656.928953295
656.928953295
656.928953295
656.928953295
656.928953295
656.928953295
656.928953295
656.928953295
656.928953295
656.928953295
656.928953295
656.928953295
656.928953295
656.928953295
656.928953295
656.928953295
656.928953295
656.928953295
656.928953295
656.928953295
656.928953295
656.928953295
656.928953295
656.928953295
656.928953295
656.928953295
656.928953295
656.928953295
656.928953295
656.928953295
656.928953295
656.928953295
656.928953295
656.928953295
656.928953295
656.928953295
656.928953295
656.928953295
656.928953295
656.928953295
656.928953295
656.928953295
656.928953295
656.928953295
656.928953295
656.928953295
656.928953295
656.928953295
656.928953295
656.928953295
656.928953295
656.928953295
656.928953295
656.928953295
656.928953295
656.928953295
656.928953295
656.928953295
656.928953295
656.928953295
656.928953295
656.928953295
656.928953295
656.928953295
656.928953295
656.928953295
656.928953295
656.928953295
656.928953295
656.928953295
656.928953295
656.928953295
656.928953295
656.928953295
656.928953295
656.928953295
656.928953295
656.928953295
656.928953295
656.928953295
656.928953295
656.928953295
656.928953295
656.928953295
656.928953295
656.928953295
656.928953295
656.928953295
656.928953295
656.928953295
656.928953295
656.928953295
656.928953295
656.928953295
656.928953295
656.928953295
656.928953295
656.928953295
656.928953295
656.928953295
656.928953295
656.928953295
656.928953295
656.928953295
656.928953295
656.928953295
656.928953295
656.928953295
656.928953295
656.928953295
656.928953295
656.928953295
656.928953295
656.928953295
656.928953295
656.928953295
656.928953295
656.928953295
656.928953295
656.928953295
656.928953295
656.928953295
656.928953295
656.928953295
656.928953295
656.928953295
656.928953295
656.928953295
656.928953295
656.928953295
656.928953295
656.928953295
656.928953295
656.928953295
656.928953295
656.928953295
656.928953295
656.928953295
656.928953295
656.928953295
656.928953295
656.928953295
656.928953295
656.928953295
656.928953295
656.928953295
656.928953295
656.928953295
656.928953295
656.928953295
656.928953295
656.928953295
656.928953295
656.928953295
656.928953295
656.928953295
656.928953295
656.928953295
656.928953295
656.928953295
656.928953295
656.928953295
656.928953295
656.928953295
656.928953295
656.928953295
656.928953295
656.928953295
656.928953295
656.928953295
656.928953295
656.928953295
656.928953295
656.928953295
656.928953295
656.928953295
656.928953295
656.928953295
656.928953295
656.928953295
656.928953295
656.928953295
656.51630895
656.51630895
656.51630895
656.51630895
656.51630895
656.51630895
656.51630895
656.51630895
656.51630895
656.51630895
656.51630895
656.51630895
656.51630895
656.51630895
656.51630895
656.51630895
656.51630895
656.51630895
656.51630895
656.51630895
656.51630895
656.51630895
656.51630895
656.51630895
656.51630895
656.51630895
656.51630895
656.51630895
656.51630895
656.51630895
656.51630895
656.51630895
656.51630895
656.51630895
656.51630895
656.51630895
656.51630895
656.51630895
656.51630895
656.51630895
656.51630895
656.51630895
656.51630895
656.51630895
656.51630895
656.51630895
656.51630895
656.51630895
656.51630895
656.51630895
656.51630895
656.51630895
656.51630895
656.51630895
656.51630895
656.51630895
656.51630895
656.51630895
656.51630895
656.51630895
656.51630895
656.51630895
656.51630895
656.51630895
656.51630895
656.51630895
656.51630895
656.51630895
656.51630895
656.51630895
656.51630895
656.51630895
656.51630895
656.51630895
656.51630895
656.51630895
656.51630895
656.51630895
656.51630895
656.51630895
656.51630895
656.51630895
656.51630895
656.51630895
656.51630895
656.51630895
656.51630895
656.51630895
656.51630895
656.51630895
656.51630895
656.51630895
656.51630895
656.51630895
656.51630895
656.51630895
656.51630895
656.51630895
656.51630895
656.51630895
656.51630895
656.51630895
656.51630895
656.51630895
656.51630895
656.51630895
656.51630895
656.51630895
656.51630895
656.51630895
656.51630895
656.51630895
656.51630895
656.51630895
656.51630895
656.51630895
656.51630895
656.51630895
656.51630895
656.51630895
656.51630895
656.51630895
656.51630895
656.51630895
656.51630895
656.51630895
656.51630895
656.51630895
656.51630895
656.51630895
656.51630895
656.51630895
656.51630895
656.51630895
656.51630895
656.51630895
656.51630895
656.51630895
656.51630895
656.51630895
656.51630895
656.51630895
656.51630895
656.51630895
656.51630895
656.51630895
656.51630895
656.51630895
656.51630895
656.51630895
656.51630895
656.51630895
656.51630895
656.51630895
656.51630895
656.51630895
656.51630895
656.51630895
656.51630895
656.51630895
656.51630895
656.51630895
656.51630895
656.51630895
656.51630895
656.51630895
656.51630895
656.51630895
656.51630895
656.51630895
656.51630895
656.51630895
656.51630895
656.51630895
656.51630895
656.51630895
656.51630895
656.51630895
656.51630895
656.51630895
656.51630895
656.51630895
656.51630895
656.51630895
656.51630895
656.51630895
656.51630895
656.51630895
656.51630895
656.51630895
656.51630895
656.51630895
656.51630895
656.51630895
656.51630895
656.51630895
656.51630895
656.51630895
656.51630895
656.51630895
656.51630895
656.51630895
656.51630895
656.51630895
656.51630895
656.51630895
656.51630895
656.51630895
656.51630895
656.51630895
656.51630895
656.51630895
656.51630895
656.51630895
656.51630895
656.51630895
656.51630895
656.51630895
656.51630895
656.51630895
656.51630895
656.51630895
656.51630895
656.51630895
656.51630895
656.51630895
656.51630895
656.51630895
656.51630895
656.51630895
656.51630895
656.51630895
656.51630895
656.51630895
656.51630895
656.51630895
656.51630895
656.51630895
656.51630895
656.51630895
656.51630895
656.51630895
656.51630895
656.51630895
656.51630895
656.51630895
656.51630895
656.51630895
656.51630895
656.51630895
656.51630895
656.51630895
656.51630895
656.51630895
656.51630895
656.51630895
656.51630895
656.51630895
656.51630895
656.51630895
656.51630895
656.51630895
656.51630895
656.51630895
656.51630895
656.51630895
656.51630895
656.51630895
656.51630895
656.51630895
656.51630895
656.51630895
656.51630895
656.51630895
656.51630895
656.51630895
656.51630895
656.51630895
656.51630895
656.51630895
656.51630895
656.51630895
656.51630895
656.51630895
656.51630895
656.51630895
656.51630895
656.51630895
656.51630895
656.51630895
656.51630895
656.51630895
656.51630895
656.51630895
656.51630895
656.51630895
656.51630895
656.51630895
656.51630895
656.51630895
656.51630895
656.51630895
656.51630895
656.51630895
656.51630895
656.51630895
656.51630895
656.51630895
656.51630895
656.51630895
656.51630895
656.51630895
656.51630895
656.51630895
656.51630895
656.51630895
656.51630895
656.51630895
656.51630895
656.51630895
656.51630895
656.51630895
656.51630895
656.51630895
656.51630895
656.51630895
656.51630895
656.51630895
656.51630895
656.51630895
656.51630895
656.51630895
656.51630895
656.51630895
656.51630895
656.51630895
656.51630895
656.51630895
656.51630895
656.51630895
656.51630895
656.51630895
656.51630895
656.51630895
656.51630895
656.51630895
656.51630895
656.51630895
656.51630895
656.51630895
656.51630895
656.51630895
656.51630895
656.51630895
656.51630895
656.51630895
656.51630895
656.51630895
656.51630895
656.51630895
656.51630895
656.51630895
656.51630895
656.51630895
656.51630895
656.51630895
656.51630895
656.51630895
656.51630895
656.51630895
656.51630895
656.51630895
656.51630895
656.51630895
656.51630895
656.51630895
656.51630895
656.51630895
656.51630895
656.51630895
656.51630895
656.51630895
656.51630895
656.51630895
656.51630895
656.51630895
656.51630895
656.51630895
656.51630895
656.51630895
656.51630895
656.51630895
656.51630895
656.51630895
656.51630895
656.51630895
656.51630895
656.51630895
656.51630895
656.51630895
656.51630895
656.51630895
656.51630895
656.51630895
656.51630895
656.51630895
656.51630895
656.51630895
656.51630895
656.51630895
656.51630895
656.51630895
656.51630895
656.51630895
656.51630895
656.51630895
656.51630895
656.51630895
656.51630895
656.51630895
656.51630895
656.51630895
656.51630895
656.51630895
656.51630895
656.51630895
656.51630895
656.51630895
656.51630895
656.51630895
656.51630895
656.51630895
656.51630895
656.51630895
656.51630895
656.51630895
656.51630895
656.51630895
656.51630895
656.51630895
656.51630895
656.51630895
656.51630895
656.51630895
656.51630895
656.51630895
656.51630895
656.51630895
656.51630895
656.51630895
656.51630895
656.51630895
656.51630895
656.51630895
656.51630895
656.51630895
656.51630895
656.51630895
656.51630895
656.51630895
656.51630895
656.51630895
656.51630895
656.51630895
656.51630895
656.51630895
656.51630895
656.51630895
656.51630895
656.51630895
656.51630895
656.51630895
656.51630895
656.51630895
656.51630895
656.51630895
655.178594134
655.178594134
655.178594134
655.178594134
655.178594134
655.178594134
655.178594134
655.178594134
655.178594134
655.178594134
655.178594134
655.178594134
655.178594134
655.178594134
655.178594134
655.178594134
655.178594134
655.178594134
655.178594134
655.178594134
655.178594134
655.178594134
655.178594134
655.178594134
655.178594134
655.178594134
655.178594134
655.178594134
655.178594134
655.178594134
655.178594134
655.178594134
655.178594134
655.178594134
655.178594134
655.178594134
655.178594134
655.178594134
655.178594134
655.178594134
655.178594134
655.178594134
655.178594134
655.178594134
655.178594134
655.178594134
655.178594134
655.178594134
655.178594134
655.178594134
655.178594134
655.178594134
655.178594134
655.178594134
655.178594134
655.178594134
655.178594134
655.178594134
655.178594134
655.178594134
655.178594134
655.178594134
655.178594134
655.178594134
655.178594134
655.178594134
655.178594134
655.178594134
655.178594134
655.178594134
655.178594134
655.178594134
655.178594134
655.178594134
655.178594134
655.178594134
655.178594134
655.178594134
655.178594134
655.178594134
655.178594134
655.178594134
655.178594134
655.178594134
655.178594134
655.178594134
655.178594134
655.178594134
655.178594134
655.178594134
