1766.26005974
1766.26005974
1766.26005974
1747.06688584
1740.92357989
1736.62471238
1736.62471238
1736.62471238
1718.12168681
1718.12168681
1718.12168681
1696.63603574
1696.63603574
1696.63603574
1651.81919774
1602.17938384
1602.17938384
1576.25499495
1571.81719993
1571.81719993
1571.81719993
1548.74366394
1514.98725519
1514.98725519
1514.98725519
1514.98725519
1505.89905772
1505.89905772
1477.08837875
1438.86466984
1438.86466984
1437.22161345
1431.79091369
1431.79091369
1431.79091369
1397.95790586
1397.95790586
1397.95790586
1397.95790586
1397.95790586
1397.95790586
1391.47612607
1391.47612607
1391.47612607
1391.47612607
1391.47612607
1391.47612607
1391.47612607
1391.47612607
1391.47612607
1391.47612607
1391.47612607
1391.47612607
1391.47612607
1387.56277661
1387.56277661
1384.65666159
1384.65666159
1384.65666159
1384.65666159
1384.65666159
1384.65666159
1384.65666159
1384.65666159
1384.65666159
1384.65666159
1370.62432852
1368.81941548
1368.81941548
1367.03870202
1312.7950959
1312.7950959
1312.03429871
1312.03429871
1286.75439743
1286.75439743
1275.1516251
1275.1516251
1275.1516251
1257.231341
1257.231341
1257.231341
1257.231341
1257.231341
1257.231341
1257.231341
1257.231341
1257.231341
1181.64994477
1181.64994477
1181.64994477
1165.50702431
1165.50702431
1165.50702431
1165.50702431
1147.15095877
1101.04891705
1101.04891705
1101.04891705
1099.08150064
1099.08150064
1099.08150064
1099.08150064
1099.08150064
1099.08150064
1099.08150064
1099.08150064
1099.08150064
1099.08150064
1099.08150064
1099.08150064
1099.08150064
1099.08150064
1088.31829366
1088.31829366
1088.31829366
1088.31829366
1088.31829366
1059.55526964
1059.55526964
1059.55526964
1059.55526964
1057.97812432
1057.97812432
1057.97812432
1057.97812432
1057.97812432
1057.97812432
1057.97812432
1057.97812432
1057.97812432
1057.97812432
1057.97812432
1057.97812432
1057.97812432
1057.97812432
1057.97812432
1057.97812432
1055.94062164
1055.94062164
1055.94062164
1055.94062164
1055.94062164
1055.94062164
1055.94062164
1055.94062164
1055.94062164
1055.94062164
1055.94062164
1055.94062164
1055.94062164
1055.94062164
1055.94062164
1055.94062164
1055.94062164
1051.38970131
1051.38970131
1051.38970131
1051.38970131
1046.07405908
1046.07405908
1046.07405908
1046.07405908
1046.07405908
1046.07405908
1046.07405908
1046.07405908
1046.07405908
1046.07405908
1046.07405908
1046.07405908
1046.07405908
1046.07405908
1046.07405908
1046.07405908
1046.07405908
1046.07405908
1046.07405908
1046.07405908
1046.07405908
1046.07405908
1046.07405908
1046.07405908
1046.07405908
1044.72258836
1044.72258836
1044.72258836
1044.72258836
1044.72258836
1044.72258836
1044.72258836
1044.72258836
1044.72258836
1044.72258836
1044.72258836
1044.72258836
1044.72258836
1044.72258836
1042.0288137
1042.0288137
1042.0288137
1042.0288137
1042.0288137
1042.0288137
1042.0288137
1042.0288137
1042.0288137
1042.0288137
1042.0288137
1042.0288137
1042.0288137
1025.10094702
1025.10094702
1025.10094702
1013.83039931
1013.83039931
1013.83039931
1013.83039931
1013.83039931
1013.83039931
1013.83039931
1013.83039931
1013.83039931
1013.83039931
1013.83039931
1013.83039931
1013.83039931
1013.83039931
1013.83039931
1013.83039931
1013.83039931
1013.83039931
1013.83039931
1013.83039931
1013.83039931
1013.83039931
1013.83039931
1011.06399398
1010.74267126
1010.74267126
1010.74267126
1010.74267126
1010.74267126
1010.74267126
1010.74267126
1010.74267126
1007.46368955
1007.46368955
1007.46368955
1007.0971009
1007.0971009
1007.0971009
1007.0971009
1007.0971009
1007.0971009
1007.0971009
1007.0971009
1007.0971009
1007.0971009
1007.0971009
1007.0971009
1007.0971009
1007.0971009
1007.0971009
1007.0971009
990.363031501
990.363031501
990.363031501
990.363031501
990.363031501
990.363031501
990.363031501
985.741603055
985.741603055
985.741603055
985.741603055
985.741603055
985.741603055
985.741603055
985.741603055
985.741603055
985.741603055
985.741603055
985.741603055
985.741603055
985.741603055
985.741603055
985.741603055
985.741603055
985.741603055
985.741603055
985.741603055
985.741603055
985.741603055
985.741603055
985.741603055
985.741603055
979.779709617
979.779709617
979.779709617
979.779709617
979.779709617
979.779709617
979.779709617
979.779709617
979.779709617
979.779709617
979.779709617
979.779709617
976.922919042
976.922919042
976.922919042
976.922919042
973.848121842
973.848121842
973.848121842
967.183531403
967.183531403
967.183531403
967.183531403
967.183531403
967.183531403
967.183531403
967.183531403
967.183531403
967.183531403
967.183531403
967.183531403
967.183531403
967.183531403
967.183531403
960.378885361
960.378885361
960.378885361
960.378885361
960.378885361
960.378885361
960.378885361
960.378885361
960.378885361
960.378885361
960.378885361
960.378885361
960.378885361
958.512951413
958.512951413
958.512951413
932.130057212
932.130057212
913.57322432
913.57322432
913.57322432
913.57322432
913.57322432
913.57322432
913.57322432
913.57322432
913.57322432
913.57322432
913.57322432
913.57322432
913.57322432
913.57322432
913.57322432
913.57322432
913.57322432
913.57322432
913.57322432
913.57322432
913.57322432
913.57322432
913.57322432
913.57322432
913.57322432
913.57322432
913.57322432
908.209893029
908.209893029
908.209893029
908.209893029
908.209893029
908.209893029
907.700022147
907.700022147
907.700022147
907.700022147
907.700022147
907.700022147
907.700022147
907.700022147
907.700022147
907.700022147
907.700022147
907.700022147
907.700022147
907.700022147
907.700022147
907.700022147
907.700022147
907.700022147
907.700022147
905.467629589
905.467629589
905.467629589
905.467629589
905.467629589
905.467629589
905.467629589
905.467629589
905.467629589
905.467629589
905.467629589
905.467629589
905.467629589
905.467629589
905.467629589
905.467629589
905.467629589
905.467629589
905.467629589
884.11273803
884.11273803
884.11273803
884.11273803
881.996832191
881.996832191
881.996832191
881.996832191
881.996832191
881.996832191
881.996832191
881.996832191
881.996832191
881.996832191
881.996832191
881.996832191
881.996832191
881.996832191
881.996832191
881.996832191
881.996832191
881.996832191
881.996832191
881.996832191
881.996832191
881.996832191
881.996832191
881.996832191
881.996832191
881.996832191
881.996832191
881.996832191
881.996832191
881.996832191
881.996832191
881.996832191
881.996832191
881.996832191
881.996832191
881.996832191
881.996832191
881.996832191
881.996832191
881.996832191
881.996832191
881.996832191
878.464689168
878.464689168
878.464689168
878.464689168
878.464689168
859.06680788
859.06680788
859.06680788
859.06680788
859.06680788
859.06680788
859.06680788
859.06680788
859.06680788
859.06680788
859.06680788
859.06680788
859.06680788
859.06680788
859.06680788
859.06680788
859.06680788
859.06680788
859.06680788
859.06680788
859.06680788
859.06680788
859.06680788
859.06680788
859.06680788
859.06680788
859.06680788
859.06680788
859.06680788
859.06680788
859.06680788
859.06680788
859.06680788
859.06680788
859.06680788
859.06680788
859.06680788
859.06680788
859.06680788
859.06680788
859.06680788
859.06680788
859.06680788
859.06680788
859.06680788
859.06680788
859.06680788
859.06680788
859.06680788
859.06680788
859.06680788
859.06680788
859.06680788
859.06680788
859.06680788
859.06680788
859.06680788
859.06680788
859.06680788
859.06680788
859.06680788
859.06680788
859.06680788
859.06680788
859.06680788
859.06680788
859.06680788
859.06680788
859.06680788
859.06680788
859.06680788
859.06680788
859.06680788
859.06680788
859.06680788
846.455717195
838.667607689
838.667607689
838.667607689
838.667607689
838.667607689
838.667607689
838.667607689
838.667607689
838.667607689
838.667607689
838.667607689
838.667607689
838.667607689
838.667607689
838.667607689
838.667607689
838.667607689
838.667607689
838.667607689
838.064527714
838.064527714
838.064527714
838.064527714
838.064527714
838.064527714
838.064527714
838.064527714
838.064527714
838.064527714
838.064527714
838.064527714
838.064527714
838.064527714
838.064527714
838.064527714
838.064527714
838.064527714
838.064527714
838.064527714
838.064527714
838.064527714
838.064527714
838.064527714
838.064527714
838.064527714
826.737777629
826.737777629
826.737777629
826.737777629
826.737777629
826.737777629
826.737777629
826.737777629
826.737777629
826.737777629
826.737777629
826.737777629
826.737777629
825.574343306
825.574343306
825.574343306
825.574343306
825.574343306
825.574343306
825.574343306
825.574343306
825.574343306
825.574343306
825.574343306
825.574343306
825.574343306
825.574343306
825.574343306
825.574343306
825.574343306
825.574343306
825.574343306
825.574343306
825.574343306
825.574343306
825.574343306
825.574343306
825.574343306
825.574343306
825.574343306
825.574343306
825.574343306
825.574343306
825.574343306
825.574343306
825.574343306
825.574343306
825.574343306
825.574343306
825.574343306
825.574343306
825.574343306
825.574343306
825.574343306
825.574343306
825.574343306
825.574343306
825.574343306
825.574343306
812.759194216
812.759194216
812.759194216
812.759194216
812.759194216
812.759194216
812.759194216
812.759194216
812.759194216
812.759194216
812.759194216
812.759194216
812.759194216
812.759194216
812.759194216
812.759194216
812.759194216
812.759194216
812.759194216
812.759194216
812.759194216
812.759194216
812.759194216
812.759194216
812.759194216
812.759194216
812.759194216
812.759194216
812.759194216
812.759194216
812.759194216
812.759194216
812.759194216
812.759194216
812.759194216
812.759194216
812.759194216
812.759194216
812.759194216
812.759194216
812.759194216
812.759194216
812.759194216
812.759194216
812.759194216
812.759194216
812.759194216
812.759194216
812.759194216
812.759194216
812.759194216
812.759194216
812.759194216
812.759194216
812.759194216
812.759194216
812.759194216
812.759194216
812.759194216
812.759194216
812.759194216
812.759194216
812.759194216
812.759194216
812.759194216
812.759194216
812.759194216
812.759194216
812.759194216
812.759194216
812.759194216
812.759194216
812.759194216
812.759194216
812.759194216
812.759194216
812.759194216
812.759194216
812.759194216
812.759194216
812.759194216
812.759194216
812.759194216
812.759194216
812.759194216
812.759194216
812.759194216
812.759194216
812.759194216
812.759194216
812.759194216
812.759194216
812.759194216
811.860758324
811.860758324
811.860758324
811.860758324
811.860758324
811.860758324
811.860758324
811.860758324
811.860758324
811.860758324
811.860758324
811.860758324
811.860758324
811.860758324
811.860758324
802.737588782
802.737588782
802.737588782
802.737588782
802.737588782
802.737588782
802.737588782
802.737588782
802.737588782
802.737588782
802.737588782
802.737588782
802.737588782
802.737588782
802.737588782
802.737588782
802.737588782
802.737588782
802.737588782
802.737588782
802.737588782
802.737588782
802.737588782
802.737588782
802.737588782
802.737588782
802.737588782
802.737588782
802.737588782
802.737588782
802.737588782
795.425984965
788.695405044
788.695405044
788.695405044
788.695405044
788.695405044
788.695405044
788.695405044
788.695405044
788.695405044
788.695405044
788.695405044
788.695405044
788.695405044
788.695405044
788.695405044
788.695405044
788.695405044
788.695405044
788.695405044
788.695405044
788.695405044
788.695405044
788.695405044
788.695405044
788.695405044
788.695405044
788.695405044
788.695405044
788.695405044
788.695405044
788.695405044
788.695405044
788.695405044
788.695405044
788.695405044
788.695405044
788.695405044
788.695405044
788.695405044
788.695405044
788.695405044
788.695405044
788.695405044
788.695405044
788.695405044
788.695405044
788.695405044
788.695405044
788.695405044
788.695405044
788.695405044
788.695405044
788.695405044
788.695405044
788.695405044
788.695405044
788.695405044
788.695405044
788.695405044
788.695405044
788.695405044
788.695405044
788.695405044
788.695405044
788.695405044
788.695405044
788.695405044
788.695405044
788.695405044
788.695405044
788.695405044
788.695405044
788.695405044
788.695405044
788.695405044
788.695405044
788.695405044
788.695405044
788.695405044
785.288130111
785.288130111
785.288130111
785.288130111
785.288130111
785.288130111
785.288130111
785.288130111
785.288130111
785.288130111
785.288130111
785.288130111
785.288130111
785.288130111
785.288130111
785.288130111
785.288130111
785.288130111
785.288130111
785.288130111
785.288130111
785.288130111
785.288130111
785.288130111
785.288130111
785.288130111
785.288130111
785.288130111
785.288130111
785.288130111
785.288130111
785.288130111
785.288130111
785.288130111
785.288130111
776.693463128
776.693463128
776.693463128
776.693463128
776.693463128
776.693463128
776.693463128
776.693463128
776.693463128
776.693463128
776.693463128
776.693463128
776.693463128
776.693463128
776.693463128
776.693463128
776.693463128
776.693463128
774.151372721
774.151372721
774.151372721
774.151372721
774.151372721
774.151372721
774.151372721
774.151372721
774.151372721
774.151372721
774.151372721
774.151372721
774.151372721
774.151372721
774.151372721
774.151372721
774.151372721
774.151372721
774.151372721
774.151372721
774.151372721
774.151372721
774.151372721
774.151372721
774.151372721
774.151372721
774.151372721
774.151372721
774.151372721
769.992153302
769.992153302
769.992153302
769.992153302
769.992153302
769.992153302
769.992153302
769.992153302
769.992153302
769.992153302
769.992153302
769.992153302
769.992153302
769.992153302
769.992153302
769.992153302
769.992153302
769.992153302
769.992153302
769.992153302
769.992153302
769.992153302
769.992153302
769.992153302
769.992153302
769.992153302
769.992153302
769.992153302
769.992153302
769.992153302
769.992153302
769.992153302
769.992153302
769.992153302
769.992153302
769.992153302
769.992153302
769.992153302
769.992153302
769.992153302
769.992153302
769.992153302
769.992153302
769.992153302
769.992153302
769.992153302
768.777755361
768.777755361
768.777755361
768.777755361
768.777755361
768.777755361
768.777755361
768.777755361
768.777755361
768.777755361
768.777755361
768.777755361
768.777755361
768.777755361
768.777755361
768.777755361
768.777755361
768.777755361
768.777755361
768.777755361
768.777755361
768.777755361
768.777755361
768.777755361
768.777755361
768.777755361
768.777755361
768.777755361
768.777755361
768.777755361
768.777755361
768.777755361
768.777755361
768.777755361
768.777755361
768.777755361
768.777755361
768.777755361
768.777755361
752.775862722
752.775862722
752.775862722
752.775862722
752.775862722
752.17003408
752.17003408
752.17003408
752.17003408
752.17003408
752.17003408
752.17003408
752.17003408
750.79951872
744.600463517
744.600463517
744.600463517
744.600463517
744.600463517
744.600463517
744.600463517
744.600463517
744.600463517
734.16159577
734.16159577
734.16159577
734.16159577
734.16159577
734.16159577
734.16159577
734.16159577
734.16159577
734.16159577
734.16159577
734.16159577
734.16159577
734.16159577
734.16159577
734.16159577
734.16159577
734.16159577
734.16159577
734.16159577
734.16159577
734.16159577
734.16159577
734.16159577
734.16159577
734.16159577
734.16159577
734.16159577
734.16159577
734.16159577
734.16159577
734.16159577
734.16159577
734.16159577
734.16159577
734.16159577
734.16159577
734.16159577
734.16159577
734.16159577
734.16159577
729.011322121
729.011322121
729.011322121
729.011322121
729.011322121
729.011322121
729.011322121
729.011322121
729.011322121
729.011322121
729.011322121
729.011322121
729.011322121
724.318400126
724.318400126
724.318400126
724.318400126
724.318400126
724.318400126
724.318400126
724.318400126
724.318400126
724.318400126
724.318400126
724.318400126
724.318400126
724.318400126
724.318400126
724.318400126
724.318400126
724.318400126
724.318400126
724.318400126
724.318400126
724.318400126
724.318400126
724.318400126
724.318400126
724.318400126
724.318400126
724.318400126
724.318400126
724.318400126
724.318400126
724.318400126
724.318400126
724.318400126
724.318400126
724.318400126
724.318400126
724.318400126
724.318400126
724.318400126
724.318400126
724.318400126
724.318400126
724.318400126
724.318400126
724.318400126
724.318400126
724.318400126
724.318400126
724.318400126
724.318400126
724.318400126
724.318400126
724.318400126
720.478627862
720.478627862
720.478627862
720.478627862
720.478627862
720.478627862
720.478627862
720.478627862
720.478627862
720.478627862
720.478627862
720.478627862
720.478627862
720.478627862
720.478627862
720.478627862
720.478627862
720.478627862
720.478627862
720.478627862
720.478627862
720.478627862
720.478627862
720.478627862
720.478627862
720.478627862
720.478627862
720.478627862
720.478627862
720.478627862
720.478627862
720.478627862
720.478627862
720.478627862
720.478627862
720.478627862
720.478627862
720.478627862
720.478627862
720.478627862
720.478627862
720.478627862
720.478627862
720.478627862
720.478627862
720.478627862
720.478627862
720.478627862
720.478627862
720.478627862
720.478627862
720.478627862
720.478627862
720.478627862
720.478627862
717.79996867
717.79996867
717.79996867
711.319107224
711.319107224
711.319107224
711.319107224
711.319107224
711.319107224
711.319107224
711.319107224
711.319107224
711.319107224
711.319107224
703.76768855
703.76768855
703.76768855
703.76768855
703.76768855
703.76768855
703.76768855
703.76768855
703.76768855
703.76768855
703.76768855
703.76768855
703.76768855
703.76768855
703.76768855
703.76768855
703.76768855
703.76768855
703.76768855
703.76768855
703.76768855
703.76768855
703.76768855
703.76768855
703.76768855
703.76768855
703.76768855
703.76768855
703.76768855
703.76768855
703.76768855
703.76768855
703.76768855
703.76768855
703.76768855
703.76768855
703.76768855
703.76768855
703.76768855
703.76768855
703.76768855
703.76768855
703.76768855
703.76768855
703.76768855
703.76768855
703.76768855
703.76768855
703.76768855
703.76768855
703.76768855
703.76768855
703.76768855
703.76768855
703.76768855
703.76768855
703.76768855
703.76768855
703.76768855
703.76768855
703.76768855
703.76768855
703.76768855
703.76768855
703.76768855
703.76768855
703.76768855
703.76768855
703.76768855
703.76768855
703.76768855
703.76768855
703.76768855
703.76768855
703.76768855
703.76768855
703.76768855
694.45849346
694.45849346
694.45849346
694.45849346
694.45849346
694.45849346
694.45849346
694.45849346
694.45849346
694.45849346
694.45849346
694.45849346
694.45849346
694.45849346
694.45849346
694.45849346
694.45849346
694.45849346
694.45849346
694.45849346
694.45849346
694.45849346
694.45849346
694.45849346
694.45849346
694.45849346
694.45849346
694.45849346
694.45849346
694.45849346
694.45849346
694.45849346
694.45849346
694.45849346
694.45849346
694.45849346
694.45849346
694.45849346
694.45849346
694.45849346
694.45849346
694.45849346
694.45849346
694.45849346
694.45849346
694.45849346
694.45849346
694.45849346
694.45849346
694.45849346
694.45849346
694.45849346
694.45849346
694.45849346
694.45849346
694.45849346
694.45849346
694.45849346
694.45849346
694.45849346
694.45849346
694.45849346
694.45849346
694.45849346
691.779834268
691.779834268
691.779834268
691.779834268
691.779834268
691.779834268
691.779834268
691.779834268
691.779834268
691.779834268
691.779834268
691.779834268
691.779834268
691.779834268
691.779834268
691.779834268
691.779834268
691.291618034
691.291618034
691.291618034
691.291618034
691.291618034
691.291618034
691.291618034
691.291618034
691.291618034
691.291618034
691.291618034
691.291618034
691.291618034
691.291618034
691.291618034
691.291618034
691.291618034
691.291618034
691.291618034
691.291618034
691.291618034
691.291618034
691.291618034
691.291618034
691.291618034
691.291618034
691.291618034
691.291618034
691.291618034
691.291618034
691.291618034
691.291618034
691.291618034
691.291618034
691.291618034
691.291618034
691.291618034
691.291618034
691.291618034
691.291618034
691.291618034
691.291618034
691.291618034
691.291618034
691.291618034
691.291618034
691.291618034
688.268121731
688.268121731
688.268121731
688.268121731
688.268121731
688.268121731
688.268121731
688.268121731
688.268121731
688.268121731
688.268121731
688.268121731
688.268121731
688.268121731
688.268121731
688.268121731
688.268121731
688.268121731
688.268121731
688.268121731
688.268121731
688.268121731
688.268121731
688.268121731
688.268121731
688.268121731
688.268121731
688.268121731
688.268121731
688.268121731
688.268121731
688.268121731
688.268121731
688.268121731
688.268121731
688.268121731
688.268121731
688.268121731
688.268121731
688.268121731
688.268121731
688.268121731
688.268121731
688.268121731
688.268121731
688.268121731
688.268121731
688.268121731
688.268121731
688.268121731
688.268121731
688.268121731
688.268121731
688.268121731
688.268121731
688.268121731
688.268121731
688.268121731
688.268121731
688.268121731
688.268121731
688.268121731
688.268121731
679.510849796
679.510849796
679.510849796
679.510849796
679.510849796
679.510849796
679.510849796
679.510849796
679.510849796
679.510849796
679.510849796
679.510849796
679.510849796
679.510849796
679.510849796
679.510849796
679.510849796
679.510849796
679.510849796
679.510849796
679.510849796
679.510849796
679.510849796
679.510849796
679.510849796
679.510849796
679.510849796
679.510849796
679.510849796
679.510849796
679.510849796
679.510849796
679.510849796
679.510849796
679.510849796
679.510849796
679.510849796
679.510849796
679.510849796
679.510849796
679.510849796
679.510849796
679.510849796
679.510849796
679.510849796
679.510849796
679.510849796
679.510849796
679.510849796
679.510849796
679.510849796
679.510849796
679.510849796
679.510849796
679.510849796
679.510849796
679.510849796
679.510849796
679.510849796
679.510849796
679.510849796
679.510849796
679.510849796
679.510849796
679.510849796
679.510849796
679.510849796
679.510849796
679.510849796
679.510849796
679.510849796
679.510849796
679.510849796
679.510849796
679.510849796
679.510849796
679.510849796
679.510849796
679.510849796
679.510849796
679.510849796
679.510849796
679.510849796
679.510849796
679.510849796
679.510849796
679.510849796
679.510849796
679.510849796
679.510849796
679.510849796
679.510849796
679.510849796
679.510849796
679.510849796
675.564490529
675.564490529
675.564490529
675.564490529
675.564490529
675.564490529
675.564490529
675.564490529
675.564490529
675.564490529
675.564490529
675.564490529
675.564490529
675.564490529
675.564490529
675.564490529
675.564490529
675.564490529
675.564490529
675.564490529
675.564490529
675.564490529
675.564490529
675.564490529
675.564490529
675.564490529
675.564490529
675.564490529
675.564490529
675.564490529
675.564490529
675.564490529
675.564490529
675.564490529
675.564490529
675.564490529
675.564490529
675.564490529
675.564490529
675.564490529
675.564490529
675.564490529
675.564490529
673.211585553
673.211585553
673.211585553
673.211585553
673.211585553
673.211585553
673.211585553
673.211585553
673.211585553
673.211585553
673.211585553
673.211585553
673.211585553
673.211585553
673.211585553
673.211585553
673.211585553
673.211585553
673.211585553
673.211585553
673.211585553
673.211585553
673.211585553
673.211585553
673.211585553
673.211585553
673.211585553
673.211585553
673.211585553
673.211585553
673.211585553
673.211585553
673.211585553
673.211585553
673.211585553
673.211585553
673.211585553
673.211585553
673.211585553
673.211585553
673.211585553
673.211585553
673.211585553
673.211585553
673.211585553
673.211585553
673.211585553
673.211585553
673.211585553
673.211585553
673.211585553
673.211585553
673.211585553
673.211585553
673.211585553
673.211585553
673.211585553
673.211585553
673.211585553
673.211585553
673.211585553
673.211585553
673.211585553
673.211585553
673.211585553
673.211585553
673.211585553
673.211585553
673.211585553
673.211585553
673.211585553
673.211585553
673.211585553
673.211585553
673.211585553
673.211585553
673.211585553
673.211585553
673.211585553
673.211585553
673.211585553
673.211585553
673.211585553
673.211585553
673.211585553
673.211585553
673.211585553
673.211585553
673.211585553
673.211585553
673.211585553
673.211585553
673.211585553
673.211585553
673.211585553
673.211585553
673.211585553
673.211585553
673.211585553
673.211585553
673.211585553
673.211585553
673.211585553
673.211585553
673.211585553
673.211585553
673.211585553
673.211585553
673.211585553
673.211585553
673.211585553
673.211585553
664.764797764
664.764797764
664.764797764
664.764797764
664.764797764
664.764797764
664.764797764
664.764797764
664.764797764
664.764797764
664.764797764
664.764797764
664.764797764
664.764797764
664.764797764
664.764797764
664.764797764
664.764797764
664.764797764
664.764797764
664.764797764
664.764797764
664.764797764
664.764797764
664.764797764
664.764797764
664.764797764
664.764797764
664.764797764
664.764797764
664.764797764
664.764797764
664.764797764
664.764797764
664.764797764
664.764797764
664.764797764
664.764797764
664.764797764
664.764797764
664.764797764
664.764797764
664.764797764
664.764797764
664.764797764
664.764797764
664.764797764
664.764797764
664.764797764
664.764797764
664.764797764
664.764797764
664.764797764
664.764797764
664.764797764
664.764797764
664.764797764
664.764797764
664.764797764
664.764797764
664.764797764
664.764797764
664.764797764
664.764797764
664.764797764
664.764797764
664.764797764
664.764797764
664.764797764
664.764797764
664.764797764
664.764797764
664.764797764
664.764797764
664.764797764
664.764797764
664.764797764
664.764797764
664.764797764
664.764797764
664.764797764
664.764797764
664.764797764
664.764797764
664.764797764
664.764797764
664.764797764
664.764797764
664.764797764
664.764797764
664.764797764
664.764797764
664.764797764
664.764797764
664.764797764
664.764797764
664.764797764
664.764797764
664.764797764
664.764797764
664.764797764
664.764797764
664.764797764
664.764797764
664.764797764
664.764797764
664.764797764
664.764797764
664.764797764
664.764797764
664.764797764
664.764797764
664.764797764
664.764797764
664.764797764
664.764797764
664.764797764
664.764797764
664.764797764
664.764797764
664.764797764
664.764797764
664.764797764
664.764797764
664.764797764
664.764797764
664.764797764
664.764797764
664.764797764
664.764797764
664.764797764
664.764797764
664.764797764
664.764797764
664.764797764
664.764797764
664.764797764
664.764797764
664.764797764
664.764797764
664.764797764
664.764797764
664.764797764
664.764797764
664.764797764
664.764797764
664.764797764
664.764797764
664.764797764
664.764797764
664.764797764
664.764797764
664.764797764
664.764797764
664.764797764
664.764797764
664.764797764
664.764797764
664.764797764
664.764797764
664.764797764
664.764797764
664.764797764
664.764797764
664.764797764
664.764797764
664.764797764
664.764797764
664.764797764
658.323673633
658.323673633
658.323673633
658.323673633
658.323673633
658.323673633
658.323673633
658.323673633
658.323673633
658.323673633
658.323673633
658.323673633
658.323673633
656.612314144
656.612314144
656.612314144
656.612314144
656.612314144
656.612314144
656.612314144
656.612314144
656.612314144
656.612314144
656.612314144
656.612314144
656.612314144
656.612314144
656.612314144
656.612314144
656.612314144
656.612314144
656.612314144
656.612314144
656.612314144
656.612314144
656.612314144
656.612314144
656.612314144
655.84737595
655.84737595
655.84737595
655.84737595
655.84737595
655.84737595
655.84737595
655.84737595
655.84737595
655.84737595
655.84737595
655.84737595
655.84737595
655.84737595
655.84737595
655.84737595
655.84737595
655.84737595
655.84737595
655.84737595
655.84737595
655.84737595
655.84737595
655.84737595
655.84737595
655.84737595
655.84737595
655.84737595
655.84737595
655.84737595
655.84737595
655.84737595
655.84737595
655.84737595
655.84737595
655.84737595
655.84737595
655.84737595
655.84737595
655.84737595
655.84737595
655.84737595
655.84737595
655.84737595
655.84737595
655.84737595
655.84737595
655.84737595
655.84737595
655.84737595
655.84737595
655.84737595
655.84737595
655.84737595
655.84737595
655.84737595
655.84737595
655.84737595
655.84737595
655.84737595
655.84737595
655.84737595
655.84737595
655.84737595
655.84737595
655.84737595
655.84737595
655.84737595
655.84737595
655.84737595
655.84737595
655.84737595
655.84737595
655.84737595
655.84737595
655.84737595
655.84737595
655.84737595
655.84737595
655.84737595
655.052380007
655.052380007
655.052380007
655.052380007
655.052380007
655.052380007
655.052380007
655.052380007
655.052380007
655.052380007
655.052380007
655.052380007
655.052380007
655.052380007
655.052380007
655.052380007
655.052380007
655.052380007
655.052380007
655.052380007
655.052380007
655.052380007
655.052380007
655.052380007
655.052380007
655.052380007
655.052380007
655.052380007
655.052380007
655.052380007
655.052380007
655.052380007
655.052380007
655.052380007
655.052380007
655.052380007
655.052380007
655.052380007
655.052380007
655.052380007
655.052380007
655.052380007
655.052380007
655.052380007
655.052380007
655.052380007
655.052380007
655.052380007
655.052380007
655.052380007
655.052380007
655.052380007
655.052380007
655.052380007
655.052380007
655.052380007
655.052380007
655.052380007
655.052380007
655.052380007
655.052380007
655.052380007
655.052380007
655.052380007
655.052380007
655.052380007
655.052380007
655.052380007
655.052380007
655.052380007
655.052380007
655.052380007
655.052380007
651.983366132
651.983366132
651.983366132
651.983366132
651.983366132
651.983366132
651.983366132
651.983366132
651.983366132
651.983366132
651.983366132
651.983366132
651.983366132
651.983366132
651.983366132
651.983366132
651.983366132
651.983366132
651.983366132
651.983366132
651.983366132
651.983366132
651.983366132
651.983366132
651.983366132
651.983366132
651.983366132
651.983366132
651.983366132
651.983366132
651.983366132
651.983366132
651.983366132
651.983366132
651.983366132
651.983366132
651.983366132
651.983366132
651.983366132
651.983366132
651.983366132
651.983366132
651.983366132
651.983366132
651.983366132
651.983366132
651.983366132
651.983366132
651.983366132
651.983366132
651.983366132
651.983366132
651.983366132
651.983366132
651.983366132
651.983366132
651.983366132
651.983366132
651.983366132
651.983366132
651.983366132
651.983366132
651.983366132
651.983366132
651.983366132
651.983366132
651.983366132
651.983366132
651.983366132
651.983366132
651.983366132
651.983366132
651.983366132
651.983366132
651.983366132
651.983366132
651.983366132
651.983366132
651.983366132
651.983366132
651.983366132
651.983366132
651.983366132
651.983366132
651.983366132
651.983366132
651.983366132
651.983366132
651.983366132
651.983366132
651.983366132
651.983366132
651.983366132
651.983366132
651.983366132
651.983366132
651.983366132
651.983366132
651.983366132
651.983366132
651.983366132
651.983366132
651.983366132
651.983366132
651.983366132
651.983366132
651.983366132
651.983366132
651.983366132
651.983366132
651.983366132
651.983366132
651.983366132
651.983366132
651.983366132
651.983366132
651.983366132
651.983366132
651.983366132
651.983366132
651.983366132
651.983366132
651.983366132
651.983366132
650.59723419
650.59723419
650.59723419
650.59723419
650.59723419
650.59723419
650.59723419
650.59723419
650.59723419
650.59723419
650.59723419
650.59723419
650.59723419
650.59723419
650.59723419
650.59723419
650.59723419
650.59723419
650.59723419
650.59723419
650.59723419
650.59723419
650.59723419
650.59723419
650.59723419
650.59723419
650.59723419
650.59723419
650.59723419
650.59723419
650.59723419
650.59723419
650.59723419
650.59723419
650.59723419
650.59723419
650.59723419
650.59723419
650.59723419
650.59723419
650.59723419
650.59723419
650.59723419
650.59723419
650.59723419
650.59723419
650.59723419
650.59723419
650.59723419
650.59723419
650.59723419
650.59723419
650.59723419
650.59723419
650.59723419
650.59723419
650.59723419
650.59723419
650.59723419
650.59723419
650.59723419
650.59723419
650.59723419
650.59723419
650.59723419
650.59723419
650.59723419
650.59723419
650.59723419
650.59723419
650.59723419
650.59723419
650.59723419
650.59723419
650.59723419
650.59723419
650.59723419
650.59723419
650.414714242
650.414714242
650.414714242
650.414714242
650.414714242
650.414714242
650.414714242
650.414714242
650.414714242
650.414714242
650.414714242
650.414714242
650.414714242
650.414714242
650.414714242
650.414714242
650.414714242
636.576590408
636.576590408
636.576590408
636.576590408
636.576590408
636.576590408
636.576590408
636.576590408
636.576590408
636.576590408
636.576590408
636.576590408
636.576590408
636.576590408
636.576590408
636.576590408
636.576590408
636.576590408
636.576590408
636.576590408
636.576590408
636.576590408
636.576590408
636.576590408
636.576590408
636.576590408
636.576590408
636.576590408
636.576590408
636.576590408
636.576590408
636.576590408
632.410991574
632.410991574
632.410991574
632.410991574
632.410991574
632.410991574
632.410991574
632.410991574
632.410991574
632.410991574
632.410991574
632.410991574
632.410991574
632.410991574
632.410991574
632.410991574
632.410991574
632.410991574
632.410991574
632.410991574
632.410991574
632.410991574
632.410991574
632.410991574
632.410991574
632.410991574
632.410991574
632.410991574
632.410991574
632.410991574
632.410991574
632.410991574
632.410991574
632.410991574
632.410991574
632.410991574
632.410991574
632.410991574
632.410991574
632.410991574
632.410991574
632.410991574
632.410991574
632.410991574
632.410991574
632.410991574
632.410991574
632.410991574
632.410991574
632.410991574
632.410991574
632.410991574
632.410991574
632.410991574
632.410991574
632.410991574
632.410991574
632.410991574
632.410991574
632.410991574
632.410991574
632.410991574
632.410991574
632.410991574
632.410991574
632.410991574
632.410991574
632.410991574
632.410991574
632.410991574
632.410991574
632.410991574
632.410991574
632.410991574
632.410991574
632.410991574
632.410991574
632.410991574
632.410991574
632.410991574
632.410991574
632.410991574
632.410991574
632.410991574
632.410991574
632.410991574
632.410991574
632.410991574
632.410991574
632.410991574
632.410991574
632.410991574
632.410991574
632.410991574
632.410991574
632.410991574
632.410991574
632.410991574
632.410991574
632.410991574
632.410991574
632.410991574
632.410991574
632.410991574
632.410991574
632.410991574
632.410991574
630.997958346
630.997958346
630.997958346
630.997958346
630.997958346
630.997958346
630.997958346
630.997958346
630.997958346
630.997958346
630.997958346
630.997958346
630.997958346
630.997958346
630.997958346
630.997958346
630.997958346
630.997958346
630.997958346
630.997958346
630.997958346
630.997958346
630.997958346
630.997958346
630.997958346
630.997958346
630.997958346
630.997958346
630.997958346
630.997958346
630.997958346
630.997958346
630.997958346
630.997958346
630.997958346
630.997958346
630.997958346
630.997958346
630.997958346
630.997958346
630.997958346
630.997958346
630.997958346
630.997958346
630.997958346
630.997958346
630.997958346
630.997958346
630.997958346
630.997958346
630.997958346
630.997958346
630.997958346
630.997958346
630.997958346
630.997958346
630.997958346
630.997958346
630.997958346
630.997958346
630.997958346
630.997958346
630.997958346
630.997958346
630.997958346
630.997958346
630.997958346
630.997958346
630.997958346
630.997958346
630.997958346
630.997958346
630.997958346
630.997958346
630.997958346
630.997958346
630.997958346
630.997958346
630.997958346
630.997958346
630.997958346
630.997958346
630.997958346
630.997958346
630.997958346
630.997958346
630.997958346
630.997958346
630.997958346
630.997958346
630.997958346
630.997958346
630.997958346
630.997958346
630.997958346
630.997958346
630.997958346
630.997958346
630.997958346
630.997958346
630.997958346
630.997958346
630.997958346
630.997958346
630.997958346
630.997958346
630.997958346
630.997958346
630.997958346
630.997958346
630.997958346
630.997958346
630.997958346
630.997958346
630.997958346
630.997958346
630.997958346
630.997958346
630.997958346
630.997958346
630.997958346
630.997958346
630.997958346
630.997958346
630.997958346
630.997958346
630.997958346
630.997958346
630.997958346
630.997958346
630.997958346
630.997958346
630.997958346
630.997958346
630.997958346
630.997958346
630.997958346
630.997958346
630.997958346
630.997958346
625.629120383
625.629120383
625.629120383
625.629120383
625.629120383
625.629120383
625.629120383
625.629120383
625.629120383
625.629120383
625.629120383
625.629120383
624.64627136
624.64627136
624.64627136
624.64627136
624.64627136
624.64627136
624.64627136
624.64627136
624.64627136
624.64627136
624.64627136
624.64627136
624.64627136
624.64627136
624.64627136
624.64627136
624.64627136
624.64627136
624.64627136
624.64627136
624.64627136
624.64627136
624.64627136
624.64627136
624.64627136
624.64627136
624.64627136
624.64627136
624.64627136
624.64627136
624.64627136
624.64627136
624.64627136
624.64627136
624.64627136
624.64627136
624.64627136
624.64627136
624.64627136
624.64627136
624.64627136
624.64627136
624.64627136
624.64627136
624.64627136
624.64627136
624.64627136
624.64627136
624.64627136
624.64627136
624.64627136
624.64627136
624.64627136
624.64627136
624.64627136
624.64627136
624.64627136
624.64627136
624.64627136
624.64627136
624.64627136
624.64627136
624.64627136
624.64627136
624.64627136
624.64627136
624.64627136
624.64627136
624.64627136
624.64627136
624.64627136
624.64627136
624.64627136
624.64627136
624.64627136
624.64627136
624.64627136
624.64627136
624.64627136
624.64627136
624.64627136
624.64627136
624.64627136
624.64627136
624.64627136
624.64627136
624.64627136
624.64627136
624.64627136
624.64627136
624.64627136
624.64627136
624.64627136
624.64627136
624.64627136
624.64627136
624.64627136
624.64627136
624.64627136
624.64627136
624.64627136
624.64627136
624.64627136
624.64627136
624.64627136
624.64627136
624.64627136
624.64627136
624.64627136
624.64627136
624.64627136
624.64627136
624.64627136
624.64627136
624.64627136
624.64627136
624.64627136
624.64627136
624.64627136
624.64627136
624.64627136
624.64627136
624.64627136
624.64627136
624.64627136
624.64627136
624.64627136
624.64627136
624.64627136
624.64627136
624.64627136
624.64627136
624.64627136
624.64627136
624.64627136
624.64627136
624.64627136
624.64627136
624.64627136
624.64627136
624.64627136
624.64627136
624.64627136
624.64627136
624.64627136
624.64627136
624.64627136
624.64627136
624.64627136
624.64627136
624.64627136
624.64627136
624.64627136
624.64627136
624.64627136
624.64627136
624.64627136
624.64627136
624.64627136
624.64627136
624.64627136
624.64627136
624.64627136
624.64627136
624.64627136
624.64627136
624.64627136
624.64627136
624.64627136
624.64627136
624.64627136
624.64627136
624.64627136
624.64627136
624.64627136
624.64627136
624.64627136
624.64627136
624.64627136
624.64627136
624.64627136
624.64627136
624.64627136
624.64627136
624.64627136
624.64627136
624.64627136
624.64627136
624.64627136
624.64627136
624.64627136
624.64627136
624.64627136
624.64627136
624.64627136
624.64627136
624.64627136
624.64627136
624.64627136
624.64627136
624.64627136
624.64627136
624.64627136
624.64627136
624.64627136
624.64627136
624.64627136
624.64627136
624.64627136
624.64627136
624.64627136
624.64627136
624.64627136
624.64627136
624.64627136
624.64627136
624.64627136
624.64627136
624.64627136
624.64627136
624.64627136
624.64627136
624.64627136
624.64627136
624.64627136
624.64627136
624.64627136
624.64627136
624.64627136
623.327129793
623.327129793
623.327129793
623.327129793
623.327129793
623.327129793
623.327129793
623.327129793
623.327129793
623.327129793
623.327129793
623.327129793
623.327129793
623.327129793
623.327129793
623.327129793
623.327129793
623.327129793
623.327129793
623.327129793
623.327129793
623.327129793
623.327129793
623.327129793
623.327129793
623.327129793
623.327129793
623.327129793
623.327129793
623.327129793
623.327129793
623.327129793
623.327129793
623.327129793
623.327129793
623.327129793
623.327129793
623.327129793
623.327129793
623.327129793
623.327129793
623.327129793
623.327129793
623.327129793
623.327129793
623.327129793
623.327129793
623.327129793
623.327129793
623.327129793
623.327129793
623.327129793
623.327129793
623.327129793
623.327129793
623.327129793
623.327129793
623.327129793
623.327129793
623.327129793
623.327129793
623.327129793
623.327129793
623.327129793
623.327129793
623.327129793
623.327129793
623.327129793
623.327129793
623.327129793
623.327129793
623.327129793
623.327129793
623.327129793
623.327129793
623.327129793
623.327129793
623.327129793
623.327129793
623.327129793
623.327129793
623.327129793
623.327129793
623.327129793
623.327129793
623.327129793
623.327129793
623.327129793
623.327129793
623.327129793
623.327129793
623.327129793
623.327129793
623.327129793
623.327129793
623.327129793
623.327129793
623.327129793
623.327129793
623.327129793
623.327129793
623.327129793
623.327129793
623.327129793
623.327129793
623.327129793
623.327129793
623.327129793
623.327129793
623.327129793
623.327129793
623.327129793
623.327129793
623.327129793
623.327129793
623.327129793
623.327129793
623.327129793
623.327129793
623.327129793
623.327129793
623.327129793
623.327129793
623.327129793
623.327129793
623.327129793
623.327129793
623.327129793
623.327129793
623.327129793
623.327129793
623.327129793
623.327129793
623.327129793
623.327129793
623.327129793
623.327129793
623.327129793
623.327129793
623.327129793
623.327129793
623.327129793
623.327129793
623.327129793
623.327129793
623.327129793
623.327129793
623.327129793
623.327129793
623.327129793
623.327129793
623.327129793
623.327129793
623.327129793
623.327129793
623.327129793
623.327129793
623.327129793
623.327129793
623.327129793
623.327129793
623.327129793
623.327129793
623.327129793
623.327129793
623.327129793
623.327129793
623.327129793
623.327129793
623.327129793
623.327129793
623.327129793
623.327129793
623.327129793
623.327129793
623.327129793
623.327129793
623.327129793
623.327129793
623.327129793
623.327129793
623.327129793
623.327129793
623.327129793
623.327129793
623.327129793
623.327129793
623.327129793
623.327129793
623.327129793
623.327129793
623.327129793
623.327129793
623.327129793
623.327129793
623.327129793
623.327129793
623.327129793
623.327129793
623.327129793
623.327129793
623.327129793
623.327129793
623.327129793
623.327129793
623.327129793
623.327129793
623.327129793
623.327129793
623.327129793
623.327129793
623.327129793
623.327129793
623.327129793
623.327129793
623.327129793
623.327129793
623.327129793
623.327129793
623.327129793
623.327129793
623.327129793
623.327129793
623.327129793
623.327129793
623.327129793
623.327129793
623.327129793
623.327129793
623.327129793
623.327129793
623.327129793
623.327129793
623.327129793
623.327129793
623.327129793
623.327129793
623.327129793
623.327129793
623.327129793
623.327129793
623.327129793
623.327129793
623.327129793
623.327129793
623.327129793
623.327129793
623.327129793
623.327129793
623.327129793
621.346772708
621.346772708
621.346772708
621.346772708
621.346772708
621.346772708
621.346772708
621.346772708
621.346772708
621.346772708
621.346772708
621.346772708
621.346772708
621.346772708
615.408537369
615.408537369
615.408537369
615.408537369
615.408537369
615.408537369
615.408537369
615.408537369
615.408537369
615.408537369
615.408537369
615.408537369
615.408537369
615.408537369
615.408537369
615.408537369
615.408537369
615.408537369
615.408537369
615.408537369
615.408537369
615.408537369
615.408537369
615.408537369
615.408537369
615.408537369
615.408537369
615.408537369
615.408537369
615.408537369
615.408537369
615.408537369
615.408537369
615.408537369
615.408537369
615.408537369
615.408537369
615.408537369
615.408537369
615.408537369
615.408537369
615.408537369
615.408537369
615.408537369
615.408537369
615.408537369
615.408537369
615.408537369
615.408537369
615.408537369
615.408537369
615.408537369
615.408537369
615.408537369
615.408537369
615.408537369
615.408537369
615.408537369
615.408537369
615.408537369
615.408537369
615.408537369
615.408537369
615.408537369
615.408537369
615.408537369
615.408537369
615.408537369
615.408537369
615.408537369
615.408537369
615.408537369
615.408537369
615.408537369
615.408537369
615.408537369
615.408537369
615.408537369
615.408537369
615.408537369
615.408537369
615.408537369
615.408537369
615.408537369
615.408537369
615.408537369
615.408537369
615.408537369
615.408537369
615.408537369
615.408537369
615.408537369
615.408537369
615.408537369
615.408537369
615.408537369
615.408537369
615.408537369
615.408537369
615.408537369
615.408537369
615.408537369
615.408537369
615.408537369
615.408537369
615.408537369
615.408537369
615.408537369
615.408537369
615.408537369
615.408537369
615.408537369
615.408537369
615.408537369
615.408537369
615.408537369
615.408537369
615.408537369
615.408537369
615.408537369
615.408537369
615.408537369
615.408537369
615.408537369
615.408537369
615.408537369
615.408537369
615.408537369
615.408537369
615.408537369
615.408537369
615.408537369
615.408537369
615.408537369
615.408537369
615.408537369
615.408537369
615.408537369
615.408537369
615.408537369
615.408537369
615.408537369
615.408537369
615.408537369
615.408537369
615.408537369
615.408537369
615.408537369
615.408537369
615.408537369
615.408537369
615.408537369
615.408537369
615.408537369
615.408537369
615.408537369
615.408537369
615.408537369
615.408537369
615.408537369
615.408537369
615.408537369
615.408537369
615.408537369
615.408537369
615.408537369
615.408537369
615.408537369
615.408537369
615.408537369
615.408537369
615.408537369
615.408537369
615.408537369
615.408537369
615.408537369
615.408537369
615.408537369
615.408537369
615.408537369
615.408537369
615.408537369
615.408537369
615.408537369
615.408537369
615.408537369
615.408537369
615.408537369
615.408537369
615.408537369
615.408537369
615.408537369
615.408537369
615.408537369
615.408537369
615.408537369
615.408537369
615.408537369
615.408537369
615.408537369
615.408537369
615.408537369
615.408537369
615.408537369
615.408537369
615.408537369
615.408537369
615.408537369
615.408537369
615.408537369
615.408537369
615.408537369
615.408537369
615.408537369
615.408537369
615.408537369
615.408537369
615.408537369
615.408537369
615.408537369
615.408537369
615.408537369
615.408537369
615.408537369
615.408537369
615.408537369
615.408537369
615.408537369
615.408537369
615.408537369
615.408537369
615.408537369
615.408537369
615.408537369
615.408537369
615.408537369
615.408537369
615.408537369
615.408537369
615.408537369
615.408537369
615.408537369
615.408537369
615.408537369
615.408537369
615.408537369
615.408537369
615.408537369
615.408537369
615.408537369
615.408537369
615.408537369
615.408537369
615.408537369
615.408537369
615.408537369
615.408537369
615.408537369
615.408537369
615.408537369
615.408537369
615.408537369
615.408537369
615.408537369
615.408537369
615.408537369
615.408537369
615.408537369
615.408537369
615.408537369
615.408537369
615.408537369
615.408537369
615.408537369
615.408537369
615.408537369
615.408537369
615.408537369
615.408537369
615.408537369
615.408537369
615.408537369
615.408537369
615.408537369
615.408537369
615.408537369
615.408537369
615.408537369
615.408537369
615.408537369
615.408537369
615.408537369
615.408537369
615.408537369
615.408537369
615.408537369
615.408537369
615.408537369
615.408537369
615.408537369
615.408537369
615.408537369
615.408537369
615.408537369
615.408537369
615.408537369
615.408537369
615.408537369
615.408537369
615.408537369
615.408537369
615.408537369
615.408537369
615.408537369
615.408537369
615.181736925
615.181736925
615.181736925
615.181736925
615.181736925
615.181736925
615.181736925
615.181736925
615.181736925
615.181736925
615.181736925
609.069735749
609.069735749
609.069735749
609.069735749
609.069735749
609.069735749
609.069735749
609.069735749
609.069735749
609.069735749
609.069735749
609.069735749
609.069735749
609.069735749
609.069735749
609.069735749
609.069735749
608.204362966
608.204362966
608.204362966
608.204362966
608.204362966
608.204362966
608.204362966
608.204362966
608.204362966
608.204362966
608.204362966
608.204362966
608.204362966
608.204362966
608.204362966
608.204362966
608.204362966
608.204362966
608.204362966
608.204362966
608.204362966
608.204362966
608.204362966
608.204362966
608.204362966
608.204362966
608.204362966
608.204362966
608.204362966
608.204362966
608.204362966
608.204362966
608.204362966
608.204362966
608.204362966
608.204362966
608.204362966
608.204362966
608.204362966
608.204362966
608.204362966
608.204362966
608.204362966
608.204362966
608.204362966
608.204362966
608.204362966
608.204362966
608.204362966
608.204362966
608.204362966
608.204362966
608.204362966
608.204362966
608.204362966
608.204362966
608.204362966
608.204362966
608.204362966
608.204362966
608.204362966
608.204362966
608.204362966
608.204362966
608.204362966
608.204362966
608.204362966
608.204362966
608.204362966
608.204362966
608.204362966
608.204362966
608.204362966
608.204362966
608.204362966
608.204362966
608.204362966
608.204362966
608.204362966
608.204362966
608.204362966
608.204362966
608.204362966
608.204362966
608.204362966
608.204362966
608.204362966
608.204362966
608.204362966
608.204362966
608.204362966
608.204362966
608.204362966
608.204362966
608.204362966
608.204362966
608.204362966
608.204362966
608.204362966
608.204362966
608.204362966
608.204362966
608.204362966
608.204362966
608.204362966
608.204362966
608.204362966
608.204362966
608.204362966
608.204362966
608.204362966
608.204362966
608.204362966
608.204362966
608.204362966
608.204362966
608.204362966
608.204362966
608.204362966
608.204362966
608.204362966
608.204362966
608.204362966
608.204362966
608.204362966
608.204362966
608.204362966
608.204362966
608.204362966
608.204362966
608.204362966
608.204362966
608.204362966
608.204362966
608.204362966
608.204362966
608.204362966
608.204362966
608.204362966
608.204362966
608.204362966
608.204362966
608.204362966
608.204362966
608.204362966
608.204362966
608.204362966
608.204362966
608.204362966
608.204362966
608.204362966
608.204362966
608.204362966
608.204362966
608.204362966
608.204362966
608.204362966
608.204362966
608.204362966
608.204362966
608.204362966
608.204362966
608.204362966
608.204362966
608.204362966
608.204362966
608.204362966
608.204362966
608.204362966
608.204362966
608.204362966
608.204362966
608.204362966
608.204362966
608.204362966
608.204362966
608.204362966
608.204362966
608.204362966
608.204362966
608.204362966
608.204362966
608.204362966
608.204362966
608.204362966
608.204362966
608.204362966
608.204362966
608.204362966
608.204362966
608.204362966
608.204362966
608.204362966
608.204362966
608.204362966
608.204362966
608.204362966
608.204362966
608.204362966
608.204362966
608.204362966
608.204362966
608.204362966
608.204362966
608.204362966
608.204362966
608.204362966
608.204362966
608.204362966
608.204362966
608.204362966
608.204362966
608.204362966
608.204362966
608.204362966
608.204362966
608.204362966
608.204362966
608.204362966
608.204362966
608.204362966
608.204362966
608.204362966
608.204362966
608.204362966
608.204362966
608.204362966
608.204362966
608.204362966
608.204362966
608.204362966
608.204362966
608.204362966
608.204362966
608.204362966
608.204362966
608.204362966
608.204362966
608.204362966
608.204362966
608.204362966
608.204362966
608.204362966
608.204362966
608.204362966
608.204362966
608.204362966
608.204362966
608.204362966
608.204362966
608.204362966
608.204362966
608.204362966
608.204362966
608.204362966
608.204362966
608.204362966
608.204362966
608.204362966
608.204362966
608.204362966
608.204362966
608.204362966
608.204362966
608.204362966
608.204362966
608.204362966
608.204362966
608.204362966
608.204362966
608.204362966
608.204362966
608.204362966
608.204362966
608.204362966
608.204362966
608.204362966
608.204362966
608.204362966
608.204362966
608.204362966
608.204362966
608.204362966
608.204362966
608.204362966
608.204362966
608.204362966
608.204362966
608.204362966
608.204362966
608.204362966
608.204362966
608.204362966
608.204362966
608.204362966
608.204362966
608.204362966
608.204362966
608.204362966
608.204362966
608.204362966
608.204362966
608.204362966
608.204362966
608.204362966
608.204362966
608.204362966
608.204362966
608.204362966
608.204362966
608.204362966
608.204362966
608.204362966
608.204362966
608.204362966
608.204362966
608.204362966
608.204362966
608.204362966
608.204362966
608.204362966
608.204362966
608.204362966
608.204362966
608.204362966
608.204362966
608.204362966
608.204362966
608.204362966
608.204362966
608.204362966
608.204362966
608.204362966
608.204362966
608.204362966
608.204362966
608.204362966
608.204362966
608.204362966
608.204362966
608.204362966
608.204362966
608.204362966
608.204362966
608.204362966
608.204362966
608.204362966
608.204362966
608.204362966
608.204362966
608.204362966
608.204362966
608.204362966
608.204362966
608.204362966
608.204362966
608.204362966
608.204362966
608.204362966
608.204362966
608.204362966
608.204362966
608.204362966
608.204362966
608.204362966
608.204362966
608.204362966
608.204362966
608.204362966
608.204362966
608.204362966
608.204362966
608.204362966
608.204362966
608.204362966
608.204362966
608.204362966
608.204362966
608.204362966
608.204362966
608.204362966
608.204362966
608.204362966
608.204362966
608.204362966
608.204362966
608.204362966
608.204362966
608.204362966
608.204362966
608.204362966
608.204362966
608.204362966
608.204362966
608.204362966
608.204362966
608.204362966
608.204362966
608.204362966
608.204362966
608.204362966
608.204362966
608.204362966
608.204362966
608.204362966
608.204362966
608.204362966
608.204362966
608.204362966
608.204362966
608.204362966
608.204362966
608.204362966
608.204362966
608.204362966
608.204362966
608.204362966
608.204362966
608.204362966
608.204362966
608.204362966
608.204362966
608.204362966
608.204362966
608.204362966
608.204362966
608.204362966
608.204362966
608.204362966
608.204362966
608.204362966
608.204362966
608.204362966
608.204362966
608.204362966
608.204362966
608.204362966
608.204362966
608.204362966
608.204362966
608.204362966
608.204362966
608.204362966
608.204362966
608.204362966
608.204362966
608.204362966
608.204362966
608.204362966
608.204362966
608.204362966
608.204362966
608.204362966
608.204362966
608.204362966
608.204362966
608.204362966
608.204362966
608.204362966
608.204362966
608.204362966
608.204362966
608.204362966
608.204362966
608.204362966
608.204362966
608.204362966
608.204362966
608.204362966
608.204362966
608.204362966
608.204362966
608.204362966
608.204362966
608.204362966
608.204362966
608.204362966
608.204362966
608.204362966
608.204362966
608.204362966
608.204362966
608.204362966
608.204362966
608.204362966
608.204362966
608.204362966
608.204362966
608.204362966
608.204362966
608.204362966
608.204362966
608.204362966
608.204362966
608.204362966
608.204362966
608.204362966
608.204362966
608.204362966
608.204362966
608.204362966
608.204362966
608.204362966
608.204362966
608.204362966
608.204362966
608.204362966
608.204362966
608.204362966
608.204362966
608.204362966
608.204362966
608.204362966
608.204362966
608.204362966
608.204362966
608.204362966
608.204362966
608.204362966
608.204362966
608.204362966
608.204362966
608.204362966
608.204362966
608.204362966
608.204362966
608.204362966
608.204362966
608.204362966
608.204362966
608.204362966
608.204362966
608.204362966
608.204362966
608.204362966
608.204362966
608.204362966
608.204362966
608.204362966
608.204362966
608.204362966
608.204362966
608.204362966
608.204362966
608.204362966
608.204362966
608.204362966
608.204362966
608.204362966
608.204362966
608.204362966
608.204362966
608.204362966
608.204362966
608.204362966
608.204362966
608.204362966
608.204362966
608.204362966
608.204362966
608.204362966
608.204362966
608.204362966
608.204362966
608.204362966
608.204362966
608.204362966
608.204362966
608.204362966
608.204362966
608.204362966
608.204362966
608.204362966
608.204362966
608.204362966
608.204362966
608.204362966
608.204362966
608.204362966
608.204362966
608.204362966
608.204362966
608.204362966
608.204362966
608.204362966
608.204362966
608.204362966
608.204362966
608.204362966
608.204362966
608.204362966
608.204362966
608.204362966
608.204362966
608.204362966
608.204362966
608.204362966
608.204362966
608.204362966
608.204362966
608.204362966
608.204362966
608.204362966
608.204362966
608.204362966
608.204362966
608.204362966
608.204362966
608.204362966
608.204362966
608.204362966
608.204362966
608.204362966
608.204362966
608.204362966
608.204362966
608.204362966
608.204362966
608.204362966
608.204362966
608.204362966
608.204362966
608.204362966
608.204362966
608.204362966
608.204362966
608.204362966
608.204362966
608.204362966
608.204362966
608.204362966
608.204362966
608.204362966
608.204362966
608.204362966
608.204362966
608.204362966
608.204362966
608.204362966
608.204362966
608.204362966
608.204362966
608.204362966
608.204362966
608.204362966
608.204362966
608.204362966
608.204362966
608.204362966
608.204362966
608.204362966
608.204362966
608.204362966
608.204362966
608.204362966
608.204362966
608.204362966
608.204362966
608.204362966
608.204362966
608.204362966
608.204362966
608.204362966
608.204362966
608.204362966
608.204362966
608.204362966
608.204362966
608.204362966
608.204362966
608.204362966
608.204362966
608.204362966
608.204362966
608.204362966
608.204362966
608.204362966
608.204362966
608.204362966
608.204362966
608.204362966
608.204362966
608.204362966
608.204362966
608.204362966
608.204362966
608.204362966
608.204362966
608.204362966
608.204362966
608.204362966
608.204362966
608.204362966
608.204362966
608.204362966
608.204362966
608.204362966
608.204362966
608.204362966
608.204362966
608.204362966
608.204362966
608.204362966
608.204362966
608.204362966
608.204362966
608.204362966
608.204362966
608.204362966
608.204362966
608.204362966
608.204362966
608.204362966
608.204362966
608.204362966
608.204362966
608.204362966
608.204362966
608.204362966
608.204362966
608.204362966
608.204362966
608.204362966
608.204362966
608.204362966
608.204362966
608.204362966
608.204362966
608.204362966
608.204362966
608.204362966
608.204362966
608.204362966
608.204362966
608.204362966
608.204362966
608.204362966
608.204362966
608.204362966
608.204362966
608.204362966
608.204362966
608.204362966
608.204362966
608.204362966
608.204362966
608.204362966
608.204362966
608.204362966
608.204362966
608.204362966
608.204362966
608.204362966
608.204362966
608.204362966
608.204362966
608.204362966
608.204362966
608.204362966
608.204362966
608.204362966
608.204362966
608.204362966
608.204362966
608.204362966
608.204362966
598.850153215
598.850153215
598.850153215
598.850153215
598.850153215
598.850153215
598.850153215
598.850153215
598.850153215
598.850153215
598.850153215
598.850153215
598.850153215
598.850153215
598.850153215
598.850153215
598.850153215
598.850153215
598.850153215
598.850153215
598.850153215
598.850153215
598.850153215
598.850153215
598.850153215
598.850153215
598.850153215
598.850153215
598.850153215
598.850153215
598.850153215
598.850153215
598.850153215
598.850153215
598.850153215
598.850153215
598.850153215
598.850153215
598.850153215
598.850153215
598.850153215
598.850153215
598.850153215
598.850153215
598.850153215
598.850153215
598.850153215
598.850153215
598.850153215
598.850153215
598.850153215
598.850153215
598.850153215
598.850153215
598.850153215
598.850153215
598.850153215
598.850153215
598.850153215
598.850153215
598.850153215
598.850153215
598.850153215
598.850153215
598.850153215
598.850153215
598.850153215
598.850153215
598.850153215
598.850153215
598.850153215
598.850153215
598.850153215
598.850153215
598.850153215
598.850153215
598.850153215
598.850153215
598.850153215
598.850153215
598.850153215
598.850153215
598.850153215
598.850153215
598.850153215
598.850153215
598.850153215
598.850153215
598.850153215
598.850153215
598.850153215
598.850153215
598.850153215
598.850153215
598.850153215
598.850153215
598.850153215
598.850153215
598.850153215
598.850153215
598.850153215
598.850153215
598.850153215
598.850153215
598.850153215
598.850153215
598.850153215
598.850153215
598.850153215
598.850153215
598.850153215
598.850153215
598.850153215
598.850153215
598.850153215
598.850153215
598.850153215
598.850153215
598.850153215
598.850153215
598.850153215
598.850153215
598.850153215
598.850153215
598.850153215
598.850153215
598.850153215
598.850153215
598.850153215
598.850153215
598.850153215
598.850153215
598.850153215
598.850153215
598.850153215
598.850153215
598.850153215
598.850153215
598.850153215
598.850153215
598.850153215
598.850153215
598.850153215
598.850153215
598.850153215
598.850153215
598.850153215
598.850153215
598.850153215
598.850153215
598.850153215
598.850153215
598.850153215
598.850153215
598.850153215
598.850153215
598.850153215
598.850153215
598.850153215
598.850153215
598.850153215
598.850153215
598.850153215
598.850153215
598.850153215
598.850153215
598.850153215
598.850153215
598.850153215
598.850153215
598.850153215
598.850153215
598.850153215
598.850153215
598.850153215
598.850153215
598.850153215
598.850153215
598.850153215
598.850153215
598.850153215
598.850153215
598.850153215
598.850153215
598.850153215
598.850153215
598.850153215
598.850153215
598.850153215
598.850153215
598.850153215
598.850153215
598.850153215
598.850153215
598.850153215
598.850153215
598.850153215
598.850153215
598.850153215
598.850153215
598.850153215
598.850153215
598.850153215
598.850153215
598.850153215
598.850153215
598.850153215
598.850153215
598.850153215
598.850153215
598.850153215
598.850153215
598.850153215
598.850153215
598.850153215
598.850153215
598.850153215
598.850153215
598.850153215
598.850153215
598.850153215
598.850153215
598.850153215
598.850153215
598.850153215
598.850153215
598.850153215
598.850153215
598.850153215
598.850153215
598.850153215
598.850153215
598.850153215
598.850153215
598.850153215
598.850153215
598.850153215
598.850153215
598.850153215
598.850153215
598.850153215
598.850153215
598.850153215
598.850153215
598.850153215
598.850153215
598.850153215
598.850153215
598.850153215
598.850153215
598.850153215
598.850153215
598.850153215
598.850153215
598.850153215
598.850153215
598.850153215
598.850153215
598.850153215
598.850153215
598.850153215
598.850153215
598.850153215
598.850153215
598.850153215
598.850153215
598.850153215
598.850153215
598.850153215
598.850153215
598.850153215
598.850153215
598.850153215
598.850153215
598.850153215
598.850153215
598.850153215
598.850153215
598.850153215
598.850153215
598.850153215
598.850153215
598.850153215
598.850153215
598.850153215
598.850153215
598.850153215
598.850153215
598.850153215
598.850153215
598.850153215
598.850153215
598.850153215
598.850153215
598.850153215
598.850153215
598.850153215
598.850153215
598.850153215
598.850153215
598.850153215
598.850153215
598.850153215
598.850153215
598.850153215
598.850153215
598.850153215
598.850153215
598.850153215
598.850153215
598.850153215
598.850153215
598.850153215
598.850153215
598.850153215
598.850153215
598.850153215
598.850153215
598.850153215
598.850153215
598.850153215
598.850153215
598.850153215
598.850153215
598.850153215
598.850153215
598.850153215
598.850153215
598.850153215
598.850153215
598.850153215
598.850153215
598.850153215
598.850153215
598.850153215
598.850153215
598.850153215
598.850153215
598.850153215
598.850153215
598.850153215
598.850153215
598.850153215
598.850153215
598.850153215
598.850153215
598.850153215
598.850153215
598.850153215
598.850153215
598.850153215
598.850153215
598.850153215
598.850153215
598.850153215
598.850153215
598.850153215
598.850153215
598.850153215
598.850153215
598.850153215
598.850153215
598.850153215
598.850153215
598.850153215
598.850153215
598.850153215
598.850153215
598.850153215
598.850153215
598.850153215
598.850153215
598.850153215
598.850153215
598.850153215
598.850153215
598.850153215
598.850153215
598.850153215
598.850153215
598.850153215
598.850153215
598.850153215
598.850153215
598.850153215
598.850153215
598.850153215
598.850153215
598.850153215
598.850153215
598.850153215
598.850153215
598.850153215
598.850153215
598.850153215
598.850153215
598.850153215
598.850153215
598.850153215
598.850153215
598.850153215
598.850153215
598.850153215
598.850153215
598.850153215
598.850153215
598.850153215
598.850153215
598.850153215
598.850153215
598.850153215
598.850153215
598.850153215
598.850153215
598.850153215
598.850153215
598.850153215
598.850153215
598.850153215
598.850153215
598.850153215
598.850153215
598.850153215
598.850153215
598.850153215
598.850153215
598.850153215
598.850153215
598.850153215
598.850153215
598.850153215
598.850153215
598.850153215
598.850153215
598.850153215
598.850153215
598.850153215
598.850153215
598.850153215
598.850153215
598.850153215
598.850153215
598.850153215
598.850153215
598.850153215
598.850153215
598.850153215
598.850153215
598.850153215
598.850153215
598.850153215
598.850153215
598.850153215
598.850153215
598.850153215
598.850153215
598.850153215
598.850153215
598.850153215
598.850153215
598.850153215
598.850153215
598.850153215
598.850153215
598.850153215
598.850153215
598.850153215
598.850153215
598.850153215
598.850153215
598.850153215
598.850153215
598.850153215
598.850153215
598.850153215
598.850153215
598.850153215
598.850153215
598.850153215
598.850153215
598.850153215
598.850153215
598.850153215
598.850153215
598.850153215
598.850153215
598.850153215
598.850153215
598.850153215
598.850153215
598.850153215
598.850153215
598.850153215
598.850153215
598.850153215
598.850153215
598.850153215
598.850153215
598.850153215
598.850153215
598.850153215
598.850153215
598.850153215
598.850153215
598.850153215
598.850153215
598.850153215
598.850153215
598.850153215
598.850153215
598.850153215
598.850153215
598.850153215
598.850153215
598.850153215
598.850153215
598.850153215
598.850153215
598.850153215
598.850153215
598.850153215
598.850153215
598.850153215
598.850153215
598.850153215
598.850153215
598.850153215
598.850153215
598.850153215
598.850153215
598.850153215
598.850153215
598.850153215
598.850153215
598.850153215
598.850153215
598.850153215
598.850153215
598.850153215
598.850153215
598.850153215
598.850153215
598.850153215
598.850153215
598.850153215
598.850153215
598.850153215
598.850153215
598.850153215
598.850153215
598.850153215
598.850153215
598.850153215
598.850153215
598.850153215
598.850153215
598.850153215
598.850153215
598.850153215
598.850153215
598.850153215
598.850153215
598.850153215
598.850153215
598.850153215
598.850153215
598.850153215
598.850153215
598.850153215
598.850153215
598.850153215
598.850153215
598.850153215
598.850153215
598.850153215
598.850153215
598.850153215
598.850153215
598.850153215
598.850153215
596.428411207
596.428411207
596.428411207
596.428411207
596.428411207
596.428411207
596.428411207
596.428411207
596.428411207
596.428411207
596.428411207
596.428411207
596.428411207
596.428411207
596.428411207
596.428411207
596.428411207
596.428411207
596.428411207
596.428411207
596.428411207
596.428411207
596.428411207
596.428411207
596.428411207
596.428411207
596.428411207
596.428411207
596.428411207
596.428411207
596.428411207
596.428411207
596.428411207
596.428411207
596.428411207
596.428411207
596.428411207
596.428411207
596.428411207
596.428411207
596.428411207
596.428411207
596.428411207
596.428411207
596.428411207
596.428411207
596.428411207
596.428411207
596.428411207
596.428411207
596.428411207
596.428411207
596.428411207
596.428411207
596.428411207
596.428411207
596.428411207
596.428411207
596.428411207
596.428411207
596.428411207
596.428411207
596.428411207
596.428411207
596.428411207
596.428411207
596.428411207
596.428411207
596.428411207
596.428411207
596.428411207
596.428411207
596.428411207
596.428411207
596.428411207
596.428411207
596.428411207
596.428411207
596.428411207
596.428411207
596.428411207
596.428411207
596.428411207
596.428411207
596.428411207
596.428411207
596.428411207
596.428411207
596.428411207
596.428411207
596.428411207
596.428411207
596.428411207
596.428411207
596.428411207
596.428411207
596.428411207
596.428411207
596.428411207
596.428411207
596.428411207
596.428411207
596.428411207
596.428411207
596.428411207
596.428411207
596.428411207
596.428411207
596.428411207
596.428411207
596.428411207
596.428411207
596.428411207
596.428411207
596.428411207
596.428411207
596.428411207
596.428411207
596.428411207
596.428411207
596.428411207
596.428411207
596.428411207
596.428411207
596.428411207
596.428411207
596.428411207
596.428411207
596.428411207
596.428411207
596.428411207
596.428411207
596.428411207
596.428411207
596.428411207
596.428411207
596.428411207
596.428411207
596.428411207
596.428411207
596.428411207
596.428411207
596.428411207
596.428411207
596.428411207
596.428411207
596.428411207
596.428411207
596.428411207
596.428411207
596.428411207
596.428411207
596.428411207
596.428411207
596.428411207
596.428411207
596.428411207
596.428411207
596.428411207
596.428411207
596.428411207
596.428411207
596.428411207
596.428411207
596.428411207
596.428411207
596.428411207
596.428411207
596.428411207
596.428411207
596.428411207
596.428411207
596.428411207
596.428411207
596.428411207
596.428411207
596.428411207
596.428411207
596.428411207
596.428411207
596.428411207
596.428411207
596.428411207
596.428411207
596.428411207
596.428411207
596.428411207
596.428411207
596.428411207
596.428411207
596.428411207
596.428411207
596.428411207
