1583.44376317
1570.65864251
1570.65864251
1483.93390793
1439.43487158
1439.43487158
1439.43487158
1439.43487158
1439.43487158
1439.43487158
1439.43487158
1438.32236949
1438.32236949
1436.59769196
1436.59769196
1421.94770671
1421.94770671
1421.94770671
1421.94770671
1407.93590976
1407.93590976
1407.93590976
1407.93590976
1407.93590976
1383.86352226
1383.86352226
1383.86352226
1383.86352226
1383.86352226
1383.86352226
1383.86352226
1359.3302598
1353.11286502
1353.11286502
1353.11286502
1353.11286502
1353.11286502
1353.11286502
1353.11286502
1353.11286502
1353.11286502
1353.11286502
1353.11286502
1353.11286502
1353.11286502
1353.11286502
1329.89261872
1329.89261872
1325.17476053
1300.62071894
1300.62071894
1286.39310458
1286.39310458
1286.39310458
1286.39310458
1286.39310458
1286.39310458
1286.39310458
1286.39310458
1286.39310458
1286.39310458
1286.39310458
1279.49956435
1279.49956435
1275.81127057
1275.81127057
1275.81127057
1275.81127057
1275.81127057
1256.81234862
1256.81234862
1243.39071363
1237.18493644
1217.78894827
1217.78894827
1217.78894827
1217.78894827
1217.78894827
1217.78894827
1216.65089532
1216.65089532
1216.65089532
1216.65089532
1216.65089532
1192.13411413
1192.13411413
1186.34444593
1179.44632129
1179.44632129
1157.6261395
1157.6261395
1157.6261395
1157.6261395
1157.6261395
1157.6261395
1157.6261395
1157.6261395
1157.6261395
1157.6261395
1157.6261395
1157.6261395
1157.6261395
1157.6261395
1157.6261395
1157.6261395
1157.6261395
1157.6261395
1157.6261395
1157.6261395
1157.6261395
1157.6261395
1157.6261395
1157.6261395
1157.6261395
1157.6261395
1157.6261395
1157.6261395
1157.6261395
1157.6261395
1157.6261395
1157.6261395
1157.6261395
1157.6261395
1157.6261395
1157.6261395
1157.6261395
1157.6261395
1157.6261395
1128.64378174
1128.64378174
1128.64378174
1128.64378174
1128.64378174
1128.64378174
1128.64378174
1128.64378174
1128.64378174
1128.64378174
1128.64378174
1128.64378174
1128.64378174
1128.64378174
1128.64378174
1128.64378174
1128.64378174
1128.64378174
1115.24967
1115.24967
1115.24967
1097.07210531
1068.65720369
1068.65720369
1018.25665907
1018.25665907
1018.25665907
1018.25665907
1018.25665907
1018.25665907
1018.25665907
1018.25665907
1018.25665907
1018.25665907
1018.25665907
1018.25665907
1018.25665907
1018.25665907
1018.25665907
1018.25665907
1018.25665907
1018.25665907
1018.25665907
1018.25665907
1018.25665907
1018.25665907
1018.25665907
1018.25665907
1018.25665907
1018.25665907
1018.25665907
1018.25665907
1018.25665907
1018.25665907
1018.25665907
1018.25665907
1018.25665907
1018.25665907
1018.25665907
1018.25665907
1018.25665907
1000.96821165
1000.96821165
1000.96821165
1000.96821165
1000.96821165
1000.96821165
1000.96821165
1000.96821165
1000.96821165
1000.96821165
1000.96821165
1000.96821165
1000.96821165
1000.96821165
1000.96821165
1000.96821165
1000.96821165
1000.96821165
1000.96821165
1000.96821165
1000.96821165
1000.96821165
1000.96821165
1000.96821165
1000.96821165
1000.96821165
1000.96821165
1000.96821165
1000.96821165
1000.96821165
982.178993173
982.178993173
982.178993173
982.178993173
982.178993173
982.178993173
982.178993173
982.178993173
982.178993173
982.178993173
982.178993173
982.178993173
982.178993173
982.178993173
982.178993173
982.178993173
982.178993173
982.178993173
982.178993173
982.178993173
982.178993173
982.178993173
982.178993173
982.178993173
982.178993173
982.178993173
982.178993173
982.178993173
982.178993173
982.178993173
982.178993173
982.178993173
982.178993173
978.948230945
978.948230945
978.948230945
978.948230945
978.948230945
978.948230945
978.948230945
978.948230945
978.948230945
978.948230945
978.948230945
978.948230945
978.948230945
978.948230945
978.948230945
978.948230945
978.948230945
962.889793941
962.889793941
962.889793941
962.889793941
962.889793941
955.866779069
955.866779069
955.866779069
955.866779069
955.866779069
955.866779069
955.866779069
955.866779069
955.866779069
955.866779069
955.866779069
955.866779069
955.866779069
955.866779069
955.866779069
953.480402462
953.480402462
953.480402462
953.480402462
953.480402462
953.480402462
953.480402462
953.480402462
953.480402462
953.480402462
953.480402462
953.480402462
953.480402462
953.480402462
953.480402462
953.480402462
953.480402462
953.480402462
953.480402462
953.480402462
953.480402462
953.480402462
953.480402462
953.480402462
953.480402462
953.480402462
953.480402462
953.480402462
953.480402462
953.480402462
953.480402462
953.480402462
953.480402462
953.480402462
953.480402462
953.480402462
953.480402462
953.480402462
953.480402462
953.480402462
948.236370244
947.741439631
944.598329319
944.598329319
944.598329319
944.598329319
944.598329319
944.598329319
944.598329319
944.598329319
944.598329319
944.598329319
944.598329319
944.598329319
944.598329319
944.598329319
944.598329319
944.598329319
944.598329319
944.598329319
944.598329319
944.598329319
942.029210566
942.029210566
942.029210566
942.029210566
942.029210566
942.029210566
942.029210566
942.029210566
942.029210566
942.029210566
942.029210566
942.029210566
942.029210566
942.029210566
942.029210566
942.029210566
942.029210566
942.029210566
942.029210566
942.029210566
942.029210566
942.029210566
942.029210566
942.029210566
942.029210566
942.029210566
942.029210566
942.029210566
942.029210566
942.029210566
942.029210566
942.029210566
942.029210566
942.029210566
942.029210566
942.029210566
942.029210566
942.029210566
942.029210566
942.029210566
942.029210566
942.029210566
942.029210566
942.029210566
942.029210566
942.029210566
942.029210566
942.029210566
942.029210566
942.029210566
942.029210566
942.029210566
942.029210566
942.029210566
942.029210566
942.029210566
942.029210566
942.029210566
942.029210566
941.042152801
941.042152801
941.042152801
941.042152801
941.042152801
940.576422712
940.576422712
940.576422712
940.576422712
940.576422712
940.576422712
940.576422712
940.576422712
940.576422712
940.576422712
937.676715409
937.676715409
937.676715409
937.676715409
937.676715409
937.676715409
937.203744223
937.203744223
937.203744223
937.203744223
937.203744223
937.203744223
932.253388899
932.253388899
932.253388899
932.253388899
932.253388899
932.253388899
932.253388899
932.253388899
932.253388899
932.253388899
932.253388899
932.253388899
932.253388899
932.253388899
932.253388899
932.253388899
932.253388899
932.253388899
932.253388899
932.253388899
932.253388899
932.253388899
932.253388899
932.253388899
932.253388899
932.253388899
932.253388899
932.253388899
932.253388899
932.253388899
932.253388899
932.253388899
932.253388899
932.253388899
932.253388899
932.253388899
932.253388899
932.253388899
932.253388899
932.253388899
932.253388899
932.253388899
932.253388899
932.253388899
932.253388899
932.253388899
932.253388899
932.253388899
932.253388899
932.253388899
932.253388899
932.253388899
932.253388899
932.253388899
932.253388899
932.253388899
932.253388899
932.253388899
932.253388899
932.253388899
932.253388899
932.253388899
932.253388899
932.253388899
932.253388899
932.253388899
932.253388899
932.253388899
924.097391691
923.909346729
923.909346729
923.909346729
923.909346729
923.637267831
923.637267831
923.637267831
923.637267831
923.637267831
923.637267831
923.637267831
923.637267831
923.637267831
923.463504204
923.463504204
923.463504204
923.463504204
923.463504204
923.463504204
923.463504204
923.463504204
923.463504204
923.463504204
923.463504204
923.463504204
923.463504204
923.463504204
923.463504204
923.463504204
923.463504204
923.463504204
923.463504204
906.933892343
906.933892343
899.517967072
899.517967072
899.517967072
899.517967072
899.517967072
899.517967072
899.517967072
899.517967072
899.517967072
899.517967072
899.517967072
899.517967072
899.517967072
899.517967072
899.517967072
899.517967072
899.517967072
899.517967072
899.517967072
899.517967072
899.517967072
899.517967072
899.517967072
899.517967072
899.517967072
899.517967072
899.517967072
899.517967072
899.517967072
899.517967072
899.517967072
899.517967072
899.517967072
899.517967072
890.428488461
890.428488461
890.428488461
890.428488461
890.428488461
890.428488461
890.428488461
890.428488461
890.428488461
890.428488461
890.428488461
890.428488461
890.428488461
890.428488461
890.428488461
890.428488461
890.428488461
890.428488461
890.428488461
890.428488461
890.428488461
890.428488461
890.428488461
890.428488461
890.428488461
890.428488461
890.428488461
890.428488461
890.428488461
890.428488461
890.428488461
890.428488461
890.428488461
890.428488461
890.428488461
890.428488461
890.428488461
890.428488461
890.428488461
890.428488461
890.428488461
890.428488461
890.428488461
890.428488461
890.428488461
890.428488461
890.428488461
890.428488461
890.428488461
890.428488461
890.428488461
890.428488461
890.428488461
890.428488461
890.428488461
890.428488461
890.428488461
890.428488461
890.428488461
890.428488461
890.428488461
890.428488461
890.428488461
890.428488461
890.428488461
890.428488461
890.428488461
890.428488461
890.428488461
890.428488461
890.428488461
890.428488461
890.428488461
890.428488461
890.428488461
890.428488461
890.428488461
890.428488461
890.428488461
890.428488461
890.428488461
890.428488461
890.428488461
890.428488461
890.428488461
890.428488461
890.428488461
890.428488461
890.428488461
890.428488461
890.428488461
890.428488461
890.428488461
890.428488461
890.428488461
890.428488461
890.428488461
890.428488461
890.428488461
890.428488461
890.428488461
890.428488461
890.428488461
890.428488461
890.428488461
890.428488461
890.428488461
890.428488461
890.428488461
890.428488461
890.428488461
890.428488461
890.428488461
890.428488461
890.428488461
890.428488461
890.428488461
890.428488461
890.428488461
890.428488461
890.428488461
890.428488461
890.428488461
890.428488461
890.428488461
890.428488461
890.428488461
890.428488461
890.428488461
890.428488461
890.428488461
890.428488461
869.726880152
869.726880152
869.726880152
869.726880152
869.726880152
869.726880152
869.726880152
869.726880152
869.726880152
860.784236095
860.784236095
860.784236095
860.784236095
860.784236095
860.784236095
860.784236095
860.784236095
860.784236095
860.784236095
860.784236095
860.784236095
857.621986358
857.621986358
857.621986358
857.621986358
857.621986358
857.621986358
857.621986358
857.621986358
857.621986358
857.621986358
857.621986358
857.621986358
857.621986358
857.621986358
857.621986358
857.621986358
857.621986358
857.621986358
857.621986358
857.621986358
857.621986358
857.621986358
857.621986358
857.621986358
857.621986358
857.621986358
856.877479396
856.877479396
856.877479396
849.831028403
849.831028403
849.831028403
849.831028403
849.831028403
849.831028403
849.831028403
849.831028403
849.831028403
849.831028403
849.831028403
849.831028403
849.831028403
849.831028403
849.831028403
849.831028403
849.831028403
849.831028403
849.831028403
849.831028403
849.831028403
849.831028403
849.831028403
849.831028403
849.831028403
849.831028403
849.831028403
849.831028403
849.831028403
849.831028403
849.831028403
849.831028403
849.831028403
849.831028403
849.831028403
849.831028403
849.831028403
849.831028403
849.831028403
849.831028403
849.831028403
849.831028403
849.831028403
846.72676855
846.72676855
846.72676855
846.72676855
846.72676855
846.72676855
846.72676855
846.72676855
846.72676855
846.72676855
846.72676855
846.72676855
846.72676855
846.72676855
846.72676855
846.72676855
846.72676855
846.72676855
846.72676855
846.72676855
846.72676855
846.72676855
846.72676855
846.72676855
846.72676855
846.72676855
846.72676855
846.72676855
846.72676855
846.72676855
846.72676855
846.72676855
846.72676855
846.72676855
846.72676855
846.72676855
846.72676855
846.72676855
846.72676855
846.72676855
846.72676855
846.72676855
846.72676855
846.72676855
846.72676855
846.72676855
846.72676855
846.72676855
846.72676855
846.72676855
846.72676855
846.72676855
846.72676855
846.72676855
846.72676855
846.72676855
846.72676855
846.72676855
846.72676855
844.250544816
844.250544816
844.250544816
844.250544816
844.250544816
844.250544816
844.250544816
844.250544816
844.250544816
844.250544816
844.250544816
844.250544816
844.250544816
844.250544816
844.250544816
844.250544816
844.250544816
844.250544816
844.250544816
844.250544816
844.250544816
844.250544816
844.250544816
844.250544816
844.250544816
844.250544816
844.250544816
844.250544816
844.250544816
844.250544816
844.250544816
844.250544816
844.250544816
842.23049019
842.23049019
842.23049019
842.23049019
842.23049019
842.23049019
842.23049019
842.23049019
842.23049019
842.23049019
842.23049019
842.23049019
842.23049019
842.23049019
842.23049019
842.23049019
842.23049019
842.23049019
842.23049019
842.23049019
842.23049019
842.23049019
842.23049019
842.23049019
842.23049019
842.23049019
842.23049019
842.23049019
842.23049019
842.23049019
842.23049019
842.23049019
842.23049019
842.23049019
842.23049019
842.23049019
842.23049019
842.23049019
842.23049019
842.23049019
842.23049019
842.23049019
842.23049019
842.23049019
842.23049019
842.23049019
842.23049019
842.23049019
842.23049019
842.23049019
842.23049019
842.23049019
842.23049019
842.23049019
842.23049019
842.23049019
842.23049019
842.23049019
842.23049019
842.23049019
842.23049019
842.23049019
842.23049019
842.23049019
842.23049019
842.23049019
842.23049019
842.23049019
842.23049019
842.23049019
842.23049019
842.23049019
842.23049019
842.23049019
842.23049019
842.23049019
842.23049019
842.23049019
842.23049019
842.23049019
842.23049019
841.92256466
841.92256466
841.92256466
841.92256466
841.92256466
841.92256466
841.92256466
841.92256466
841.92256466
841.92256466
841.92256466
841.92256466
841.92256466
841.92256466
841.92256466
839.17507863
839.17507863
839.17507863
839.17507863
839.17507863
839.17507863
839.17507863
839.17507863
839.17507863
839.17507863
839.17507863
839.17507863
839.17507863
839.17507863
839.17507863
839.17507863
839.17507863
839.17507863
839.17507863
839.17507863
839.17507863
839.17507863
839.17507863
839.17507863
839.17507863
839.17507863
839.17507863
839.17507863
839.17507863
839.17507863
839.17507863
839.17507863
839.17507863
839.17507863
839.17507863
839.17507863
839.17507863
839.17507863
839.17507863
839.17507863
839.17507863
839.17507863
839.17507863
839.17507863
839.17507863
839.17507863
839.17507863
834.595406045
834.595406045
834.595406045
834.595406045
834.595406045
834.595406045
834.595406045
834.595406045
834.595406045
834.595406045
834.595406045
834.595406045
834.595406045
834.595406045
834.595406045
834.595406045
834.595406045
823.231217652
823.231217652
823.231217652
823.231217652
810.49622106
810.49622106
810.49622106
810.49622106
810.49622106
810.49622106
810.49622106
810.49622106
810.49622106
810.49622106
810.49622106
810.49622106
810.49622106
810.49622106
810.49622106
810.49622106
810.49622106
810.49622106
810.49622106
810.49622106
810.49622106
810.49622106
810.49622106
810.49622106
810.49622106
810.49622106
810.49622106
810.49622106
810.49622106
810.49622106
810.49622106
810.49622106
806.121797162
806.121797162
806.121797162
806.121797162
806.121797162
806.121797162
806.121797162
806.121797162
806.121797162
806.121797162
806.121797162
806.121797162
806.121797162
806.121797162
806.121797162
806.121797162
806.121797162
806.121797162
806.121797162
806.121797162
806.121797162
806.121797162
806.121797162
806.121797162
806.121797162
806.121797162
806.121797162
806.121797162
806.121797162
806.121797162
806.121797162
806.121797162
806.121797162
806.121797162
806.121797162
806.121797162
806.121797162
806.121797162
803.318016562
803.318016562
803.318016562
803.318016562
803.318016562
803.318016562
803.318016562
803.318016562
803.318016562
803.318016562
803.318016562
803.318016562
803.318016562
803.318016562
803.318016562
803.318016562
803.318016562
803.318016562
803.318016562
803.318016562
803.318016562
803.318016562
803.318016562
803.318016562
803.318016562
803.318016562
803.318016562
803.318016562
803.318016562
803.318016562
803.318016562
803.318016562
803.318016562
803.318016562
803.318016562
803.318016562
803.318016562
803.318016562
793.037198027
793.037198027
793.037198027
793.037198027
793.037198027
793.037198027
793.037198027
793.037198027
793.037198027
793.037198027
793.037198027
793.037198027
793.037198027
793.037198027
793.037198027
793.037198027
793.037198027
793.037198027
793.037198027
793.037198027
793.037198027
793.037198027
793.037198027
793.037198027
793.037198027
793.037198027
793.037198027
793.037198027
793.037198027
793.037198027
793.037198027
793.037198027
793.037198027
793.037198027
793.037198027
793.037198027
793.037198027
793.037198027
793.037198027
793.037198027
793.037198027
793.037198027
793.037198027
793.037198027
793.037198027
793.037198027
793.037198027
793.037198027
793.037198027
793.037198027
793.037198027
793.037198027
793.037198027
793.037198027
793.037198027
793.037198027
793.037198027
793.037198027
793.037198027
793.037198027
793.037198027
793.037198027
793.037198027
793.037198027
793.037198027
793.037198027
793.037198027
793.037198027
793.037198027
793.037198027
793.037198027
793.037198027
793.037198027
793.037198027
793.037198027
793.037198027
793.037198027
793.037198027
793.037198027
793.037198027
793.037198027
793.037198027
793.037198027
793.037198027
793.037198027
793.037198027
793.037198027
793.037198027
793.037198027
793.037198027
793.037198027
793.037198027
793.037198027
793.037198027
793.037198027
793.037198027
793.037198027
793.037198027
793.037198027
793.037198027
793.037198027
793.037198027
793.037198027
793.037198027
793.037198027
793.037198027
793.037198027
793.037198027
793.037198027
793.037198027
793.037198027
793.037198027
793.037198027
793.037198027
793.037198027
793.037198027
793.037198027
793.037198027
793.037198027
793.037198027
793.037198027
793.037198027
793.037198027
793.037198027
793.037198027
793.037198027
793.037198027
793.037198027
793.037198027
793.037198027
793.037198027
789.06786726
789.06786726
789.06786726
789.06786726
789.06786726
789.06786726
789.06786726
789.06786726
789.06786726
789.06786726
789.06786726
789.06786726
789.06786726
789.06786726
789.06786726
789.06786726
789.06786726
789.06786726
789.06786726
789.06786726
789.06786726
789.06786726
789.06786726
789.06786726
789.06786726
789.06786726
789.06786726
789.06786726
789.06786726
789.06786726
789.06786726
789.06786726
789.06786726
789.06786726
789.06786726
789.06786726
789.06786726
789.06786726
789.06786726
789.06786726
789.06786726
789.06786726
789.06786726
789.06786726
789.06786726
789.06786726
789.06786726
789.06786726
789.06786726
789.06786726
789.06786726
789.06786726
789.06786726
789.06786726
789.06786726
789.06786726
789.06786726
789.06786726
789.06786726
789.06786726
789.06786726
789.06786726
789.06786726
789.06786726
789.06786726
789.06786726
789.06786726
789.06786726
789.06786726
789.06786726
789.06786726
789.06786726
789.06786726
789.06786726
789.06786726
789.06786726
789.06786726
789.06786726
789.06786726
789.06786726
789.06786726
789.06786726
789.06786726
789.06786726
789.06786726
789.06786726
789.06786726
789.06786726
789.06786726
789.06786726
789.06786726
789.06786726
789.06786726
789.06786726
789.06786726
789.06786726
789.06786726
789.06786726
789.06786726
789.06786726
789.06786726
789.06786726
789.06786726
789.06786726
789.06786726
789.06786726
789.06786726
789.06786726
789.06786726
789.06786726
789.06786726
789.06786726
789.06786726
789.06786726
789.06786726
789.06786726
789.06786726
789.06786726
789.06786726
789.06786726
789.06786726
789.06786726
789.06786726
789.06786726
789.06786726
789.06786726
789.06786726
789.06786726
789.06786726
789.06786726
789.06786726
789.06786726
783.984916146
783.984916146
783.984916146
783.984916146
783.984916146
783.984916146
783.984916146
783.984916146
783.984916146
783.984916146
783.984916146
783.984916146
783.984916146
783.984916146
783.984916146
783.984916146
783.984916146
783.984916146
783.984916146
783.984916146
783.984916146
783.984916146
783.984916146
783.984916146
783.984916146
783.984916146
783.984916146
783.984916146
783.984916146
783.984916146
783.984916146
783.984916146
783.984916146
783.984916146
783.984916146
783.984916146
783.984916146
783.984916146
783.984916146
783.984916146
783.984916146
782.822336099
782.822336099
782.822336099
782.822336099
782.822336099
782.822336099
782.822336099
782.822336099
782.822336099
782.822336099
782.822336099
782.822336099
782.822336099
782.822336099
782.822336099
782.822336099
782.822336099
782.822336099
782.822336099
782.822336099
782.822336099
782.822336099
782.822336099
782.822336099
782.822336099
782.822336099
782.822336099
782.822336099
782.822336099
782.822336099
782.822336099
782.822336099
782.822336099
782.822336099
782.822336099
782.822336099
782.822336099
782.822336099
782.822336099
782.822336099
782.822336099
782.822336099
782.822336099
782.822336099
782.822336099
782.822336099
782.822336099
782.822336099
782.822336099
782.822336099
782.822336099
782.822336099
782.822336099
782.822336099
782.822336099
782.822336099
782.822336099
782.822336099
782.822336099
782.822336099
782.822336099
782.822336099
782.822336099
782.822336099
782.822336099
782.822336099
782.822336099
782.822336099
782.822336099
782.822336099
781.914167216
781.914167216
781.914167216
781.914167216
781.914167216
781.914167216
781.914167216
781.914167216
781.914167216
781.914167216
781.914167216
781.914167216
781.914167216
781.914167216
781.914167216
781.914167216
778.18160415
778.18160415
778.18160415
778.18160415
778.18160415
778.18160415
778.18160415
778.18160415
778.18160415
778.18160415
778.18160415
778.18160415
778.18160415
778.18160415
778.18160415
778.18160415
778.18160415
778.18160415
778.18160415
778.18160415
778.18160415
778.18160415
778.18160415
778.18160415
778.18160415
778.18160415
778.18160415
778.18160415
778.18160415
778.18160415
778.18160415
778.18160415
778.18160415
778.18160415
778.18160415
778.18160415
778.18160415
778.18160415
778.18160415
778.18160415
778.18160415
778.18160415
778.18160415
778.18160415
778.18160415
778.18160415
747.238637255
747.238637255
747.238637255
747.238637255
747.238637255
747.238637255
747.238637255
747.238637255
747.238637255
747.238637255
747.238637255
747.238637255
747.238637255
747.238637255
747.238637255
747.238637255
747.238637255
747.238637255
747.238637255
747.238637255
747.238637255
747.238637255
747.238637255
747.238637255
747.238637255
747.238637255
747.238637255
747.238637255
747.238637255
747.238637255
743.181402593
743.181402593
743.181402593
743.181402593
743.181402593
743.181402593
743.181402593
743.181402593
743.181402593
743.181402593
743.181402593
743.181402593
743.181402593
743.181402593
743.181402593
743.181402593
743.181402593
743.181402593
743.181402593
743.181402593
743.181402593
743.181402593
743.181402593
743.181402593
743.181402593
743.181402593
743.181402593
743.181402593
743.181402593
743.181402593
743.181402593
743.181402593
743.181402593
743.181402593
743.181402593
743.181402593
743.181402593
743.181402593
741.05065307
741.05065307
741.05065307
741.05065307
741.05065307
741.05065307
741.05065307
741.05065307
741.05065307
741.05065307
741.05065307
741.05065307
741.05065307
741.05065307
741.05065307
741.05065307
741.05065307
741.05065307
741.05065307
741.05065307
741.05065307
741.05065307
741.05065307
741.05065307
741.05065307
741.05065307
741.05065307
741.05065307
741.05065307
741.05065307
741.05065307
741.05065307
741.05065307
741.05065307
741.05065307
741.05065307
741.05065307
741.05065307
741.05065307
741.05065307
741.05065307
741.05065307
741.05065307
741.05065307
726.051249913
726.051249913
726.051249913
726.051249913
726.051249913
726.051249913
726.051249913
726.051249913
726.051249913
726.051249913
726.051249913
726.051249913
726.051249913
726.051249913
726.051249913
723.427772347
723.427772347
723.427772347
723.427772347
723.427772347
723.427772347
723.427772347
723.427772347
723.427772347
723.427772347
723.427772347
723.427772347
723.427772347
723.427772347
723.427772347
723.427772347
723.427772347
723.427772347
723.427772347
723.427772347
723.427772347
723.427772347
723.427772347
723.427772347
723.427772347
723.427772347
723.427772347
723.427772347
723.427772347
723.427772347
723.427772347
723.427772347
710.766369507
710.766369507
710.766369507
710.766369507
710.766369507
710.766369507
710.766369507
710.766369507
710.766369507
710.766369507
710.766369507
710.766369507
710.766369507
710.766369507
710.766369507
710.766369507
710.766369507
710.766369507
710.766369507
710.766369507
710.766369507
710.766369507
710.766369507
710.766369507
710.766369507
710.766369507
710.766369507
710.766369507
710.766369507
710.766369507
710.766369507
710.766369507
710.766369507
710.766369507
710.766369507
710.766369507
710.766369507
710.766369507
710.766369507
710.766369507
710.766369507
710.766369507
710.766369507
710.766369507
710.766369507
710.766369507
710.766369507
710.766369507
710.766369507
710.766369507
710.766369507
710.766369507
710.766369507
710.766369507
710.766369507
710.766369507
710.766369507
710.766369507
710.766369507
710.766369507
710.766369507
710.766369507
710.766369507
710.766369507
710.766369507
710.766369507
710.766369507
710.766369507
710.766369507
710.766369507
710.766369507
710.766369507
710.766369507
710.766369507
710.766369507
710.766369507
710.766369507
710.766369507
710.766369507
710.766369507
710.766369507
710.766369507
710.766369507
710.766369507
710.766369507
710.766369507
710.766369507
710.766369507
710.766369507
710.766369507
710.766369507
710.766369507
710.766369507
710.766369507
710.766369507
710.766369507
710.766369507
707.166334215
707.166334215
707.166334215
707.166334215
707.166334215
707.166334215
707.166334215
707.166334215
707.166334215
707.166334215
707.166334215
707.166334215
707.166334215
707.166334215
707.166334215
707.166334215
707.166334215
707.166334215
707.166334215
707.166334215
707.166334215
707.166334215
707.166334215
707.166334215
707.166334215
707.166334215
707.166334215
707.166334215
707.166334215
707.166334215
707.166334215
707.166334215
707.166334215
707.166334215
707.166334215
707.166334215
707.166334215
707.166334215
707.166334215
707.166334215
707.166334215
707.166334215
707.166334215
707.166334215
707.166334215
707.166334215
707.166334215
707.166334215
707.166334215
707.166334215
707.166334215
707.166334215
707.166334215
707.166334215
707.166334215
707.166334215
707.166334215
707.166334215
707.166334215
707.166334215
706.500723988
706.500723988
706.500723988
706.500723988
706.500723988
706.500723988
706.500723988
706.500723988
706.500723988
706.500723988
704.312883561
704.312883561
704.312883561
704.312883561
704.312883561
704.312883561
704.312883561
704.312883561
704.312883561
704.312883561
704.312883561
704.312883561
704.312883561
704.312883561
704.312883561
704.312883561
704.312883561
704.312883561
704.312883561
704.312883561
701.929202904
701.929202904
701.929202904
701.929202904
701.929202904
701.929202904
701.929202904
701.929202904
701.929202904
701.929202904
701.929202904
701.929202904
701.929202904
701.929202904
701.929202904
701.929202904
701.929202904
701.929202904
701.929202904
701.929202904
701.929202904
701.929202904
701.929202904
701.929202904
701.929202904
701.929202904
701.929202904
701.929202904
701.929202904
701.929202904
701.929202904
701.929202904
701.929202904
701.929202904
701.929202904
701.929202904
701.929202904
701.929202904
701.929202904
701.929202904
701.929202904
701.929202904
701.929202904
701.929202904
701.929202904
701.929202904
701.929202904
701.929202904
701.929202904
701.929202904
701.929202904
701.929202904
701.929202904
701.929202904
701.929202904
701.929202904
701.929202904
699.81152507
699.81152507
699.81152507
699.81152507
699.81152507
699.81152507
699.81152507
699.81152507
699.81152507
699.81152507
699.81152507
699.81152507
699.81152507
699.81152507
699.81152507
699.81152507
699.81152507
699.81152507
699.81152507
699.81152507
699.81152507
699.81152507
699.81152507
699.81152507
699.81152507
699.81152507
699.81152507
699.81152507
699.81152507
699.81152507
699.81152507
699.81152507
699.81152507
699.81152507
699.81152507
699.81152507
699.81152507
699.81152507
699.81152507
699.81152507
699.81152507
699.81152507
699.81152507
699.81152507
699.81152507
699.81152507
699.81152507
699.81152507
699.81152507
699.81152507
699.81152507
699.81152507
697.47182576
697.47182576
697.47182576
697.47182576
697.47182576
697.47182576
697.47182576
697.47182576
697.47182576
697.47182576
697.47182576
697.47182576
697.47182576
697.47182576
697.47182576
697.47182576
697.47182576
697.47182576
697.47182576
697.47182576
697.47182576
697.47182576
697.47182576
697.47182576
697.47182576
697.47182576
697.47182576
697.47182576
697.47182576
697.47182576
697.47182576
697.47182576
697.47182576
697.47182576
697.47182576
697.47182576
697.47182576
697.47182576
697.47182576
697.47182576
697.47182576
697.47182576
697.47182576
697.47182576
697.47182576
697.47182576
697.47182576
697.47182576
697.47182576
697.47182576
697.47182576
697.47182576
697.47182576
697.47182576
697.47182576
697.47182576
697.47182576
697.47182576
697.47182576
686.128580532
686.128580532
686.128580532
686.128580532
686.128580532
686.128580532
686.128580532
686.128580532
686.128580532
686.128580532
686.128580532
686.128580532
686.128580532
686.128580532
686.128580532
686.128580532
686.128580532
686.128580532
686.128580532
686.128580532
686.128580532
686.128580532
686.128580532
686.128580532
686.128580532
686.128580532
686.128580532
686.128580532
686.128580532
686.128580532
686.128580532
686.128580532
686.128580532
686.128580532
686.128580532
686.128580532
686.128580532
686.128580532
686.128580532
686.128580532
686.128580532
686.128580532
686.128580532
686.128580532
686.128580532
686.128580532
686.128580532
686.128580532
686.128580532
686.128580532
686.128580532
686.128580532
672.647453867
672.647453867
672.647453867
672.647453867
672.647453867
672.647453867
672.647453867
672.647453867
672.647453867
672.647453867
672.647453867
672.647453867
672.647453867
672.647453867
672.647453867
672.647453867
672.647453867
672.647453867
672.647453867
672.647453867
672.647453867
672.647453867
672.647453867
672.647453867
672.647453867
672.647453867
672.647453867
672.647453867
672.647453867
672.647453867
672.647453867
672.647453867
672.647453867
672.647453867
672.647453867
672.647453867
672.647453867
672.647453867
672.647453867
672.647453867
672.647453867
672.647453867
672.647453867
672.647453867
672.647453867
672.647453867
672.647453867
672.647453867
672.647453867
672.647453867
672.647453867
659.140686261
659.140686261
659.140686261
659.140686261
659.140686261
659.140686261
659.140686261
659.140686261
659.140686261
659.140686261
659.140686261
659.140686261
659.140686261
659.140686261
659.140686261
659.140686261
659.140686261
659.140686261
659.140686261
659.140686261
659.140686261
659.140686261
659.140686261
659.140686261
659.140686261
659.140686261
659.140686261
659.140686261
659.140686261
659.140686261
659.140686261
659.140686261
659.140686261
659.140686261
659.140686261
659.140686261
659.140686261
659.140686261
659.140686261
659.140686261
659.140686261
659.140686261
659.140686261
659.140686261
659.140686261
659.140686261
659.140686261
659.140686261
659.140686261
659.140686261
659.140686261
659.140686261
659.140686261
659.140686261
659.140686261
659.140686261
659.140686261
659.140686261
659.140686261
659.140686261
659.140686261
659.140686261
659.140686261
659.140686261
659.140686261
659.140686261
659.140686261
659.140686261
659.140686261
659.140686261
659.140686261
659.140686261
659.140686261
659.140686261
659.140686261
659.140686261
659.140686261
659.140686261
659.140686261
659.140686261
659.140686261
659.140686261
659.140686261
659.140686261
659.140686261
659.140686261
659.140686261
659.140686261
659.140686261
659.140686261
659.140686261
659.140686261
659.140686261
659.140686261
659.140686261
659.140686261
659.140686261
659.140686261
659.140686261
659.140686261
659.140686261
659.140686261
659.140686261
659.140686261
659.140686261
659.140686261
659.140686261
656.993126796
653.74593889
653.74593889
653.74593889
653.74593889
653.74593889
653.74593889
653.74593889
653.74593889
653.74593889
653.74593889
653.74593889
653.74593889
653.74593889
653.74593889
653.74593889
653.74593889
653.74593889
653.74593889
653.74593889
653.74593889
653.74593889
653.74593889
653.74593889
653.74593889
653.74593889
653.74593889
653.74593889
653.74593889
653.74593889
653.74593889
653.74593889
653.74593889
653.74593889
653.74593889
653.74593889
653.74593889
653.74593889
653.74593889
653.74593889
653.74593889
653.74593889
653.74593889
653.74593889
653.74593889
653.74593889
653.74593889
653.74593889
653.74593889
653.74593889
653.74593889
653.74593889
653.74593889
653.74593889
653.74593889
653.74593889
653.74593889
653.74593889
653.74593889
653.74593889
653.74593889
653.74593889
653.74593889
653.74593889
653.74593889
653.74593889
653.74593889
653.74593889
653.74593889
653.74593889
653.74593889
653.74593889
653.74593889
653.74593889
653.74593889
653.74593889
653.74593889
653.74593889
653.74593889
653.74593889
653.74593889
653.74593889
653.74593889
653.74593889
653.74593889
653.74593889
653.74593889
653.74593889
653.74593889
653.74593889
653.74593889
653.74593889
653.74593889
653.74593889
653.74593889
653.74593889
653.74593889
653.74593889
653.74593889
653.74593889
653.74593889
653.74593889
653.74593889
653.74593889
653.74593889
653.74593889
653.74593889
653.74593889
653.74593889
653.74593889
653.74593889
653.74593889
653.74593889
653.74593889
653.74593889
653.74593889
653.74593889
653.74593889
653.74593889
653.74593889
653.74593889
653.74593889
653.74593889
653.74593889
653.74593889
653.74593889
653.74593889
653.74593889
653.74593889
653.74593889
653.74593889
653.74593889
653.74593889
653.74593889
653.74593889
653.74593889
653.74593889
653.74593889
653.74593889
653.74593889
653.74593889
653.74593889
653.74593889
653.74593889
653.74593889
653.74593889
653.74593889
653.74593889
653.74593889
653.74593889
653.74593889
653.74593889
653.74593889
653.74593889
653.74593889
653.74593889
653.74593889
653.74593889
653.74593889
653.74593889
653.74593889
653.74593889
653.74593889
653.74593889
653.74593889
653.74593889
653.74593889
653.74593889
653.74593889
653.74593889
653.74593889
653.74593889
653.74593889
653.74593889
653.74593889
653.74593889
642.634119337
642.634119337
642.634119337
642.634119337
642.634119337
642.634119337
642.634119337
642.634119337
642.634119337
642.634119337
642.634119337
642.634119337
638.858111586
638.858111586
638.858111586
638.858111586
638.858111586
638.858111586
638.858111586
638.858111586
638.858111586
638.858111586
638.858111586
638.858111586
638.858111586
638.858111586
638.858111586
638.858111586
638.858111586
638.858111586
638.858111586
638.858111586
638.858111586
638.858111586
638.858111586
638.858111586
638.858111586
638.858111586
638.858111586
638.858111586
638.858111586
638.858111586
638.858111586
638.858111586
638.858111586
638.858111586
638.858111586
638.858111586
638.858111586
638.858111586
638.858111586
638.858111586
638.858111586
638.858111586
638.858111586
638.858111586
638.858111586
638.858111586
638.858111586
638.858111586
638.858111586
638.858111586
638.858111586
638.858111586
638.858111586
638.858111586
638.858111586
638.858111586
638.858111586
638.858111586
638.858111586
638.858111586
638.858111586
638.858111586
638.858111586
638.858111586
638.858111586
638.858111586
638.858111586
638.858111586
638.858111586
638.858111586
638.858111586
638.858111586
638.858111586
638.858111586
638.858111586
638.858111586
638.858111586
638.858111586
638.858111586
638.858111586
638.858111586
638.858111586
638.858111586
638.858111586
638.858111586
638.858111586
638.858111586
637.188447176
637.188447176
637.188447176
637.188447176
637.188447176
637.188447176
637.188447176
637.188447176
637.188447176
637.188447176
637.188447176
637.188447176
637.188447176
637.188447176
637.188447176
637.188447176
637.188447176
637.188447176
637.188447176
637.188447176
637.188447176
637.188447176
637.188447176
637.188447176
637.188447176
637.188447176
637.188447176
637.188447176
637.188447176
637.188447176
637.188447176
637.188447176
637.188447176
637.188447176
637.188447176
637.188447176
637.188447176
637.188447176
637.188447176
637.188447176
637.188447176
637.188447176
637.188447176
637.188447176
637.188447176
637.188447176
637.188447176
637.188447176
637.188447176
637.188447176
637.188447176
637.188447176
637.188447176
637.188447176
637.188447176
637.188447176
637.188447176
637.188447176
637.188447176
637.188447176
637.188447176
637.188447176
637.188447176
637.188447176
637.188447176
637.188447176
637.188447176
637.188447176
637.188447176
637.188447176
637.188447176
637.188447176
637.188447176
637.188447176
637.188447176
637.188447176
637.188447176
637.188447176
637.188447176
637.188447176
637.188447176
637.188447176
637.188447176
637.188447176
637.188447176
637.188447176
637.188447176
637.188447176
637.188447176
637.188447176
637.188447176
637.188447176
637.188447176
637.188447176
637.188447176
637.188447176
637.188447176
637.188447176
637.188447176
637.188447176
637.188447176
637.188447176
637.188447176
637.188447176
637.188447176
637.188447176
637.188447176
637.188447176
637.188447176
637.188447176
637.188447176
637.188447176
637.188447176
637.188447176
637.188447176
637.188447176
637.188447176
637.188447176
637.188447176
637.188447176
637.188447176
637.188447176
637.188447176
637.188447176
637.188447176
637.188447176
637.188447176
637.188447176
637.188447176
637.188447176
637.188447176
637.188447176
637.188447176
637.188447176
637.188447176
637.188447176
637.188447176
637.188447176
637.188447176
637.188447176
637.188447176
637.188447176
637.188447176
637.188447176
637.188447176
637.188447176
637.188447176
637.188447176
637.188447176
637.188447176
637.188447176
637.188447176
637.188447176
637.188447176
637.188447176
637.188447176
637.188447176
637.188447176
637.188447176
637.188447176
637.188447176
637.188447176
637.188447176
637.188447176
637.188447176
637.188447176
637.188447176
637.188447176
637.188447176
637.188447176
637.188447176
637.188447176
637.188447176
637.188447176
637.188447176
637.188447176
637.188447176
637.188447176
635.247862178
635.247862178
635.247862178
635.247862178
635.247862178
635.247862178
635.247862178
635.247862178
635.247862178
635.247862178
635.247862178
635.247862178
635.247862178
635.247862178
635.247862178
635.247862178
635.247862178
635.247862178
635.247862178
635.247862178
635.247862178
635.247862178
635.247862178
635.247862178
635.247862178
635.247862178
635.247862178
635.247862178
635.247862178
635.247862178
635.247862178
635.247862178
635.247862178
635.247862178
635.247862178
635.247862178
635.247862178
635.247862178
635.247862178
635.247862178
635.247862178
635.247862178
635.247862178
635.247862178
635.247862178
635.247862178
635.247862178
635.247862178
635.247862178
635.247862178
635.247862178
635.247862178
635.247862178
635.247862178
635.247862178
635.247862178
635.247862178
635.247862178
635.247862178
635.247862178
635.247862178
635.247862178
635.247862178
635.247862178
635.247862178
635.247862178
635.247862178
635.247862178
635.247862178
635.247862178
635.247862178
635.247862178
635.247862178
635.247862178
635.247862178
635.247862178
635.247862178
635.247862178
635.247862178
635.247862178
635.247862178
635.247862178
635.247862178
635.247862178
635.247862178
635.247862178
635.247862178
635.247862178
635.247862178
635.247862178
635.247862178
635.247862178
635.247862178
635.247862178
635.247862178
635.247862178
635.247862178
635.247862178
635.247862178
635.247862178
635.247862178
635.247862178
635.247862178
635.247862178
635.247862178
635.247862178
635.247862178
635.247862178
635.247862178
635.247862178
635.247862178
635.247862178
635.247862178
635.247862178
635.247862178
635.247862178
635.247862178
635.247862178
635.247862178
635.247862178
635.247862178
635.247862178
635.247862178
635.247862178
635.247862178
635.247862178
635.247862178
635.247862178
635.247862178
635.247862178
635.247862178
635.247862178
635.247862178
635.247862178
635.247862178
635.247862178
635.247862178
635.247862178
635.247862178
635.247862178
635.247862178
635.247862178
635.247862178
635.247862178
635.247862178
635.247862178
635.247862178
635.247862178
635.247862178
635.247862178
635.247862178
635.247862178
635.247862178
635.247862178
635.247862178
635.247862178
635.247862178
635.247862178
635.247862178
635.247862178
635.247862178
635.247862178
635.247862178
635.247862178
635.247862178
635.247862178
635.247862178
635.247862178
635.247862178
635.247862178
635.247862178
635.247862178
635.247862178
635.247862178
635.247862178
635.247862178
635.247862178
635.247862178
635.247862178
635.247862178
635.247862178
635.247862178
635.247862178
635.247862178
635.247862178
635.247862178
635.247862178
635.247862178
635.247862178
635.247862178
635.247862178
635.247862178
635.247862178
635.247862178
635.247862178
635.247862178
635.247862178
635.247862178
635.247862178
635.247862178
635.247862178
635.247862178
635.247862178
635.247862178
635.247862178
635.247862178
635.247862178
635.247862178
635.247862178
635.247862178
635.247862178
635.247862178
635.247862178
635.247862178
635.247862178
635.247862178
635.247862178
635.247862178
635.247862178
635.247862178
635.247862178
635.247862178
635.247862178
635.247862178
635.247862178
635.247862178
635.247862178
635.247862178
635.247862178
635.247862178
635.247862178
635.247862178
635.247862178
635.247862178
635.247862178
635.247862178
635.247862178
635.247862178
635.247862178
635.247862178
635.247862178
635.247862178
635.247862178
635.247862178
635.247862178
635.247862178
635.247862178
635.247862178
635.247862178
635.247862178
635.247862178
635.247862178
635.247862178
635.247862178
635.247862178
635.247862178
635.247862178
635.247862178
635.247862178
635.247862178
635.247862178
635.247862178
635.247862178
635.247862178
635.247862178
635.247862178
635.247862178
635.247862178
635.247862178
635.247862178
635.247862178
635.247862178
635.247862178
635.247862178
635.247862178
635.247862178
635.247862178
635.247862178
635.247862178
635.247862178
635.247862178
635.247862178
635.247862178
635.247862178
635.247862178
635.247862178
635.247862178
635.247862178
635.247862178
635.247862178
635.247862178
635.247862178
635.247862178
635.247862178
635.247862178
635.247862178
635.247862178
635.247862178
635.247862178
635.247862178
635.247862178
635.247862178
635.247862178
635.247862178
635.247862178
635.247862178
635.247862178
635.247862178
635.247862178
635.247862178
635.247862178
635.247862178
635.247862178
635.247862178
635.247862178
635.247862178
635.247862178
635.247862178
635.247862178
635.247862178
635.247862178
635.247862178
635.247862178
635.247862178
635.247862178
635.247862178
635.247862178
635.247862178
635.247862178
635.247862178
635.247862178
635.247862178
635.247862178
635.247862178
635.247862178
635.247862178
635.247862178
635.247862178
635.247862178
635.247862178
635.247862178
635.247862178
635.247862178
635.247862178
635.247862178
635.247862178
635.247862178
635.247862178
635.247862178
635.247862178
635.247862178
635.247862178
635.247862178
635.247862178
635.247862178
635.247862178
635.247862178
635.247862178
635.247862178
635.247862178
635.247862178
635.247862178
635.247862178
635.247862178
635.247862178
635.247862178
631.888121204
631.888121204
631.888121204
631.888121204
631.888121204
631.888121204
631.888121204
631.888121204
631.888121204
631.888121204
631.888121204
631.888121204
631.888121204
631.888121204
631.888121204
631.888121204
631.888121204
631.888121204
631.888121204
631.888121204
631.888121204
631.888121204
631.888121204
631.888121204
631.888121204
631.888121204
631.888121204
631.888121204
631.888121204
631.888121204
631.888121204
631.888121204
631.888121204
631.888121204
631.888121204
631.888121204
631.888121204
631.888121204
631.888121204
631.888121204
631.888121204
631.888121204
631.888121204
631.888121204
631.888121204
631.888121204
631.888121204
631.888121204
631.888121204
631.888121204
631.888121204
631.888121204
631.888121204
631.888121204
631.888121204
631.888121204
631.888121204
631.888121204
631.888121204
631.888121204
631.888121204
631.888121204
631.888121204
631.888121204
631.888121204
631.888121204
631.888121204
631.888121204
631.888121204
631.888121204
631.888121204
631.888121204
631.888121204
631.888121204
631.888121204
631.888121204
631.888121204
631.888121204
631.888121204
631.888121204
631.888121204
631.888121204
631.888121204
631.888121204
631.888121204
631.888121204
631.888121204
631.888121204
631.888121204
631.888121204
631.888121204
631.888121204
631.888121204
631.888121204
631.888121204
631.888121204
631.888121204
631.888121204
631.888121204
631.888121204
631.888121204
631.888121204
631.888121204
631.888121204
631.888121204
631.888121204
631.888121204
631.888121204
631.888121204
631.888121204
631.888121204
631.888121204
631.888121204
631.888121204
631.888121204
631.888121204
631.888121204
631.888121204
631.888121204
631.888121204
631.888121204
631.888121204
631.888121204
631.888121204
631.888121204
631.888121204
631.888121204
631.888121204
631.888121204
631.888121204
631.888121204
631.888121204
631.888121204
631.888121204
631.888121204
631.888121204
631.888121204
631.888121204
631.888121204
631.888121204
631.888121204
631.888121204
631.888121204
631.888121204
631.888121204
631.888121204
631.888121204
631.888121204
631.888121204
631.888121204
631.888121204
631.888121204
631.888121204
631.888121204
631.888121204
631.888121204
631.888121204
631.888121204
631.888121204
631.888121204
631.888121204
631.888121204
631.888121204
631.888121204
631.888121204
631.888121204
631.888121204
631.888121204
631.888121204
631.888121204
631.888121204
631.888121204
631.888121204
631.888121204
631.888121204
631.888121204
631.888121204
631.888121204
631.888121204
631.888121204
631.888121204
631.888121204
631.888121204
631.888121204
631.888121204
631.888121204
631.888121204
631.888121204
631.888121204
631.888121204
631.888121204
631.888121204
631.888121204
631.888121204
631.888121204
631.888121204
631.888121204
631.888121204
631.888121204
631.888121204
631.888121204
627.314796951
627.314796951
627.314796951
627.314796951
627.314796951
627.314796951
627.314796951
627.314796951
627.314796951
627.314796951
627.314796951
627.314796951
627.314796951
627.314796951
627.314796951
627.314796951
627.314796951
627.314796951
627.314796951
627.314796951
627.314796951
627.314796951
627.314796951
627.314796951
627.314796951
627.314796951
627.314796951
627.314796951
627.314796951
627.314796951
627.314796951
627.314796951
627.314796951
627.314796951
627.314796951
624.478291193
624.478291193
624.478291193
624.478291193
624.478291193
624.478291193
624.478291193
624.478291193
624.478291193
624.478291193
624.478291193
624.478291193
624.478291193
624.478291193
624.478291193
624.478291193
624.478291193
624.478291193
624.478291193
624.478291193
624.478291193
624.478291193
624.478291193
624.478291193
624.478291193
622.244009081
622.244009081
622.244009081
622.244009081
622.244009081
622.244009081
622.244009081
622.244009081
622.244009081
622.244009081
622.244009081
622.244009081
622.244009081
622.244009081
622.244009081
622.244009081
622.244009081
622.244009081
622.244009081
622.244009081
622.244009081
622.244009081
622.244009081
622.244009081
622.244009081
622.244009081
622.244009081
622.244009081
622.244009081
622.244009081
622.244009081
622.244009081
622.244009081
622.244009081
622.244009081
622.244009081
622.244009081
609.430548344
609.430548344
609.430548344
609.430548344
609.430548344
609.430548344
609.430548344
609.430548344
609.430548344
609.430548344
609.430548344
609.430548344
609.430548344
609.430548344
609.430548344
609.430548344
609.430548344
609.430548344
609.430548344
609.430548344
609.430548344
609.430548344
609.430548344
609.430548344
609.430548344
609.430548344
609.430548344
609.430548344
609.430548344
609.430548344
609.430548344
609.430548344
609.430548344
609.430548344
609.430548344
609.430548344
609.430548344
609.430548344
609.430548344
609.430548344
609.430548344
609.430548344
609.430548344
609.430548344
609.430548344
609.430548344
609.430548344
609.430548344
609.430548344
609.430548344
609.430548344
609.430548344
609.430548344
609.430548344
609.430548344
609.430548344
609.430548344
609.430548344
609.430548344
609.430548344
609.430548344
609.430548344
609.430548344
609.430548344
609.430548344
609.430548344
609.430548344
609.430548344
609.430548344
609.430548344
609.430548344
609.430548344
609.430548344
609.430548344
609.430548344
609.430548344
609.430548344
609.430548344
609.430548344
609.430548344
609.430548344
609.430548344
609.430548344
609.430548344
609.430548344
609.430548344
609.430548344
609.430548344
609.430548344
609.430548344
609.430548344
609.430548344
609.430548344
609.430548344
609.430548344
609.430548344
609.430548344
609.430548344
609.430548344
609.430548344
609.430548344
609.430548344
609.430548344
609.430548344
609.430548344
609.430548344
609.430548344
609.430548344
609.430548344
609.430548344
609.430548344
609.430548344
609.430548344
609.430548344
609.430548344
609.430548344
609.430548344
609.430548344
609.430548344
609.430548344
609.430548344
609.430548344
609.430548344
609.430548344
609.430548344
609.430548344
609.430548344
609.430548344
609.430548344
609.430548344
609.430548344
609.430548344
609.430548344
609.430548344
609.430548344
609.430548344
609.430548344
609.430548344
609.430548344
609.430548344
609.430548344
609.430548344
609.430548344
609.430548344
609.430548344
609.430548344
609.430548344
609.430548344
609.430548344
609.430548344
609.430548344
609.430548344
609.430548344
609.430548344
609.430548344
609.430548344
609.430548344
609.430548344
609.430548344
609.430548344
609.430548344
609.430548344
609.430548344
609.430548344
609.430548344
609.430548344
609.430548344
609.430548344
609.430548344
609.430548344
609.430548344
609.430548344
609.430548344
609.430548344
609.430548344
609.430548344
609.430548344
609.430548344
609.430548344
609.430548344
609.430548344
609.430548344
609.430548344
609.430548344
609.430548344
609.430548344
609.430548344
609.430548344
609.430548344
609.430548344
609.430548344
609.430548344
609.430548344
609.430548344
609.430548344
609.430548344
609.430548344
609.430548344
609.430548344
609.430548344
609.430548344
609.430548344
609.430548344
609.430548344
609.430548344
609.430548344
609.430548344
609.430548344
609.430548344
609.430548344
609.430548344
609.430548344
609.430548344
609.430548344
609.430548344
609.430548344
609.430548344
609.430548344
609.430548344
609.430548344
609.430548344
609.430548344
609.430548344
609.430548344
609.430548344
609.430548344
609.430548344
609.430548344
609.430548344
609.430548344
609.430548344
609.430548344
609.430548344
609.430548344
609.430548344
609.430548344
609.430548344
609.430548344
609.430548344
609.430548344
609.430548344
609.430548344
609.430548344
609.430548344
609.430548344
609.430548344
609.430548344
609.430548344
609.430548344
609.430548344
609.430548344
609.430548344
609.430548344
609.430548344
609.430548344
609.430548344
609.430548344
609.430548344
609.430548344
609.430548344
609.430548344
609.430548344
609.430548344
609.430548344
609.430548344
609.430548344
609.430548344
609.430548344
609.430548344
609.430548344
609.430548344
609.430548344
609.430548344
609.430548344
609.430548344
609.430548344
609.430548344
609.430548344
609.430548344
609.430548344
609.430548344
609.430548344
609.430548344
609.430548344
609.430548344
609.430548344
609.430548344
609.430548344
609.430548344
609.430548344
609.430548344
609.430548344
609.430548344
609.430548344
609.430548344
609.430548344
609.430548344
609.430548344
609.430548344
609.430548344
609.430548344
609.430548344
609.430548344
609.430548344
609.430548344
609.430548344
609.430548344
609.430548344
609.430548344
609.430548344
609.430548344
609.430548344
609.430548344
609.430548344
609.430548344
609.430548344
609.430548344
609.430548344
609.430548344
609.430548344
609.430548344
609.430548344
609.430548344
609.430548344
609.430548344
609.430548344
609.430548344
609.430548344
609.430548344
609.430548344
609.430548344
609.430548344
609.430548344
609.430548344
609.430548344
609.430548344
609.430548344
609.430548344
609.430548344
609.430548344
609.430548344
609.430548344
609.430548344
609.430548344
609.430548344
609.430548344
609.430548344
609.430548344
609.430548344
609.430548344
609.430548344
609.430548344
609.430548344
609.430548344
609.430548344
609.430548344
609.430548344
609.430548344
609.430548344
609.430548344
609.430548344
609.430548344
609.430548344
609.430548344
609.430548344
609.430548344
609.430548344
609.430548344
609.430548344
609.430548344
609.430548344
609.430548344
609.430548344
609.430548344
609.430548344
609.430548344
609.430548344
609.430548344
609.430548344
609.430548344
609.430548344
609.430548344
609.430548344
609.430548344
609.430548344
609.430548344
609.430548344
609.430548344
609.430548344
609.430548344
609.430548344
609.430548344
609.430548344
609.430548344
609.430548344
609.430548344
609.430548344
609.430548344
609.430548344
609.430548344
609.430548344
609.430548344
609.430548344
609.430548344
609.430548344
609.430548344
609.430548344
609.430548344
609.430548344
609.430548344
609.430548344
609.430548344
609.430548344
609.430548344
609.430548344
609.430548344
609.430548344
609.430548344
609.430548344
609.430548344
609.430548344
609.430548344
609.430548344
609.430548344
609.430548344
609.430548344
609.430548344
609.430548344
609.430548344
609.430548344
609.430548344
609.430548344
609.430548344
609.430548344
609.430548344
609.430548344
609.430548344
609.430548344
609.430548344
609.430548344
609.430548344
609.430548344
609.430548344
609.430548344
609.430548344
609.430548344
609.430548344
609.430548344
609.430548344
609.430548344
609.430548344
609.430548344
609.430548344
609.430548344
609.430548344
609.430548344
609.430548344
609.430548344
609.430548344
609.430548344
609.430548344
609.430548344
609.430548344
609.430548344
609.430548344
609.430548344
609.430548344
609.430548344
609.430548344
609.430548344
609.430548344
609.430548344
609.430548344
609.430548344
609.430548344
609.430548344
609.430548344
609.430548344
609.430548344
609.430548344
609.430548344
609.430548344
609.430548344
609.430548344
609.430548344
609.430548344
609.430548344
609.430548344
609.430548344
609.430548344
609.430548344
609.430548344
609.430548344
609.430548344
609.430548344
609.430548344
609.430548344
609.430548344
609.430548344
609.430548344
609.430548344
609.430548344
609.430548344
609.430548344
609.430548344
609.430548344
609.430548344
609.430548344
609.430548344
609.430548344
609.430548344
609.430548344
609.430548344
609.430548344
609.430548344
609.430548344
609.430548344
609.430548344
609.430548344
609.430548344
609.430548344
609.430548344
609.430548344
609.430548344
609.430548344
609.430548344
609.430548344
609.430548344
609.430548344
609.430548344
609.430548344
609.430548344
609.430548344
609.430548344
609.430548344
609.430548344
609.430548344
609.430548344
609.430548344
609.430548344
609.430548344
609.430548344
609.430548344
609.430548344
609.430548344
609.430548344
609.430548344
609.430548344
609.430548344
609.430548344
609.430548344
609.430548344
609.430548344
609.430548344
609.430548344
609.430548344
609.430548344
609.430548344
609.430548344
609.430548344
609.430548344
609.430548344
609.430548344
609.430548344
609.430548344
609.430548344
609.430548344
609.430548344
609.430548344
609.430548344
609.430548344
609.430548344
609.430548344
609.430548344
609.430548344
609.430548344
609.430548344
609.430548344
609.430548344
609.430548344
609.430548344
609.430548344
609.430548344
609.430548344
609.430548344
609.430548344
609.430548344
609.430548344
609.430548344
609.430548344
609.430548344
609.430548344
609.430548344
609.430548344
609.430548344
609.430548344
609.430548344
609.430548344
609.430548344
609.430548344
609.430548344
609.430548344
609.430548344
609.430548344
609.430548344
609.430548344
609.430548344
609.430548344
609.430548344
609.430548344
609.430548344
609.430548344
609.430548344
609.430548344
609.430548344
609.430548344
609.430548344
609.430548344
609.430548344
609.430548344
609.430548344
609.430548344
609.430548344
609.430548344
609.430548344
609.430548344
609.430548344
609.430548344
609.430548344
609.430548344
609.430548344
609.430548344
609.430548344
609.430548344
609.430548344
609.430548344
609.430548344
609.430548344
609.430548344
609.430548344
609.430548344
609.430548344
609.430548344
609.430548344
609.430548344
609.430548344
609.430548344
609.430548344
609.430548344
609.430548344
609.430548344
609.430548344
609.430548344
609.430548344
609.430548344
609.430548344
609.430548344
609.430548344
609.430548344
609.430548344
609.430548344
609.430548344
609.430548344
609.430548344
609.430548344
609.430548344
609.430548344
609.430548344
609.430548344
609.430548344
609.430548344
609.430548344
609.430548344
609.430548344
609.430548344
609.430548344
609.430548344
609.430548344
609.430548344
609.430548344
609.430548344
609.430548344
609.430548344
609.430548344
609.430548344
609.430548344
609.430548344
609.430548344
609.430548344
609.430548344
609.430548344
609.430548344
609.430548344
609.430548344
609.430548344
609.430548344
609.430548344
609.430548344
609.430548344
609.430548344
609.430548344
609.430548344
609.430548344
609.430548344
609.430548344
609.430548344
609.430548344
609.430548344
609.430548344
609.430548344
609.430548344
609.430548344
609.430548344
609.430548344
609.430548344
609.430548344
609.430548344
609.430548344
609.430548344
609.430548344
609.430548344
609.430548344
609.430548344
609.430548344
609.430548344
609.430548344
609.430548344
609.430548344
609.430548344
609.430548344
609.430548344
609.430548344
609.430548344
609.430548344
609.430548344
609.430548344
609.430548344
609.430548344
609.430548344
609.430548344
609.430548344
609.430548344
609.430548344
609.430548344
609.430548344
609.430548344
609.430548344
609.430548344
609.430548344
609.430548344
609.430548344
609.430548344
609.430548344
609.430548344
609.430548344
609.430548344
609.430548344
609.430548344
609.430548344
609.430548344
609.430548344
609.430548344
609.430548344
609.430548344
609.430548344
609.430548344
609.430548344
609.430548344
609.430548344
609.430548344
609.430548344
609.430548344
609.430548344
609.430548344
609.430548344
609.430548344
609.430548344
609.430548344
609.430548344
609.430548344
609.430548344
609.430548344
609.430548344
609.430548344
609.430548344
609.430548344
609.430548344
609.430548344
609.430548344
609.430548344
609.430548344
609.430548344
609.430548344
609.430548344
609.430548344
609.430548344
609.430548344
609.430548344
609.430548344
609.430548344
609.430548344
609.430548344
609.430548344
609.430548344
609.430548344
609.430548344
609.430548344
609.430548344
609.430548344
609.430548344
609.430548344
609.430548344
609.430548344
609.430548344
609.430548344
609.430548344
609.430548344
609.430548344
609.430548344
609.430548344
609.430548344
609.430548344
609.430548344
609.430548344
609.430548344
609.430548344
609.430548344
609.430548344
609.430548344
609.430548344
609.430548344
609.430548344
609.430548344
609.430548344
609.430548344
609.430548344
609.430548344
609.430548344
609.430548344
609.430548344
609.430548344
609.430548344
609.430548344
609.430548344
609.430548344
609.430548344
609.430548344
609.430548344
609.430548344
609.430548344
609.430548344
609.430548344
609.430548344
609.430548344
609.430548344
609.430548344
609.430548344
609.430548344
609.430548344
609.430548344
609.430548344
609.430548344
609.430548344
609.430548344
609.430548344
609.430548344
609.430548344
609.430548344
609.430548344
609.430548344
609.430548344
609.430548344
609.430548344
609.430548344
609.430548344
609.430548344
609.430548344
609.430548344
609.430548344
609.430548344
609.430548344
609.430548344
609.430548344
609.430548344
609.430548344
609.430548344
609.430548344
609.430548344
609.430548344
609.430548344
609.430548344
609.430548344
609.430548344
609.430548344
609.430548344
609.430548344
609.430548344
609.430548344
609.430548344
609.430548344
609.430548344
609.430548344
609.430548344
609.430548344
609.430548344
609.430548344
609.430548344
609.430548344
609.430548344
609.430548344
609.430548344
609.430548344
609.430548344
609.430548344
609.430548344
609.430548344
609.430548344
609.430548344
609.430548344
609.430548344
609.430548344
609.430548344
609.430548344
609.430548344
609.430548344
609.430548344
609.430548344
609.430548344
609.430548344
609.430548344
609.430548344
609.430548344
609.430548344
609.430548344
609.430548344
609.430548344
609.430548344
609.430548344
609.430548344
609.430548344
609.430548344
609.430548344
609.430548344
609.430548344
609.430548344
609.430548344
609.430548344
609.430548344
609.430548344
609.430548344
609.430548344
609.430548344
609.430548344
609.430548344
609.430548344
609.430548344
609.430548344
609.430548344
609.430548344
609.430548344
609.430548344
609.430548344
609.430548344
609.430548344
609.430548344
609.430548344
609.430548344
609.430548344
609.430548344
609.430548344
609.430548344
609.430548344
609.430548344
609.430548344
609.430548344
609.430548344
609.430548344
609.430548344
609.430548344
609.430548344
609.430548344
609.430548344
609.430548344
609.430548344
609.430548344
609.430548344
609.430548344
609.430548344
609.430548344
609.430548344
609.430548344
609.430548344
609.430548344
609.430548344
609.430548344
609.430548344
609.430548344
609.430548344
609.430548344
609.430548344
609.430548344
609.430548344
609.430548344
609.430548344
609.430548344
609.430548344
609.430548344
609.430548344
609.430548344
609.430548344
609.430548344
609.430548344
609.430548344
609.430548344
609.430548344
609.430548344
609.430548344
609.430548344
609.430548344
609.430548344
609.430548344
609.430548344
609.430548344
609.430548344
609.430548344
609.430548344
609.430548344
609.430548344
609.430548344
609.430548344
609.430548344
609.430548344
609.430548344
609.430548344
609.430548344
609.430548344
609.430548344
609.430548344
609.430548344
609.430548344
609.430548344
609.430548344
609.430548344
609.430548344
609.430548344
609.430548344
609.430548344
609.430548344
609.430548344
609.430548344
609.430548344
609.430548344
609.430548344
609.430548344
609.430548344
609.430548344
609.430548344
609.430548344
609.430548344
609.430548344
609.430548344
609.430548344
609.430548344
609.430548344
609.430548344
609.430548344
609.430548344
609.430548344
609.430548344
609.430548344
609.430548344
609.430548344
609.430548344
609.430548344
609.430548344
609.430548344
609.430548344
609.430548344
609.430548344
609.430548344
609.430548344
609.430548344
609.430548344
609.430548344
609.430548344
609.430548344
609.430548344
609.430548344
609.430548344
609.430548344
609.430548344
609.430548344
609.430548344
609.430548344
609.430548344
609.430548344
609.430548344
609.430548344
609.430548344
609.430548344
609.430548344
609.430548344
609.430548344
609.430548344
609.430548344
609.430548344
609.430548344
609.430548344
609.430548344
609.430548344
609.430548344
609.430548344
609.430548344
609.430548344
609.430548344
609.430548344
609.430548344
609.430548344
609.430548344
609.430548344
609.430548344
609.430548344
609.430548344
609.430548344
609.430548344
609.430548344
609.430548344
609.430548344
609.430548344
609.430548344
609.430548344
609.430548344
609.430548344
609.430548344
609.430548344
609.430548344
609.430548344
609.430548344
609.430548344
609.430548344
609.430548344
609.430548344
609.430548344
609.430548344
609.430548344
609.430548344
609.430548344
609.430548344
609.430548344
609.430548344
609.430548344
609.430548344
609.430548344
609.430548344
609.430548344
609.430548344
609.430548344
609.430548344
609.430548344
609.430548344
609.430548344
609.430548344
609.430548344
609.430548344
609.430548344
609.430548344
609.430548344
602.902840775
602.902840775
602.902840775
602.902840775
602.902840775
602.902840775
602.902840775
602.902840775
602.902840775
602.902840775
602.902840775
602.902840775
602.902840775
602.902840775
602.902840775
602.902840775
602.902840775
602.902840775
602.902840775
602.902840775
602.902840775
602.902840775
602.902840775
602.902840775
602.902840775
602.902840775
602.902840775
602.902840775
602.902840775
602.902840775
602.902840775
602.902840775
602.902840775
602.902840775
602.902840775
602.902840775
602.902840775
602.902840775
602.902840775
602.902840775
602.902840775
602.902840775
602.902840775
602.902840775
602.902840775
602.902840775
602.902840775
602.902840775
602.902840775
602.902840775
602.902840775
602.902840775
602.902840775
602.902840775
602.902840775
602.902840775
602.902840775
602.902840775
602.902840775
602.902840775
602.902840775
602.902840775
602.902840775
602.902840775
602.902840775
602.902840775
602.902840775
602.902840775
602.902840775
602.902840775
602.902840775
602.902840775
602.902840775
602.902840775
602.902840775
602.902840775
602.902840775
602.902840775
602.902840775
602.902840775
602.902840775
602.902840775
602.902840775
602.902840775
596.44114372
596.44114372
596.44114372
596.44114372
596.44114372
596.44114372
596.44114372
596.44114372
596.44114372
596.44114372
596.44114372
596.44114372
596.44114372
596.44114372
596.44114372
596.44114372
596.44114372
596.44114372
596.44114372
596.44114372
596.44114372
596.44114372
596.44114372
596.44114372
596.44114372
596.44114372
596.44114372
596.44114372
596.44114372
596.44114372
596.44114372
596.44114372
596.44114372
596.44114372
596.44114372
596.44114372
596.44114372
596.44114372
596.44114372
596.44114372
596.44114372
596.44114372
596.44114372
596.44114372
596.44114372
596.44114372
596.44114372
596.44114372
596.44114372
596.44114372
596.44114372
596.44114372
596.44114372
596.44114372
596.44114372
596.44114372
596.44114372
596.44114372
596.44114372
596.44114372
596.44114372
596.44114372
596.44114372
596.44114372
596.44114372
596.44114372
596.44114372
596.44114372
596.44114372
596.44114372
596.44114372
596.44114372
596.44114372
596.44114372
596.44114372
596.44114372
596.44114372
596.44114372
596.44114372
596.44114372
596.44114372
596.44114372
596.44114372
596.44114372
596.44114372
596.44114372
596.44114372
596.44114372
596.44114372
596.44114372
596.44114372
596.44114372
596.44114372
596.44114372
596.44114372
596.44114372
596.44114372
596.44114372
596.44114372
596.44114372
596.44114372
596.44114372
596.44114372
596.44114372
596.44114372
596.44114372
596.44114372
596.44114372
596.44114372
596.44114372
596.44114372
596.44114372
596.44114372
596.44114372
596.44114372
596.44114372
596.44114372
596.44114372
596.44114372
596.44114372
596.44114372
596.44114372
596.44114372
596.44114372
596.44114372
596.44114372
596.44114372
596.44114372
596.44114372
596.44114372
596.44114372
596.44114372
596.44114372
596.44114372
596.44114372
596.44114372
596.44114372
596.44114372
596.44114372
596.44114372
596.44114372
596.44114372
596.44114372
596.44114372
596.44114372
596.44114372
596.44114372
596.44114372
596.44114372
596.44114372
596.44114372
596.44114372
596.44114372
596.44114372
596.44114372
596.44114372
596.44114372
596.44114372
596.44114372
596.44114372
596.44114372
596.44114372
596.44114372
596.44114372
596.44114372
596.44114372
596.44114372
596.44114372
596.44114372
596.44114372
596.44114372
596.44114372
596.44114372
596.44114372
596.44114372
596.44114372
596.44114372
596.44114372
596.44114372
596.44114372
596.44114372
596.44114372
596.44114372
596.44114372
596.44114372
596.44114372
596.44114372
596.44114372
596.44114372
596.44114372
596.44114372
596.44114372
596.44114372
596.44114372
596.44114372
596.44114372
596.44114372
596.44114372
596.44114372
596.44114372
596.44114372
596.44114372
596.44114372
596.44114372
596.44114372
596.44114372
596.44114372
596.44114372
596.44114372
596.44114372
596.44114372
596.44114372
596.44114372
596.44114372
596.44114372
596.44114372
596.44114372
596.44114372
596.44114372
596.44114372
596.44114372
596.44114372
596.44114372
596.44114372
596.44114372
596.44114372
596.44114372
596.44114372
596.44114372
596.44114372
596.44114372
596.44114372
596.44114372
596.44114372
596.44114372
596.44114372
596.44114372
596.44114372
596.44114372
596.44114372
596.44114372
596.44114372
596.44114372
596.44114372
596.44114372
596.44114372
596.44114372
596.44114372
596.44114372
596.44114372
596.44114372
596.44114372
596.44114372
596.44114372
596.44114372
596.44114372
596.44114372
596.44114372
596.44114372
596.44114372
596.44114372
596.44114372
596.44114372
596.44114372
596.44114372
596.44114372
596.44114372
596.44114372
596.44114372
596.44114372
596.44114372
596.44114372
596.44114372
596.44114372
596.44114372
596.44114372
596.44114372
596.44114372
596.44114372
596.44114372
596.44114372
596.44114372
596.44114372
596.44114372
596.44114372
596.44114372
596.44114372
596.44114372
596.44114372
596.44114372
596.44114372
596.44114372
596.44114372
596.44114372
596.44114372
596.44114372
596.44114372
596.44114372
596.44114372
596.44114372
596.44114372
596.44114372
596.44114372
596.44114372
596.44114372
596.44114372
596.44114372
596.44114372
596.44114372
