1405.04234609
1405.04234609
1354.90603305
1345.24341023
1345.24341023
1343.71735233
1343.71735233
1343.71735233
1343.71735233
1343.71735233
1343.71735233
1343.71735233
1339.10565226
1339.10565226
1339.10565226
1335.34698097
1333.47969236
1311.4330887
1288.39904286
1287.12192416
1287.12192416
1287.12192416
1287.12192416
1287.12192416
1287.12192416
1275.37118118
1265.91463698
1265.91463698
1265.91463698
1265.91463698
1265.91463698
1265.91463698
1265.91463698
1265.91463698
1263.16212284
1257.07182302
1257.07182302
1257.07182302
1257.07182302
1257.07182302
1257.07182302
1257.07182302
1257.07182302
1257.07182302
1257.07182302
1249.48556272
1233.56783858
1233.56783858
1233.56783858
1233.56783858
1233.56783858
1233.56783858
1233.56783858
1233.56783858
1233.56783858
1233.56783858
1233.56783858
1233.56783858
1233.56783858
1215.28524743
1215.28524743
1215.28524743
1215.28524743
1215.28524743
1215.28524743
1215.28524743
1215.28524743
1215.28524743
1215.28524743
1215.28524743
1215.28524743
1215.28524743
1201.7352836
1201.7352836
1201.7352836
1201.59768909
1201.5890709
1201.5890709
1195.55078015
1195.55078015
1195.55078015
1195.55078015
1195.55078015
1195.55078015
1195.55078015
1149.61858573
1149.61858573
1149.61858573
1149.61858573
1149.61858573
1133.95395743
1133.95395743
1133.95395743
1133.95395743
1133.95395743
1078.95481606
1078.95481606
1078.95481606
1078.95481606
1078.95481606
1073.7317966
1073.7317966
1067.67836391
1067.67836391
1049.22699675
1049.22699675
1049.22699675
1049.22699675
1049.22699675
1049.22699675
1049.22699675
1049.22699675
1049.22699675
1049.22699675
1049.22699675
1049.22699675
1046.8977534
1011.23993016
1011.23993016
1011.23993016
1011.23993016
999.159714331
999.159714331
999.159714331
999.159714331
999.159714331
999.159714331
999.159714331
994.900810903
989.823068522
979.207276673
979.207276673
979.207276673
979.207276673
979.207276673
979.207276673
979.207276673
974.289225571
974.289225571
974.289225571
974.289225571
974.289225571
974.289225571
974.289225571
974.289225571
974.289225571
974.289225571
974.289225571
974.289225571
974.289225571
974.215928605
966.321047961
966.321047961
966.321047961
966.321047961
966.321047961
966.321047961
966.321047961
960.363452261
960.363452261
960.363452261
960.363452261
960.363452261
949.124521527
949.124521527
949.124521527
949.124521527
949.124521527
949.124521527
949.124521527
949.124521527
949.124521527
949.124521527
949.124521527
949.124521527
949.124521527
949.124521527
949.124521527
949.124521527
949.124521527
949.124521527
949.124521527
949.124521527
949.124521527
949.124521527
949.124521527
949.124521527
937.91132343
937.91132343
937.91132343
937.91132343
920.921816667
920.921816667
920.921816667
920.921816667
920.921816667
920.921816667
920.921816667
920.921816667
920.921816667
920.921816667
920.921816667
920.921816667
920.921816667
920.840582638
920.840582638
920.840582638
920.840582638
920.840582638
920.840582638
920.840582638
920.840582638
920.840582638
920.840582638
920.840582638
920.840582638
920.840582638
920.840582638
920.840582638
920.840582638
920.840582638
920.840582638
920.840582638
920.840582638
920.840582638
920.840582638
920.840582638
920.840582638
920.840582638
920.840582638
920.840582638
920.840582638
920.840582638
920.840582638
917.772115244
917.772115244
917.772115244
917.772115244
917.772115244
917.772115244
917.772115244
902.52454397
902.52454397
902.52454397
902.52454397
902.52454397
902.52454397
902.52454397
902.52454397
902.52454397
902.52454397
902.52454397
902.52454397
902.52454397
902.52454397
902.52454397
902.52454397
902.52454397
898.438805826
898.438805826
898.438805826
898.438805826
898.438805826
898.438805826
898.438805826
898.438805826
891.81047397
891.81047397
891.81047397
891.81047397
891.81047397
891.81047397
891.81047397
891.81047397
891.81047397
891.81047397
891.81047397
891.81047397
891.81047397
891.81047397
891.81047397
891.81047397
891.81047397
891.81047397
891.81047397
891.81047397
891.81047397
891.81047397
891.81047397
891.81047397
891.81047397
891.81047397
891.81047397
891.81047397
891.81047397
887.469755392
887.469755392
887.469755392
887.469755392
887.469755392
887.469755392
887.469755392
887.469755392
887.469755392
887.469755392
887.469755392
887.469755392
887.469755392
887.469755392
887.469755392
887.469755392
887.469755392
887.469755392
887.469755392
887.469755392
887.469755392
887.469755392
887.469755392
887.469755392
887.469755392
887.469755392
887.469755392
887.469755392
882.754130792
882.754130792
882.754130792
882.754130792
882.754130792
882.754130792
882.754130792
882.754130792
882.754130792
882.754130792
882.754130792
869.073736367
869.073736367
869.073736367
869.073736367
869.073736367
869.073736367
869.073736367
869.073736367
869.073736367
869.073736367
869.073736367
869.073736367
869.073736367
869.073736367
869.073736367
869.073736367
869.073736367
869.073736367
869.073736367
869.073736367
869.073736367
869.073736367
869.073736367
869.073736367
869.073736367
869.073736367
869.073736367
869.073736367
869.073736367
869.073736367
869.073736367
869.073736367
869.073736367
869.073736367
869.073736367
869.073736367
869.073736367
869.073736367
869.073736367
869.073736367
869.073736367
869.073736367
869.073736367
869.073736367
869.073736367
869.073736367
869.073736367
869.073736367
869.073736367
862.738909846
862.738909846
862.738909846
862.738909846
862.738909846
862.738909846
862.738909846
862.738909846
862.738909846
862.738909846
862.738909846
862.738909846
862.738909846
862.738909846
862.738909846
862.738909846
862.738909846
862.738909846
851.497840683
851.497840683
851.497840683
851.497840683
851.497840683
851.497840683
851.497840683
851.497840683
851.497840683
851.497840683
851.497840683
851.497840683
851.497840683
851.497840683
851.497840683
851.497840683
851.497840683
851.497840683
851.497840683
851.497840683
851.497840683
851.497840683
851.497840683
851.497840683
851.497840683
851.497840683
851.497840683
851.497840683
851.497840683
851.497840683
851.497840683
851.497840683
851.497840683
851.497840683
851.497840683
851.497840683
843.843321116
843.843321116
843.409830582
843.409830582
843.409830582
843.409830582
843.409830582
843.409830582
843.409830582
843.409830582
843.409830582
843.409830582
843.409830582
843.409830582
843.409830582
843.409830582
838.162289252
838.162289252
838.162289252
838.162289252
838.162289252
838.162289252
838.162289252
838.162289252
838.162289252
838.162289252
838.162289252
838.162289252
838.162289252
838.162289252
838.162289252
838.162289252
838.162289252
838.162289252
838.162289252
838.162289252
838.162289252
838.162289252
838.162289252
838.162289252
838.162289252
838.162289252
838.162289252
838.162289252
838.162289252
838.162289252
838.162289252
836.713472926
836.713472926
836.713472926
836.713472926
836.713472926
836.713472926
836.713472926
836.713472926
836.713472926
834.573957953
834.573957953
834.573957953
834.573957953
834.573957953
834.573957953
834.317109751
834.317109751
834.317109751
834.317109751
827.290960344
827.290960344
827.290960344
827.290960344
827.290960344
827.290960344
827.290960344
827.290960344
827.290960344
827.290960344
827.290960344
827.290960344
827.290960344
827.290960344
827.290960344
827.290960344
827.290960344
827.290960344
827.290960344
827.290960344
827.290960344
827.290960344
827.290960344
827.290960344
827.290960344
827.290960344
827.290960344
827.290960344
827.290960344
827.290960344
827.290960344
827.290960344
827.290960344
827.290960344
827.290960344
827.290960344
827.290960344
827.290960344
827.290960344
827.290960344
827.290960344
827.290960344
827.290960344
827.290960344
827.290960344
827.290960344
827.290960344
827.290960344
827.290960344
827.290960344
825.389946928
825.389946928
825.389946928
825.389946928
825.389946928
825.389946928
825.389946928
825.389946928
825.389946928
825.389946928
825.389946928
825.389946928
825.389946928
825.389946928
825.389946928
825.389946928
825.389946928
825.389946928
825.389946928
825.389946928
825.389946928
818.410378083
818.410378083
818.410378083
818.410378083
815.932575027
815.932575027
815.932575027
815.932575027
815.932575027
815.932575027
815.932575027
815.932575027
815.932575027
815.932575027
815.932575027
815.932575027
815.932575027
815.932575027
815.932575027
815.932575027
815.932575027
815.932575027
815.932575027
815.932575027
815.932575027
815.932575027
815.932575027
815.932575027
815.932575027
815.932575027
815.932575027
815.932575027
815.932575027
815.932575027
815.932575027
815.932575027
815.932575027
815.932575027
815.932575027
815.932575027
815.932575027
815.932575027
815.932575027
815.932575027
815.932575027
815.932575027
815.932575027
815.932575027
815.932575027
815.932575027
815.932575027
815.932575027
814.037111237
814.037111237
814.037111237
814.037111237
814.037111237
814.037111237
814.037111237
814.037111237
814.037111237
814.037111237
814.037111237
814.037111237
814.037111237
814.037111237
814.037111237
814.037111237
814.037111237
814.037111237
814.037111237
814.037111237
814.037111237
814.037111237
814.037111237
814.037111237
814.037111237
814.037111237
814.037111237
814.037111237
814.037111237
814.037111237
814.037111237
814.037111237
814.037111237
814.037111237
814.037111237
814.037111237
814.037111237
814.037111237
814.037111237
814.037111237
814.037111237
814.037111237
814.037111237
814.037111237
814.037111237
814.037111237
814.037111237
814.037111237
814.037111237
814.037111237
814.037111237
814.037111237
814.037111237
814.037111237
814.037111237
808.287191537
808.287191537
808.287191537
808.287191537
808.287191537
808.287191537
808.287191537
808.287191537
808.287191537
808.287191537
808.287191537
808.287191537
808.287191537
808.287191537
808.287191537
808.287191537
808.287191537
808.287191537
808.287191537
808.287191537
808.287191537
808.287191537
808.287191537
808.287191537
798.873295923
798.873295923
798.873295923
798.873295923
798.873295923
798.873295923
798.873295923
798.873295923
798.873295923
798.873295923
798.873295923
798.873295923
798.873295923
798.873295923
798.873295923
798.873295923
798.873295923
798.873295923
798.873295923
798.873295923
798.873295923
798.873295923
798.873295923
798.873295923
798.873295923
798.873295923
798.873295923
798.873295923
798.873295923
798.873295923
798.873295923
798.873295923
798.873295923
798.873295923
798.873295923
798.873295923
798.873295923
798.873295923
798.873295923
798.873295923
798.873295923
798.873295923
798.873295923
798.873295923
798.873295923
798.873295923
798.873295923
798.873295923
798.873295923
798.873295923
798.873295923
796.421428445
796.421428445
796.421428445
796.421428445
796.421428445
796.421428445
796.421428445
796.421428445
776.389224028
776.389224028
776.389224028
776.389224028
776.389224028
776.389224028
776.389224028
776.389224028
776.389224028
776.389224028
776.389224028
776.389224028
776.389224028
776.389224028
776.389224028
776.389224028
776.389224028
776.389224028
776.389224028
776.389224028
776.389224028
776.389224028
776.389224028
776.389224028
776.389224028
776.389224028
776.389224028
776.389224028
776.389224028
776.389224028
776.389224028
776.389224028
776.389224028
776.389224028
776.389224028
776.389224028
776.389224028
776.389224028
776.389224028
776.389224028
776.389224028
776.389224028
776.389224028
776.389224028
776.389224028
776.389224028
776.389224028
776.389224028
776.389224028
776.389224028
776.389224028
776.389224028
776.389224028
776.389224028
776.389224028
776.389224028
776.389224028
776.389224028
776.389224028
776.389224028
776.389224028
776.389224028
776.389224028
776.389224028
776.389224028
776.389224028
776.389224028
776.389224028
776.389224028
776.389224028
776.389224028
776.389224028
776.389224028
776.389224028
776.389224028
776.389224028
776.389224028
776.389224028
774.448337138
774.448337138
774.448337138
774.448337138
774.448337138
774.448337138
774.448337138
774.448337138
774.448337138
774.448337138
774.448337138
766.392707923
766.392707923
766.392707923
766.392707923
766.392707923
766.392707923
766.392707923
766.392707923
766.392707923
766.392707923
766.392707923
766.392707923
766.392707923
766.392707923
766.392707923
766.392707923
766.392707923
766.392707923
766.392707923
766.392707923
766.392707923
766.392707923
766.392707923
766.392707923
766.392707923
766.392707923
766.392707923
766.392707923
766.392707923
766.392707923
766.392707923
766.392707923
766.392707923
766.392707923
766.392707923
766.392707923
766.392707923
766.392707923
766.392707923
766.392707923
766.392707923
766.392707923
766.392707923
766.392707923
766.392707923
766.392707923
766.392707923
766.392707923
766.392707923
766.392707923
766.392707923
766.392707923
766.392707923
766.392707923
766.392707923
766.392707923
766.392707923
766.392707923
766.392707923
766.392707923
766.392707923
766.392707923
766.392707923
766.392707923
766.392707923
766.392707923
766.392707923
766.392707923
766.392707923
766.392707923
766.392707923
766.392707923
766.392707923
766.392707923
766.392707923
766.392707923
766.392707923
766.392707923
766.392707923
766.392707923
766.392707923
766.392707923
766.392707923
766.392707923
766.392707923
766.392707923
766.392707923
766.392707923
766.392707923
766.392707923
766.392707923
766.392707923
766.392707923
766.392707923
766.392707923
766.392707923
766.392707923
766.392707923
766.392707923
766.392707923
766.392707923
766.392707923
766.392707923
766.392707923
766.392707923
766.392707923
766.392707923
766.392707923
766.392707923
766.392707923
766.392707923
766.392707923
766.392707923
766.392707923
766.392707923
766.392707923
766.392707923
766.392707923
766.392707923
766.392707923
766.392707923
766.392707923
766.392707923
766.392707923
766.392707923
766.392707923
766.392707923
766.392707923
766.392707923
766.392707923
766.392707923
766.392707923
766.392707923
766.392707923
766.392707923
766.392707923
766.392707923
766.392707923
766.392707923
766.392707923
764.458424838
764.458424838
764.458424838
764.458424838
764.458424838
764.458424838
764.458424838
763.608411003
763.608411003
763.608411003
763.608411003
763.608411003
763.608411003
763.608411003
763.608411003
763.608411003
763.608411003
763.608411003
763.608411003
763.608411003
763.608411003
763.608411003
763.608411003
763.608411003
763.608411003
763.608411003
763.608411003
763.608411003
763.608411003
763.608411003
763.608411003
763.608411003
763.608411003
761.274166344
761.274166344
761.274166344
761.274166344
761.274166344
761.274166344
761.274166344
761.274166344
761.274166344
761.274166344
761.274166344
761.274166344
761.274166344
761.274166344
761.274166344
761.274166344
759.756734471
759.756734471
759.756734471
759.756734471
759.756734471
759.756734471
759.756734471
759.756734471
759.756734471
759.756734471
759.756734471
759.756734471
759.756734471
759.756734471
759.756734471
759.756734471
759.756734471
759.756734471
759.756734471
759.756734471
759.756734471
759.756734471
759.756734471
759.756734471
759.756734471
759.756734471
759.756734471
759.756734471
759.756734471
759.756734471
759.756734471
759.756734471
759.756734471
759.756734471
759.756734471
759.756734471
759.756734471
759.756734471
741.426053262
741.426053262
741.426053262
741.426053262
741.426053262
741.426053262
741.426053262
741.426053262
741.426053262
741.426053262
741.426053262
741.426053262
741.426053262
741.426053262
741.426053262
741.426053262
741.426053262
741.426053262
741.426053262
741.426053262
741.426053262
741.426053262
741.426053262
741.426053262
741.426053262
741.426053262
741.426053262
741.426053262
741.426053262
741.426053262
741.426053262
741.426053262
741.426053262
741.426053262
741.426053262
741.426053262
741.426053262
741.426053262
741.426053262
741.426053262
741.426053262
741.426053262
741.426053262
741.426053262
741.426053262
741.426053262
741.426053262
741.426053262
741.426053262
741.426053262
741.426053262
741.426053262
741.426053262
741.426053262
741.426053262
741.426053262
741.426053262
741.426053262
741.426053262
741.426053262
741.426053262
741.426053262
741.426053262
741.426053262
741.426053262
741.426053262
741.426053262
741.426053262
741.426053262
741.426053262
741.426053262
741.426053262
741.426053262
741.426053262
741.426053262
741.426053262
741.426053262
741.426053262
741.426053262
737.107182447
737.107182447
737.107182447
737.107182447
737.092297438
737.092297438
737.092297438
737.092297438
737.092297438
737.092297438
737.092297438
737.092297438
737.092297438
737.092297438
737.092297438
737.092297438
737.092297438
737.092297438
737.092297438
737.092297438
737.092297438
737.092297438
737.092297438
737.092297438
737.092297438
737.092297438
737.092297438
737.092297438
737.092297438
737.092297438
737.092297438
737.092297438
737.092297438
737.092297438
737.092297438
737.092297438
737.092297438
737.092297438
737.092297438
737.092297438
727.173631789
727.173631789
727.173631789
727.173631789
727.173631789
721.836350094
721.836350094
721.836350094
721.836350094
721.836350094
721.836350094
721.836350094
721.836350094
721.836350094
721.836350094
721.836350094
721.836350094
721.836350094
721.836350094
721.836350094
721.836350094
721.836350094
721.836350094
721.836350094
721.836350094
721.836350094
721.836350094
721.836350094
721.836350094
721.836350094
721.836350094
721.836350094
721.836350094
721.836350094
721.836350094
721.836350094
721.836350094
721.836350094
721.836350094
721.836350094
721.836350094
721.836350094
721.836350094
721.836350094
721.836350094
721.836350094
721.836350094
721.836350094
721.836350094
721.836350094
721.836350094
721.836350094
721.836350094
721.836350094
721.836350094
721.836350094
721.836350094
721.836350094
721.836350094
721.836350094
721.836350094
721.836350094
721.836350094
721.836350094
721.836350094
721.836350094
721.836350094
721.836350094
721.836350094
721.836350094
721.836350094
721.836350094
721.836350094
721.836350094
721.836350094
721.836350094
721.836350094
718.436981903
718.436981903
718.436981903
718.436981903
718.436981903
718.436981903
718.436981903
718.436981903
718.436981903
718.436981903
718.436981903
718.436981903
718.436981903
718.436981903
718.436981903
718.436981903
718.436981903
718.436981903
718.436981903
718.436981903
718.436981903
718.436981903
718.436981903
718.436981903
718.436981903
718.436981903
718.436981903
718.436981903
718.436981903
718.436981903
718.436981903
717.706454749
717.706454749
717.706454749
717.706454749
717.706454749
717.706454749
717.706454749
717.706454749
717.706454749
717.706454749
717.706454749
717.706454749
717.706454749
717.706454749
717.706454749
717.706454749
717.706454749
717.706454749
717.706454749
717.706454749
717.706454749
717.706454749
717.706454749
717.706454749
717.706454749
717.706454749
717.706454749
717.706454749
717.706454749
717.706454749
707.396437356
707.396437356
707.396437356
707.396437356
707.396437356
707.396437356
707.396437356
707.396437356
707.396437356
707.396437356
707.396437356
707.396437356
707.396437356
707.396437356
707.396437356
707.396437356
707.396437356
707.396437356
707.396437356
707.396437356
707.396437356
707.396437356
707.396437356
707.396437356
707.396437356
707.396437356
707.396437356
707.396437356
707.396437356
707.396437356
707.396437356
707.396437356
707.396437356
707.396437356
707.396437356
707.396437356
707.396437356
707.396437356
695.252809777
695.252809777
695.252809777
695.252809777
695.252809777
695.252809777
695.252809777
695.252809777
695.252809777
695.252809777
695.252809777
695.252809777
695.252809777
695.252809777
695.252809777
695.252809777
695.252809777
695.252809777
695.252809777
695.252809777
695.252809777
695.252809777
695.252809777
695.252809777
695.252809777
695.252809777
695.252809777
695.252809777
695.252809777
695.252809777
695.252809777
695.252809777
695.252809777
695.252809777
695.252809777
695.252809777
692.518644075
692.518644075
692.518644075
692.518644075
690.379043707
690.379043707
690.379043707
690.379043707
690.379043707
690.379043707
690.379043707
690.379043707
690.379043707
690.379043707
690.379043707
690.379043707
690.379043707
690.379043707
690.379043707
690.379043707
690.379043707
690.379043707
690.379043707
690.379043707
690.379043707
690.379043707
690.379043707
690.379043707
690.379043707
690.379043707
690.379043707
690.379043707
690.379043707
690.379043707
690.379043707
690.379043707
690.379043707
690.379043707
690.379043707
690.379043707
690.379043707
690.379043707
690.379043707
690.379043707
690.379043707
690.379043707
690.379043707
690.379043707
675.728034147
675.728034147
675.728034147
675.728034147
675.728034147
675.728034147
675.728034147
675.728034147
675.728034147
675.728034147
675.728034147
675.728034147
675.728034147
675.728034147
675.728034147
675.728034147
675.728034147
675.728034147
675.728034147
675.728034147
675.728034147
675.728034147
675.728034147
675.728034147
675.728034147
675.728034147
675.728034147
675.728034147
675.728034147
675.728034147
675.728034147
675.728034147
675.728034147
675.728034147
675.728034147
675.728034147
675.728034147
675.728034147
675.728034147
675.728034147
675.728034147
675.728034147
675.728034147
675.728034147
675.728034147
675.728034147
675.728034147
675.728034147
675.728034147
675.728034147
675.728034147
675.728034147
675.728034147
675.728034147
675.728034147
675.728034147
675.728034147
675.728034147
675.728034147
675.728034147
675.728034147
670.466932568
670.466932568
670.466932568
670.466932568
670.466932568
670.466932568
670.466932568
670.466932568
670.466932568
670.466932568
670.466932568
670.466932568
670.466932568
670.466932568
670.466932568
670.466932568
670.466932568
670.466932568
670.466932568
670.466932568
670.466932568
670.466932568
670.466932568
670.466932568
656.754029423
656.754029423
656.754029423
656.754029423
656.422250226
656.422250226
656.422250226
656.422250226
656.422250226
656.422250226
656.422250226
656.422250226
649.246605916
649.246605916
649.246605916
649.246605916
649.246605916
649.246605916
649.246605916
649.246605916
649.246605916
649.246605916
649.246605916
649.246605916
649.246605916
649.246605916
649.246605916
649.246605916
649.246605916
649.246605916
649.246605916
649.246605916
649.246605916
649.246605916
649.246605916
649.246605916
649.246605916
626.447746555
626.447746555
626.447746555
626.447746555
626.447746555
626.447746555
626.447746555
626.447746555
626.447746555
626.447746555
626.447746555
626.447746555
626.447746555
626.447746555
626.447746555
626.447746555
626.447746555
626.447746555
626.447746555
626.447746555
626.447746555
626.447746555
626.447746555
626.447746555
626.447746555
626.447746555
626.447746555
626.447746555
626.447746555
626.447746555
626.447746555
626.447746555
626.447746555
626.447746555
626.447746555
626.447746555
626.447746555
626.447746555
626.447746555
626.447746555
626.447746555
626.447746555
626.447746555
626.447746555
626.447746555
626.447746555
626.447746555
626.447746555
626.447746555
626.447746555
626.447746555
626.447746555
626.447746555
626.447746555
626.447746555
626.447746555
626.447746555
626.447746555
626.447746555
626.447746555
626.447746555
626.447746555
626.447746555
626.447746555
626.447746555
626.447746555
626.447746555
626.447746555
626.447746555
626.447746555
626.447746555
626.447746555
626.447746555
626.447746555
626.447746555
626.447746555
626.447746555
626.447746555
626.447746555
626.447746555
626.447746555
626.447746555
626.447746555
626.447746555
626.447746555
626.447746555
626.447746555
626.447746555
626.447746555
626.447746555
626.447746555
626.447746555
626.447746555
626.447746555
626.447746555
626.447746555
626.447746555
626.447746555
626.447746555
626.447746555
626.447746555
626.447746555
626.447746555
626.447746555
626.447746555
626.447746555
626.447746555
626.447746555
626.447746555
626.447746555
626.447746555
626.447746555
626.447746555
626.447746555
626.447746555
626.447746555
622.02947979
622.02947979
622.02947979
622.02947979
622.02947979
622.02947979
622.02947979
622.02947979
622.02947979
622.02947979
622.02947979
622.02947979
622.02947979
622.02947979
622.02947979
617.152084516
617.152084516
617.152084516
617.152084516
617.152084516
617.152084516
617.152084516
617.152084516
617.152084516
617.152084516
617.152084516
617.152084516
617.152084516
617.152084516
617.152084516
617.152084516
617.152084516
617.152084516
617.152084516
617.152084516
617.152084516
617.152084516
617.152084516
617.152084516
617.152084516
617.152084516
617.152084516
617.152084516
617.152084516
617.152084516
617.152084516
617.152084516
617.152084516
617.152084516
617.152084516
617.152084516
617.152084516
617.152084516
617.152084516
617.152084516
617.152084516
617.152084516
617.152084516
617.152084516
617.152084516
617.152084516
617.152084516
617.152084516
617.152084516
617.152084516
617.152084516
617.152084516
617.152084516
617.152084516
617.152084516
617.152084516
617.152084516
617.152084516
617.152084516
617.152084516
617.152084516
617.152084516
617.152084516
617.152084516
617.152084516
617.152084516
617.152084516
617.152084516
617.152084516
617.152084516
617.152084516
617.152084516
617.152084516
617.152084516
617.152084516
617.152084516
617.152084516
617.152084516
617.152084516
617.152084516
617.152084516
617.152084516
617.152084516
617.152084516
617.152084516
617.152084516
617.152084516
617.152084516
617.152084516
617.152084516
617.152084516
617.152084516
617.152084516
617.152084516
617.152084516
617.152084516
617.152084516
617.152084516
617.152084516
617.152084516
617.152084516
617.152084516
617.152084516
617.152084516
617.152084516
617.152084516
617.152084516
617.152084516
617.152084516
617.152084516
617.152084516
617.152084516
617.152084516
617.152084516
617.152084516
617.152084516
617.152084516
617.152084516
617.152084516
617.152084516
617.152084516
617.152084516
617.152084516
617.152084516
617.152084516
617.152084516
617.152084516
617.152084516
617.152084516
617.152084516
617.152084516
617.152084516
617.152084516
617.152084516
617.152084516
617.152084516
617.152084516
617.152084516
617.152084516
617.152084516
617.152084516
617.152084516
617.152084516
617.152084516
617.152084516
617.152084516
617.152084516
617.152084516
617.152084516
617.152084516
617.152084516
617.152084516
617.152084516
617.152084516
617.152084516
617.152084516
617.152084516
617.152084516
617.152084516
617.152084516
617.152084516
617.152084516
617.152084516
617.152084516
617.152084516
617.152084516
617.152084516
617.152084516
617.152084516
617.152084516
617.152084516
617.152084516
617.152084516
617.152084516
617.152084516
617.152084516
617.152084516
617.152084516
617.152084516
617.152084516
617.152084516
617.152084516
617.152084516
617.152084516
617.152084516
617.152084516
617.152084516
617.152084516
617.152084516
617.152084516
617.152084516
617.152084516
617.152084516
617.152084516
617.152084516
617.152084516
617.152084516
617.152084516
617.152084516
617.152084516
617.152084516
617.152084516
617.152084516
617.152084516
617.152084516
617.152084516
617.152084516
617.152084516
617.152084516
617.152084516
617.152084516
617.152084516
617.152084516
617.152084516
617.152084516
617.152084516
617.152084516
617.152084516
617.152084516
617.152084516
617.152084516
617.152084516
617.152084516
617.152084516
617.152084516
617.152084516
617.152084516
617.152084516
617.152084516
617.152084516
617.152084516
617.152084516
617.152084516
617.152084516
617.152084516
617.152084516
617.152084516
617.152084516
617.152084516
617.152084516
617.152084516
617.152084516
617.152084516
617.152084516
617.152084516
617.152084516
617.152084516
617.152084516
617.152084516
617.152084516
617.152084516
617.152084516
617.152084516
617.152084516
617.152084516
615.868867735
615.868867735
615.868867735
615.868867735
615.868867735
615.868867735
615.868867735
615.868867735
615.868867735
615.868867735
615.868867735
615.868867735
615.868867735
615.868867735
615.868867735
615.868867735
615.868867735
615.868867735
615.868867735
615.868867735
615.868867735
615.868867735
615.868867735
615.868867735
615.868867735
615.868867735
615.868867735
615.868867735
615.868867735
615.868867735
615.868867735
615.868867735
615.868867735
615.868867735
615.868867735
615.868867735
615.868867735
615.868867735
615.868867735
615.868867735
615.868867735
615.868867735
615.868867735
615.868867735
615.868867735
615.636785078
615.636785078
615.636785078
615.636785078
615.636785078
615.636785078
615.636785078
615.636785078
615.636785078
615.636785078
615.636785078
615.636785078
615.636785078
615.636785078
615.636785078
615.636785078
615.636785078
615.636785078
615.636785078
615.636785078
615.636785078
615.636785078
615.636785078
615.636785078
615.636785078
615.636785078
615.636785078
615.636785078
615.636785078
615.636785078
615.636785078
615.636785078
615.636785078
615.636785078
595.208477957
595.208477957
595.208477957
595.208477957
595.208477957
595.208477957
595.208477957
595.208477957
595.208477957
595.208477957
595.208477957
595.208477957
595.208477957
595.208477957
595.208477957
595.208477957
595.208477957
595.208477957
595.208477957
595.208477957
595.208477957
595.208477957
595.208477957
595.208477957
595.208477957
595.208477957
595.208477957
595.208477957
595.208477957
595.208477957
595.208477957
595.208477957
595.208477957
595.208477957
595.208477957
595.208477957
595.208477957
595.208477957
595.208477957
595.208477957
595.208477957
595.208477957
595.208477957
595.208477957
595.208477957
595.208477957
595.208477957
595.208477957
595.208477957
595.208477957
595.208477957
595.208477957
595.208477957
595.208477957
595.208477957
595.208477957
595.208477957
595.208477957
595.208477957
595.208477957
595.208477957
595.208477957
595.208477957
595.208477957
595.208477957
595.208477957
595.208477957
595.208477957
595.208477957
595.208477957
595.208477957
595.208477957
595.208477957
595.208477957
595.208477957
595.208477957
595.208477957
595.208477957
595.208477957
595.208477957
595.208477957
595.208477957
595.208477957
595.208477957
595.208477957
595.208477957
595.208477957
595.208477957
595.208477957
595.208477957
595.208477957
595.208477957
595.208477957
595.208477957
595.208477957
595.208477957
595.208477957
595.208477957
595.208477957
595.208477957
595.208477957
595.208477957
595.208477957
593.567328732
593.567328732
593.567328732
593.567328732
593.567328732
593.567328732
593.567328732
593.567328732
593.567328732
593.567328732
593.567328732
593.567328732
593.567328732
593.567328732
593.567328732
593.567328732
593.567328732
593.567328732
593.567328732
593.567328732
593.567328732
593.567328732
593.567328732
593.567328732
593.567328732
593.567328732
593.567328732
593.567328732
593.567328732
593.567328732
593.567328732
593.567328732
593.567328732
593.567328732
593.567328732
593.567328732
593.567328732
593.567328732
593.567328732
593.567328732
593.567328732
593.567328732
593.567328732
593.567328732
593.567328732
593.567328732
593.567328732
593.567328732
593.567328732
593.567328732
587.441787872
587.441787872
587.441787872
587.441787872
587.441787872
587.441787872
587.441787872
587.441787872
587.441787872
587.441787872
587.441787872
587.441787872
587.441787872
587.441787872
587.441787872
587.441787872
587.441787872
587.441787872
587.441787872
587.441787872
587.441787872
587.441787872
587.441787872
587.441787872
587.441787872
587.441787872
587.441787872
587.441787872
587.441787872
587.441787872
587.441787872
587.441787872
587.441787872
587.441787872
587.441787872
587.441787872
587.441787872
587.441787872
587.441787872
587.441787872
587.441787872
587.441787872
587.441787872
587.441787872
587.441787872
587.441787872
587.441787872
587.441787872
587.441787872
587.441787872
587.441787872
587.441787872
587.441787872
587.441787872
587.441787872
587.441787872
587.441787872
587.441787872
587.441787872
587.441787872
587.441787872
587.441787872
587.441787872
587.441787872
587.441787872
587.441787872
587.441787872
587.441787872
587.441787872
587.441787872
587.441787872
587.441787872
587.441787872
587.441787872
587.441787872
587.441787872
587.441787872
587.441787872
587.441787872
587.441787872
587.441787872
587.441787872
587.441787872
587.441787872
587.441787872
587.441787872
587.441787872
587.441787872
587.441787872
587.441787872
587.441787872
587.441787872
587.441787872
587.441787872
587.441787872
587.441787872
587.441787872
587.441787872
587.441787872
587.441787872
587.441787872
587.441787872
587.441787872
587.441787872
587.441787872
587.441787872
587.441787872
587.441787872
587.441787872
587.441787872
587.441787872
587.441787872
587.441787872
587.441787872
587.441787872
587.441787872
587.441787872
587.441787872
587.441787872
587.441787872
587.441787872
587.441787872
587.441787872
587.441787872
587.441787872
587.441787872
587.441787872
587.441787872
587.441787872
587.441787872
587.441787872
587.441787872
587.441787872
587.441787872
587.441787872
587.441787872
587.441787872
587.441787872
587.441787872
587.441787872
587.441787872
587.441787872
587.441787872
587.441787872
587.441787872
587.441787872
587.441787872
587.441787872
587.441787872
587.441787872
587.441787872
587.441787872
587.441787872
587.441787872
587.441787872
587.441787872
587.441787872
587.441787872
587.441787872
587.441787872
587.441787872
587.441787872
587.441787872
587.441787872
587.441787872
587.441787872
587.441787872
587.441787872
587.441787872
587.441787872
587.441787872
587.441787872
587.441787872
587.441787872
587.441787872
587.441787872
587.441787872
587.441787872
587.441787872
587.441787872
587.441787872
587.441787872
587.441787872
587.441787872
587.441787872
587.441787872
587.441787872
587.441787872
587.441787872
587.441787872
587.441787872
587.441787872
587.441787872
587.441787872
587.441787872
587.441787872
587.441787872
587.441787872
587.441787872
587.441787872
587.441787872
587.441787872
587.441787872
587.441787872
587.441787872
587.441787872
587.441787872
587.441787872
587.441787872
587.441787872
587.441787872
587.441787872
587.441787872
587.441787872
587.441787872
587.441787872
587.441787872
587.441787872
587.441787872
587.441787872
587.441787872
587.441787872
587.441787872
587.441787872
587.441787872
587.441787872
587.441787872
587.441787872
587.441787872
587.441787872
587.441787872
587.441787872
587.441787872
587.441787872
587.441787872
587.441787872
587.441787872
587.441787872
587.441787872
587.441787872
587.441787872
587.441787872
587.441787872
587.441787872
587.441787872
587.441787872
587.441787872
587.441787872
587.441787872
587.441787872
587.441787872
587.441787872
587.441787872
587.441787872
587.441787872
587.441787872
587.441787872
587.441787872
587.441787872
587.441787872
587.441787872
587.441787872
587.441787872
587.441787872
587.441787872
587.441787872
587.441787872
587.441787872
587.441787872
587.441787872
587.441787872
587.441787872
587.441787872
587.441787872
587.441787872
587.441787872
587.441787872
587.441787872
587.441787872
587.441787872
587.441787872
587.441787872
587.441787872
587.441787872
587.441787872
587.441787872
587.441787872
587.441787872
587.441787872
587.441787872
587.441787872
587.441787872
587.441787872
587.441787872
587.441787872
587.441787872
587.441787872
587.441787872
587.441787872
587.441787872
587.441787872
587.441787872
587.441787872
587.441787872
587.441787872
587.441787872
587.441787872
587.441787872
587.441787872
587.441787872
587.441787872
587.441787872
587.441787872
587.441787872
587.441787872
587.441787872
587.441787872
587.441787872
587.441787872
587.441787872
587.441787872
587.441787872
587.441787872
587.441787872
587.441787872
587.441787872
587.441787872
587.441787872
587.441787872
587.441787872
587.441787872
587.441787872
587.441787872
587.441787872
587.441787872
587.441787872
587.441787872
587.441787872
587.441787872
587.441787872
587.441787872
587.441787872
587.441787872
587.441787872
580.307109618
580.307109618
580.307109618
580.307109618
580.307109618
580.307109618
580.307109618
580.307109618
580.307109618
580.307109618
580.307109618
580.307109618
580.307109618
580.307109618
580.307109618
580.307109618
580.307109618
580.307109618
580.307109618
580.307109618
580.307109618
580.307109618
580.307109618
580.307109618
580.307109618
580.307109618
580.307109618
580.307109618
580.307109618
580.307109618
580.307109618
580.307109618
580.307109618
580.307109618
580.307109618
580.307109618
580.307109618
580.307109618
580.307109618
580.307109618
580.307109618
580.307109618
580.307109618
580.307109618
580.307109618
580.307109618
580.307109618
580.307109618
580.307109618
580.307109618
580.307109618
580.307109618
580.307109618
580.307109618
580.307109618
580.307109618
580.307109618
580.307109618
580.307109618
580.307109618
580.307109618
580.307109618
580.307109618
580.307109618
580.307109618
580.307109618
580.307109618
580.307109618
580.307109618
580.307109618
580.307109618
580.307109618
580.307109618
580.307109618
580.307109618
580.307109618
580.307109618
580.307109618
580.307109618
580.307109618
580.307109618
580.307109618
580.307109618
580.307109618
580.307109618
580.307109618
580.307109618
580.307109618
580.307109618
580.307109618
580.307109618
580.307109618
580.307109618
580.307109618
580.307109618
580.307109618
580.307109618
580.307109618
577.714552197
577.714552197
577.714552197
577.714552197
577.714552197
577.714552197
577.714552197
577.714552197
577.714552197
577.714552197
576.666982634
576.666982634
576.666982634
576.666982634
575.732627406
575.732627406
575.732627406
575.732627406
575.732627406
575.732627406
575.732627406
575.732627406
575.732627406
575.732627406
575.732627406
575.732627406
575.732627406
575.732627406
575.732627406
575.732627406
575.732627406
575.732627406
575.732627406
575.732627406
575.732627406
575.732627406
575.732627406
575.732627406
575.732627406
575.732627406
575.732627406
575.732627406
575.732627406
575.732627406
575.732627406
575.732627406
575.732627406
575.732627406
575.732627406
575.732627406
573.753132188
573.753132188
573.753132188
573.753132188
573.753132188
573.753132188
573.753132188
573.753132188
573.753132188
573.753132188
573.753132188
573.753132188
573.753132188
573.753132188
573.753132188
573.753132188
573.753132188
573.753132188
573.753132188
573.753132188
573.753132188
573.753132188
573.753132188
573.753132188
573.753132188
573.753132188
573.753132188
573.753132188
573.753132188
573.753132188
573.753132188
573.753132188
573.753132188
573.753132188
573.753132188
573.753132188
573.753132188
573.753132188
573.753132188
573.753132188
573.753132188
573.753132188
571.875234354
571.875234354
571.875234354
571.875234354
571.875234354
569.369983279
569.369983279
569.369983279
569.369983279
569.369983279
569.369983279
569.369983279
568.627645719
568.627645719
568.627645719
568.627645719
568.627645719
568.627645719
568.627645719
568.627645719
568.627645719
568.627645719
568.627645719
568.627645719
568.627645719
568.627645719
568.627645719
568.627645719
568.627645719
568.627645719
568.627645719
568.627645719
568.627645719
568.627645719
568.627645719
568.627645719
568.627645719
568.627645719
568.627645719
568.627645719
568.627645719
568.627645719
568.627645719
568.627645719
568.627645719
568.627645719
568.627645719
568.627645719
568.627645719
568.627645719
568.627645719
568.627645719
568.627645719
568.627645719
568.627645719
568.627645719
566.626547574
566.626547574
558.771708894
558.771708894
558.771708894
558.771708894
558.771708894
558.771708894
558.771708894
557.450786656
557.450786656
557.450786656
557.450786656
557.450786656
557.450786656
557.450786656
557.450786656
557.450786656
557.450786656
557.450786656
557.450786656
557.450786656
557.450786656
557.450786656
557.450786656
557.450786656
557.450786656
557.450786656
557.450786656
557.450786656
557.450786656
557.450786656
557.450786656
557.450786656
557.450786656
557.450786656
557.450786656
557.450786656
557.450786656
557.450786656
557.450786656
557.450786656
557.450786656
557.450786656
557.450786656
557.450786656
557.450786656
557.450786656
557.450786656
557.450786656
557.450786656
557.450786656
557.450786656
557.450786656
557.450786656
557.450786656
557.450786656
557.450786656
557.450786656
557.450786656
557.450786656
557.450786656
557.450786656
557.450786656
557.450786656
557.450786656
557.450786656
557.450786656
557.450786656
557.450786656
557.450786656
557.450786656
557.450786656
557.450786656
557.450786656
557.450786656
557.450786656
557.450786656
557.450786656
557.450786656
557.450786656
557.450786656
557.450786656
557.450786656
557.450786656
557.450786656
557.450786656
557.450786656
557.450786656
557.450786656
557.450786656
557.450786656
557.450786656
557.450786656
557.450786656
557.450786656
557.450786656
557.450786656
557.450786656
557.450786656
557.450786656
557.450786656
557.450786656
557.450786656
557.450786656
557.450786656
557.450786656
557.450786656
557.450786656
557.450786656
557.450786656
557.450786656
557.450786656
557.450786656
557.450786656
557.450786656
557.450786656
557.450786656
557.450786656
557.450786656
557.450786656
557.450786656
557.450786656
557.450786656
557.450786656
557.450786656
557.450786656
557.450786656
557.450786656
557.450786656
557.450786656
557.450786656
557.450786656
557.450786656
557.450786656
557.450786656
557.450786656
557.450786656
557.450786656
557.450786656
557.450786656
557.450786656
557.450786656
557.450786656
557.450786656
557.450786656
557.450786656
557.450786656
557.450786656
557.450786656
557.450786656
557.450786656
557.450786656
557.450786656
557.450786656
557.450786656
557.450786656
557.450786656
557.450786656
557.450786656
557.450786656
557.450786656
557.450786656
557.450786656
557.450786656
557.450786656
557.450786656
557.450786656
557.450786656
557.450786656
557.450786656
557.450786656
557.450786656
557.450786656
557.450786656
557.450786656
557.450786656
557.450786656
557.450786656
557.450786656
557.450786656
557.450786656
557.450786656
557.450786656
557.450786656
557.450786656
557.450786656
557.450786656
554.314783943
554.314783943
554.314783943
554.314783943
554.314783943
554.314783943
554.314783943
551.484163168
551.484163168
551.484163168
551.484163168
551.484163168
551.484163168
551.484163168
551.484163168
551.484163168
551.484163168
551.484163168
551.484163168
551.484163168
551.484163168
551.484163168
551.484163168
551.484163168
551.484163168
551.484163168
551.484163168
551.484163168
551.484163168
551.484163168
551.484163168
551.484163168
551.484163168
551.484163168
551.484163168
551.484163168
551.484163168
551.484163168
551.484163168
551.484163168
551.484163168
551.484163168
551.484163168
551.484163168
551.484163168
551.484163168
551.484163168
551.484163168
551.484163168
551.484163168
551.484163168
550.54204281
550.54204281
550.54204281
550.54204281
550.54204281
550.54204281
550.54204281
550.54204281
550.54204281
550.54204281
550.54204281
550.54204281
550.54204281
550.54204281
550.54204281
550.54204281
550.54204281
550.54204281
550.54204281
550.54204281
550.54204281
550.54204281
550.54204281
550.54204281
550.54204281
550.54204281
550.54204281
550.54204281
550.54204281
550.54204281
550.54204281
550.54204281
550.54204281
550.54204281
550.54204281
550.54204281
550.54204281
550.54204281
550.54204281
550.54204281
550.54204281
550.54204281
550.54204281
550.54204281
550.54204281
550.54204281
550.54204281
550.54204281
550.54204281
550.54204281
550.54204281
550.54204281
550.54204281
550.54204281
550.54204281
550.54204281
550.54204281
550.54204281
550.54204281
550.54204281
550.54204281
550.54204281
550.54204281
550.54204281
550.54204281
550.54204281
550.54204281
550.54204281
550.54204281
550.54204281
550.54204281
550.54204281
550.54204281
550.54204281
550.54204281
550.54204281
550.54204281
550.54204281
550.54204281
550.54204281
550.54204281
550.54204281
550.54204281
550.54204281
550.54204281
550.54204281
550.54204281
550.54204281
550.54204281
550.54204281
550.54204281
550.54204281
550.54204281
550.54204281
550.54204281
550.54204281
550.54204281
550.54204281
550.54204281
550.54204281
550.54204281
550.54204281
550.54204281
550.54204281
550.54204281
550.54204281
550.54204281
550.54204281
550.54204281
550.54204281
550.54204281
550.54204281
550.54204281
550.54204281
550.54204281
550.54204281
550.54204281
550.54204281
550.54204281
550.54204281
550.54204281
550.54204281
550.54204281
550.54204281
550.54204281
550.54204281
550.54204281
544.302462033
544.302462033
544.302462033
544.302462033
544.302462033
544.302462033
544.302462033
544.302462033
544.302462033
544.302462033
544.302462033
544.302462033
544.302462033
544.302462033
544.302462033
544.302462033
544.302462033
544.302462033
544.302462033
544.302462033
544.302462033
544.302462033
544.302462033
544.302462033
544.302462033
544.302462033
544.302462033
544.302462033
544.302462033
544.302462033
544.302462033
544.302462033
544.302462033
544.302462033
544.302462033
544.302462033
544.302462033
544.302462033
544.302462033
544.302462033
544.302462033
544.302462033
544.302462033
544.302462033
544.302462033
544.302462033
544.302462033
544.302462033
544.302462033
544.302462033
544.302462033
544.302462033
544.302462033
544.302462033
544.302462033
544.302462033
544.302462033
544.302462033
544.302462033
544.302462033
544.302462033
544.302462033
544.302462033
544.302462033
544.302462033
544.302462033
544.302462033
544.302462033
544.302462033
544.302462033
544.302462033
544.302462033
544.302462033
544.302462033
544.302462033
544.302462033
544.302462033
544.302462033
544.302462033
544.302462033
544.302462033
544.302462033
544.302462033
544.302462033
544.302462033
544.302462033
544.302462033
544.302462033
544.302462033
544.302462033
544.302462033
544.302462033
544.302462033
544.302462033
544.302462033
544.302462033
544.302462033
544.302462033
544.302462033
544.302462033
544.302462033
544.302462033
544.302462033
544.302462033
544.302462033
544.302462033
544.302462033
544.302462033
544.302462033
544.302462033
544.302462033
544.302462033
544.302462033
544.302462033
544.302462033
544.302462033
544.302462033
544.302462033
544.302462033
544.302462033
544.302462033
544.302462033
544.302462033
544.302462033
544.302462033
544.302462033
544.302462033
544.302462033
544.302462033
544.302462033
544.302462033
544.302462033
544.302462033
544.302462033
544.302462033
544.302462033
544.302462033
544.302462033
544.302462033
544.302462033
544.302462033
544.302462033
544.302462033
544.302462033
544.302462033
544.302462033
544.302462033
544.302462033
544.302462033
544.302462033
544.302462033
544.302462033
544.302462033
544.302462033
544.302462033
544.302462033
544.302462033
544.302462033
544.302462033
544.302462033
544.302462033
544.302462033
544.302462033
544.302462033
544.302462033
544.302462033
544.302462033
544.302462033
544.302462033
544.302462033
544.302462033
544.302462033
544.302462033
544.302462033
544.302462033
544.302462033
544.302462033
544.302462033
544.302462033
544.302462033
544.302462033
544.302462033
544.302462033
544.302462033
544.302462033
544.302462033
544.302462033
544.302462033
544.302462033
544.302462033
544.302462033
544.302462033
544.302462033
544.302462033
544.302462033
544.302462033
544.302462033
544.302462033
544.302462033
544.302462033
544.302462033
544.302462033
544.302462033
544.302462033
544.302462033
544.302462033
544.302462033
544.302462033
544.302462033
544.302462033
544.302462033
544.302462033
544.302462033
544.302462033
544.302462033
544.302462033
544.302462033
544.302462033
544.302462033
544.302462033
544.302462033
544.302462033
544.302462033
544.302462033
544.302462033
544.302462033
544.302462033
544.302462033
544.302462033
544.302462033
544.302462033
544.302462033
544.302462033
544.302462033
544.302462033
544.302462033
544.302462033
544.302462033
544.302462033
544.302462033
544.302462033
544.302462033
544.302462033
544.302462033
544.302462033
544.302462033
544.302462033
544.302462033
544.302462033
544.302462033
544.302462033
538.707479787
538.707479787
538.707479787
538.707479787
538.707479787
538.707479787
538.707479787
538.707479787
538.707479787
538.707479787
538.707479787
538.707479787
538.707479787
538.707479787
538.707479787
538.707479787
538.707479787
538.707479787
538.707479787
538.707479787
538.707479787
538.707479787
538.707479787
538.707479787
538.707479787
538.707479787
538.707479787
538.707479787
538.707479787
538.707479787
538.707479787
538.707479787
538.707479787
538.707479787
538.707479787
538.707479787
538.707479787
538.707479787
538.707479787
538.707479787
538.707479787
538.707479787
538.707479787
538.707479787
538.707479787
538.707479787
538.707479787
538.707479787
538.707479787
538.707479787
538.707479787
538.707479787
538.707479787
538.707479787
538.707479787
538.707479787
538.707479787
538.707479787
538.707479787
538.707479787
538.707479787
538.707479787
538.707479787
538.707479787
538.707479787
538.707479787
538.707479787
538.707479787
538.707479787
538.707479787
538.707479787
538.707479787
538.707479787
538.707479787
538.707479787
538.707479787
538.707479787
538.707479787
538.707479787
538.707479787
538.707479787
538.707479787
538.707479787
538.707479787
538.707479787
538.707479787
538.707479787
538.707479787
538.707479787
538.707479787
538.707479787
538.707479787
538.707479787
538.707479787
538.707479787
538.707479787
538.707479787
538.707479787
538.707479787
538.707479787
538.707479787
538.707479787
538.707479787
538.707479787
538.707479787
538.707479787
538.707479787
538.707479787
538.707479787
538.707479787
538.707479787
538.707479787
538.707479787
538.707479787
538.707479787
538.707479787
538.707479787
538.707479787
538.707479787
538.707479787
538.707479787
538.707479787
538.707479787
538.707479787
538.707479787
538.707479787
538.707479787
538.707479787
538.707479787
538.707479787
538.707479787
538.707479787
538.707479787
538.707479787
538.707479787
538.707479787
538.707479787
538.707479787
538.707479787
538.707479787
538.707479787
538.707479787
538.707479787
538.707479787
538.707479787
538.707479787
538.707479787
538.707479787
538.707479787
538.707479787
538.707479787
538.707479787
538.707479787
538.707479787
538.707479787
538.707479787
538.707479787
538.707479787
538.707479787
538.707479787
538.707479787
538.707479787
538.707479787
538.707479787
538.707479787
538.707479787
538.707479787
538.707479787
538.707479787
538.707479787
538.707479787
538.707479787
538.707479787
538.707479787
538.707479787
538.707479787
538.707479787
538.707479787
538.707479787
538.707479787
538.707479787
538.707479787
538.707479787
538.707479787
538.707479787
538.707479787
538.707479787
538.707479787
538.707479787
538.707479787
538.707479787
538.707479787
538.707479787
538.707479787
538.707479787
538.707479787
538.707479787
538.707479787
538.707479787
538.707479787
538.707479787
538.707479787
538.707479787
538.707479787
538.707479787
538.707479787
538.707479787
536.337108018
536.337108018
536.337108018
536.337108018
536.337108018
536.337108018
536.337108018
536.337108018
536.337108018
536.337108018
536.337108018
536.337108018
536.337108018
536.337108018
536.337108018
536.337108018
536.337108018
536.337108018
536.337108018
536.337108018
536.337108018
536.337108018
536.337108018
536.337108018
536.337108018
536.337108018
536.337108018
536.337108018
534.339788578
534.339788578
534.339788578
534.339788578
534.339788578
534.339788578
534.339788578
534.339788578
534.339788578
534.339788578
534.339788578
534.339788578
534.339788578
534.339788578
534.339788578
534.339788578
534.339788578
534.339788578
534.339788578
534.339788578
534.339788578
534.339788578
534.339788578
534.339788578
534.339788578
534.339788578
534.339788578
534.339788578
534.339788578
534.339788578
534.339788578
534.339788578
534.339788578
534.339788578
534.339788578
534.339788578
534.339788578
534.339788578
534.339788578
534.339788578
534.339788578
534.339788578
534.339788578
534.339788578
534.339788578
534.339788578
534.339788578
534.339788578
534.339788578
534.339788578
534.339788578
534.339788578
534.339788578
534.339788578
534.339788578
534.339788578
534.339788578
534.339788578
534.339788578
534.339788578
534.339788578
534.339788578
534.339788578
534.339788578
534.339788578
534.339788578
534.339788578
534.339788578
534.339788578
534.339788578
534.339788578
534.339788578
534.339788578
534.339788578
534.339788578
534.339788578
534.339788578
534.339788578
534.339788578
534.339788578
534.339788578
534.339788578
534.339788578
534.339788578
534.339788578
534.339788578
534.339788578
534.339788578
534.339788578
534.339788578
534.339788578
534.339788578
534.339788578
534.339788578
534.339788578
534.339788578
534.339788578
534.339788578
534.339788578
534.339788578
534.339788578
534.339788578
534.339788578
534.339788578
534.339788578
534.339788578
534.339788578
534.339788578
534.339788578
534.339788578
534.339788578
534.339788578
534.339788578
534.339788578
534.339788578
534.339788578
534.339788578
534.339788578
534.339788578
534.339788578
534.339788578
534.339788578
534.339788578
534.339788578
534.339788578
534.339788578
534.339788578
534.339788578
534.339788578
534.339788578
534.339788578
534.339788578
534.339788578
534.339788578
534.339788578
534.339788578
534.339788578
534.339788578
534.339788578
534.339788578
534.339788578
534.339788578
534.339788578
534.339788578
534.339788578
534.339788578
534.339788578
534.339788578
534.339788578
534.339788578
534.339788578
534.339788578
534.339788578
534.339788578
534.339788578
534.339788578
534.339788578
534.339788578
534.339788578
534.339788578
534.339788578
534.339788578
534.339788578
534.339788578
534.339788578
534.339788578
534.339788578
534.339788578
534.339788578
534.339788578
534.339788578
534.339788578
534.339788578
534.339788578
534.339788578
534.339788578
534.339788578
534.339788578
534.339788578
534.339788578
534.339788578
534.339788578
534.339788578
534.339788578
534.339788578
534.339788578
534.339788578
534.339788578
534.339788578
534.339788578
534.339788578
534.339788578
534.339788578
534.339788578
534.339788578
534.339788578
534.339788578
534.339788578
534.339788578
534.339788578
534.339788578
534.339788578
534.339788578
534.339788578
534.339788578
534.339788578
534.339788578
534.339788578
534.339788578
534.339788578
534.339788578
534.339788578
534.339788578
534.339788578
534.339788578
534.339788578
534.339788578
534.339788578
534.339788578
534.339788578
534.339788578
534.339788578
534.339788578
534.339788578
534.339788578
534.339788578
534.339788578
534.339788578
534.339788578
534.339788578
534.339788578
534.339788578
534.339788578
534.339788578
534.339788578
534.339788578
534.339788578
534.339788578
534.339788578
534.339788578
534.339788578
534.339788578
534.339788578
534.339788578
534.339788578
534.339788578
534.339788578
534.339788578
534.339788578
534.339788578
534.339788578
534.339788578
534.339788578
534.339788578
534.339788578
534.339788578
534.339788578
534.339788578
534.339788578
534.339788578
534.339788578
534.339788578
534.339788578
534.339788578
534.339788578
534.339788578
534.339788578
534.339788578
534.339788578
534.339788578
534.339788578
534.339788578
534.339788578
534.339788578
534.339788578
534.339788578
534.339788578
534.339788578
534.339788578
534.339788578
534.339788578
534.339788578
534.339788578
534.339788578
534.339788578
534.339788578
534.339788578
534.339788578
534.339788578
534.339788578
534.339788578
534.339788578
534.339788578
534.339788578
534.339788578
534.339788578
534.339788578
534.339788578
534.339788578
534.339788578
534.339788578
534.339788578
534.339788578
534.339788578
534.339788578
534.339788578
534.339788578
534.339788578
534.339788578
534.339788578
534.339788578
534.339788578
534.339788578
534.339788578
534.339788578
534.339788578
534.339788578
534.339788578
534.339788578
534.339788578
534.339788578
534.339788578
534.339788578
534.339788578
534.339788578
534.339788578
534.339788578
534.339788578
534.339788578
534.339788578
534.339788578
534.339788578
534.339788578
534.339788578
534.339788578
534.339788578
534.339788578
534.339788578
534.339788578
534.339788578
534.339788578
534.339788578
534.339788578
534.339788578
534.339788578
534.339788578
534.339788578
534.339788578
534.339788578
534.339788578
534.339788578
534.339788578
534.339788578
534.339788578
534.339788578
534.339788578
534.339788578
534.339788578
534.339788578
534.339788578
534.339788578
534.339788578
534.339788578
534.339788578
534.339788578
534.339788578
534.339788578
534.339788578
534.339788578
534.339788578
534.339788578
534.339788578
534.339788578
534.339788578
534.339788578
534.339788578
534.339788578
534.339788578
534.339788578
534.339788578
534.339788578
534.339788578
534.339788578
534.339788578
534.339788578
534.339788578
534.339788578
534.339788578
534.339788578
534.339788578
534.339788578
534.339788578
534.339788578
534.339788578
534.339788578
534.339788578
534.339788578
534.339788578
534.339788578
534.339788578
534.339788578
534.339788578
534.339788578
534.339788578
534.339788578
534.339788578
534.339788578
534.339788578
534.339788578
534.339788578
534.339788578
534.339788578
534.339788578
534.339788578
534.339788578
534.339788578
534.339788578
534.339788578
534.339788578
534.339788578
534.339788578
534.339788578
534.339788578
534.339788578
534.339788578
534.339788578
534.339788578
534.339788578
534.339788578
534.339788578
534.339788578
534.339788578
534.339788578
534.339788578
534.339788578
534.339788578
534.339788578
534.339788578
534.339788578
534.339788578
534.339788578
534.339788578
534.339788578
534.339788578
534.339788578
534.339788578
534.339788578
534.339788578
534.339788578
534.339788578
534.339788578
534.339788578
534.339788578
534.339788578
534.339788578
534.339788578
534.339788578
534.339788578
534.339788578
534.339788578
534.339788578
534.339788578
534.339788578
534.339788578
534.339788578
534.339788578
534.339788578
534.339788578
534.339788578
534.339788578
534.339788578
534.339788578
534.339788578
534.339788578
534.339788578
534.339788578
534.339788578
534.339788578
534.339788578
534.339788578
534.339788578
534.339788578
534.339788578
534.339788578
534.339788578
534.339788578
534.339788578
534.339788578
534.339788578
534.339788578
534.339788578
534.339788578
534.339788578
534.339788578
534.339788578
534.339788578
534.339788578
534.339788578
534.339788578
534.339788578
534.339788578
534.339788578
534.339788578
534.339788578
534.339788578
534.339788578
534.339788578
534.339788578
534.339788578
534.339788578
534.339788578
534.339788578
534.339788578
534.339788578
534.339788578
534.339788578
534.339788578
534.339788578
534.339788578
534.339788578
534.339788578
534.339788578
534.339788578
534.339788578
534.339788578
534.339788578
534.339788578
534.339788578
534.339788578
534.339788578
534.339788578
534.339788578
534.339788578
534.339788578
534.339788578
534.339788578
534.339788578
534.339788578
534.339788578
534.339788578
534.339788578
534.339788578
534.339788578
534.339788578
534.339788578
534.339788578
534.339788578
534.339788578
534.339788578
534.339788578
534.339788578
534.339788578
534.339788578
534.339788578
534.339788578
534.339788578
534.339788578
534.339788578
522.785209849
522.785209849
522.785209849
522.785209849
522.785209849
522.785209849
522.785209849
522.785209849
522.785209849
522.785209849
522.785209849
522.785209849
522.785209849
522.785209849
522.785209849
522.785209849
522.785209849
522.785209849
522.785209849
522.785209849
522.785209849
522.785209849
522.785209849
522.785209849
522.785209849
522.785209849
522.785209849
522.785209849
522.785209849
522.785209849
522.785209849
522.785209849
522.785209849
522.785209849
522.785209849
522.785209849
522.785209849
522.785209849
522.785209849
522.785209849
522.785209849
522.785209849
522.785209849
522.785209849
522.785209849
522.785209849
522.785209849
522.785209849
522.785209849
522.785209849
522.785209849
522.785209849
522.785209849
522.785209849
522.785209849
522.785209849
522.785209849
522.785209849
522.785209849
522.785209849
522.785209849
522.785209849
522.785209849
522.785209849
522.785209849
522.785209849
522.785209849
522.785209849
522.785209849
522.785209849
522.785209849
522.785209849
522.785209849
522.785209849
522.785209849
522.785209849
522.785209849
522.785209849
522.785209849
522.785209849
522.785209849
522.785209849
522.785209849
522.785209849
522.785209849
522.785209849
522.785209849
522.785209849
522.785209849
522.785209849
522.785209849
522.785209849
522.785209849
522.785209849
522.785209849
522.785209849
522.785209849
522.785209849
522.785209849
522.785209849
522.785209849
522.785209849
522.785209849
522.785209849
522.785209849
522.785209849
522.785209849
522.785209849
522.785209849
522.785209849
522.785209849
522.785209849
522.785209849
522.785209849
522.785209849
522.785209849
522.785209849
522.785209849
522.785209849
522.785209849
522.785209849
522.785209849
522.785209849
522.785209849
522.785209849
522.785209849
522.785209849
522.785209849
522.785209849
522.785209849
522.785209849
522.785209849
522.785209849
522.785209849
522.785209849
522.785209849
522.785209849
522.785209849
522.785209849
522.785209849
522.785209849
522.785209849
522.785209849
522.785209849
522.785209849
522.785209849
522.785209849
522.785209849
522.785209849
522.785209849
522.785209849
522.785209849
522.785209849
522.785209849
522.785209849
522.785209849
522.785209849
522.785209849
522.785209849
522.785209849
522.785209849
522.785209849
522.785209849
522.785209849
522.785209849
522.785209849
522.785209849
522.785209849
522.785209849
522.785209849
521.888306346
521.888306346
521.888306346
521.888306346
521.888306346
521.888306346
521.888306346
521.888306346
521.888306346
521.888306346
521.888306346
521.888306346
521.888306346
521.888306346
521.888306346
521.888306346
521.888306346
521.888306346
521.888306346
521.888306346
521.888306346
521.888306346
521.888306346
521.888306346
521.888306346
521.888306346
521.888306346
521.888306346
521.888306346
521.888306346
521.888306346
521.888306346
521.888306346
521.888306346
521.888306346
521.888306346
521.888306346
521.888306346
521.888306346
521.888306346
521.888306346
521.888306346
521.888306346
521.888306346
521.888306346
521.888306346
521.888306346
521.888306346
521.888306346
521.888306346
521.888306346
521.888306346
521.888306346
521.888306346
521.888306346
521.888306346
521.888306346
521.888306346
521.888306346
521.888306346
521.888306346
521.888306346
521.888306346
521.888306346
521.888306346
521.888306346
521.888306346
521.888306346
521.888306346
521.888306346
521.888306346
521.888306346
521.888306346
521.888306346
521.888306346
521.888306346
521.888306346
521.888306346
521.888306346
521.888306346
521.888306346
521.888306346
521.888306346
521.888306346
521.888306346
521.888306346
521.888306346
521.888306346
521.888306346
521.888306346
521.888306346
521.888306346
521.888306346
521.888306346
521.888306346
521.888306346
521.888306346
521.888306346
521.888306346
521.888306346
521.888306346
521.888306346
521.888306346
521.888306346
521.888306346
521.888306346
521.888306346
521.888306346
521.888306346
521.888306346
521.888306346
521.888306346
521.888306346
521.888306346
521.888306346
521.888306346
521.888306346
521.888306346
521.888306346
521.888306346
521.888306346
521.888306346
521.888306346
521.888306346
521.888306346
521.888306346
521.888306346
521.888306346
521.888306346
521.888306346
521.888306346
521.888306346
521.888306346
521.888306346
521.888306346
521.888306346
521.888306346
521.888306346
521.888306346
521.888306346
521.888306346
521.888306346
521.888306346
521.888306346
521.888306346
521.888306346
521.888306346
521.888306346
521.888306346
521.888306346
521.888306346
521.888306346
521.888306346
521.888306346
521.888306346
521.888306346
521.888306346
521.888306346
521.888306346
521.888306346
521.888306346
521.888306346
521.888306346
521.888306346
521.888306346
521.888306346
521.888306346
521.888306346
521.888306346
521.888306346
521.888306346
521.888306346
521.888306346
521.888306346
521.888306346
521.888306346
521.888306346
521.888306346
521.888306346
521.888306346
521.888306346
521.888306346
521.888306346
521.888306346
521.888306346
521.888306346
521.888306346
521.888306346
521.888306346
521.888306346
521.888306346
521.888306346
521.888306346
521.888306346
521.888306346
521.888306346
521.888306346
521.888306346
521.888306346
521.888306346
521.888306346
521.888306346
521.888306346
521.888306346
521.888306346
521.888306346
521.888306346
521.888306346
521.888306346
521.888306346
521.888306346
521.888306346
521.888306346
521.888306346
521.888306346
521.888306346
521.888306346
521.888306346
521.888306346
521.888306346
521.888306346
521.888306346
521.888306346
521.888306346
521.888306346
521.888306346
521.888306346
521.888306346
521.888306346
521.888306346
521.888306346
521.888306346
521.888306346
521.888306346
521.888306346
521.888306346
521.888306346
521.888306346
521.888306346
521.888306346
521.888306346
521.888306346
521.888306346
521.888306346
521.888306346
521.888306346
521.888306346
521.888306346
521.888306346
521.888306346
521.888306346
521.888306346
521.888306346
521.888306346
521.888306346
521.888306346
521.888306346
521.888306346
521.888306346
521.888306346
521.888306346
521.888306346
521.888306346
521.888306346
521.888306346
521.888306346
521.888306346
521.888306346
521.888306346
521.888306346
521.888306346
521.888306346
521.888306346
521.888306346
521.888306346
521.888306346
521.888306346
521.888306346
521.888306346
521.888306346
521.888306346
521.888306346
521.888306346
521.888306346
521.888306346
521.888306346
521.888306346
521.888306346
521.888306346
521.888306346
521.888306346
521.888306346
521.888306346
521.888306346
521.888306346
521.888306346
521.888306346
521.888306346
521.888306346
521.888306346
521.888306346
521.888306346
521.888306346
521.888306346
521.888306346
521.888306346
521.888306346
521.888306346
521.888306346
521.888306346
521.888306346
521.888306346
521.888306346
521.888306346
521.888306346
521.888306346
521.888306346
521.888306346
521.888306346
521.888306346
521.888306346
521.888306346
521.888306346
521.888306346
521.888306346
521.888306346
521.888306346
521.888306346
521.888306346
521.888306346
521.888306346
521.888306346
521.888306346
521.888306346
521.888306346
521.888306346
521.888306346
521.888306346
521.888306346
521.888306346
521.888306346
521.888306346
521.888306346
521.888306346
521.888306346
521.888306346
521.888306346
521.888306346
521.888306346
521.888306346
521.888306346
521.888306346
521.888306346
521.888306346
521.888306346
521.888306346
521.888306346
521.888306346
521.888306346
521.888306346
521.888306346
521.888306346
521.888306346
521.888306346
521.888306346
521.888306346
521.888306346
521.888306346
521.888306346
521.888306346
521.888306346
521.888306346
521.888306346
521.888306346
521.888306346
521.888306346
521.888306346
521.888306346
521.888306346
521.888306346
521.888306346
521.888306346
521.888306346
521.888306346
521.888306346
521.888306346
521.888306346
521.888306346
521.888306346
521.888306346
521.888306346
521.888306346
521.888306346
521.888306346
521.888306346
521.888306346
521.888306346
521.888306346
521.888306346
521.888306346
521.888306346
521.888306346
521.888306346
521.888306346
521.888306346
521.888306346
521.888306346
521.888306346
521.888306346
521.888306346
521.888306346
521.888306346
521.888306346
521.888306346
521.888306346
521.888306346
521.888306346
521.888306346
521.888306346
521.888306346
521.888306346
521.888306346
521.888306346
521.888306346
521.888306346
521.888306346
521.888306346
521.888306346
521.888306346
521.888306346
521.888306346
521.888306346
521.888306346
521.888306346
521.888306346
521.888306346
521.888306346
521.888306346
521.888306346
521.888306346
521.888306346
521.888306346
521.888306346
521.888306346
521.888306346
521.888306346
521.888306346
521.888306346
521.888306346
521.888306346
521.888306346
521.888306346
521.888306346
521.888306346
521.888306346
521.888306346
521.888306346
521.888306346
521.888306346
521.888306346
521.888306346
521.888306346
521.888306346
521.888306346
521.888306346
521.888306346
521.888306346
521.888306346
521.888306346
521.888306346
521.888306346
521.888306346
521.888306346
521.888306346
521.888306346
521.888306346
521.888306346
521.888306346
521.888306346
521.888306346
521.888306346
521.888306346
521.888306346
521.888306346
521.888306346
521.888306346
521.888306346
521.888306346
521.888306346
521.888306346
521.888306346
521.888306346
521.888306346
521.888306346
521.888306346
521.888306346
521.888306346
521.888306346
521.888306346
521.888306346
521.888306346
521.888306346
521.888306346
521.888306346
521.888306346
521.888306346
521.888306346
521.888306346
521.888306346
521.888306346
521.888306346
521.888306346
521.888306346
521.888306346
521.888306346
521.888306346
521.888306346
521.888306346
521.888306346
521.888306346
521.888306346
521.888306346
521.888306346
521.888306346
521.888306346
521.888306346
521.888306346
521.888306346
521.888306346
521.888306346
521.888306346
521.888306346
521.888306346
521.888306346
521.888306346
521.888306346
521.888306346
521.888306346
521.888306346
521.888306346
521.888306346
521.888306346
521.888306346
521.888306346
521.888306346
521.888306346
521.888306346
521.888306346
521.888306346
521.888306346
521.888306346
521.888306346
521.888306346
521.888306346
521.888306346
521.888306346
521.888306346
521.888306346
521.888306346
521.888306346
521.888306346
521.888306346
521.888306346
521.888306346
521.888306346
521.888306346
521.888306346
521.888306346
521.888306346
521.888306346
521.888306346
521.888306346
521.888306346
521.888306346
521.888306346
521.888306346
521.888306346
521.888306346
521.888306346
521.888306346
521.888306346
521.888306346
521.888306346
521.888306346
521.888306346
521.888306346
521.888306346
521.888306346
521.888306346
521.888306346
521.888306346
521.888306346
521.888306346
521.888306346
521.888306346
521.888306346
521.888306346
521.888306346
521.888306346
521.888306346
521.888306346
521.888306346
521.888306346
521.888306346
521.888306346
521.888306346
521.888306346
521.888306346
521.888306346
521.888306346
521.888306346
521.888306346
521.888306346
521.888306346
521.888306346
521.888306346
521.888306346
521.888306346
521.888306346
521.888306346
521.888306346
521.888306346
521.888306346
521.888306346
521.888306346
521.888306346
521.888306346
521.888306346
521.888306346
521.888306346
521.888306346
