1723.71639696
1720.50013352
1720.50013352
1720.50013352
1720.50013352
1720.09594057
1690.43890783
1690.43890783
1690.43890783
1655.70094858
1655.70094858
1633.1054958
1582.99272523
1582.99272523
1574.94754432
1516.82374839
1516.82374839
1505.44848947
1505.44848947
1501.62747079
1501.62747079
1501.62747079
1479.8240246
1454.60253299
1447.52888767
1447.52888767
1447.52888767
1447.48422702
1427.36528869
1427.32052958
1427.32052958
1427.32052958
1427.32052958
1424.56651732
1393.43172083
1393.43172083
1375.28820495
1375.28820495
1375.28820495
1375.28820495
1375.28820495
1336.40583322
1334.43328308
1330.14835591
1330.14835591
1324.80599512
1301.82322329
1301.82322329
1301.82322329
1301.82322329
1296.50806915
1281.13450807
1281.13450807
1281.13450807
1281.13450807
1281.13450807
1281.13450807
1281.13450807
1281.13450807
1281.13450807
1281.13450807
1281.13450807
1281.13450807
1281.13450807
1281.13450807
1281.13450807
1281.13450807
1281.13450807
1281.13450807
1281.13450807
1281.13450807
1281.13450807
1281.13450807
1281.13450807
1281.13450807
1281.13450807
1281.13450807
1281.13450807
1281.13450807
1281.13450807
1281.13450807
1281.13450807
1281.13450807
1281.13450807
1281.13450807
1281.13450807
1281.13450807
1281.13450807
1229.79267145
1229.79267145
1229.79267145
1227.50536834
1227.50536834
1200.71127465
1200.71127465
1200.71127465
1200.71127465
1200.71127465
1193.84092554
1193.84092554
1193.84092554
1193.84092554
1193.84092554
1193.84092554
1187.77122869
1187.77122869
1187.77122869
1122.78002627
1122.78002627
1122.78002627
1122.78002627
1122.78002627
1122.78002627
1122.78002627
1122.78002627
1122.78002627
1122.78002627
1122.78002627
1109.71107593
1109.71107593
1109.71107593
1109.71107593
1109.71107593
1109.71107593
1109.71107593
1085.99535764
1084.84997861
1084.84997861
1084.84997861
1084.84997861
1084.84997861
1084.84997861
1084.84997861
1084.84997861
1084.84997861
1084.84997861
1084.84997861
1084.84997861
1060.02706095
1060.02706095
1060.02706095
1060.02706095
1060.02706095
1060.02706095
1060.02706095
1060.02706095
1060.02706095
1060.02706095
1060.02706095
1060.02706095
1060.02706095
1060.02706095
1060.02706095
1060.02706095
1060.02706095
1060.02706095
1060.02706095
1060.02706095
1060.02706095
1060.02706095
1060.02706095
1060.02706095
1060.02706095
1060.02706095
1060.02706095
1060.02706095
1060.02706095
1060.02706095
1060.02706095
1060.02706095
1060.02706095
1031.61056272
1031.61056272
1031.61056272
1031.61056272
1031.61056272
1031.61056272
993.603307192
993.603307192
993.603307192
993.603307192
993.603307192
993.603307192
983.786266413
983.786266413
983.786266413
974.536640496
974.536640496
970.009031169
970.009031169
970.009031169
970.009031169
970.009031169
970.009031169
970.009031169
970.009031169
970.009031169
970.009031169
970.009031169
970.009031169
970.009031169
970.009031169
970.009031169
970.009031169
970.009031169
970.009031169
970.009031169
970.009031169
970.009031169
970.009031169
970.009031169
970.009031169
970.009031169
970.009031169
970.009031169
970.009031169
970.009031169
970.009031169
970.009031169
970.009031169
970.009031169
970.009031169
970.009031169
970.009031169
970.009031169
943.59291701
943.59291701
943.59291701
943.59291701
943.59291701
943.59291701
943.59291701
943.59291701
943.59291701
943.59291701
943.59291701
943.59291701
943.59291701
943.59291701
943.59291701
943.59291701
943.59291701
943.126580576
943.126580576
911.335326382
911.335326382
911.335326382
911.335326382
911.335326382
911.335326382
911.335326382
911.335326382
911.335326382
911.335326382
911.335326382
911.335326382
911.335326382
911.335326382
911.335326382
911.335326382
911.335326382
911.335326382
911.335326382
911.335326382
911.335326382
911.335326382
911.335326382
911.335326382
911.335326382
911.335326382
911.335326382
911.335326382
911.335326382
911.335326382
882.135712291
882.135712291
882.135712291
882.135712291
882.135712291
882.135712291
882.135712291
882.135712291
882.135712291
882.135712291
882.135712291
882.135712291
882.135712291
882.135712291
882.135712291
882.135712291
882.135712291
882.135712291
882.135712291
882.135712291
882.135712291
882.135712291
882.135712291
882.135712291
882.135712291
882.135712291
882.135712291
882.135712291
882.135712291
882.135712291
882.135712291
882.135712291
882.135712291
882.135712291
882.135712291
882.135712291
882.135712291
882.135712291
882.135712291
882.135712291
882.135712291
882.135712291
882.135712291
882.135712291
882.135712291
882.135712291
882.135712291
882.135712291
882.135712291
882.135712291
882.135712291
882.135712291
882.135712291
882.135712291
882.135712291
882.135712291
882.135712291
882.135712291
882.135712291
882.135712291
882.135712291
882.135712291
882.135712291
882.135712291
882.135712291
882.135712291
882.135712291
882.135712291
882.135712291
882.135712291
882.135712291
882.135712291
882.135712291
882.135712291
882.135712291
882.135712291
882.135712291
882.135712291
882.135712291
882.135712291
882.135712291
882.135712291
882.135712291
882.135712291
882.135712291
882.135712291
882.135712291
882.135712291
882.135712291
882.135712291
882.135712291
882.135712291
882.135712291
882.135712291
882.135712291
882.135712291
882.135712291
882.135712291
882.135712291
877.522418278
877.522418278
877.522418278
877.522418278
877.522418278
877.522418278
877.522418278
877.522418278
877.522418278
877.522418278
877.522418278
877.522418278
867.656112884
867.656112884
867.656112884
867.656112884
867.656112884
867.656112884
867.656112884
867.656112884
867.656112884
867.656112884
867.656112884
867.656112884
867.656112884
867.656112884
861.413766613
861.413766613
861.413766613
861.413766613
861.413766613
861.413766613
861.413766613
861.413766613
861.413766613
861.413766613
861.413766613
861.413766613
861.413766613
861.413766613
861.413766613
861.413766613
861.413766613
861.413766613
861.413766613
861.413766613
861.413766613
861.413766613
861.413766613
861.413766613
851.280422087
851.280422087
851.280422087
851.280422087
851.280422087
851.280422087
851.280422087
851.280422087
851.280422087
851.280422087
851.280422087
851.280422087
851.280422087
851.280422087
851.280422087
851.280422087
851.280422087
851.280422087
851.280422087
851.280422087
851.280422087
851.280422087
851.280422087
851.280422087
850.881073154
850.881073154
850.881073154
850.881073154
850.881073154
850.881073154
850.881073154
850.881073154
850.881073154
850.881073154
850.881073154
850.881073154
850.881073154
850.881073154
850.881073154
841.425820788
841.425820788
841.425820788
841.425820788
841.425820788
841.425820788
838.339452879
838.339452879
835.118142385
835.118142385
835.118142385
835.118142385
835.118142385
815.794458401
806.828624043
806.828624043
806.828624043
806.828624043
806.828624043
806.828624043
806.828624043
806.828624043
806.828624043
806.828624043
806.828624043
806.828624043
806.828624043
806.828624043
806.828624043
806.828624043
806.828624043
802.220562335
802.220562335
802.220562335
802.220562335
802.220562335
802.220562335
802.220562335
802.220562335
802.220562335
802.220562335
802.220562335
802.220562335
802.220562335
802.220562335
802.220562335
802.220562335
802.220562335
802.220562335
796.537070859
796.537070859
796.537070859
796.537070859
796.537070859
796.537070859
796.537070859
796.537070859
796.537070859
796.537070859
796.537070859
796.537070859
796.537070859
796.537070859
796.537070859
796.537070859
796.537070859
796.537070859
796.537070859
796.537070859
796.537070859
796.537070859
796.537070859
796.537070859
796.537070859
796.537070859
796.537070859
796.537070859
796.537070859
794.059642059
794.059642059
794.059642059
794.059642059
794.059642059
794.059642059
794.059642059
794.059642059
794.059642059
794.059642059
794.059642059
794.059642059
778.331771111
778.331771111
778.331771111
778.331771111
778.331771111
778.331771111
778.331771111
778.331771111
778.331771111
778.331771111
778.331771111
777.917281286
746.368914769
746.368914769
746.368914769
746.368914769
746.368914769
746.368914769
746.368914769
746.368914769
746.368914769
746.368914769
746.368914769
744.966825639
744.966825639
744.966825639
740.191192768
740.191192768
740.191192768
740.191192768
740.191192768
740.191192768
740.191192768
740.191192768
740.191192768
740.191192768
740.191192768
740.191192768
740.191192768
733.185154221
733.185154221
727.21426135
727.21426135
727.21426135
727.21426135
727.21426135
727.21426135
727.21426135
727.21426135
727.21426135
727.21426135
727.21426135
727.21426135
727.21426135
727.21426135
727.21426135
727.21426135
727.21426135
727.21426135
727.21426135
727.21426135
727.21426135
727.21426135
727.21426135
726.932031228
726.932031228
726.932031228
726.932031228
726.932031228
726.932031228
726.932031228
726.932031228
726.932031228
726.932031228
726.932031228
726.932031228
726.932031228
726.932031228
726.932031228
726.932031228
726.932031228
726.932031228
726.932031228
726.932031228
726.932031228
726.839275006
726.839275006
726.839275006
726.839275006
726.839275006
726.839275006
726.839275006
726.839275006
726.839275006
726.839275006
726.839275006
726.839275006
726.839275006
726.839275006
726.839275006
726.839275006
726.839275006
726.839275006
726.839275006
726.839275006
726.839275006
726.839275006
726.839275006
726.839275006
726.839275006
726.839275006
726.839275006
726.839275006
726.839275006
726.839275006
726.839275006
726.839275006
726.839275006
726.839275006
726.839275006
726.839275006
726.839275006
726.839275006
726.839275006
726.839275006
726.839275006
726.839275006
726.839275006
726.839275006
726.839275006
726.839275006
726.839275006
726.839275006
726.839275006
726.839275006
726.839275006
726.839275006
726.839275006
726.839275006
726.839275006
726.839275006
726.839275006
726.839275006
726.839275006
726.839275006
726.839275006
726.839275006
726.839275006
726.839275006
726.839275006
726.839275006
726.839275006
726.839275006
726.839275006
726.839275006
726.839275006
726.839275006
726.839275006
726.839275006
726.839275006
726.839275006
726.839275006
726.839275006
726.839275006
726.839275006
726.839275006
726.839275006
726.839275006
726.839275006
726.839275006
726.839275006
726.839275006
726.839275006
726.839275006
726.839275006
726.839275006
726.839275006
726.839275006
726.839275006
726.839275006
722.048730395
722.048730395
722.048730395
722.048730395
722.048730395
722.048730395
722.048730395
722.048730395
722.048730395
722.048730395
722.048730395
722.048730395
722.048730395
722.048730395
722.048730395
722.048730395
722.048730395
722.048730395
722.048730395
722.048730395
722.048730395
722.048730395
722.048730395
722.048730395
722.048730395
722.048730395
722.048730395
722.048730395
722.048730395
722.048730395
722.048730395
722.048730395
722.048730395
722.048730395
722.048730395
722.048730395
722.048730395
722.048730395
722.048730395
722.048730395
722.048730395
720.929476064
720.929476064
720.929476064
720.929476064
720.929476064
720.929476064
720.929476064
720.929476064
720.929476064
720.929476064
720.929476064
720.929476064
720.929476064
712.385455158
712.385455158
712.385455158
712.385455158
706.213733446
706.213733446
706.213733446
706.213733446
706.213733446
706.213733446
706.213733446
706.213733446
706.213733446
706.213733446
706.213733446
706.213733446
706.213733446
706.213733446
706.213733446
706.213733446
706.213733446
706.213733446
706.213733446
706.213733446
706.213733446
706.213733446
706.213733446
706.213733446
706.213733446
706.213733446
706.213733446
706.213733446
706.213733446
706.213733446
706.213733446
706.213733446
706.213733446
706.213733446
706.213733446
706.213733446
706.213733446
706.213733446
706.213733446
706.213733446
706.213733446
706.213733446
706.213733446
706.213733446
706.213733446
706.213733446
706.213733446
706.213733446
706.213733446
706.213733446
706.213733446
706.213733446
706.213733446
706.213733446
706.213733446
706.213733446
706.213733446
706.213733446
700.63419999
700.63419999
700.63419999
700.63419999
700.63419999
700.63419999
700.63419999
700.63419999
698.013038523
698.013038523
698.013038523
698.013038523
698.013038523
698.013038523
698.013038523
698.013038523
698.013038523
698.013038523
698.013038523
698.013038523
698.013038523
698.013038523
698.013038523
698.013038523
698.013038523
698.013038523
698.013038523
698.013038523
698.013038523
678.606101171
678.606101171
678.606101171
678.606101171
678.606101171
678.606101171
678.606101171
678.606101171
678.606101171
678.606101171
678.606101171
678.606101171
678.606101171
678.606101171
678.606101171
678.606101171
678.606101171
678.606101171
678.606101171
678.606101171
678.606101171
678.606101171
678.606101171
678.606101171
678.606101171
678.606101171
678.606101171
678.606101171
678.606101171
678.606101171
678.606101171
678.606101171
678.606101171
678.606101171
678.606101171
678.606101171
678.606101171
678.606101171
678.606101171
678.606101171
678.606101171
678.606101171
678.606101171
678.606101171
678.606101171
678.606101171
678.606101171
678.606101171
678.606101171
678.606101171
678.606101171
678.606101171
678.606101171
678.606101171
678.606101171
678.606101171
678.606101171
678.606101171
678.606101171
676.31668106
676.31668106
676.31668106
676.31668106
676.31668106
676.31668106
676.31668106
676.31668106
676.31668106
676.31668106
676.31668106
676.31668106
676.31668106
676.31668106
676.31668106
676.31668106
676.31668106
676.31668106
672.116259685
672.116259685
672.116259685
672.116259685
672.116259685
672.116259685
672.116259685
672.116259685
672.116259685
672.116259685
672.116259685
672.116259685
672.116259685
672.116259685
672.116259685
672.116259685
672.116259685
672.116259685
672.116259685
672.116259685
672.116259685
672.116259685
672.116259685
672.116259685
672.116259685
672.116259685
672.116259685
672.116259685
672.116259685
672.116259685
672.116259685
672.116259685
672.116259685
672.116259685
672.116259685
672.116259685
672.116259685
672.116259685
670.600767833
670.600767833
670.600767833
670.600767833
670.600767833
670.600767833
670.600767833
670.600767833
670.600767833
670.600767833
670.600767833
670.600767833
670.600767833
670.600767833
670.600767833
670.600767833
670.600767833
670.600767833
670.600767833
670.600767833
670.600767833
670.600767833
670.600767833
670.600767833
670.600767833
670.600767833
670.600767833
670.600767833
670.600767833
670.600767833
670.600767833
670.600767833
664.21099504
664.21099504
659.851542652
659.851542652
659.851542652
659.851542652
659.851542652
659.851542652
659.851542652
659.851542652
654.523988423
654.523988423
654.523988423
654.523988423
654.523988423
654.523988423
654.523988423
654.523988423
654.523988423
654.523988423
653.939457498
653.939457498
653.939457498
653.939457498
653.939457498
653.939457498
653.939457498
653.939457498
653.939457498
653.939457498
653.939457498
653.939457498
653.939457498
653.939457498
653.939457498
653.939457498
653.939457498
653.939457498
653.939457498
653.939457498
653.939457498
653.939457498
653.939457498
653.939457498
653.939457498
653.939457498
653.939457498
653.939457498
653.939457498
653.939457498
653.939457498
653.939457498
653.939457498
653.939457498
653.939457498
653.939457498
653.939457498
653.939457498
653.939457498
653.939457498
653.939457498
653.939457498
653.939457498
653.939457498
653.939457498
653.939457498
653.939457498
653.939457498
653.939457498
653.939457498
653.939457498
653.939457498
653.939457498
653.939457498
653.939457498
653.939457498
653.939457498
653.939457498
653.939457498
653.939457498
653.939457498
653.939457498
648.7837605
648.7837605
648.7837605
648.7837605
648.7837605
648.7837605
648.7837605
648.7837605
648.7837605
648.7837605
648.7837605
648.7837605
648.7837605
648.7837605
648.7837605
648.7837605
648.7837605
648.7837605
648.7837605
648.7837605
648.7837605
648.7837605
648.7837605
648.7837605
648.7837605
648.7837605
648.7837605
648.7837605
648.7837605
648.7837605
648.7837605
648.7837605
648.7837605
648.7837605
648.7837605
648.7837605
648.7837605
648.7837605
648.7837605
648.7837605
648.7837605
648.7837605
648.7837605
648.7837605
648.7837605
648.7837605
648.7837605
648.7837605
648.7837605
648.7837605
648.7837605
648.7837605
648.7837605
648.7837605
648.7837605
648.7837605
648.7837605
648.7837605
648.7837605
648.7837605
648.7837605
648.7837605
648.7837605
648.7837605
648.7837605
648.7837605
648.7837605
648.7837605
648.7837605
648.7837605
648.7837605
648.7837605
648.7837605
648.7837605
648.7837605
648.7837605
648.7837605
648.7837605
648.7837605
648.7837605
648.7837605
648.7837605
648.7837605
648.7837605
648.7837605
648.7837605
648.7837605
648.7837605
648.7837605
648.7837605
648.7837605
645.754091884
645.754091884
645.754091884
645.754091884
645.754091884
645.754091884
645.754091884
645.754091884
645.754091884
645.754091884
645.754091884
645.754091884
645.754091884
645.754091884
645.754091884
645.754091884
645.754091884
645.754091884
645.754091884
645.754091884
645.754091884
645.754091884
645.754091884
645.754091884
645.754091884
645.754091884
645.754091884
645.754091884
645.754091884
645.754091884
645.754091884
645.754091884
645.754091884
645.754091884
645.754091884
645.754091884
645.754091884
645.754091884
645.754091884
645.754091884
645.754091884
645.754091884
645.754091884
645.754091884
645.754091884
645.754091884
645.754091884
645.754091884
645.754091884
645.754091884
645.754091884
645.754091884
645.754091884
645.754091884
645.754091884
645.754091884
645.754091884
645.754091884
645.754091884
645.754091884
645.754091884
645.754091884
645.754091884
645.754091884
645.754091884
645.754091884
645.754091884
645.754091884
645.754091884
645.754091884
645.754091884
645.754091884
645.754091884
645.754091884
645.754091884
645.754091884
645.754091884
645.754091884
645.754091884
645.754091884
645.754091884
645.754091884
645.754091884
645.754091884
645.754091884
645.754091884
645.754091884
645.754091884
645.754091884
645.754091884
645.754091884
645.754091884
645.754091884
645.754091884
645.754091884
645.754091884
645.754091884
645.754091884
645.754091884
645.754091884
645.754091884
645.754091884
645.754091884
645.754091884
645.754091884
645.754091884
645.754091884
645.754091884
645.754091884
645.754091884
645.754091884
645.754091884
645.754091884
645.754091884
645.754091884
645.754091884
645.754091884
645.754091884
645.754091884
645.754091884
645.754091884
645.754091884
645.754091884
645.754091884
645.754091884
645.754091884
645.754091884
645.754091884
645.754091884
645.754091884
645.754091884
645.754091884
645.754091884
643.452085589
643.452085589
643.452085589
643.452085589
643.452085589
643.452085589
643.452085589
643.452085589
643.452085589
643.452085589
643.452085589
643.452085589
643.452085589
643.452085589
643.452085589
643.452085589
643.452085589
643.452085589
643.452085589
643.452085589
643.452085589
631.364895154
631.364895154
631.364895154
631.364895154
631.364895154
631.364895154
631.364895154
631.364895154
631.364895154
631.364895154
631.364895154
631.364895154
631.364895154
631.364895154
631.364895154
631.364895154
631.364895154
631.364895154
631.364895154
631.364895154
631.364895154
631.364895154
631.364895154
631.364895154
631.364895154
631.364895154
631.364895154
631.364895154
631.364895154
631.364895154
631.364895154
631.364895154
631.364895154
631.364895154
631.364895154
631.364895154
631.364895154
631.364895154
631.364895154
631.364895154
631.364895154
631.364895154
631.364895154
631.364895154
631.364895154
631.364895154
631.364895154
631.364895154
631.364895154
631.364895154
631.364895154
631.364895154
631.364895154
631.364895154
631.364895154
631.364895154
631.364895154
631.364895154
631.364895154
631.364895154
631.364895154
631.364895154
631.364895154
631.364895154
631.364895154
631.364895154
631.364895154
631.364895154
631.364895154
631.364895154
631.364895154
631.364895154
631.364895154
631.364895154
631.364895154
631.364895154
631.364895154
631.364895154
631.364895154
631.364895154
631.364895154
631.364895154
631.364895154
623.734369581
623.734369581
623.734369581
623.734369581
623.734369581
623.734369581
623.734369581
623.734369581
623.734369581
623.734369581
623.734369581
623.734369581
623.734369581
623.734369581
623.734369581
623.734369581
623.734369581
623.734369581
623.734369581
623.734369581
623.734369581
623.734369581
623.734369581
623.734369581
623.734369581
623.734369581
623.734369581
623.734369581
623.734369581
623.734369581
623.734369581
623.734369581
623.734369581
623.734369581
623.734369581
623.734369581
623.734369581
623.734369581
623.734369581
623.734369581
623.734369581
623.734369581
623.734369581
623.734369581
623.734369581
623.734369581
623.734369581
623.734369581
623.734369581
623.734369581
623.734369581
623.734369581
623.734369581
623.734369581
623.734369581
623.734369581
623.734369581
623.734369581
623.734369581
623.734369581
623.734369581
623.734369581
623.734369581
623.734369581
623.734369581
623.734369581
623.734369581
623.734369581
623.734369581
623.734369581
623.734369581
623.734369581
623.734369581
623.734369581
623.734369581
623.734369581
623.734369581
623.734369581
623.734369581
623.734369581
623.734369581
623.734369581
623.734369581
623.734369581
623.734369581
623.734369581
623.734369581
623.734369581
623.734369581
623.734369581
623.734369581
623.734369581
623.734369581
623.734369581
623.734369581
623.734369581
623.734369581
623.734369581
623.734369581
623.734369581
623.734369581
623.734369581
623.734369581
623.734369581
623.734369581
623.734369581
623.734369581
623.734369581
623.734369581
623.734369581
623.734369581
623.734369581
623.734369581
623.734369581
623.734369581
623.734369581
623.734369581
623.734369581
623.734369581
623.734369581
623.734369581
623.734369581
623.734369581
622.049907923
622.049907923
622.049907923
622.049907923
622.049907923
622.049907923
622.049907923
622.049907923
622.049907923
622.049907923
622.049907923
622.049907923
622.049907923
622.049907923
622.049907923
622.049907923
622.049907923
622.049907923
622.049907923
622.049907923
622.049907923
622.049907923
622.049907923
622.049907923
622.049907923
622.049907923
622.049907923
622.049907923
622.049907923
622.049907923
622.049907923
622.049907923
622.049907923
622.049907923
622.049907923
622.049907923
622.049907923
622.049907923
622.049907923
622.049907923
622.049907923
622.049907923
622.049907923
622.049907923
622.049907923
622.049907923
622.049907923
622.049907923
622.049907923
622.049907923
622.049907923
622.049907923
622.049907923
622.049907923
622.049907923
622.049907923
622.049907923
622.049907923
622.049907923
622.049907923
622.049907923
622.049907923
622.049907923
622.049907923
622.049907923
622.049907923
622.049907923
622.049907923
622.049907923
622.049907923
622.049907923
622.049907923
622.049907923
622.049907923
622.049907923
622.049907923
622.049907923
622.049907923
622.049907923
622.049907923
622.049907923
622.049907923
622.049907923
622.049907923
622.049907923
622.049907923
622.049907923
622.049907923
622.049907923
622.049907923
622.049907923
622.049907923
622.049907923
622.049907923
622.049907923
622.049907923
622.049907923
622.049907923
622.049907923
622.049907923
622.049907923
622.049907923
622.049907923
622.049907923
622.049907923
622.049907923
622.049907923
622.049907923
622.049907923
622.049907923
622.049907923
622.049907923
622.049907923
622.049907923
622.049907923
622.049907923
622.049907923
622.049907923
622.049907923
622.049907923
622.049907923
622.049907923
622.049907923
622.049907923
622.049907923
622.049907923
622.049907923
622.049907923
622.049907923
622.049907923
622.049907923
622.049907923
622.049907923
622.049907923
622.049907923
622.049907923
622.049907923
622.049907923
622.049907923
622.049907923
622.049907923
622.049907923
622.049907923
622.049907923
622.049907923
622.049907923
622.049907923
622.049907923
622.049907923
622.049907923
622.049907923
622.049907923
622.049907923
622.049907923
622.049907923
622.049907923
622.049907923
622.049907923
622.049907923
622.049907923
622.049907923
622.049907923
622.049907923
622.049907923
622.049907923
622.049907923
622.049907923
622.049907923
622.049907923
622.049907923
622.049907923
622.049907923
622.049907923
622.049907923
622.049907923
622.049907923
622.049907923
622.049907923
622.049907923
622.049907923
622.049907923
622.049907923
622.049907923
622.049907923
622.049907923
622.049907923
622.049907923
622.049907923
622.049907923
622.049907923
622.049907923
622.049907923
622.049907923
622.049907923
622.049907923
622.049907923
622.049907923
622.049907923
622.049907923
622.049907923
622.049907923
622.049907923
622.049907923
622.049907923
622.049907923
622.049907923
622.049907923
622.049907923
622.049907923
622.049907923
622.049907923
622.049907923
622.049907923
622.049907923
622.049907923
622.049907923
622.049907923
622.049907923
622.049907923
622.049907923
622.049907923
622.049907923
622.049907923
622.049907923
622.049907923
622.049907923
622.049907923
622.049907923
622.049907923
622.049907923
622.049907923
622.049907923
622.049907923
622.049907923
622.049907923
622.049907923
622.049907923
622.049907923
622.049907923
622.049907923
622.049907923
622.049907923
622.049907923
622.049907923
622.049907923
622.049907923
622.049907923
622.049907923
622.049907923
622.049907923
619.228326339
619.228326339
619.228326339
619.228326339
619.228326339
619.228326339
619.228326339
619.228326339
619.228326339
619.228326339
619.228326339
619.228326339
619.228326339
619.228326339
619.228326339
619.228326339
619.228326339
619.228326339
619.228326339
619.228326339
619.228326339
619.228326339
619.228326339
619.228326339
619.228326339
619.228326339
619.228326339
619.228326339
619.228326339
619.228326339
619.228326339
619.228326339
619.228326339
619.228326339
619.228326339
619.228326339
619.228326339
619.228326339
619.228326339
619.228326339
619.228326339
619.228326339
619.228326339
619.228326339
619.228326339
619.228326339
619.228326339
619.228326339
619.228326339
619.228326339
619.228326339
619.228326339
619.228326339
619.228326339
619.228326339
619.228326339
619.228326339
619.228326339
619.228326339
619.228326339
619.228326339
619.228326339
619.228326339
619.228326339
619.228326339
619.228326339
619.228326339
619.228326339
619.228326339
619.228326339
619.228326339
619.228326339
619.228326339
619.228326339
619.228326339
619.228326339
619.228326339
619.228326339
619.228326339
619.228326339
617.269224364
617.269224364
617.269224364
617.269224364
617.269224364
617.269224364
617.269224364
617.269224364
617.269224364
617.269224364
617.269224364
617.269224364
617.269224364
617.269224364
617.269224364
617.269224364
617.269224364
617.269224364
617.269224364
617.269224364
617.269224364
617.269224364
617.269224364
617.269224364
617.269224364
617.269224364
617.269224364
617.269224364
617.269224364
617.269224364
617.269224364
617.269224364
617.269224364
617.269224364
617.269224364
617.269224364
617.269224364
617.269224364
617.269224364
617.269224364
617.269224364
617.269224364
617.269224364
617.269224364
617.269224364
617.269224364
617.269224364
617.269224364
617.269224364
617.269224364
617.269224364
617.269224364
617.269224364
617.269224364
617.269224364
617.269224364
617.269224364
617.269224364
617.269224364
617.269224364
617.269224364
617.269224364
617.269224364
617.269224364
617.269224364
617.269224364
617.269224364
617.269224364
617.269224364
617.269224364
617.269224364
617.269224364
617.269224364
617.269224364
617.269224364
617.269224364
617.269224364
617.269224364
617.269224364
617.269224364
617.269224364
617.269224364
617.269224364
617.269224364
617.269224364
617.269224364
617.269224364
617.269224364
617.269224364
617.269224364
617.269224364
617.269224364
617.269224364
617.269224364
617.269224364
617.269224364
617.269224364
617.269224364
617.269224364
617.269224364
617.269224364
617.269224364
617.269224364
617.269224364
617.269224364
617.269224364
617.269224364
617.269224364
617.269224364
617.269224364
617.269224364
617.269224364
617.269224364
617.269224364
617.269224364
617.269224364
617.269224364
617.269224364
617.269224364
617.269224364
617.269224364
617.269224364
617.269224364
617.269224364
617.269224364
617.269224364
617.269224364
617.269224364
611.737801777
611.737801777
611.737801777
611.737801777
611.737801777
611.737801777
611.737801777
611.737801777
611.737801777
611.737801777
611.737801777
611.737801777
611.737801777
611.737801777
611.737801777
611.737801777
611.737801777
611.737801777
611.737801777
611.737801777
611.737801777
611.737801777
611.737801777
611.737801777
611.737801777
611.737801777
611.737801777
611.737801777
611.737801777
611.737801777
611.737801777
611.737801777
611.737801777
611.737801777
611.737801777
609.737801777
609.737801777
609.737801777
609.737801777
609.737801777
609.737801777
609.737801777
609.737801777
609.737801777
609.737801777
609.737801777
609.737801777
609.737801777
609.737801777
609.737801777
609.737801777
609.737801777
609.737801777
609.737801777
609.737801777
609.737801777
609.737801777
609.737801777
609.737801777
609.737801777
609.737801777
609.737801777
609.737801777
609.737801777
609.737801777
609.737801777
609.737801777
609.737801777
609.737801777
609.737801777
609.737801777
609.737801777
609.737801777
609.737801777
609.737801777
609.737801777
609.737801777
609.737801777
609.737801777
609.737801777
609.737801777
609.737801777
609.737801777
609.737801777
609.737801777
609.737801777
609.737801777
609.737801777
609.737801777
609.737801777
609.737801777
609.737801777
609.737801777
609.737801777
609.737801777
609.737801777
609.737801777
609.737801777
609.737801777
609.737801777
609.737801777
609.737801777
609.737801777
609.737801777
609.737801777
609.737801777
609.737801777
609.737801777
609.737801777
609.737801777
609.737801777
609.737801777
609.737801777
609.737801777
609.737801777
609.737801777
609.737801777
609.737801777
609.737801777
609.737801777
609.737801777
609.737801777
609.737801777
609.737801777
609.737801777
609.737801777
609.737801777
609.737801777
609.737801777
609.737801777
609.737801777
609.737801777
609.737801777
609.737801777
609.737801777
609.737801777
609.737801777
609.737801777
609.737801777
609.737801777
609.737801777
609.737801777
609.737801777
609.737801777
609.737801777
609.737801777
609.737801777
609.737801777
609.737801777
609.737801777
609.737801777
609.737801777
609.737801777
609.737801777
609.737801777
609.737801777
609.737801777
609.737801777
609.737801777
609.737801777
609.737801777
609.737801777
609.737801777
609.737801777
609.737801777
609.737801777
609.737801777
609.737801777
609.737801777
609.737801777
609.737801777
609.737801777
609.737801777
609.737801777
609.737801777
609.737801777
609.737801777
609.737801777
609.737801777
609.737801777
609.737801777
609.737801777
609.737801777
609.737801777
609.737801777
609.737801777
609.737801777
609.737801777
609.737801777
609.737801777
609.737801777
609.737801777
609.737801777
609.737801777
609.737801777
609.737801777
609.737801777
609.737801777
609.737801777
609.737801777
609.737801777
609.737801777
609.737801777
609.737801777
609.737801777
609.737801777
609.737801777
609.737801777
609.737801777
609.737801777
609.737801777
609.737801777
609.737801777
609.737801777
609.737801777
609.737801777
609.737801777
609.737801777
609.737801777
609.737801777
609.737801777
609.737801777
609.737801777
609.737801777
609.737801777
609.737801777
609.737801777
609.737801777
609.737801777
609.737801777
609.737801777
609.737801777
609.737801777
609.737801777
609.737801777
609.737801777
609.737801777
609.737801777
609.737801777
609.737801777
609.737801777
609.737801777
609.737801777
609.737801777
609.737801777
609.737801777
609.737801777
609.737801777
609.737801777
609.737801777
609.737801777
609.737801777
609.737801777
609.737801777
609.737801777
609.737801777
609.737801777
609.737801777
609.737801777
609.737801777
609.737801777
609.737801777
609.737801777
609.737801777
609.737801777
609.737801777
609.737801777
609.737801777
609.737801777
609.737801777
609.737801777
609.737801777
609.737801777
609.737801777
609.737801777
609.737801777
609.737801777
609.737801777
609.737801777
609.737801777
609.737801777
609.737801777
609.737801777
609.737801777
609.737801777
609.737801777
609.737801777
609.737801777
609.737801777
609.737801777
609.737801777
609.737801777
609.737801777
609.737801777
609.737801777
609.737801777
609.737801777
609.737801777
609.737801777
609.737801777
609.737801777
609.737801777
609.737801777
609.737801777
609.737801777
609.737801777
609.737801777
609.737801777
609.737801777
609.737801777
609.737801777
609.737801777
609.737801777
609.737801777
609.737801777
609.737801777
609.737801777
609.737801777
609.737801777
609.737801777
606.008579425
606.008579425
606.008579425
606.008579425
606.008579425
606.008579425
606.008579425
606.008579425
606.008579425
604.596559143
604.596559143
604.596559143
604.596559143
604.596559143
604.596559143
604.596559143
604.596559143
604.596559143
604.596559143
604.596559143
604.596559143
604.596559143
604.596559143
604.596559143
604.596559143
604.596559143
604.596559143
604.596559143
604.596559143
604.596559143
604.596559143
604.596559143
604.596559143
604.596559143
604.596559143
604.596559143
604.596559143
604.596559143
604.596559143
604.596559143
604.596559143
598.624940574
598.624940574
598.624940574
598.624940574
598.624940574
598.624940574
598.624940574
598.624940574
598.624940574
598.624940574
598.624940574
598.624940574
598.624940574
598.624940574
598.624940574
598.624940574
598.624940574
598.624940574
598.624940574
598.624940574
598.624940574
598.624940574
598.624940574
598.624940574
598.624940574
598.624940574
598.624940574
598.624940574
598.624940574
598.624940574
598.624940574
598.624940574
598.624940574
598.624940574
598.624940574
598.624940574
598.624940574
598.624940574
598.624940574
598.624940574
598.624940574
598.624940574
598.624940574
598.624940574
598.624940574
598.624940574
598.624940574
598.624940574
598.624940574
598.624940574
598.624940574
598.624940574
598.624940574
598.624940574
598.624940574
598.624940574
598.624940574
598.624940574
598.624940574
598.624940574
598.624940574
598.624940574
598.624940574
598.624940574
598.624940574
598.624940574
598.624940574
598.624940574
598.624940574
598.624940574
598.624940574
598.624940574
598.624940574
598.624940574
598.624940574
598.624940574
598.624940574
598.624940574
598.624940574
598.624940574
598.624940574
598.624940574
598.624940574
598.624940574
598.624940574
598.624940574
598.624940574
598.624940574
598.624940574
598.624940574
598.624940574
598.624940574
598.624940574
598.624940574
598.624940574
598.624940574
598.624940574
598.624940574
598.624940574
598.624940574
598.624940574
598.624940574
598.624940574
598.624940574
598.624940574
598.624940574
598.624940574
598.624940574
598.624940574
598.624940574
598.624940574
598.624940574
598.624940574
598.624940574
598.624940574
598.624940574
598.624940574
598.624940574
598.624940574
598.624940574
598.624940574
598.624940574
598.624940574
598.624940574
598.624940574
598.624940574
598.624940574
598.624940574
598.624940574
598.624940574
598.624940574
598.624940574
598.624940574
598.624940574
598.624940574
598.624940574
598.624940574
598.624940574
598.624940574
598.624940574
598.624940574
598.624940574
598.624940574
598.624940574
598.624940574
598.624940574
598.624940574
598.624940574
598.624940574
598.624940574
598.624940574
598.624940574
598.624940574
598.624940574
598.624940574
598.624940574
598.624940574
598.624940574
598.624940574
598.624940574
598.624940574
598.624940574
598.624940574
598.624940574
598.624940574
598.624940574
598.624940574
598.624940574
598.624940574
598.624940574
598.624940574
598.624940574
598.624940574
598.624940574
598.624940574
598.624940574
598.624940574
598.624940574
598.624940574
598.624940574
598.624940574
598.624940574
598.624940574
598.624940574
598.624940574
598.624940574
598.624940574
598.624940574
598.624940574
598.624940574
598.624940574
598.624940574
598.624940574
598.624940574
598.624940574
598.624940574
598.624940574
598.624940574
598.624940574
598.624940574
598.624940574
598.624940574
598.624940574
598.624940574
598.624940574
598.624940574
598.624940574
598.624940574
598.624940574
598.624940574
598.624940574
598.624940574
598.624940574
598.624940574
598.624940574
598.624940574
598.624940574
598.624940574
598.624940574
598.624940574
598.624940574
598.624940574
598.624940574
598.624940574
598.624940574
598.624940574
598.624940574
598.624940574
598.624940574
598.624940574
598.624940574
598.624940574
598.624940574
598.624940574
598.624940574
598.624940574
598.624940574
598.624940574
598.624940574
598.624940574
598.624940574
598.624940574
598.624940574
598.624940574
598.624940574
597.037821507
597.037821507
597.037821507
597.037821507
597.037821507
597.037821507
597.037821507
597.037821507
597.037821507
597.037821507
597.037821507
597.037821507
597.037821507
597.037821507
597.037821507
597.037821507
597.037821507
597.037821507
597.037821507
597.037821507
597.037821507
597.037821507
597.037821507
597.037821507
597.037821507
597.037821507
597.037821507
597.037821507
597.037821507
597.037821507
597.037821507
597.037821507
597.037821507
597.037821507
597.037821507
597.037821507
597.037821507
597.037821507
597.037821507
597.037821507
597.037821507
597.037821507
597.037821507
597.037821507
597.037821507
597.037821507
597.037821507
597.037821507
597.037821507
597.037821507
597.037821507
597.037821507
597.037821507
597.037821507
597.037821507
597.037821507
597.037821507
597.037821507
597.037821507
597.037821507
597.037821507
597.037821507
597.037821507
597.037821507
597.037821507
597.037821507
597.037821507
597.037821507
597.037821507
597.037821507
597.037821507
597.037821507
597.037821507
597.037821507
597.037821507
597.037821507
597.037821507
597.037821507
597.037821507
597.037821507
597.037821507
597.037821507
597.037821507
597.037821507
597.037821507
597.037821507
597.037821507
597.037821507
597.037821507
597.037821507
597.037821507
597.037821507
597.037821507
597.037821507
597.037821507
597.037821507
597.037821507
597.037821507
597.037821507
597.037821507
597.037821507
597.037821507
597.037821507
597.037821507
597.037821507
597.037821507
597.037821507
597.037821507
597.037821507
597.037821507
597.037821507
597.037821507
597.037821507
597.037821507
597.037821507
597.037821507
597.037821507
597.037821507
597.037821507
597.037821507
597.037821507
597.037821507
597.037821507
597.037821507
597.037821507
597.037821507
597.037821507
597.037821507
597.037821507
597.037821507
597.037821507
597.037821507
597.037821507
597.037821507
597.037821507
597.037821507
597.037821507
597.037821507
597.037821507
597.037821507
597.037821507
597.037821507
597.037821507
597.037821507
597.037821507
597.037821507
597.037821507
597.037821507
597.037821507
596.331091011
596.331091011
596.331091011
596.331091011
596.331091011
596.331091011
596.331091011
596.331091011
596.331091011
596.331091011
596.331091011
596.331091011
596.331091011
596.331091011
596.331091011
596.331091011
596.331091011
596.331091011
596.331091011
596.331091011
596.331091011
596.331091011
596.331091011
596.331091011
596.331091011
596.331091011
596.331091011
596.331091011
596.331091011
596.331091011
596.331091011
596.331091011
596.331091011
596.331091011
596.331091011
596.331091011
596.331091011
596.331091011
596.331091011
596.331091011
596.331091011
596.331091011
596.331091011
596.331091011
596.331091011
596.331091011
596.331091011
596.331091011
596.331091011
596.331091011
596.331091011
596.331091011
596.331091011
596.331091011
596.331091011
596.331091011
596.331091011
596.331091011
596.331091011
596.331091011
596.331091011
596.331091011
596.331091011
596.331091011
596.331091011
596.331091011
596.331091011
596.331091011
596.331091011
596.331091011
596.331091011
596.331091011
596.331091011
596.331091011
596.331091011
596.331091011
596.331091011
596.331091011
596.331091011
596.331091011
596.331091011
596.331091011
596.331091011
596.331091011
596.331091011
596.331091011
596.331091011
596.331091011
596.331091011
596.331091011
596.331091011
596.331091011
596.331091011
596.331091011
596.331091011
596.331091011
596.331091011
596.331091011
596.331091011
596.331091011
596.331091011
596.331091011
596.331091011
596.331091011
596.331091011
596.331091011
596.331091011
596.331091011
596.331091011
596.331091011
596.331091011
596.331091011
596.331091011
596.331091011
596.331091011
596.331091011
596.331091011
596.331091011
596.331091011
596.331091011
596.331091011
596.331091011
596.331091011
596.331091011
596.331091011
596.331091011
596.331091011
596.331091011
596.331091011
596.331091011
596.331091011
596.331091011
596.331091011
596.331091011
596.331091011
596.331091011
596.331091011
596.331091011
596.331091011
596.331091011
596.331091011
596.331091011
596.331091011
596.331091011
596.331091011
596.331091011
596.331091011
596.331091011
596.331091011
596.331091011
596.331091011
596.331091011
596.331091011
596.331091011
596.331091011
596.331091011
596.331091011
596.331091011
596.331091011
596.331091011
596.331091011
596.331091011
596.331091011
596.331091011
596.331091011
596.331091011
596.331091011
596.331091011
596.331091011
596.331091011
596.331091011
596.331091011
596.331091011
596.331091011
596.331091011
596.331091011
596.331091011
596.331091011
596.331091011
596.331091011
596.331091011
596.331091011
596.331091011
596.331091011
596.331091011
596.331091011
596.331091011
596.331091011
596.331091011
596.331091011
596.331091011
596.331091011
596.331091011
596.331091011
596.331091011
596.331091011
596.331091011
596.331091011
596.331091011
596.331091011
596.331091011
596.331091011
596.331091011
596.331091011
596.331091011
596.331091011
596.331091011
596.331091011
596.331091011
596.331091011
596.331091011
596.331091011
596.331091011
596.331091011
596.331091011
596.331091011
596.331091011
596.331091011
596.331091011
596.331091011
596.331091011
596.331091011
596.331091011
596.331091011
596.331091011
596.331091011
596.331091011
596.331091011
596.331091011
596.331091011
596.331091011
596.331091011
596.331091011
596.331091011
596.331091011
596.331091011
596.331091011
596.331091011
596.331091011
596.331091011
596.331091011
596.331091011
596.331091011
596.331091011
596.331091011
596.331091011
596.331091011
596.331091011
596.331091011
596.331091011
596.331091011
596.331091011
596.331091011
596.331091011
596.331091011
596.331091011
596.331091011
596.331091011
596.331091011
596.331091011
596.331091011
596.331091011
596.331091011
596.331091011
596.331091011
596.331091011
596.331091011
596.331091011
596.331091011
596.331091011
596.331091011
596.331091011
596.331091011
596.331091011
596.331091011
596.331091011
596.331091011
596.331091011
596.331091011
596.331091011
596.331091011
596.331091011
596.331091011
596.331091011
596.331091011
596.331091011
596.331091011
596.331091011
596.331091011
596.331091011
596.331091011
596.331091011
596.331091011
596.331091011
596.331091011
596.331091011
596.331091011
596.331091011
596.331091011
596.331091011
596.331091011
596.331091011
596.331091011
596.331091011
596.331091011
596.331091011
596.331091011
596.331091011
596.331091011
596.331091011
596.331091011
596.331091011
596.331091011
596.331091011
596.331091011
596.331091011
596.331091011
596.331091011
596.331091011
596.331091011
596.331091011
596.331091011
596.331091011
596.331091011
596.331091011
596.331091011
596.331091011
596.331091011
596.331091011
596.331091011
596.331091011
596.331091011
596.331091011
596.331091011
596.331091011
596.331091011
596.331091011
596.331091011
596.331091011
596.331091011
596.331091011
596.331091011
596.331091011
596.331091011
596.331091011
596.331091011
596.331091011
596.331091011
596.331091011
596.331091011
596.331091011
596.331091011
596.331091011
596.331091011
596.331091011
596.331091011
596.331091011
596.331091011
596.331091011
596.331091011
596.331091011
596.331091011
596.331091011
596.331091011
596.331091011
596.331091011
596.331091011
596.331091011
596.331091011
596.331091011
596.331091011
596.331091011
596.331091011
596.331091011
596.331091011
596.331091011
596.331091011
596.331091011
596.331091011
596.331091011
596.331091011
596.331091011
596.331091011
596.331091011
596.331091011
596.331091011
596.331091011
596.331091011
596.331091011
596.331091011
596.331091011
596.331091011
596.331091011
596.331091011
596.331091011
596.331091011
596.331091011
596.331091011
596.331091011
596.331091011
596.331091011
596.331091011
596.331091011
596.331091011
596.331091011
596.331091011
596.331091011
596.331091011
596.331091011
596.331091011
596.331091011
596.331091011
596.331091011
596.331091011
596.331091011
596.331091011
596.331091011
596.331091011
596.331091011
596.331091011
596.331091011
596.331091011
596.331091011
596.331091011
596.331091011
596.331091011
596.331091011
596.331091011
596.331091011
596.331091011
596.331091011
596.331091011
596.331091011
596.331091011
596.331091011
596.331091011
596.331091011
596.331091011
596.331091011
596.331091011
596.331091011
596.331091011
596.331091011
596.331091011
596.331091011
596.331091011
596.331091011
596.331091011
596.331091011
596.331091011
596.331091011
596.331091011
596.331091011
596.331091011
596.331091011
596.331091011
596.331091011
596.331091011
596.331091011
596.331091011
596.331091011
596.331091011
596.331091011
596.331091011
596.331091011
596.331091011
596.331091011
596.331091011
596.331091011
596.331091011
596.331091011
596.331091011
596.331091011
596.331091011
596.331091011
596.331091011
596.331091011
596.331091011
596.331091011
596.331091011
596.331091011
596.331091011
596.331091011
596.331091011
596.331091011
596.331091011
596.331091011
596.331091011
596.331091011
596.331091011
596.331091011
596.331091011
596.331091011
596.331091011
596.331091011
596.331091011
596.331091011
596.331091011
596.331091011
596.331091011
596.331091011
596.331091011
596.331091011
596.331091011
596.331091011
596.331091011
596.331091011
596.331091011
596.331091011
596.331091011
596.331091011
596.331091011
596.331091011
596.331091011
596.331091011
596.331091011
596.331091011
596.331091011
596.331091011
596.331091011
596.331091011
596.331091011
596.331091011
596.331091011
596.331091011
596.331091011
596.331091011
596.331091011
596.331091011
596.331091011
596.331091011
596.331091011
596.331091011
596.331091011
596.331091011
596.331091011
596.331091011
596.331091011
596.331091011
596.331091011
596.331091011
596.331091011
596.331091011
596.331091011
596.331091011
596.331091011
596.331091011
596.331091011
596.331091011
596.331091011
596.331091011
596.331091011
596.331091011
596.331091011
596.331091011
596.331091011
596.331091011
596.331091011
596.331091011
596.331091011
596.331091011
596.331091011
596.331091011
596.331091011
596.331091011
596.331091011
596.331091011
596.331091011
596.331091011
596.331091011
596.331091011
596.331091011
596.331091011
596.331091011
596.331091011
596.331091011
596.331091011
596.331091011
596.331091011
596.331091011
596.331091011
596.331091011
595.756451208
595.756451208
595.756451208
595.756451208
595.756451208
595.756451208
595.756451208
595.756451208
595.756451208
595.756451208
595.756451208
595.756451208
595.756451208
595.756451208
595.756451208
595.756451208
595.756451208
595.756451208
595.756451208
595.756451208
595.756451208
595.756451208
595.756451208
595.756451208
595.756451208
595.756451208
595.756451208
595.756451208
595.756451208
595.756451208
595.756451208
595.756451208
595.756451208
595.756451208
595.756451208
595.756451208
595.756451208
595.756451208
595.756451208
592.653380392
592.653380392
592.653380392
592.653380392
592.653380392
592.653380392
592.653380392
592.653380392
592.653380392
592.653380392
592.653380392
592.653380392
592.653380392
592.653380392
592.653380392
592.653380392
592.653380392
592.653380392
592.653380392
592.653380392
592.653380392
592.653380392
592.653380392
592.653380392
592.653380392
592.653380392
592.653380392
592.653380392
592.653380392
592.653380392
592.653380392
592.653380392
592.653380392
592.653380392
592.653380392
592.653380392
592.653380392
592.653380392
592.653380392
592.653380392
592.653380392
592.653380392
592.653380392
592.653380392
592.653380392
592.653380392
592.653380392
592.653380392
592.653380392
592.653380392
592.653380392
592.653380392
592.653380392
592.653380392
592.653380392
592.653380392
592.653380392
592.653380392
592.653380392
592.653380392
592.653380392
592.653380392
592.653380392
592.653380392
592.653380392
592.653380392
592.653380392
592.653380392
592.653380392
592.653380392
592.653380392
592.653380392
592.653380392
592.653380392
592.653380392
592.653380392
592.653380392
592.653380392
592.653380392
592.653380392
592.653380392
592.653380392
592.653380392
592.653380392
592.653380392
592.653380392
592.653380392
592.653380392
592.653380392
592.653380392
592.653380392
592.653380392
592.653380392
592.653380392
592.653380392
592.653380392
592.653380392
592.653380392
592.653380392
592.653380392
592.653380392
592.653380392
592.653380392
592.653380392
592.653380392
592.653380392
592.653380392
592.653380392
592.653380392
592.653380392
592.653380392
592.653380392
592.653380392
592.653380392
592.653380392
592.653380392
592.653380392
592.653380392
592.653380392
592.653380392
592.653380392
592.653380392
592.653380392
592.653380392
592.653380392
592.653380392
592.653380392
592.653380392
592.653380392
592.653380392
592.653380392
592.653380392
592.653380392
592.653380392
592.653380392
592.653380392
592.653380392
592.653380392
592.653380392
592.653380392
592.653380392
592.653380392
592.653380392
592.653380392
592.653380392
592.653380392
592.653380392
592.653380392
592.653380392
592.653380392
592.653380392
592.653380392
592.653380392
592.653380392
592.653380392
592.653380392
592.653380392
592.653380392
592.653380392
592.653380392
592.653380392
592.653380392
592.653380392
592.653380392
592.653380392
592.653380392
592.653380392
592.653380392
592.653380392
592.653380392
592.653380392
592.653380392
592.653380392
592.653380392
592.653380392
592.653380392
592.653380392
592.653380392
592.653380392
592.653380392
592.653380392
592.653380392
592.653380392
592.653380392
592.653380392
592.653380392
592.653380392
592.653380392
592.653380392
592.653380392
592.653380392
592.653380392
592.653380392
592.653380392
592.653380392
592.653380392
592.653380392
592.653380392
592.653380392
592.653380392
592.653380392
592.653380392
592.653380392
592.653380392
592.653380392
592.653380392
592.653380392
592.653380392
592.653380392
592.653380392
592.653380392
592.653380392
592.653380392
592.653380392
592.653380392
592.653380392
592.653380392
592.653380392
592.653380392
592.653380392
592.653380392
592.653380392
592.653380392
592.653380392
592.653380392
592.653380392
592.653380392
592.653380392
592.653380392
592.653380392
592.653380392
592.653380392
592.653380392
592.653380392
592.653380392
592.653380392
592.653380392
592.653380392
592.653380392
592.653380392
592.653380392
592.653380392
592.653380392
592.653380392
592.653380392
592.653380392
592.653380392
592.653380392
592.653380392
592.653380392
592.653380392
592.653380392
592.653380392
592.653380392
592.653380392
592.653380392
592.653380392
592.653380392
592.653380392
592.653380392
592.653380392
592.653380392
592.653380392
592.653380392
592.653380392
592.653380392
592.653380392
592.653380392
592.653380392
592.653380392
592.653380392
592.653380392
592.653380392
592.653380392
592.653380392
592.653380392
592.653380392
592.653380392
592.653380392
592.653380392
592.653380392
592.653380392
592.653380392
592.653380392
592.653380392
592.653380392
592.653380392
592.653380392
592.653380392
592.653380392
592.653380392
592.653380392
592.653380392
592.653380392
592.653380392
592.653380392
592.653380392
592.653380392
592.653380392
592.653380392
592.653380392
592.653380392
592.653380392
592.653380392
592.653380392
592.653380392
592.653380392
592.653380392
592.653380392
592.653380392
592.653380392
592.653380392
592.653380392
592.653380392
592.653380392
592.653380392
592.653380392
592.653380392
592.653380392
592.653380392
592.653380392
592.653380392
592.653380392
592.653380392
592.653380392
592.653380392
592.653380392
592.653380392
592.653380392
592.653380392
592.653380392
592.653380392
592.653380392
592.653380392
592.653380392
592.653380392
592.653380392
592.653380392
592.653380392
592.653380392
592.653380392
592.653380392
592.653380392
592.653380392
592.653380392
592.653380392
592.653380392
592.653380392
592.653380392
592.653380392
592.653380392
592.653380392
592.653380392
592.653380392
590.890907584
590.890907584
590.890907584
590.890907584
590.890907584
590.890907584
590.890907584
590.890907584
590.890907584
590.890907584
590.890907584
590.890907584
590.890907584
590.890907584
590.890907584
590.890907584
590.890907584
590.890907584
590.890907584
590.890907584
590.890907584
590.890907584
590.890907584
590.890907584
590.890907584
590.890907584
590.890907584
590.890907584
590.890907584
590.890907584
590.890907584
590.890907584
590.890907584
590.890907584
590.890907584
590.890907584
590.890907584
590.890907584
590.890907584
590.890907584
590.890907584
590.890907584
590.890907584
590.890907584
590.890907584
590.890907584
590.890907584
590.890907584
590.890907584
590.890907584
590.890907584
590.890907584
590.890907584
590.890907584
590.890907584
590.890907584
590.890907584
590.890907584
590.890907584
590.890907584
590.890907584
590.890907584
590.890907584
590.890907584
590.890907584
590.890907584
590.890907584
590.890907584
590.890907584
590.890907584
590.890907584
590.890907584
590.890907584
590.890907584
590.890907584
590.890907584
590.890907584
590.890907584
590.890907584
590.890907584
590.890907584
590.890907584
590.890907584
590.890907584
590.890907584
590.890907584
590.890907584
590.890907584
590.890907584
590.890907584
590.890907584
590.890907584
590.890907584
590.890907584
590.890907584
590.890907584
590.890907584
590.890907584
590.890907584
590.890907584
590.890907584
590.890907584
590.890907584
590.890907584
590.890907584
589.504635539
589.504635539
589.504635539
589.504635539
589.504635539
589.504635539
589.504635539
589.504635539
589.504635539
589.504635539
589.504635539
589.504635539
589.504635539
589.504635539
589.504635539
589.504635539
589.504635539
589.504635539
589.504635539
589.504635539
589.504635539
589.504635539
589.504635539
589.504635539
589.504635539
589.504635539
589.504635539
589.504635539
589.504635539
589.504635539
589.504635539
589.504635539
589.504635539
589.504635539
589.504635539
589.504635539
589.504635539
589.504635539
589.504635539
589.504635539
589.504635539
589.504635539
589.504635539
589.504635539
589.504635539
589.504635539
589.504635539
589.504635539
589.504635539
589.504635539
589.504635539
589.504635539
589.504635539
589.504635539
589.504635539
589.504635539
589.504635539
589.504635539
589.504635539
589.504635539
589.504635539
589.504635539
589.504635539
589.504635539
589.504635539
589.504635539
589.504635539
589.504635539
589.504635539
589.504635539
589.504635539
589.504635539
589.504635539
589.504635539
589.504635539
589.504635539
589.504635539
589.504635539
589.504635539
589.504635539
589.504635539
589.504635539
589.504635539
589.504635539
589.504635539
589.504635539
589.504635539
589.504635539
589.504635539
589.504635539
589.504635539
589.504635539
589.504635539
589.504635539
589.504635539
589.504635539
589.504635539
589.504635539
589.504635539
589.504635539
589.504635539
589.504635539
589.504635539
589.504635539
589.504635539
589.504635539
589.504635539
589.504635539
589.504635539
589.504635539
589.504635539
589.504635539
589.504635539
589.504635539
589.504635539
589.504635539
589.504635539
589.504635539
589.504635539
589.504635539
589.504635539
589.504635539
589.504635539
589.504635539
589.504635539
589.504635539
589.504635539
589.504635539
589.504635539
589.504635539
589.504635539
589.504635539
589.504635539
589.504635539
589.504635539
589.504635539
589.504635539
589.504635539
589.504635539
589.504635539
589.504635539
589.504635539
589.504635539
589.504635539
589.504635539
589.504635539
589.504635539
589.504635539
589.504635539
589.504635539
589.504635539
589.504635539
589.504635539
589.504635539
589.504635539
589.504635539
589.504635539
589.504635539
589.504635539
589.504635539
589.504635539
589.504635539
589.504635539
589.504635539
589.504635539
589.504635539
589.504635539
589.504635539
589.504635539
589.504635539
589.504635539
589.504635539
589.504635539
589.504635539
589.504635539
589.504635539
589.504635539
589.504635539
589.504635539
589.504635539
589.504635539
589.504635539
589.504635539
589.504635539
589.504635539
589.504635539
589.504635539
589.504635539
589.504635539
589.504635539
589.504635539
589.504635539
589.504635539
589.504635539
589.504635539
589.504635539
589.504635539
589.504635539
589.504635539
589.504635539
589.504635539
589.504635539
589.504635539
589.504635539
589.504635539
589.504635539
589.504635539
589.504635539
589.504635539
589.504635539
589.504635539
589.504635539
589.504635539
589.504635539
589.504635539
589.504635539
589.504635539
589.504635539
589.504635539
589.504635539
589.504635539
589.504635539
589.504635539
589.504635539
589.504635539
589.504635539
589.504635539
589.504635539
589.504635539
589.504635539
589.504635539
589.504635539
589.309616737
589.309616737
589.309616737
589.309616737
589.309616737
589.309616737
589.309616737
589.309616737
589.309616737
589.309616737
589.309616737
589.309616737
589.309616737
589.309616737
589.309616737
589.309616737
589.309616737
589.309616737
589.309616737
589.309616737
589.309616737
589.309616737
589.309616737
589.309616737
589.309616737
589.309616737
589.309616737
589.309616737
589.309616737
589.309616737
589.309616737
589.309616737
589.309616737
589.309616737
589.309616737
589.309616737
589.309616737
589.309616737
589.309616737
589.309616737
589.309616737
589.309616737
589.309616737
589.309616737
589.309616737
589.309616737
589.309616737
589.309616737
589.309616737
589.309616737
589.309616737
589.309616737
589.309616737
589.309616737
589.309616737
589.309616737
589.309616737
589.309616737
589.309616737
589.309616737
589.309616737
589.309616737
589.309616737
589.309616737
589.309616737
589.309616737
589.309616737
589.309616737
589.309616737
589.309616737
589.309616737
589.309616737
589.309616737
589.309616737
589.309616737
589.309616737
589.309616737
589.309616737
589.309616737
589.309616737
589.309616737
589.309616737
589.309616737
589.309616737
589.309616737
589.309616737
589.309616737
589.309616737
589.309616737
589.309616737
589.309616737
589.309616737
589.309616737
589.309616737
589.309616737
589.309616737
589.309616737
589.309616737
589.309616737
589.309616737
589.309616737
589.309616737
589.309616737
589.309616737
589.309616737
589.309616737
589.309616737
589.309616737
589.309616737
589.309616737
589.309616737
589.309616737
589.309616737
589.309616737
589.309616737
589.309616737
589.309616737
589.309616737
589.309616737
589.309616737
589.309616737
589.309616737
589.309616737
589.309616737
589.309616737
589.309616737
589.309616737
589.309616737
589.309616737
589.309616737
589.309616737
589.309616737
589.309616737
589.309616737
589.309616737
589.309616737
589.309616737
589.309616737
589.309616737
589.309616737
589.309616737
589.309616737
589.309616737
589.309616737
589.309616737
589.309616737
589.309616737
589.309616737
589.309616737
589.309616737
589.309616737
589.309616737
589.309616737
589.309616737
589.309616737
589.309616737
589.309616737
589.309616737
589.309616737
589.309616737
589.309616737
589.309616737
589.309616737
589.309616737
589.309616737
589.309616737
589.309616737
589.309616737
589.309616737
589.309616737
589.309616737
589.309616737
589.309616737
589.309616737
589.309616737
589.309616737
589.309616737
589.309616737
589.309616737
589.309616737
589.309616737
585.837436364
585.837436364
585.837436364
585.837436364
585.837436364
585.837436364
585.837436364
585.837436364
585.837436364
585.837436364
585.837436364
585.837436364
585.837436364
585.837436364
585.837436364
585.837436364
585.837436364
585.837436364
585.837436364
585.837436364
585.837436364
585.837436364
585.837436364
585.837436364
585.837436364
585.837436364
585.837436364
585.837436364
585.837436364
585.837436364
585.837436364
585.837436364
585.837436364
585.837436364
585.837436364
585.837436364
585.837436364
585.837436364
585.837436364
585.837436364
585.837436364
585.837436364
585.837436364
585.837436364
585.837436364
585.837436364
585.837436364
585.837436364
585.837436364
585.837436364
585.837436364
585.837436364
585.837436364
585.837436364
585.837436364
585.837436364
585.837436364
585.837436364
585.837436364
585.837436364
585.837436364
585.837436364
585.837436364
585.837436364
585.837436364
585.837436364
585.837436364
585.837436364
585.837436364
585.837436364
585.837436364
585.837436364
585.837436364
585.837436364
585.837436364
585.837436364
585.837436364
585.837436364
585.837436364
585.837436364
585.837436364
585.837436364
585.837436364
585.837436364
585.837436364
585.837436364
585.837436364
585.837436364
585.837436364
585.837436364
585.837436364
585.837436364
585.837436364
585.837436364
585.837436364
585.837436364
585.837436364
585.837436364
585.837436364
585.837436364
585.837436364
585.837436364
585.837436364
585.837436364
585.837436364
585.837436364
585.837436364
585.837436364
585.837436364
585.837436364
585.837436364
585.837436364
585.837436364
585.837436364
585.837436364
585.837436364
585.837436364
585.837436364
585.837436364
585.837436364
585.837436364
585.837436364
585.837436364
585.837436364
585.837436364
585.837436364
585.837436364
585.837436364
585.837436364
585.837436364
585.837436364
585.837436364
585.837436364
585.837436364
585.837436364
585.837436364
585.837436364
585.837436364
585.837436364
585.837436364
585.837436364
585.837436364
585.837436364
585.837436364
585.837436364
585.837436364
585.837436364
585.837436364
585.837436364
585.837436364
585.837436364
585.837436364
585.837436364
585.837436364
585.837436364
585.837436364
585.837436364
585.837436364
585.837436364
585.837436364
585.837436364
585.837436364
585.837436364
585.837436364
585.837436364
585.837436364
585.837436364
585.837436364
585.837436364
585.837436364
585.837436364
585.837436364
585.837436364
585.837436364
585.837436364
585.837436364
585.837436364
585.837436364
585.837436364
585.837436364
585.837436364
585.837436364
585.837436364
585.837436364
585.837436364
585.837436364
585.837436364
585.837436364
585.837436364
585.837436364
585.837436364
585.837436364
585.837436364
585.837436364
585.837436364
585.837436364
585.837436364
585.837436364
585.837436364
585.837436364
585.837436364
585.837436364
585.837436364
585.837436364
585.837436364
585.837436364
585.837436364
585.837436364
585.837436364
585.837436364
585.837436364
585.837436364
585.837436364
585.837436364
585.837436364
585.837436364
585.837436364
585.837436364
585.837436364
585.837436364
585.837436364
585.837436364
585.837436364
585.837436364
585.837436364
585.837436364
585.837436364
585.837436364
585.837436364
585.837436364
585.837436364
585.837436364
585.837436364
585.837436364
585.837436364
585.837436364
585.837436364
585.837436364
585.837436364
585.837436364
585.837436364
585.837436364
585.837436364
585.837436364
585.837436364
585.837436364
585.837436364
585.837436364
585.837436364
585.837436364
585.837436364
585.837436364
585.837436364
585.837436364
585.837436364
585.837436364
585.837436364
585.837436364
585.837436364
585.837436364
585.837436364
585.837436364
585.837436364
585.837436364
585.837436364
585.837436364
585.837436364
585.837436364
585.837436364
585.837436364
585.837436364
585.837436364
585.837436364
585.837436364
585.837436364
585.837436364
585.837436364
585.837436364
585.837436364
585.837436364
585.837436364
585.837436364
585.837436364
585.837436364
585.837436364
585.837436364
585.837436364
585.837436364
585.837436364
585.837436364
585.837436364
585.837436364
585.837436364
585.837436364
585.837436364
585.837436364
585.837436364
585.837436364
585.837436364
585.837436364
585.837436364
585.837436364
585.837436364
585.837436364
585.837436364
585.837436364
585.837436364
585.837436364
585.837436364
585.837436364
585.837436364
585.837436364
585.837436364
585.837436364
585.837436364
585.837436364
585.837436364
585.837436364
585.837436364
585.837436364
585.837436364
585.837436364
585.837436364
585.837436364
585.837436364
585.837436364
585.837436364
585.837436364
585.837436364
585.837436364
585.837436364
585.837436364
585.837436364
585.837436364
585.837436364
579.944232512
579.944232512
579.944232512
579.944232512
579.944232512
579.944232512
579.944232512
579.944232512
579.944232512
579.944232512
579.944232512
579.944232512
579.944232512
579.944232512
579.944232512
579.944232512
579.944232512
579.944232512
579.944232512
579.944232512
579.944232512
579.944232512
579.944232512
579.944232512
579.944232512
579.944232512
579.944232512
579.944232512
579.944232512
579.944232512
579.944232512
579.944232512
579.944232512
579.944232512
579.944232512
579.944232512
579.944232512
579.944232512
579.944232512
579.944232512
579.944232512
579.944232512
579.944232512
579.944232512
579.944232512
579.944232512
579.944232512
579.944232512
579.944232512
579.944232512
579.944232512
579.944232512
579.944232512
579.944232512
579.944232512
579.944232512
579.944232512
579.944232512
579.944232512
579.944232512
579.944232512
579.944232512
579.944232512
579.944232512
579.944232512
579.944232512
579.944232512
579.944232512
579.944232512
579.944232512
579.944232512
579.944232512
579.944232512
579.944232512
579.944232512
579.944232512
579.944232512
579.944232512
579.944232512
579.944232512
579.944232512
579.944232512
579.944232512
579.944232512
579.944232512
579.944232512
579.944232512
579.944232512
579.944232512
579.944232512
579.944232512
579.944232512
579.944232512
579.944232512
579.944232512
579.944232512
579.944232512
579.944232512
579.944232512
579.944232512
579.944232512
579.944232512
579.944232512
579.944232512
579.944232512
579.944232512
579.944232512
579.944232512
579.944232512
579.944232512
579.944232512
579.944232512
579.944232512
579.944232512
579.944232512
579.944232512
579.944232512
579.944232512
579.944232512
579.944232512
579.944232512
579.944232512
579.944232512
579.944232512
579.944232512
579.944232512
579.944232512
579.944232512
579.944232512
579.944232512
579.944232512
579.944232512
579.944232512
579.944232512
579.944232512
579.944232512
579.944232512
579.944232512
579.944232512
579.944232512
579.944232512
579.944232512
579.944232512
579.944232512
579.944232512
579.944232512
579.944232512
579.944232512
579.944232512
579.944232512
579.944232512
579.944232512
579.944232512
579.944232512
579.944232512
579.944232512
579.944232512
579.944232512
579.944232512
579.944232512
579.944232512
579.944232512
579.944232512
579.944232512
579.944232512
579.944232512
579.944232512
579.944232512
579.944232512
579.944232512
579.944232512
579.944232512
579.944232512
579.944232512
579.944232512
579.944232512
579.944232512
579.944232512
579.944232512
579.944232512
579.944232512
579.944232512
579.944232512
579.944232512
579.944232512
579.944232512
579.944232512
579.944232512
579.944232512
579.944232512
579.944232512
579.944232512
579.944232512
579.944232512
579.944232512
579.944232512
579.944232512
579.944232512
579.944232512
579.944232512
579.944232512
579.944232512
579.944232512
579.944232512
579.944232512
579.944232512
579.944232512
579.944232512
579.944232512
579.944232512
579.944232512
579.944232512
579.944232512
579.944232512
579.944232512
579.944232512
579.944232512
579.944232512
579.944232512
579.944232512
579.944232512
579.944232512
579.944232512
579.944232512
576.51850659
576.51850659
576.51850659
576.51850659
576.51850659
576.51850659
576.51850659
576.51850659
576.51850659
576.51850659
576.51850659
576.51850659
576.51850659
576.51850659
576.51850659
576.51850659
576.51850659
576.51850659
576.51850659
576.51850659
576.51850659
576.51850659
576.51850659
576.51850659
576.51850659
576.51850659
576.51850659
576.51850659
576.51850659
576.215790743
576.215790743
576.215790743
576.215790743
576.215790743
576.215790743
576.215790743
576.215790743
576.215790743
576.215790743
576.215790743
576.215790743
576.215790743
575.59871971
575.59871971
575.59871971
575.59871971
575.59871971
575.59871971
575.59871971
575.59871971
575.59871971
575.59871971
575.59871971
575.59871971
575.59871971
575.59871971
575.59871971
575.59871971
575.59871971
575.59871971
575.59871971
575.59871971
575.59871971
575.59871971
575.59871971
575.59871971
575.59871971
575.59871971
575.59871971
575.59871971
575.59871971
575.59871971
575.59871971
575.59871971
575.59871971
575.59871971
575.59871971
575.59871971
575.59871971
575.59871971
575.59871971
575.59871971
575.59871971
575.59871971
575.59871971
575.59871971
575.59871971
575.59871971
575.59871971
575.59871971
575.59871971
575.59871971
575.59871971
575.59871971
575.59871971
575.59871971
575.59871971
575.59871971
575.59871971
575.59871971
575.59871971
575.59871971
575.59871971
575.59871971
575.59871971
575.59871971
575.59871971
575.59871971
575.59871971
575.59871971
575.59871971
575.59871971
575.59871971
575.59871971
575.59871971
575.59871971
575.59871971
575.59871971
575.59871971
575.59871971
575.59871971
575.59871971
575.59871971
575.59871971
575.59871971
575.59871971
575.59871971
575.59871971
575.59871971
575.59871971
575.59871971
575.59871971
575.59871971
575.59871971
575.59871971
575.59871971
575.59871971
575.59871971
575.59871971
575.59871971
575.59871971
575.59871971
575.59871971
575.59871971
575.59871971
575.59871971
575.59871971
575.59871971
575.59871971
575.59871971
575.59871971
575.59871971
575.59871971
575.59871971
575.59871971
575.59871971
575.59871971
575.59871971
575.59871971
575.59871971
575.59871971
575.59871971
575.59871971
575.59871971
575.59871971
575.59871971
575.59871971
575.59871971
575.59871971
575.59871971
575.59871971
575.59871971
575.59871971
575.59871971
575.59871971
575.59871971
575.59871971
575.59871971
