1622.15163321
1591.87343779
1591.87343779
1509.27767035
1509.27767035
1509.27767035
1509.27767035
1509.27767035
1501.84908352
1501.84908352
1501.84908352
1496.71191884
1496.71191884
1496.71191884
1496.71191884
1457.00554181
1457.00554181
1457.00554181
1457.00554181
1446.25480108
1446.25480108
1444.79860122
1444.79860122
1380.14554638
1368.62962163
1368.62962163
1368.62962163
1368.62962163
1368.62962163
1368.62962163
1361.21816445
1361.21816445
1317.95867668
1317.95867668
1317.95867668
1317.95867668
1317.95867668
1317.95867668
1317.95867668
1317.95867668
1317.95867668
1317.95867668
1317.95867668
1317.95867668
1317.95867668
1317.95867668
1317.95867668
1317.95867668
1317.95867668
1300.38912035
1300.38912035
1300.38912035
1300.38912035
1300.38912035
1300.38912035
1300.38912035
1300.38912035
1300.38912035
1300.38912035
1300.38912035
1300.38912035
1300.38912035
1300.38912035
1300.38912035
1300.38912035
1300.38912035
1300.38912035
1297.6435747
1297.6435747
1297.6435747
1297.6435747
1297.6435747
1297.6435747
1289.19709348
1289.19709348
1275.74855838
1271.38639193
1271.38639193
1271.38639193
1263.30875743
1263.30875743
1263.30875743
1256.1450403
1256.1450403
1256.1450403
1238.53367873
1228.08060597
1223.72830111
1223.72830111
1206.13288374
1206.13288374
1206.13288374
1206.13288374
1193.51805669
1193.51805669
1193.51805669
1193.51805669
1193.51805669
1193.51805669
1189.00563851
1189.00563851
1189.00563851
1189.00563851
1189.00563851
1189.00563851
1183.12157536
1183.12157536
1183.12157536
1183.12157536
1183.12157536
1183.12157536
1183.12157536
1183.12157536
1160.2293923
1160.2293923
1160.2293923
1160.2293923
1160.2293923
1160.2293923
1160.2293923
1150.93996424
1150.93996424
1150.93996424
1150.93996424
1150.93996424
1150.93996424
1147.43310231
1147.43310231
1147.43310231
1147.43310231
1147.43310231
1147.43310231
1147.43310231
1147.43310231
1147.43310231
1147.43310231
1145.39836567
1145.39836567
1121.2435755
1121.2435755
1121.2435755
1121.2435755
1121.2435755
1121.2435755
1121.2435755
1121.2435755
1121.2435755
1121.2435755
1121.2435755
1111.00589723
1111.00589723
1111.00589723
1111.00589723
1111.00589723
1111.00589723
1111.00589723
1083.5777586
1083.5777586
1083.5777586
1083.5777586
1083.5777586
1083.5777586
1083.5777586
1083.5777586
1083.5777586
1083.5777586
1083.5777586
1083.5777586
1083.5777586
1083.5777586
1083.5777586
1076.25816552
1076.25816552
1076.25816552
1076.25816552
1076.25816552
1076.02611728
1076.02611728
1076.02611728
1067.8812588
1067.8812588
1067.8812588
1067.8812588
1067.8812588
1067.8812588
1067.8812588
1067.8812588
1067.8812588
1067.8812588
1067.8812588
1067.8812588
1067.8812588
1067.8812588
1067.8812588
1064.94552827
1064.94552827
1064.94552827
1064.94552827
1064.94552827
1064.94552827
1064.94552827
1064.94552827
1064.94552827
1064.94552827
1064.94552827
1064.94552827
1064.94552827
1064.94552827
1064.94552827
1064.94552827
1064.94552827
1064.94552827
1064.94552827
1064.94552827
1064.94552827
1064.94552827
1064.94552827
1045.81135856
1045.81135856
1045.81135856
1045.81135856
1045.81135856
1044.8917624
1044.8917624
1044.8917624
1044.8917624
1044.8917624
1028.23967363
1012.59156604
1012.59156604
1012.59156604
1012.59156604
1012.59156604
1012.59156604
1012.59156604
1012.59156604
1012.59156604
1012.54306003
1012.54306003
1012.54306003
1012.54306003
1012.54306003
1012.54306003
1012.54306003
1012.54306003
1012.54306003
1012.54306003
1012.54306003
1012.54306003
1012.54306003
1012.54306003
1012.54306003
1012.54306003
1008.50331316
1008.50331316
1008.50331316
1008.50331316
1008.50331316
1008.50331316
1008.50331316
1008.50331316
1008.50331316
1008.50331316
1008.50331316
1008.50331316
1002.35055053
1002.35055053
1002.35055053
1002.35055053
1002.35055053
1002.35055053
987.699677827
987.699677827
987.699677827
987.699677827
987.699677827
987.699677827
987.699677827
987.699677827
987.395147637
987.395147637
987.395147637
987.395147637
987.395147637
975.118743803
975.118743803
973.963180576
973.963180576
973.963180576
973.963180576
968.612974003
968.612974003
968.612974003
968.612974003
968.612974003
955.310259149
955.310259149
955.310259149
955.310259149
955.310259149
955.310259149
955.310259149
955.310259149
955.310259149
955.310259149
949.803712047
949.803712047
936.903686925
936.903686925
936.903686925
936.903686925
936.903686925
936.903686925
936.903686925
936.903686925
936.903686925
936.903686925
936.903686925
936.903686925
936.903686925
936.903686925
936.903686925
936.903686925
936.903686925
936.903686925
936.903686925
936.903686925
936.903686925
936.903686925
936.903686925
936.903686925
936.903686925
936.903686925
936.903686925
936.903686925
936.903686925
934.435238265
934.435238265
934.435238265
934.435238265
934.435238265
934.435238265
934.435238265
934.435238265
934.435238265
934.435238265
934.435238265
934.435238265
934.435238265
934.435238265
934.435238265
934.435238265
934.435238265
934.435238265
934.435238265
934.435238265
924.722295716
924.722295716
924.722295716
924.722295716
924.722295716
918.845746132
918.845746132
918.845746132
918.845746132
918.845746132
918.845746132
918.845746132
918.845746132
918.845746132
918.845746132
918.845746132
918.845746132
918.845746132
918.845746132
918.845746132
918.845746132
918.845746132
918.845746132
918.845746132
918.845746132
918.845746132
918.845746132
918.845746132
918.845746132
918.845746132
918.845746132
918.845746132
918.845746132
918.845746132
918.845746132
918.845746132
918.845746132
918.845746132
918.845746132
918.845746132
918.845746132
918.845746132
918.845746132
917.175959554
917.175959554
917.175959554
917.175959554
917.021546231
917.021546231
917.021546231
917.021546231
917.021546231
917.021546231
917.021546231
917.021546231
917.021546231
883.917900673
883.917900673
883.917900673
883.917900673
883.917900673
883.917900673
883.917900673
883.917900673
883.917900673
883.917900673
883.917900673
869.189137328
869.189137328
869.189137328
869.189137328
869.189137328
869.189137328
869.189137328
869.189137328
869.189137328
869.189137328
869.189137328
869.189137328
868.655382533
868.655382533
868.655382533
868.655382533
868.655382533
868.655382533
868.655382533
868.655382533
868.655382533
868.655382533
868.655382533
868.655382533
868.655382533
868.655382533
868.655382533
868.655382533
868.655382533
868.655382533
868.655382533
868.655382533
868.655382533
868.655382533
868.655382533
868.655382533
868.655382533
868.655382533
868.655382533
868.655382533
868.655382533
868.655382533
868.655382533
868.655382533
868.655382533
868.655382533
868.655382533
868.655382533
868.655382533
868.655382533
868.655382533
868.655382533
868.655382533
868.655382533
868.655382533
868.655382533
868.655382533
868.655382533
868.655382533
868.655382533
868.655382533
868.655382533
868.655382533
868.655382533
868.655382533
868.655382533
868.655382533
866.663942225
866.663942225
866.663942225
866.663942225
866.663942225
866.663942225
866.663942225
866.663942225
866.663942225
849.077480379
849.077480379
849.077480379
849.077480379
849.077480379
849.077480379
849.077480379
849.077480379
849.077480379
849.077480379
849.077480379
849.077480379
849.077480379
849.077480379
849.077480379
849.077480379
849.077480379
849.077480379
849.077480379
849.077480379
849.077480379
849.077480379
849.077480379
849.077480379
849.077480379
830.400298307
830.400298307
830.400298307
830.400298307
830.400298307
824.852989103
824.852989103
824.852989103
824.852989103
824.852989103
824.852989103
824.852989103
824.852989103
824.852989103
824.852989103
824.852989103
824.852989103
824.852989103
824.852989103
824.852989103
824.852989103
824.852989103
824.852989103
824.852989103
824.852989103
824.852989103
824.852989103
824.852989103
824.852989103
824.852989103
824.852989103
824.852989103
824.852989103
824.852989103
824.852989103
824.852989103
824.852989103
824.852989103
824.852989103
824.852989103
824.852989103
824.852989103
824.852989103
824.852989103
824.852989103
824.852989103
824.852989103
824.852989103
824.852989103
824.852989103
824.852989103
824.852989103
824.852989103
824.852989103
824.852989103
824.852989103
824.852989103
824.852989103
824.852989103
824.852989103
824.852989103
824.793961274
824.793961274
824.793961274
824.793961274
824.793961274
824.793961274
824.793961274
824.793961274
824.793961274
824.793961274
824.793961274
824.793961274
824.793961274
824.793961274
824.793961274
824.793961274
824.793961274
824.793961274
824.793961274
824.793961274
824.793961274
824.793961274
824.793961274
824.793961274
824.793961274
824.793961274
824.793961274
824.793961274
824.793961274
824.793961274
824.793961274
824.793961274
824.793961274
824.793961274
824.793961274
824.793961274
824.793961274
824.793961274
824.793961274
824.793961274
823.911166965
823.911166965
823.911166965
823.911166965
823.911166965
821.085470059
821.085470059
821.085470059
821.085470059
821.085470059
821.085470059
821.085470059
821.085470059
821.085470059
821.085470059
821.085470059
821.085470059
821.085470059
821.085470059
821.085470059
821.085470059
821.085470059
821.085470059
821.085470059
821.085470059
821.085470059
821.085470059
821.085470059
821.085470059
821.085470059
821.085470059
821.085470059
821.085470059
821.085470059
821.085470059
821.085470059
821.085470059
821.085470059
821.085470059
821.085470059
821.085470059
821.085470059
821.085470059
821.085470059
821.085470059
821.085470059
821.085470059
821.085470059
821.085470059
821.085470059
821.085470059
821.085470059
821.085470059
821.085470059
821.085470059
821.085470059
821.085470059
821.085470059
793.324829438
793.324829438
793.324829438
793.324829438
793.324829438
793.324829438
793.324829438
793.324829438
793.324829438
793.324829438
793.324829438
793.324829438
793.324829438
793.324829438
793.324829438
793.324829438
793.324829438
793.324829438
793.324829438
793.324829438
793.324829438
793.324829438
793.324829438
793.324829438
793.324829438
793.324829438
793.324829438
793.324829438
793.324829438
793.324829438
793.324829438
793.324829438
793.324829438
793.324829438
793.324829438
793.324829438
793.324829438
793.324829438
793.324829438
793.324829438
793.324829438
793.324829438
793.324829438
793.324829438
793.324829438
793.324829438
793.324829438
793.324829438
793.324829438
793.324829438
793.324829438
793.324829438
793.324829438
793.324829438
793.324829438
793.324829438
793.324829438
793.324829438
793.324829438
793.324829438
793.324829438
793.324829438
793.324829438
793.324829438
793.324829438
793.324829438
793.324829438
793.324829438
793.324829438
793.324829438
793.324829438
793.324829438
793.324829438
793.324829438
793.324829438
793.324829438
793.324829438
793.324829438
793.324829438
793.324829438
793.324829438
793.324829438
793.324829438
793.324829438
793.324829438
793.324829438
793.324829438
793.324829438
793.324829438
793.324829438
793.324829438
793.324829438
793.324829438
793.324829438
793.324829438
793.324829438
793.324829438
793.324829438
793.324829438
793.324829438
793.324829438
793.324829438
793.324829438
793.324829438
793.324829438
793.324829438
793.324829438
793.324829438
793.324829438
793.324829438
793.324829438
793.324829438
793.324829438
793.324829438
793.324829438
793.324829438
793.324829438
793.324829438
793.324829438
793.324829438
793.324829438
793.324829438
793.324829438
793.324829438
793.324829438
793.324829438
793.324829438
793.324829438
793.324829438
793.324829438
793.324829438
793.324829438
793.324829438
793.324829438
793.324829438
793.324829438
793.324829438
793.324829438
793.324829438
793.324829438
793.324829438
793.324829438
793.324829438
793.324829438
793.324829438
793.324829438
793.324829438
793.324829438
793.324829438
793.324829438
793.324829438
793.324829438
793.324829438
793.324829438
793.324829438
793.324829438
793.324829438
793.324829438
793.324829438
793.324829438
793.324829438
793.324829438
793.324829438
793.324829438
793.324829438
793.324829438
793.324829438
793.324829438
793.324829438
793.324829438
793.324829438
793.324829438
793.324829438
793.324829438
793.324829438
793.324829438
793.324829438
793.324829438
793.324829438
793.324829438
793.324829438
793.324829438
793.324829438
793.324829438
793.324829438
793.324829438
793.324829438
793.324829438
793.324829438
793.324829438
793.324829438
793.324829438
793.324829438
793.324829438
793.324829438
793.324829438
793.324829438
793.324829438
793.324829438
793.324829438
775.962260934
773.373838257
773.373838257
773.373838257
773.373838257
773.373838257
773.373838257
773.373838257
773.373838257
773.373838257
773.373838257
773.373838257
773.373838257
773.373838257
773.373838257
773.373838257
773.373838257
773.373838257
773.373838257
773.373838257
773.373838257
773.373838257
773.373838257
773.373838257
773.373838257
773.373838257
773.373838257
773.373838257
773.373838257
773.373838257
773.373838257
773.373838257
773.373838257
773.373838257
773.373838257
773.373838257
773.373838257
773.373838257
773.373838257
773.373838257
770.440616293
770.440616293
770.440616293
770.440616293
770.440616293
770.440616293
770.440616293
770.440616293
770.440616293
770.440616293
770.440616293
770.440616293
770.440616293
770.440616293
770.440616293
766.681421253
766.681421253
766.681421253
766.681421253
766.681421253
766.681421253
766.681421253
766.681421253
766.681421253
766.681421253
766.681421253
765.121964389
765.121964389
765.121964389
765.121964389
765.121964389
765.121964389
765.121964389
765.121964389
765.121964389
765.121964389
765.121964389
765.121964389
765.121964389
765.121964389
765.121964389
765.121964389
765.121964389
765.121964389
765.121964389
765.121964389
765.121964389
765.121964389
765.121964389
765.121964389
765.121964389
765.121964389
765.121964389
765.121964389
765.121964389
765.121964389
765.121964389
765.121964389
765.121964389
765.121964389
765.121964389
765.121964389
765.121964389
765.121964389
765.121964389
765.121964389
765.121964389
765.121964389
765.121964389
765.121964389
765.121964389
765.121964389
765.121964389
765.121964389
765.121964389
765.121964389
765.121964389
765.121964389
765.121964389
765.121964389
765.121964389
759.614106282
759.614106282
759.614106282
759.614106282
759.614106282
759.614106282
759.614106282
759.614106282
759.614106282
759.614106282
759.614106282
759.614106282
759.614106282
759.614106282
759.614106282
759.614106282
759.614106282
759.614106282
759.614106282
759.614106282
759.614106282
759.614106282
759.614106282
759.614106282
753.083781422
753.083781422
753.083781422
753.083781422
753.083781422
753.083781422
753.083781422
753.083781422
753.083781422
753.083781422
753.083781422
753.083781422
753.083781422
753.083781422
753.083781422
753.083781422
753.083781422
753.083781422
753.083781422
753.083781422
753.083781422
753.083781422
753.083781422
753.083781422
753.083781422
753.083781422
753.083781422
753.083781422
753.083781422
753.083781422
753.083781422
753.083781422
753.083781422
753.083781422
753.083781422
753.083781422
753.083781422
753.083781422
753.083781422
753.083781422
753.083781422
753.083781422
753.083781422
753.083781422
753.083781422
753.083781422
753.083781422
753.083781422
753.083781422
753.083781422
753.083781422
753.083781422
753.083781422
753.083781422
753.083781422
753.083781422
753.083781422
753.083781422
753.083781422
753.083781422
753.083781422
753.083781422
753.083781422
753.083781422
753.083781422
753.083781422
753.083781422
753.083781422
753.083781422
753.083781422
753.083781422
753.083781422
753.083781422
753.083781422
753.083781422
753.083781422
753.083781422
753.083781422
753.083781422
753.083781422
753.083781422
753.083781422
753.083781422
753.083781422
753.083781422
753.083781422
753.083781422
753.083781422
753.083781422
753.083781422
753.083781422
753.083781422
753.083781422
753.083781422
753.083781422
753.083781422
753.083781422
753.083781422
753.083781422
753.083781422
753.083781422
753.083781422
753.083781422
753.083781422
753.083781422
753.083781422
753.083781422
753.083781422
753.083781422
753.083781422
753.083781422
753.083781422
753.083781422
753.083781422
753.083781422
753.083781422
753.083781422
753.083781422
753.083781422
753.083781422
753.083781422
753.083781422
753.083781422
753.083781422
753.083781422
753.083781422
753.083781422
753.083781422
753.083781422
753.083781422
753.083781422
753.083781422
753.083781422
753.083781422
753.083781422
753.083781422
753.083781422
753.083781422
753.083781422
753.083781422
753.083781422
753.083781422
753.083781422
753.083781422
753.083781422
753.083781422
753.083781422
753.083781422
753.083781422
753.083781422
753.083781422
753.083781422
753.083781422
753.083781422
753.083781422
753.083781422
753.083781422
753.083781422
753.083781422
753.083781422
753.083781422
753.083781422
753.083781422
753.083781422
753.083781422
753.083781422
753.083781422
753.083781422
753.083781422
753.083781422
753.083781422
753.083781422
753.083781422
753.083781422
753.083781422
753.083781422
753.083781422
753.083781422
753.083781422
753.083781422
753.083781422
753.083781422
753.083781422
753.083781422
753.083781422
753.083781422
753.083781422
753.083781422
753.083781422
753.083781422
753.083781422
753.083781422
753.083781422
753.083781422
753.083781422
753.083781422
753.083781422
753.083781422
753.083781422
753.083781422
753.083781422
753.083781422
753.083781422
753.083781422
753.083781422
753.083781422
753.083781422
753.083781422
753.083781422
753.083781422
753.083781422
753.083781422
753.083781422
753.083781422
753.083781422
753.083781422
753.083781422
753.083781422
753.083781422
753.083781422
753.083781422
753.083781422
753.083781422
753.083781422
753.083781422
753.083781422
753.083781422
753.083781422
753.083781422
753.083781422
753.083781422
753.083781422
753.083781422
753.083781422
753.083781422
753.083781422
753.083781422
753.083781422
753.083781422
753.083781422
741.543096792
741.543096792
741.543096792
741.543096792
741.543096792
741.543096792
741.543096792
741.543096792
741.543096792
741.543096792
741.543096792
741.543096792
741.543096792
741.543096792
741.543096792
741.543096792
741.543096792
741.543096792
739.29800881
739.29800881
739.29800881
739.29800881
739.29800881
739.29800881
739.29800881
739.29800881
739.29800881
739.29800881
739.29800881
739.29800881
739.29800881
739.29800881
739.29800881
739.29800881
739.29800881
739.29800881
739.29800881
739.29800881
739.29800881
739.29800881
739.29800881
739.29800881
739.29800881
739.29800881
739.29800881
739.29800881
739.29800881
739.29800881
739.29800881
739.29800881
739.29800881
739.29800881
739.29800881
739.29800881
739.29800881
739.29800881
739.29800881
739.29800881
739.29800881
739.29800881
739.29800881
739.29800881
739.29800881
739.29800881
739.29800881
739.29800881
739.29800881
739.29800881
739.29800881
739.29800881
739.29800881
739.29800881
739.29800881
735.044009683
735.044009683
735.044009683
724.218448987
724.218448987
724.218448987
724.218448987
724.218448987
724.218448987
724.218448987
724.218448987
724.218448987
724.218448987
724.218448987
724.218448987
724.218448987
724.218448987
724.218448987
724.218448987
724.218448987
724.218448987
724.218448987
724.218448987
724.218448987
724.218448987
724.218448987
724.218448987
724.218448987
724.218448987
724.218448987
724.218448987
724.218448987
724.218448987
724.218448987
724.218448987
724.218448987
724.218448987
724.218448987
724.218448987
724.218448987
724.218448987
724.218448987
724.218448987
724.218448987
724.218448987
724.218448987
724.218448987
724.218448987
724.218448987
724.218448987
724.218448987
724.218448987
724.218448987
724.218448987
724.218448987
724.218448987
724.218448987
724.218448987
724.218448987
724.218448987
724.218448987
724.218448987
724.218448987
724.218448987
724.218448987
724.218448987
724.218448987
724.218448987
724.218448987
724.218448987
724.218448987
724.218448987
724.218448987
724.218448987
724.218448987
724.218448987
724.218448987
724.218448987
724.218448987
724.218448987
724.218448987
724.218448987
724.218448987
724.218448987
724.218448987
724.218448987
724.218448987
724.218448987
724.218448987
724.218448987
724.218448987
724.218448987
724.218448987
724.218448987
724.218448987
724.218448987
724.218448987
724.218448987
717.72068502
717.72068502
717.72068502
717.72068502
717.72068502
717.72068502
717.72068502
717.72068502
717.72068502
717.72068502
717.72068502
717.72068502
717.72068502
717.72068502
717.72068502
717.72068502
717.72068502
717.72068502
717.72068502
717.72068502
717.72068502
717.72068502
717.72068502
717.72068502
717.72068502
717.72068502
717.72068502
717.72068502
717.72068502
717.72068502
717.72068502
717.72068502
717.72068502
717.72068502
717.72068502
717.72068502
717.72068502
717.72068502
717.72068502
717.72068502
717.72068502
717.72068502
717.72068502
717.72068502
717.72068502
717.72068502
717.72068502
717.72068502
717.72068502
717.72068502
717.72068502
717.72068502
717.72068502
717.72068502
717.72068502
717.72068502
717.72068502
717.72068502
717.72068502
717.72068502
717.72068502
717.72068502
717.72068502
717.72068502
717.72068502
717.72068502
717.72068502
717.72068502
717.72068502
717.72068502
717.72068502
717.72068502
717.72068502
717.72068502
717.72068502
717.72068502
717.72068502
717.72068502
717.72068502
717.72068502
717.72068502
717.72068502
717.72068502
717.72068502
717.72068502
717.72068502
717.72068502
717.72068502
717.72068502
698.110158237
698.110158237
698.110158237
698.110158237
698.110158237
698.110158237
698.110158237
698.110158237
698.110158237
698.110158237
698.110158237
698.110158237
698.110158237
698.110158237
698.110158237
698.110158237
698.110158237
698.110158237
698.110158237
698.110158237
698.110158237
698.110158237
698.110158237
698.110158237
698.110158237
698.110158237
698.110158237
698.110158237
698.110158237
698.110158237
698.110158237
698.110158237
698.110158237
698.110158237
698.110158237
698.110158237
698.110158237
698.110158237
698.110158237
698.110158237
698.110158237
698.110158237
698.110158237
698.110158237
698.110158237
698.110158237
698.110158237
698.110158237
698.110158237
698.110158237
698.110158237
698.110158237
698.110158237
698.110158237
693.812212577
693.812212577
693.812212577
693.812212577
693.812212577
688.106399618
688.106399618
688.106399618
679.728786617
679.728786617
679.728786617
679.728786617
677.704651465
677.704651465
677.704651465
677.704651465
677.704651465
677.704651465
677.704651465
677.704651465
677.704651465
677.704651465
677.704651465
677.704651465
677.704651465
677.704651465
677.704651465
677.704651465
677.704651465
677.704651465
677.704651465
677.704651465
677.704651465
677.704651465
677.704651465
677.704651465
677.704651465
677.704651465
677.704651465
677.704651465
677.704651465
677.704651465
677.704651465
677.704651465
677.704651465
677.704651465
677.704651465
677.704651465
677.704651465
677.704651465
677.704651465
677.704651465
677.704651465
677.704651465
677.704651465
677.704651465
677.704651465
677.704651465
677.704651465
677.704651465
677.704651465
677.704651465
677.704651465
677.704651465
677.704651465
677.704651465
677.704651465
677.704651465
677.704651465
677.704651465
677.704651465
677.704651465
677.704651465
677.704651465
677.704651465
677.704651465
677.704651465
677.704651465
677.704651465
677.704651465
677.704651465
677.704651465
677.704651465
677.704651465
677.704651465
677.704651465
677.704651465
677.368372117
677.368372117
677.368372117
677.368372117
677.368372117
677.368372117
677.368372117
677.368372117
677.368372117
677.368372117
677.368372117
677.368372117
677.368372117
677.368372117
677.368372117
677.368372117
677.368372117
677.368372117
677.368372117
677.368372117
677.368372117
677.368372117
677.368372117
677.368372117
677.368372117
677.368372117
677.368372117
677.368372117
677.368372117
677.368372117
677.368372117
677.368372117
677.368372117
677.368372117
677.368372117
677.368372117
677.368372117
677.368372117
677.368372117
677.368372117
677.368372117
677.368372117
677.368372117
677.368372117
677.368372117
677.368372117
677.368372117
677.368372117
677.368372117
677.368372117
677.368372117
677.368372117
677.368372117
677.368372117
677.368372117
677.368372117
677.368372117
677.368372117
677.368372117
677.368372117
677.368372117
677.368372117
677.368372117
677.368372117
677.368372117
677.368372117
677.368372117
677.368372117
677.368372117
677.368372117
677.368372117
677.368372117
677.368372117
677.368372117
677.368372117
677.368372117
677.368372117
677.368372117
677.368372117
677.368372117
677.368372117
677.368372117
677.368372117
677.368372117
677.368372117
677.368372117
677.368372117
677.368372117
677.368372117
677.368372117
677.368372117
677.368372117
677.368372117
677.368372117
677.368372117
677.368372117
677.368372117
677.368372117
677.368372117
677.368372117
677.368372117
677.368372117
677.368372117
677.368372117
677.368372117
677.368372117
677.368372117
677.368372117
677.368372117
677.368372117
677.368372117
677.368372117
677.368372117
677.368372117
677.368372117
677.368372117
677.368372117
677.368372117
677.368372117
677.368372117
677.368372117
677.368372117
677.368372117
677.368372117
677.368372117
677.368372117
677.368372117
677.368372117
677.368372117
677.368372117
677.368372117
677.368372117
677.368372117
677.368372117
677.368372117
677.368372117
677.368372117
677.368372117
677.368372117
677.368372117
677.368372117
677.368372117
677.368372117
677.368372117
677.368372117
677.368372117
677.368372117
677.368372117
677.368372117
677.368372117
677.368372117
677.368372117
677.368372117
677.368372117
677.368372117
673.31081241
673.31081241
673.31081241
673.31081241
673.31081241
673.31081241
673.31081241
673.31081241
673.31081241
673.31081241
673.31081241
673.31081241
673.31081241
673.31081241
673.31081241
673.31081241
673.31081241
673.31081241
673.31081241
673.31081241
673.31081241
673.31081241
673.31081241
673.31081241
673.31081241
673.31081241
673.31081241
673.31081241
673.31081241
673.31081241
673.31081241
673.31081241
673.31081241
673.31081241
673.31081241
673.31081241
673.31081241
673.31081241
673.31081241
673.31081241
673.31081241
673.31081241
673.31081241
673.31081241
673.31081241
673.31081241
673.31081241
673.31081241
673.31081241
673.31081241
673.31081241
673.31081241
673.31081241
673.31081241
673.31081241
673.31081241
673.31081241
673.31081241
673.31081241
673.31081241
673.31081241
673.31081241
673.31081241
673.31081241
673.31081241
673.31081241
673.31081241
673.31081241
673.31081241
673.31081241
673.31081241
673.31081241
673.31081241
673.31081241
673.31081241
673.31081241
673.31081241
673.31081241
673.31081241
673.31081241
673.31081241
673.31081241
673.31081241
673.31081241
673.31081241
673.31081241
673.31081241
673.31081241
673.31081241
673.31081241
673.31081241
673.31081241
673.31081241
673.31081241
673.31081241
673.31081241
673.31081241
673.31081241
673.31081241
673.31081241
673.31081241
673.31081241
673.31081241
673.31081241
673.31081241
673.31081241
673.31081241
673.31081241
673.31081241
673.31081241
673.31081241
673.31081241
673.31081241
673.31081241
673.31081241
673.31081241
673.31081241
673.31081241
673.31081241
673.31081241
673.31081241
673.31081241
673.160945471
673.160945471
673.160945471
673.160945471
673.160945471
673.160945471
673.160945471
673.160945471
673.160945471
673.160945471
673.160945471
673.160945471
673.160945471
673.160945471
673.160945471
673.160945471
673.160945471
673.160945471
673.160945471
673.160945471
673.160945471
673.160945471
673.160945471
673.160945471
673.160945471
673.160945471
673.160945471
673.160945471
673.160945471
673.160945471
673.160945471
673.160945471
673.160945471
673.160945471
673.160945471
673.160945471
673.160945471
673.160945471
673.160945471
673.160945471
673.160945471
673.160945471
673.160945471
673.160945471
673.160945471
673.160945471
673.160945471
673.160945471
673.160945471
673.160945471
673.160945471
673.160945471
673.160945471
673.160945471
673.160945471
673.160945471
673.160945471
673.160945471
673.160945471
673.160945471
673.160945471
673.160945471
673.160945471
673.160945471
673.160945471
673.160945471
673.160945471
673.160945471
673.160945471
673.160945471
673.160945471
673.160945471
673.160945471
673.160945471
673.160945471
673.160945471
673.160945471
673.160945471
673.160945471
673.160945471
673.160945471
673.160945471
673.160945471
673.160945471
673.160945471
673.160945471
673.160945471
673.160945471
673.160945471
673.160945471
673.160945471
673.160945471
673.160945471
673.160945471
673.160945471
673.160945471
673.160945471
673.160945471
673.160945471
673.160945471
673.160945471
673.160945471
673.160945471
673.160945471
673.160945471
673.160945471
673.160945471
673.160945471
673.160945471
673.160945471
673.160945471
673.160945471
673.160945471
673.160945471
673.160945471
673.160945471
673.160945471
673.160945471
673.160945471
673.160945471
673.160945471
673.160945471
673.160945471
673.160945471
673.160945471
673.160945471
673.160945471
673.160945471
673.160945471
673.160945471
673.160945471
673.160945471
673.160945471
673.160945471
673.160945471
673.160945471
673.160945471
673.160945471
673.160945471
673.160945471
673.160945471
673.160945471
673.160945471
673.160945471
673.160945471
673.160945471
673.160945471
673.160945471
673.160945471
673.160945471
673.160945471
673.160945471
673.160945471
673.160945471
673.160945471
673.160945471
673.160945471
673.160945471
673.160945471
673.160945471
673.160945471
673.160945471
673.160945471
673.160945471
673.160945471
673.160945471
673.160945471
673.160945471
673.160945471
673.160945471
673.160945471
673.160945471
673.160945471
673.160945471
673.160945471
673.160945471
673.160945471
673.160945471
673.160945471
673.160945471
673.160945471
673.160945471
673.160945471
673.160945471
673.160945471
673.160945471
673.160945471
673.160945471
673.160945471
673.160945471
673.160945471
673.160945471
673.160945471
673.160945471
673.160945471
673.160945471
673.160945471
673.160945471
673.160945471
673.160945471
673.160945471
673.160945471
673.160945471
673.160945471
673.160945471
673.160945471
673.160945471
673.160945471
673.160945471
673.160945471
673.160945471
673.160945471
672.282058836
672.282058836
672.282058836
672.282058836
672.282058836
672.282058836
672.282058836
672.282058836
672.282058836
672.282058836
672.282058836
672.282058836
672.282058836
672.282058836
672.282058836
672.282058836
672.282058836
672.282058836
672.282058836
672.282058836
664.086490309
664.086490309
664.086490309
664.086490309
664.086490309
664.086490309
664.086490309
664.086490309
664.086490309
664.086490309
664.086490309
664.086490309
664.086490309
664.086490309
664.086490309
664.086490309
664.086490309
664.086490309
664.086490309
664.086490309
664.086490309
664.086490309
664.086490309
664.086490309
664.086490309
664.086490309
664.086490309
645.701702511
645.701702511
645.701702511
645.701702511
645.701702511
645.701702511
645.701702511
645.701702511
645.701702511
645.701702511
645.701702511
645.701702511
645.701702511
645.701702511
645.701702511
645.701702511
645.701702511
645.701702511
645.701702511
645.701702511
645.701702511
645.701702511
645.701702511
645.701702511
645.701702511
645.701702511
645.701702511
645.701702511
645.701702511
645.701702511
645.701702511
645.701702511
645.701702511
645.701702511
645.701702511
645.701702511
645.701702511
645.701702511
645.701702511
645.701702511
645.701702511
645.701702511
645.701702511
645.701702511
645.701702511
645.701702511
645.701702511
645.701702511
645.701702511
645.701702511
645.701702511
645.701702511
645.701702511
645.701702511
645.701702511
645.701702511
645.701702511
645.701702511
645.701702511
645.701702511
645.701702511
645.701702511
645.701702511
645.701702511
645.701702511
645.701702511
645.701702511
645.701702511
645.701702511
645.701702511
637.868704923
637.868704923
637.868704923
637.868704923
637.868704923
637.868704923
637.868704923
637.868704923
637.868704923
637.868704923
637.868704923
637.868704923
637.868704923
637.868704923
637.868704923
637.868704923
637.868704923
637.868704923
637.868704923
637.868704923
637.868704923
637.868704923
637.868704923
637.868704923
637.868704923
637.868704923
637.868704923
637.868704923
637.868704923
637.868704923
637.868704923
637.868704923
637.868704923
637.868704923
637.868704923
637.868704923
637.868704923
637.868704923
637.868704923
637.868704923
637.868704923
637.868704923
637.868704923
637.868704923
637.868704923
637.868704923
637.868704923
637.868704923
637.868704923
637.868704923
637.868704923
637.868704923
637.868704923
637.868704923
637.868704923
637.868704923
637.868704923
637.868704923
637.868704923
637.868704923
637.868704923
637.868704923
637.868704923
637.868704923
637.868704923
637.868704923
637.868704923
637.868704923
637.868704923
637.868704923
637.868704923
637.868704923
637.868704923
635.253728538
635.253728538
635.253728538
635.253728538
635.253728538
635.253728538
635.253728538
635.253728538
635.253728538
635.253728538
635.253728538
635.253728538
635.253728538
635.253728538
635.253728538
635.253728538
635.253728538
635.253728538
635.253728538
635.253728538
635.253728538
635.253728538
635.253728538
635.253728538
635.253728538
635.253728538
635.253728538
635.253728538
635.253728538
635.253728538
635.253728538
635.253728538
635.253728538
635.253728538
635.253728538
635.253728538
635.253728538
635.253728538
635.253728538
635.253728538
635.253728538
635.253728538
635.253728538
635.253728538
635.253728538
635.253728538
635.253728538
635.253728538
635.253728538
635.253728538
635.253728538
635.253728538
635.253728538
635.253728538
635.253728538
635.253728538
635.253728538
635.253728538
635.253728538
635.253728538
628.87387035
628.87387035
628.87387035
628.87387035
628.87387035
628.87387035
628.87387035
628.87387035
628.87387035
628.87387035
623.728231168
623.728231168
623.728231168
623.728231168
623.728231168
623.728231168
623.728231168
623.728231168
623.728231168
623.728231168
623.728231168
623.728231168
623.728231168
623.728231168
623.728231168
623.728231168
623.728231168
623.728231168
623.728231168
623.728231168
623.728231168
623.728231168
623.728231168
623.728231168
623.728231168
623.728231168
623.728231168
623.728231168
623.728231168
623.728231168
623.728231168
623.728231168
623.728231168
623.728231168
623.728231168
623.728231168
623.728231168
623.728231168
623.728231168
623.728231168
623.728231168
623.728231168
623.728231168
623.728231168
623.728231168
623.728231168
623.728231168
623.728231168
623.728231168
623.728231168
623.728231168
623.728231168
623.728231168
623.728231168
623.728231168
623.728231168
623.728231168
623.728231168
623.728231168
623.728231168
623.728231168
623.728231168
623.728231168
623.728231168
623.728231168
623.728231168
623.728231168
623.728231168
623.728231168
623.728231168
623.728231168
623.728231168
623.728231168
623.728231168
623.728231168
623.728231168
623.728231168
623.728231168
623.728231168
623.728231168
623.728231168
623.728231168
623.728231168
623.728231168
623.728231168
619.728444694
619.728444694
619.728444694
619.728444694
619.728444694
619.728444694
619.728444694
619.728444694
619.728444694
619.728444694
619.728444694
619.728444694
619.728444694
619.728444694
619.728444694
619.728444694
619.728444694
619.728444694
619.728444694
619.728444694
619.728444694
619.728444694
619.728444694
619.728444694
619.728444694
619.728444694
619.728444694
619.728444694
619.728444694
619.728444694
619.728444694
619.728444694
619.728444694
619.728444694
619.728444694
619.728444694
619.728444694
619.728444694
619.728444694
619.728444694
619.728444694
619.728444694
619.728444694
619.728444694
619.728444694
619.728444694
619.728444694
619.728444694
619.728444694
619.728444694
619.728444694
619.728444694
619.728444694
619.728444694
619.728444694
619.728444694
619.728444694
619.728444694
619.728444694
619.728444694
619.728444694
619.728444694
619.728444694
619.728444694
619.728444694
619.728444694
619.728444694
619.728444694
619.728444694
619.728444694
619.728444694
619.728444694
619.728444694
619.728444694
619.728444694
619.728444694
619.728444694
619.728444694
619.728444694
619.728444694
619.728444694
619.728444694
619.728444694
619.728444694
619.728444694
619.728444694
619.728444694
619.728444694
619.728444694
619.728444694
619.728444694
619.728444694
619.728444694
619.728444694
619.728444694
619.728444694
619.728444694
619.728444694
619.728444694
619.728444694
619.728444694
619.728444694
619.728444694
619.728444694
619.728444694
619.728444694
619.728444694
619.728444694
619.728444694
619.728444694
619.728444694
619.728444694
619.728444694
619.728444694
619.728444694
619.728444694
619.728444694
619.728444694
619.728444694
619.728444694
619.728444694
619.728444694
619.728444694
619.728444694
619.728444694
619.728444694
619.728444694
619.728444694
619.728444694
619.728444694
619.728444694
619.728444694
619.728444694
619.728444694
619.728444694
619.728444694
619.728444694
619.728444694
619.728444694
619.728444694
619.728444694
619.728444694
619.728444694
619.728444694
619.728444694
619.728444694
619.728444694
619.728444694
619.728444694
619.728444694
619.728444694
619.728444694
619.728444694
619.728444694
619.728444694
619.728444694
619.728444694
619.728444694
619.728444694
619.728444694
619.728444694
619.728444694
619.728444694
619.728444694
619.728444694
619.728444694
619.728444694
619.728444694
619.728444694
619.728444694
619.728444694
619.728444694
619.728444694
619.728444694
619.728444694
611.49309859
611.49309859
611.49309859
611.49309859
611.49309859
611.49309859
611.49309859
611.49309859
611.49309859
611.49309859
611.49309859
611.49309859
611.49309859
611.49309859
611.49309859
611.49309859
611.49309859
611.49309859
611.49309859
611.49309859
611.49309859
611.49309859
611.49309859
611.49309859
611.49309859
611.49309859
611.49309859
611.49309859
611.49309859
611.49309859
611.49309859
611.49309859
611.49309859
611.49309859
611.49309859
611.49309859
611.49309859
611.49309859
611.49309859
611.49309859
611.49309859
611.49309859
611.49309859
611.49309859
611.49309859
611.49309859
611.49309859
611.49309859
611.49309859
611.49309859
611.49309859
611.49309859
611.49309859
611.49309859
611.49309859
611.49309859
611.49309859
611.49309859
611.49309859
611.49309859
611.49309859
611.49309859
611.49309859
611.49309859
611.49309859
611.49309859
611.49309859
611.49309859
611.49309859
611.49309859
611.49309859
611.49309859
611.49309859
611.49309859
611.49309859
611.49309859
611.49309859
611.49309859
611.49309859
611.49309859
611.49309859
611.49309859
611.49309859
611.49309859
611.49309859
611.49309859
611.49309859
611.49309859
611.49309859
611.49309859
611.49309859
611.49309859
611.49309859
611.49309859
611.49309859
611.49309859
611.49309859
611.49309859
611.49309859
611.49309859
611.49309859
611.49309859
611.49309859
611.49309859
611.49309859
611.49309859
611.49309859
611.49309859
611.49309859
611.49309859
611.49309859
611.49309859
611.49309859
611.49309859
611.49309859
611.49309859
611.49309859
611.49309859
611.49309859
611.49309859
611.49309859
611.49309859
611.49309859
611.49309859
611.49309859
611.49309859
611.49309859
611.49309859
611.49309859
611.49309859
611.49309859
611.49309859
611.49309859
611.49309859
611.49309859
611.49309859
611.49309859
611.49309859
611.49309859
611.49309859
611.49309859
611.49309859
611.49309859
611.49309859
611.49309859
611.49309859
611.49309859
611.49309859
611.49309859
611.49309859
611.49309859
611.49309859
611.49309859
611.49309859
611.49309859
611.49309859
608.444442161
608.444442161
608.444442161
608.444442161
608.444442161
608.444442161
608.444442161
608.444442161
608.444442161
608.444442161
608.444442161
608.444442161
608.444442161
608.444442161
608.444442161
608.444442161
608.444442161
608.444442161
608.444442161
608.444442161
608.444442161
608.444442161
608.444442161
608.444442161
608.444442161
608.444442161
608.444442161
608.444442161
608.444442161
608.444442161
608.444442161
608.444442161
608.444442161
608.444442161
608.444442161
608.444442161
608.444442161
608.444442161
608.444442161
608.444442161
608.444442161
608.444442161
608.444442161
608.444442161
608.444442161
608.444442161
608.444442161
608.444442161
608.444442161
604.255610205
604.255610205
604.255610205
604.255610205
604.255610205
604.255610205
604.255610205
604.255610205
604.255610205
604.255610205
604.255610205
604.255610205
604.255610205
604.255610205
604.255610205
604.255610205
604.255610205
604.255610205
604.255610205
604.255610205
604.255610205
604.255610205
604.255610205
604.255610205
604.255610205
604.255610205
604.255610205
604.255610205
604.255610205
604.255610205
604.255610205
604.255610205
604.255610205
604.255610205
604.255610205
604.255610205
604.255610205
604.255610205
604.255610205
604.255610205
604.255610205
604.255610205
604.255610205
604.255610205
604.255610205
604.255610205
604.255610205
604.255610205
604.255610205
604.255610205
604.255610205
604.255610205
604.255610205
604.255610205
604.255610205
604.255610205
604.255610205
604.255610205
604.255610205
604.255610205
604.255610205
604.255610205
604.255610205
604.255610205
604.255610205
604.255610205
604.255610205
604.255610205
604.255610205
604.255610205
604.255610205
604.255610205
604.255610205
604.255610205
604.255610205
604.255610205
604.255610205
604.255610205
604.255610205
604.255610205
604.255610205
604.255610205
604.255610205
604.255610205
604.255610205
604.255610205
604.255610205
604.255610205
604.255610205
604.002024471
604.002024471
604.002024471
604.002024471
604.002024471
604.002024471
604.002024471
604.002024471
604.002024471
604.002024471
604.002024471
604.002024471
604.002024471
604.002024471
604.002024471
604.002024471
604.002024471
604.002024471
604.002024471
604.002024471
604.002024471
604.002024471
604.002024471
604.002024471
604.002024471
604.002024471
604.002024471
604.002024471
604.002024471
604.002024471
604.002024471
604.002024471
604.002024471
604.002024471
604.002024471
604.002024471
604.002024471
604.002024471
604.002024471
604.002024471
604.002024471
604.002024471
597.159195408
597.159195408
597.159195408
597.159195408
597.159195408
597.159195408
590.884840962
590.884840962
590.884840962
590.884840962
590.884840962
590.884840962
590.884840962
590.884840962
590.884840962
590.884840962
590.884840962
590.884840962
590.884840962
590.884840962
590.884840962
590.884840962
590.884840962
590.884840962
590.884840962
590.884840962
590.884840962
590.884840962
590.884840962
590.884840962
590.884840962
590.884840962
590.884840962
590.884840962
590.884840962
590.884840962
590.884840962
590.884840962
590.884840962
590.884840962
590.884840962
590.884840962
590.884840962
590.884840962
590.884840962
590.884840962
590.884840962
590.884840962
590.884840962
590.884840962
590.884840962
590.884840962
590.884840962
590.884840962
590.884840962
590.884840962
590.884840962
590.884840962
590.884840962
590.884840962
590.884840962
590.884840962
590.884840962
590.884840962
590.884840962
590.884840962
590.884840962
590.884840962
590.884840962
590.884840962
590.884840962
590.884840962
590.884840962
590.884840962
590.884840962
590.884840962
590.884840962
590.884840962
590.884840962
590.884840962
590.884840962
590.884840962
590.884840962
590.884840962
590.884840962
590.884840962
590.884840962
590.884840962
590.884840962
590.884840962
590.884840962
590.884840962
590.884840962
590.884840962
590.884840962
590.884840962
590.884840962
590.884840962
590.884840962
590.884840962
577.5364806
577.5364806
577.5364806
577.5364806
577.5364806
577.5364806
577.5364806
577.5364806
577.5364806
577.5364806
577.5364806
577.5364806
577.5364806
577.5364806
577.5364806
577.5364806
577.5364806
577.5364806
577.5364806
577.5364806
577.5364806
577.5364806
577.5364806
577.5364806
577.5364806
577.5364806
577.5364806
577.5364806
577.5364806
577.5364806
577.5364806
577.5364806
577.5364806
577.5364806
577.5364806
577.5364806
577.5364806
577.5364806
577.5364806
577.5364806
577.5364806
577.5364806
577.5364806
577.5364806
577.5364806
577.5364806
577.5364806
577.5364806
577.5364806
577.5364806
577.5364806
577.5364806
577.5364806
577.5364806
577.5364806
577.5364806
577.5364806
577.5364806
577.5364806
577.5364806
577.5364806
577.5364806
577.5364806
577.5364806
577.5364806
577.5364806
577.5364806
577.5364806
577.5364806
577.5364806
577.5364806
577.5364806
577.5364806
577.5364806
577.5364806
577.5364806
577.5364806
577.5364806
577.5364806
577.5364806
577.5364806
577.5364806
577.5364806
577.5364806
577.5364806
577.5364806
577.5364806
577.5364806
577.5364806
577.5364806
577.5364806
577.5364806
577.5364806
577.5364806
577.5364806
577.5364806
577.5364806
577.5364806
577.5364806
577.5364806
577.5364806
577.5364806
577.5364806
577.5364806
577.5364806
577.5364806
577.5364806
577.5364806
577.5364806
577.5364806
577.5364806
577.5364806
577.5364806
577.5364806
577.5364806
577.5364806
577.5364806
577.5364806
577.5364806
577.5364806
577.5364806
577.5364806
577.5364806
577.5364806
577.5364806
577.5364806
577.5364806
577.5364806
577.5364806
577.5364806
577.5364806
577.5364806
577.5364806
577.5364806
577.5364806
577.5364806
577.5364806
577.5364806
577.5364806
577.5364806
577.5364806
577.5364806
577.5364806
577.5364806
577.5364806
577.5364806
577.5364806
577.5364806
577.5364806
577.5364806
577.5364806
577.5364806
577.5364806
577.5364806
577.5364806
577.5364806
577.5364806
577.5364806
577.5364806
577.5364806
577.5364806
577.5364806
577.5364806
577.5364806
577.5364806
577.5364806
577.5364806
577.5364806
577.5364806
577.5364806
577.5364806
577.5364806
577.5364806
577.5364806
577.5364806
577.5364806
577.5364806
577.5364806
577.5364806
577.5364806
577.5364806
577.5364806
577.5364806
577.5364806
577.5364806
577.5364806
577.5364806
577.5364806
577.5364806
577.5364806
577.5364806
577.5364806
577.5364806
577.5364806
577.5364806
577.5364806
577.5364806
577.5364806
577.5364806
577.5364806
577.5364806
577.5364806
577.5364806
577.5364806
577.5364806
577.5364806
577.5364806
577.5364806
577.5364806
577.5364806
577.5364806
577.5364806
577.5364806
577.5364806
577.5364806
577.5364806
577.5364806
577.5364806
577.5364806
577.5364806
577.5364806
577.5364806
577.5364806
577.5364806
577.5364806
577.5364806
577.5364806
577.5364806
577.5364806
577.5364806
577.5364806
577.5364806
577.5364806
577.5364806
577.5364806
577.5364806
577.5364806
577.5364806
577.5364806
577.5364806
577.5364806
577.5364806
577.5364806
577.5364806
577.5364806
577.5364806
577.5364806
577.5364806
577.5364806
577.5364806
577.5364806
577.5364806
577.5364806
577.5364806
577.5364806
577.5364806
577.5364806
577.5364806
577.5364806
577.5364806
577.5364806
577.5364806
577.5364806
577.5364806
577.5364806
577.5364806
577.5364806
577.5364806
577.5364806
577.5364806
577.5364806
577.5364806
577.5364806
577.5364806
577.5364806
577.5364806
577.5364806
577.5364806
577.5364806
577.5364806
577.5364806
576.04831606
576.04831606
576.04831606
576.04831606
576.04831606
576.04831606
576.04831606
576.04831606
576.04831606
576.04831606
576.04831606
576.04831606
576.04831606
576.04831606
576.04831606
576.04831606
576.04831606
576.04831606
576.04831606
576.04831606
576.04831606
576.04831606
576.04831606
576.04831606
576.04831606
576.04831606
576.04831606
576.04831606
576.04831606
576.04831606
576.04831606
576.04831606
576.04831606
576.04831606
576.04831606
576.04831606
576.04831606
576.04831606
576.04831606
576.04831606
576.04831606
576.04831606
576.04831606
576.04831606
576.04831606
576.04831606
576.04831606
576.04831606
576.04831606
576.04831606
576.04831606
576.04831606
576.04831606
576.04831606
576.04831606
576.04831606
576.04831606
576.04831606
576.04831606
576.04831606
576.04831606
576.04831606
576.04831606
576.04831606
576.04831606
576.04831606
576.04831606
576.04831606
576.04831606
576.04831606
576.04831606
576.04831606
576.04831606
576.04831606
576.04831606
576.04831606
576.04831606
576.04831606
576.04831606
576.04831606
576.04831606
576.04831606
576.04831606
576.04831606
576.04831606
576.04831606
576.04831606
576.04831606
576.04831606
576.04831606
576.04831606
576.04831606
576.04831606
576.04831606
576.04831606
576.04831606
576.04831606
576.04831606
576.04831606
576.04831606
576.04831606
576.04831606
576.04831606
576.04831606
576.04831606
576.04831606
576.04831606
576.04831606
576.04831606
576.04831606
576.04831606
576.04831606
576.04831606
576.04831606
576.04831606
576.04831606
576.04831606
576.04831606
576.04831606
576.04831606
576.04831606
576.04831606
576.04831606
576.04831606
576.04831606
576.04831606
576.04831606
576.04831606
576.04831606
576.04831606
576.04831606
576.04831606
576.04831606
576.04831606
576.04831606
576.04831606
576.04831606
576.04831606
576.04831606
568.969387603
568.969387603
568.969387603
568.969387603
568.969387603
568.969387603
568.969387603
568.969387603
568.969387603
568.969387603
568.969387603
568.969387603
568.969387603
568.969387603
568.969387603
568.969387603
568.969387603
568.969387603
568.969387603
568.969387603
568.969387603
568.969387603
568.969387603
568.969387603
568.969387603
568.969387603
568.969387603
568.969387603
568.969387603
568.969387603
568.969387603
568.969387603
568.969387603
568.969387603
568.969387603
568.969387603
568.969387603
568.969387603
568.969387603
568.969387603
568.969387603
568.969387603
568.969387603
568.969387603
568.969387603
568.969387603
568.969387603
568.969387603
568.969387603
568.969387603
568.969387603
568.969387603
568.969387603
568.969387603
568.969387603
568.969387603
568.969387603
568.969387603
568.969387603
568.969387603
568.969387603
568.969387603
568.969387603
568.969387603
568.969387603
568.969387603
568.969387603
568.969387603
568.969387603
568.969387603
568.969387603
568.969387603
568.969387603
568.969387603
568.969387603
568.969387603
568.969387603
568.969387603
568.969387603
568.969387603
568.969387603
568.969387603
568.969387603
568.969387603
568.969387603
568.969387603
568.969387603
568.969387603
568.969387603
568.969387603
568.969387603
568.969387603
568.969387603
568.969387603
568.969387603
568.969387603
568.969387603
568.969387603
568.969387603
568.969387603
568.969387603
568.969387603
568.969387603
568.969387603
568.969387603
568.969387603
568.969387603
568.969387603
568.969387603
568.969387603
568.969387603
568.969387603
568.969387603
568.969387603
568.969387603
568.969387603
568.969387603
568.969387603
568.969387603
568.969387603
568.969387603
568.969387603
568.969387603
568.969387603
568.969387603
568.969387603
568.969387603
568.969387603
568.969387603
568.969387603
568.969387603
568.969387603
568.969387603
568.969387603
568.969387603
568.969387603
568.969387603
568.969387603
568.969387603
568.969387603
568.969387603
568.969387603
568.969387603
568.969387603
568.969387603
568.969387603
568.969387603
568.969387603
568.969387603
568.969387603
568.969387603
568.969387603
568.969387603
568.969387603
568.969387603
568.969387603
568.969387603
568.969387603
568.969387603
568.969387603
568.969387603
568.969387603
568.969387603
568.969387603
568.969387603
568.969387603
568.969387603
568.969387603
568.969387603
568.969387603
568.969387603
568.969387603
568.969387603
568.969387603
568.969387603
568.969387603
568.969387603
568.969387603
568.969387603
568.969387603
568.969387603
568.969387603
568.969387603
568.969387603
568.969387603
568.969387603
568.969387603
568.969387603
568.969387603
568.969387603
568.969387603
568.969387603
568.969387603
568.969387603
568.969387603
568.969387603
568.969387603
568.969387603
568.969387603
568.969387603
568.969387603
568.969387603
568.969387603
568.969387603
568.969387603
568.969387603
568.969387603
568.969387603
568.969387603
568.969387603
568.969387603
568.969387603
568.969387603
568.969387603
568.969387603
568.969387603
568.969387603
568.969387603
568.969387603
568.969387603
568.969387603
568.969387603
568.969387603
568.969387603
568.969387603
568.969387603
568.969387603
568.969387603
568.969387603
568.969387603
568.969387603
568.969387603
568.969387603
568.969387603
568.969387603
568.969387603
568.969387603
568.969387603
568.969387603
568.969387603
568.969387603
568.969387603
568.969387603
568.969387603
568.969387603
568.969387603
568.969387603
568.969387603
568.969387603
568.969387603
568.969387603
568.10401482
568.10401482
568.10401482
568.10401482
568.10401482
568.10401482
568.10401482
568.10401482
568.10401482
568.10401482
568.10401482
568.10401482
568.10401482
568.10401482
568.10401482
568.10401482
568.10401482
568.10401482
568.10401482
568.10401482
568.10401482
568.10401482
568.10401482
568.10401482
568.10401482
568.10401482
568.10401482
568.10401482
568.10401482
568.10401482
568.10401482
568.10401482
568.10401482
568.10401482
568.10401482
568.10401482
568.10401482
568.10401482
568.10401482
568.10401482
568.10401482
568.10401482
568.10401482
568.10401482
568.10401482
568.10401482
568.10401482
568.10401482
568.10401482
568.10401482
568.10401482
568.10401482
568.10401482
568.10401482
568.10401482
568.10401482
568.10401482
568.10401482
568.10401482
568.10401482
568.10401482
568.10401482
568.10401482
568.10401482
568.10401482
568.10401482
568.10401482
568.10401482
568.10401482
568.10401482
568.10401482
568.10401482
568.10401482
568.10401482
568.10401482
568.10401482
568.10401482
568.10401482
568.10401482
568.10401482
568.10401482
568.10401482
568.10401482
568.10401482
568.10401482
568.10401482
568.10401482
568.10401482
568.10401482
568.10401482
568.10401482
568.10401482
568.10401482
568.10401482
568.10401482
568.10401482
568.10401482
568.10401482
568.10401482
568.10401482
568.10401482
568.10401482
568.10401482
568.10401482
568.10401482
568.10401482
568.10401482
568.10401482
568.10401482
568.10401482
568.10401482
568.10401482
568.10401482
568.10401482
568.10401482
568.10401482
568.10401482
568.10401482
568.10401482
568.10401482
568.10401482
568.10401482
568.10401482
568.10401482
568.10401482
568.10401482
568.10401482
568.10401482
568.10401482
568.10401482
568.10401482
568.10401482
568.10401482
568.10401482
568.10401482
568.10401482
568.10401482
568.10401482
568.10401482
568.10401482
568.10401482
568.10401482
568.10401482
568.10401482
568.10401482
568.10401482
568.10401482
568.10401482
568.10401482
568.10401482
568.10401482
568.10401482
568.10401482
568.10401482
568.10401482
568.10401482
568.10401482
568.10401482
568.10401482
568.10401482
568.10401482
568.10401482
568.10401482
568.10401482
568.10401482
568.10401482
568.10401482
568.10401482
568.10401482
568.10401482
568.10401482
568.10401482
568.10401482
568.10401482
568.10401482
568.10401482
568.10401482
568.10401482
568.10401482
568.10401482
568.10401482
568.10401482
568.10401482
568.10401482
568.10401482
568.10401482
568.10401482
568.10401482
568.10401482
568.10401482
568.10401482
568.10401482
568.10401482
568.10401482
568.10401482
568.10401482
568.10401482
568.10401482
568.10401482
568.10401482
568.10401482
568.10401482
568.10401482
568.10401482
568.10401482
568.10401482
568.10401482
568.10401482
568.10401482
568.10401482
568.10401482
568.10401482
568.10401482
568.10401482
568.10401482
568.10401482
568.10401482
568.10401482
568.10401482
568.10401482
568.10401482
568.10401482
568.10401482
568.10401482
568.10401482
568.10401482
568.10401482
568.10401482
568.10401482
568.10401482
568.10401482
568.10401482
568.10401482
568.10401482
568.10401482
568.10401482
568.10401482
568.10401482
568.10401482
568.10401482
568.10401482
568.10401482
568.10401482
568.10401482
568.10401482
568.10401482
568.10401482
568.10401482
568.10401482
568.10401482
568.10401482
568.10401482
568.10401482
568.10401482
568.10401482
568.10401482
568.10401482
568.10401482
568.10401482
568.10401482
568.10401482
568.10401482
568.10401482
568.10401482
568.10401482
568.10401482
568.10401482
568.10401482
568.10401482
568.10401482
568.10401482
568.10401482
568.10401482
568.10401482
568.10401482
568.10401482
568.10401482
568.10401482
568.10401482
568.10401482
568.10401482
568.10401482
568.10401482
568.10401482
568.10401482
568.10401482
568.10401482
568.10401482
568.10401482
568.10401482
568.10401482
568.10401482
568.10401482
568.10401482
568.10401482
568.10401482
568.10401482
568.10401482
568.10401482
568.10401482
568.10401482
568.10401482
568.10401482
568.10401482
568.10401482
568.10401482
568.10401482
568.10401482
568.10401482
568.10401482
568.10401482
568.10401482
568.10401482
568.10401482
568.10401482
568.10401482
568.10401482
568.10401482
568.10401482
568.10401482
568.10401482
568.10401482
568.10401482
568.10401482
568.10401482
568.10401482
568.10401482
568.10401482
568.10401482
568.10401482
568.10401482
568.10401482
568.10401482
568.10401482
568.10401482
568.10401482
568.10401482
568.10401482
568.10401482
568.10401482
568.10401482
568.10401482
568.10401482
568.10401482
568.10401482
568.10401482
568.10401482
568.10401482
568.10401482
568.10401482
568.10401482
568.10401482
568.10401482
568.10401482
568.10401482
568.10401482
568.10401482
568.10401482
568.10401482
568.10401482
568.10401482
568.10401482
568.10401482
568.10401482
568.10401482
568.10401482
568.10401482
568.10401482
568.10401482
568.10401482
568.10401482
568.10401482
568.10401482
568.10401482
568.10401482
568.10401482
568.10401482
568.10401482
568.10401482
568.10401482
568.10401482
568.10401482
568.10401482
568.10401482
568.10401482
568.10401482
568.10401482
568.10401482
568.10401482
568.10401482
568.10401482
568.10401482
568.10401482
568.10401482
568.10401482
568.10401482
568.10401482
568.10401482
568.10401482
568.10401482
568.10401482
568.10401482
568.10401482
568.10401482
568.10401482
568.10401482
568.10401482
568.10401482
568.10401482
568.10401482
568.10401482
568.10401482
568.10401482
568.10401482
568.10401482
568.10401482
568.10401482
568.10401482
568.10401482
568.10401482
568.10401482
568.10401482
568.10401482
568.10401482
568.10401482
568.10401482
568.10401482
568.10401482
568.10401482
568.10401482
568.10401482
568.10401482
568.10401482
568.10401482
568.10401482
568.10401482
568.10401482
568.10401482
568.10401482
568.10401482
568.10401482
568.10401482
568.10401482
568.10401482
568.10401482
568.10401482
568.10401482
568.10401482
568.10401482
568.10401482
568.10401482
568.10401482
568.10401482
568.10401482
568.10401482
568.10401482
568.10401482
568.10401482
568.10401482
568.10401482
568.10401482
568.10401482
568.10401482
568.10401482
568.10401482
568.10401482
568.10401482
568.10401482
568.10401482
568.10401482
568.10401482
568.10401482
568.10401482
568.10401482
568.10401482
568.10401482
568.10401482
568.10401482
568.10401482
568.10401482
568.10401482
568.10401482
568.10401482
568.10401482
568.10401482
568.10401482
568.10401482
568.10401482
568.10401482
568.10401482
568.10401482
568.10401482
568.10401482
568.10401482
568.10401482
568.10401482
568.10401482
568.10401482
568.10401482
568.10401482
568.10401482
568.10401482
568.10401482
568.10401482
568.10401482
568.10401482
568.10401482
568.10401482
568.10401482
568.10401482
568.10401482
568.10401482
568.10401482
568.10401482
568.10401482
568.10401482
568.10401482
568.10401482
568.10401482
568.10401482
568.10401482
568.10401482
568.10401482
568.10401482
568.10401482
568.10401482
568.10401482
568.10401482
568.10401482
568.10401482
568.10401482
568.10401482
568.10401482
568.10401482
568.10401482
568.10401482
568.10401482
568.10401482
568.10401482
568.10401482
568.10401482
568.10401482
568.10401482
568.10401482
568.10401482
568.10401482
568.10401482
568.10401482
568.10401482
568.10401482
568.10401482
568.10401482
568.10401482
568.10401482
568.10401482
568.10401482
568.10401482
568.10401482
568.10401482
568.10401482
568.10401482
568.10401482
568.10401482
568.10401482
568.10401482
568.10401482
568.10401482
568.10401482
568.10401482
568.10401482
568.10401482
568.10401482
568.10401482
568.10401482
568.10401482
568.10401482
568.10401482
568.10401482
568.10401482
568.10401482
568.10401482
568.10401482
568.10401482
568.10401482
568.10401482
568.10401482
568.10401482
568.10401482
568.10401482
568.10401482
568.10401482
568.10401482
568.10401482
568.10401482
568.10401482
568.10401482
568.10401482
568.10401482
568.10401482
568.10401482
568.10401482
568.10401482
568.10401482
568.10401482
568.10401482
568.10401482
568.10401482
568.10401482
568.10401482
568.10401482
568.10401482
568.10401482
568.10401482
568.10401482
568.10401482
568.10401482
568.10401482
568.10401482
568.10401482
568.10401482
568.10401482
568.10401482
568.10401482
568.10401482
568.10401482
568.10401482
568.10401482
568.10401482
568.10401482
568.10401482
568.10401482
568.10401482
568.10401482
568.10401482
568.10401482
568.10401482
568.10401482
568.10401482
568.10401482
568.10401482
568.10401482
568.10401482
568.10401482
568.10401482
568.10401482
568.10401482
568.10401482
568.10401482
568.10401482
568.10401482
568.10401482
568.10401482
568.10401482
568.10401482
568.10401482
568.10401482
568.10401482
568.10401482
568.10401482
568.10401482
568.10401482
568.10401482
568.10401482
568.10401482
568.10401482
568.10401482
568.10401482
568.10401482
568.10401482
568.10401482
568.10401482
568.10401482
568.10401482
568.10401482
568.10401482
568.10401482
568.10401482
568.10401482
568.10401482
568.10401482
568.10401482
568.10401482
568.10401482
568.10401482
568.10401482
568.10401482
568.10401482
568.10401482
568.10401482
568.10401482
568.10401482
568.10401482
568.10401482
568.10401482
568.10401482
568.10401482
568.10401482
568.10401482
568.10401482
568.10401482
568.10401482
568.10401482
568.10401482
568.10401482
568.10401482
568.10401482
568.10401482
568.10401482
568.10401482
568.10401482
568.10401482
568.10401482
568.10401482
568.10401482
568.10401482
568.10401482
568.10401482
568.10401482
568.10401482
568.10401482
568.10401482
568.10401482
568.10401482
568.10401482
568.10401482
568.10401482
568.10401482
568.10401482
568.10401482
568.10401482
568.10401482
568.10401482
568.10401482
568.10401482
568.10401482
568.10401482
568.10401482
568.10401482
568.10401482
568.10401482
568.10401482
568.10401482
568.10401482
568.10401482
568.10401482
568.10401482
568.10401482
568.10401482
568.10401482
568.10401482
568.10401482
568.10401482
568.10401482
568.10401482
568.10401482
568.10401482
568.10401482
568.10401482
568.10401482
568.10401482
568.10401482
568.10401482
568.10401482
568.10401482
568.10401482
568.10401482
568.10401482
568.10401482
568.10401482
568.10401482
568.10401482
568.10401482
568.10401482
568.10401482
568.10401482
568.10401482
568.10401482
568.10401482
568.10401482
568.10401482
568.10401482
568.10401482
568.10401482
568.10401482
568.10401482
568.10401482
568.10401482
568.10401482
568.10401482
568.10401482
568.10401482
568.10401482
568.10401482
568.10401482
568.10401482
568.10401482
568.10401482
568.10401482
568.10401482
568.10401482
568.10401482
568.10401482
568.10401482
568.10401482
568.10401482
568.10401482
568.10401482
568.10401482
568.10401482
568.10401482
568.10401482
568.10401482
568.10401482
568.10401482
568.10401482
568.10401482
568.10401482
568.10401482
568.10401482
568.10401482
568.10401482
568.10401482
568.10401482
568.10401482
568.10401482
568.10401482
568.10401482
568.10401482
568.10401482
568.10401482
568.10401482
568.10401482
568.10401482
568.10401482
568.10401482
568.10401482
568.10401482
568.10401482
568.10401482
568.10401482
568.10401482
568.10401482
568.10401482
568.10401482
568.10401482
568.10401482
568.10401482
568.10401482
568.10401482
568.10401482
568.10401482
568.10401482
568.10401482
568.10401482
568.10401482
568.10401482
568.10401482
568.10401482
568.10401482
568.10401482
568.10401482
568.10401482
568.10401482
568.10401482
568.10401482
568.10401482
568.10401482
568.10401482
568.10401482
568.10401482
568.10401482
568.10401482
568.10401482
568.10401482
568.10401482
568.10401482
568.10401482
568.10401482
568.10401482
568.10401482
568.10401482
568.10401482
568.10401482
568.10401482
568.10401482
568.10401482
568.10401482
568.10401482
568.10401482
568.10401482
568.10401482
568.10401482
568.10401482
568.10401482
568.10401482
568.10401482
568.10401482
568.10401482
568.10401482
568.10401482
568.10401482
568.10401482
568.10401482
568.10401482
568.10401482
568.10401482
568.10401482
568.10401482
568.10401482
568.10401482
568.10401482
568.10401482
568.10401482
568.10401482
568.10401482
568.10401482
568.10401482
568.10401482
568.10401482
568.10401482
568.10401482
568.10401482
568.10401482
568.10401482
568.10401482
568.10401482
568.10401482
568.10401482
568.10401482
568.10401482
568.10401482
568.10401482
568.10401482
568.10401482
568.10401482
568.10401482
568.10401482
568.10401482
568.10401482
568.10401482
568.10401482
568.10401482
568.10401482
568.10401482
568.10401482
568.10401482
568.10401482
568.10401482
568.10401482
568.10401482
568.10401482
568.10401482
568.10401482
568.10401482
568.10401482
568.10401482
568.10401482
568.10401482
568.10401482
568.10401482
568.10401482
568.10401482
568.10401482
568.10401482
568.10401482
568.10401482
568.10401482
568.10401482
568.10401482
568.10401482
568.10401482
568.10401482
568.10401482
568.10401482
568.10401482
568.10401482
568.10401482
568.10401482
566.603778632
566.603778632
566.603778632
566.603778632
566.603778632
566.603778632
566.603778632
566.603778632
566.603778632
566.603778632
566.603778632
566.603778632
566.603778632
566.603778632
566.603778632
566.603778632
566.603778632
566.603778632
566.603778632
566.603778632
566.603778632
566.603778632
566.603778632
566.603778632
566.603778632
566.603778632
566.603778632
566.603778632
566.603778632
566.603778632
566.603778632
566.603778632
566.603778632
566.603778632
566.603778632
566.603778632
566.603778632
566.603778632
566.603778632
566.603778632
566.603778632
566.603778632
566.603778632
566.603778632
566.603778632
566.603778632
566.603778632
566.603778632
566.603778632
566.603778632
566.603778632
566.603778632
566.603778632
566.603778632
566.603778632
566.603778632
566.603778632
566.603778632
566.603778632
566.603778632
566.603778632
566.603778632
566.603778632
566.603778632
566.603778632
566.603778632
566.603778632
566.603778632
566.603778632
566.603778632
566.603778632
566.603778632
566.603778632
566.603778632
566.603778632
566.603778632
566.603778632
566.603778632
566.603778632
566.603778632
566.603778632
566.603778632
566.603778632
566.603778632
566.603778632
566.603778632
566.603778632
566.603778632
566.603778632
566.603778632
566.603778632
566.603778632
566.603778632
566.603778632
566.603778632
566.603778632
566.603778632
566.603778632
566.603778632
566.603778632
566.603778632
566.603778632
566.603778632
566.603778632
566.603778632
566.603778632
566.603778632
566.603778632
566.603778632
566.603778632
566.603778632
566.603778632
566.603778632
566.603778632
566.603778632
566.603778632
566.603778632
566.603778632
566.603778632
566.603778632
566.603778632
566.603778632
566.603778632
566.603778632
566.603778632
566.603778632
566.603778632
566.603778632
566.603778632
566.603778632
566.603778632
566.603778632
566.603778632
566.603778632
566.603778632
566.603778632
566.603778632
566.603778632
566.603778632
566.603778632
566.603778632
566.603778632
566.603778632
566.603778632
566.603778632
566.603778632
566.603778632
566.603778632
566.603778632
566.603778632
566.603778632
566.603778632
566.603778632
566.603778632
566.603778632
566.603778632
566.603778632
566.603778632
566.603778632
566.603778632
566.603778632
566.603778632
566.603778632
566.603778632
566.603778632
566.603778632
566.603778632
566.603778632
566.603778632
566.603778632
566.603778632
566.603778632
566.603778632
566.603778632
566.603778632
566.603778632
566.603778632
566.603778632
566.603778632
566.603778632
566.603778632
566.603778632
566.603778632
566.603778632
566.603778632
566.603778632
566.603778632
566.603778632
566.603778632
566.603778632
566.603778632
566.603778632
566.603778632
566.603778632
566.603778632
566.603778632
566.603778632
566.603778632
566.603778632
566.603778632
566.603778632
566.603778632
566.603778632
566.603778632
566.603778632
566.603778632
566.603778632
566.603778632
566.603778632
566.603778632
566.603778632
566.603778632
566.603778632
566.603778632
566.603778632
566.603778632
566.603778632
566.603778632
566.603778632
566.603778632
566.603778632
566.603778632
566.603778632
566.603778632
566.603778632
566.603778632
566.603778632
566.603778632
566.603778632
566.603778632
566.603778632
566.603778632
566.603778632
566.603778632
566.603778632
566.603778632
566.603778632
