1534.19495558
1533.17583452
1533.17583452
1533.17583452
1533.17583452
1533.17583452
1508.87374956
1508.87374956
1508.87374956
1508.87374956
1508.87374956
1494.75198832
1491.4895196
1491.4895196
1491.4895196
1491.4895196
1444.54658338
1441.50553371
1441.50553371
1441.50553371
1441.50553371
1435.73856309
1426.90919039
1426.90919039
1414.24028851
1405.89534173
1405.89534173
1397.04221074
1395.06684521
1391.61381516
1328.77610665
1328.77610665
1328.77610665
1312.16600279
1312.16600279
1312.16600279
1312.16600279
1312.16600279
1312.16600279
1307.77774435
1305.73115064
1253.79454635
1253.79454635
1248.11518962
1243.26583201
1243.26583201
1243.26583201
1243.26583201
1243.26583201
1243.26583201
1243.26583201
1243.26583201
1243.26583201
1243.26583201
1228.21116948
1228.21116948
1212.09904592
1212.09904592
1212.09904592
1212.09904592
1212.09904592
1212.09904592
1196.94632132
1153.77217919
1153.77217919
1153.77217919
1153.77217919
1153.77217919
1153.77217919
1153.77217919
1153.77217919
1143.87599368
1143.87599368
1143.87599368
1143.87599368
1143.87599368
1143.87599368
1115.67111025
1115.67111025
1115.67111025
1115.67111025
1115.67111025
1115.67111025
1115.67111025
1115.67111025
1115.67111025
1108.84595019
1108.84595019
1082.05633674
1082.05633674
1082.05633674
1082.05633674
1082.05633674
1082.05633674
1082.05633674
1082.05633674
1082.05633674
1082.05633674
1082.05633674
1082.05633674
1077.03577779
1077.03577779
1077.03577779
1077.03577779
1077.03577779
1077.03577779
1077.03577779
1077.03577779
1077.03577779
1077.03577779
1077.03577779
1077.03577779
1077.03577779
1077.03577779
1077.03577779
1077.03577779
1077.03577779
1077.03577779
1039.39556509
1039.39556509
1010.932727
1010.932727
1010.932727
1010.932727
1010.932727
1010.932727
1010.932727
1010.932727
1010.932727
1010.932727
1010.932727
1010.932727
1010.932727
1010.932727
1010.932727
998.054896995
998.054896995
998.054896995
998.054896995
993.403092459
993.403092459
993.403092459
993.403092459
993.403092459
993.403092459
993.403092459
993.403092459
993.403092459
993.403092459
993.403092459
993.403092459
993.403092459
993.403092459
993.403092459
961.959226311
961.959226311
961.959226311
945.184414677
945.184414677
945.184414677
945.184414677
945.184414677
942.631290139
942.631290139
942.631290139
942.631290139
942.631290139
942.631290139
942.631290139
942.631290139
942.631290139
935.353321662
935.353321662
935.353321662
935.353321662
935.353321662
935.353321662
935.353321662
935.353321662
935.353321662
935.353321662
935.353321662
935.353321662
935.353321662
935.353321662
935.353321662
935.353321662
927.897424918
927.897424918
922.206773872
922.206773872
922.206773872
922.206773872
922.206773872
922.206773872
897.632860805
897.632860805
897.632860805
897.632860805
897.632860805
897.632860805
897.632860805
897.632860805
897.632860805
897.632860805
897.632860805
897.632860805
897.632860805
897.632860805
897.632860805
897.632860805
897.632860805
897.632860805
897.632860805
897.632860805
897.632860805
897.632860805
897.632860805
897.632860805
897.632860805
897.632860805
897.632860805
897.632860805
897.632860805
897.632860805
897.632860805
897.632860805
897.632860805
897.632860805
897.632860805
897.632860805
897.632860805
897.632860805
897.632860805
897.632860805
897.632860805
897.632860805
880.090538779
844.770243978
844.770243978
844.770243978
844.770243978
844.770243978
844.770243978
841.434348122
841.434348122
841.434348122
841.434348122
841.434348122
841.434348122
841.434348122
841.434348122
825.201407087
825.201407087
818.318768696
818.318768696
818.318768696
818.318768696
818.318768696
818.318768696
818.318768696
818.318768696
818.318768696
818.318768696
818.318768696
818.318768696
818.318768696
818.318768696
818.318768696
818.318768696
818.318768696
818.318768696
818.318768696
818.318768696
818.318768696
818.318768696
818.318768696
818.318768696
818.318768696
814.788514758
814.788514758
814.788514758
814.788514758
814.788514758
814.788514758
814.788514758
814.788514758
814.788514758
808.32179172
808.32179172
808.32179172
808.32179172
808.32179172
808.32179172
808.32179172
808.32179172
808.32179172
808.32179172
808.32179172
808.32179172
808.32179172
808.32179172
808.32179172
808.32179172
804.953525862
804.953525862
804.953525862
804.953525862
804.953525862
804.953525862
804.953525862
804.953525862
804.953525862
804.953525862
804.953525862
804.953525862
804.953525862
804.953525862
804.953525862
804.953525862
804.953525862
804.953525862
804.953525862
804.953525862
804.953525862
804.953525862
804.953525862
804.953525862
804.953525862
804.953525862
804.953525862
804.953525862
804.953525862
804.953525862
804.953525862
804.953525862
804.953525862
804.953525862
804.953525862
804.667493098
804.667493098
796.078021227
796.078021227
796.078021227
796.078021227
796.078021227
796.078021227
796.078021227
796.078021227
796.078021227
796.078021227
796.078021227
796.078021227
796.078021227
796.078021227
796.078021227
794.829657929
794.829657929
794.829657929
794.829657929
794.829657929
794.829657929
794.829657929
794.829657929
794.829657929
794.829657929
794.829657929
794.829657929
794.829657929
794.829657929
794.829657929
794.829657929
794.829657929
794.829657929
794.829657929
794.829657929
794.829657929
794.829657929
794.829657929
794.829657929
794.829657929
787.066628439
787.066628439
787.066628439
787.066628439
787.066628439
787.066628439
787.066628439
787.066628439
787.066628439
787.066628439
787.066628439
787.066628439
787.066628439
787.066628439
787.066628439
787.066628439
787.066628439
787.066628439
787.066628439
787.066628439
787.066628439
787.066628439
787.066628439
787.066628439
787.066628439
787.066628439
787.066628439
787.066628439
787.066628439
787.066628439
787.066628439
787.066628439
787.066628439
787.066628439
787.066628439
787.066628439
787.066628439
787.066628439
787.066628439
787.066628439
786.228539947
786.228539947
786.228539947
786.228539947
786.228539947
775.820086656
775.820086656
775.820086656
775.820086656
775.820086656
775.820086656
775.820086656
775.820086656
775.820086656
775.820086656
775.820086656
775.820086656
775.820086656
775.820086656
775.820086656
775.820086656
775.820086656
775.820086656
775.820086656
775.820086656
775.820086656
775.820086656
775.820086656
775.820086656
775.820086656
775.820086656
775.820086656
775.820086656
775.820086656
775.820086656
775.820086656
775.820086656
775.131214689
775.131214689
775.131214689
775.131214689
775.131214689
775.131214689
775.131214689
775.131214689
775.131214689
775.131214689
775.131214689
775.131214689
775.131214689
766.467410454
766.467410454
766.467410454
766.467410454
765.207628267
765.207628267
765.207628267
765.207628267
765.207628267
765.207628267
765.207628267
765.207628267
765.207628267
765.207628267
765.207628267
765.207628267
765.207628267
765.207628267
765.207628267
765.207628267
765.207628267
765.207628267
765.207628267
765.207628267
765.207628267
765.207628267
765.207628267
765.207628267
765.207628267
765.207628267
765.207628267
765.207628267
765.207628267
765.207628267
765.207628267
765.207628267
765.207628267
765.207628267
765.207628267
765.207628267
765.207628267
765.207628267
765.207628267
765.207628267
765.207628267
765.207628267
765.207628267
765.207628267
765.207628267
765.207628267
765.207628267
765.207628267
765.207628267
765.207628267
765.207628267
765.207628267
765.207628267
765.207628267
765.207628267
765.207628267
765.207628267
765.207628267
765.207628267
765.207628267
765.207628267
765.207628267
765.207628267
765.207628267
765.207628267
765.207628267
765.207628267
765.207628267
760.189439993
760.189439993
760.189439993
760.189439993
760.189439993
742.372965639
742.372965639
742.372965639
742.372965639
742.372965639
742.372965639
742.372965639
733.766673849
733.766673849
733.766673849
733.766673849
733.766673849
733.766673849
733.766673849
733.766673849
733.766673849
733.766673849
733.766673849
733.766673849
733.766673849
733.766673849
733.766673849
731.022606326
731.022606326
731.022606326
731.022606326
731.022606326
731.022606326
731.022606326
731.022606326
731.022606326
731.022606326
731.022606326
731.022606326
731.022606326
731.022606326
728.955410749
728.955410749
728.955410749
728.955410749
728.955410749
721.953462755
721.953462755
721.953462755
721.953462755
721.953462755
721.953462755
721.953462755
721.953462755
721.953462755
721.953462755
721.953462755
721.953462755
721.953462755
721.953462755
721.953462755
721.953462755
721.953462755
721.953462755
721.953462755
721.953462755
721.953462755
721.953462755
721.953462755
721.953462755
721.953462755
721.953462755
721.953462755
721.953462755
721.953462755
721.953462755
721.953462755
721.953462755
721.953462755
721.953462755
721.953462755
721.953462755
721.953462755
721.953462755
721.953462755
721.953462755
721.953462755
721.953462755
721.953462755
721.953462755
721.953462755
721.953462755
721.953462755
721.953462755
721.953462755
721.953462755
721.953462755
721.953462755
721.953462755
721.953462755
721.953462755
721.953462755
721.953462755
721.953462755
721.953462755
721.953462755
721.953462755
721.953462755
721.953462755
721.953462755
721.953462755
721.953462755
721.953462755
721.953462755
721.953462755
721.953462755
721.953462755
721.953462755
721.953462755
721.953462755
721.953462755
721.953462755
721.953462755
721.953462755
721.953462755
721.953462755
721.953462755
721.953462755
721.953462755
721.953462755
721.953462755
721.953462755
721.953462755
721.953462755
721.953462755
721.953462755
714.410694281
714.410694281
714.410694281
714.410694281
714.410694281
714.410694281
714.410694281
714.410694281
714.301317533
714.301317533
714.301317533
714.301317533
714.301317533
714.301317533
714.301317533
714.301317533
712.638200914
712.638200914
712.638200914
712.638200914
712.638200914
712.638200914
712.638200914
712.638200914
712.638200914
712.638200914
712.638200914
712.638200914
712.638200914
712.638200914
712.638200914
712.638200914
712.638200914
712.638200914
712.638200914
712.638200914
712.638200914
712.638200914
712.638200914
712.638200914
712.638200914
712.638200914
712.638200914
712.638200914
712.638200914
712.638200914
702.642749954
702.642749954
702.642749954
702.642749954
702.642749954
702.642749954
702.642749954
699.624332972
699.624332972
699.624332972
699.624332972
699.624332972
699.624332972
699.624332972
699.624332972
699.624332972
699.624332972
699.624332972
699.624332972
699.624332972
699.624332972
699.624332972
699.624332972
699.624332972
699.624332972
699.624332972
699.624332972
699.624332972
699.624332972
699.624332972
699.624332972
699.624332972
699.624332972
699.624332972
699.624332972
699.624332972
699.624332972
699.624332972
699.624332972
699.624332972
699.624332972
699.624332972
699.624332972
699.624332972
699.624332972
699.624332972
699.624332972
699.624332972
699.624332972
699.624332972
699.624332972
699.624332972
699.624332972
695.856642632
695.856642632
695.856642632
695.856642632
695.856642632
695.856642632
695.856642632
695.856642632
695.856642632
695.856642632
695.856642632
695.856642632
695.856642632
695.856642632
695.856642632
695.856642632
695.856642632
695.856642632
695.856642632
695.856642632
695.856642632
695.856642632
695.856642632
695.856642632
695.856642632
695.856642632
695.856642632
695.856642632
695.856642632
695.856642632
695.856642632
695.856642632
695.856642632
695.856642632
695.856642632
695.856642632
695.856642632
695.856642632
695.856642632
695.856642632
695.856642632
695.856642632
695.856642632
695.856642632
695.856642632
695.856642632
695.856642632
695.856642632
695.856642632
695.856642632
695.856642632
695.856642632
695.856642632
695.856642632
695.856642632
695.856642632
695.856642632
695.856642632
695.856642632
695.237301051
695.237301051
695.237301051
695.237301051
695.237301051
695.237301051
695.237301051
695.237301051
695.237301051
695.237301051
695.237301051
695.237301051
695.237301051
695.237301051
695.237301051
695.237301051
695.237301051
695.237301051
695.237301051
695.237301051
695.237301051
695.237301051
695.237301051
695.237301051
695.237301051
695.237301051
695.237301051
695.237301051
695.237301051
695.237301051
695.237301051
695.237301051
695.237301051
695.237301051
695.237301051
695.237301051
695.237301051
695.237301051
695.237301051
695.237301051
695.237301051
695.237301051
695.237301051
695.237301051
695.237301051
695.237301051
695.237301051
695.237301051
695.237301051
695.237301051
695.237301051
695.237301051
695.237301051
695.237301051
683.81082901
683.81082901
683.81082901
683.81082901
683.81082901
683.81082901
683.81082901
683.81082901
683.81082901
683.81082901
683.81082901
683.81082901
683.81082901
683.81082901
683.81082901
683.81082901
683.81082901
683.81082901
683.81082901
683.81082901
683.81082901
683.81082901
683.81082901
683.81082901
683.81082901
683.81082901
683.81082901
683.81082901
683.81082901
683.81082901
683.81082901
683.81082901
683.81082901
683.81082901
683.81082901
683.81082901
683.81082901
683.81082901
683.81082901
683.81082901
683.81082901
683.81082901
683.81082901
683.81082901
683.81082901
683.81082901
683.81082901
683.81082901
683.81082901
683.81082901
683.81082901
683.81082901
683.81082901
683.81082901
683.81082901
683.81082901
683.81082901
683.81082901
683.81082901
683.81082901
683.81082901
683.81082901
683.81082901
683.81082901
683.81082901
683.81082901
683.81082901
683.81082901
683.81082901
683.81082901
683.81082901
683.81082901
683.81082901
683.81082901
683.81082901
683.81082901
683.81082901
683.81082901
683.81082901
683.81082901
683.81082901
683.81082901
683.81082901
683.81082901
683.81082901
683.81082901
683.81082901
683.81082901
683.81082901
683.81082901
683.81082901
683.81082901
683.81082901
683.81082901
683.81082901
683.81082901
683.81082901
683.81082901
677.72795245
677.72795245
677.72795245
677.72795245
677.72795245
677.72795245
677.72795245
677.72795245
677.72795245
677.72795245
677.72795245
677.72795245
677.72795245
677.72795245
677.72795245
677.72795245
677.72795245
677.72795245
677.72795245
677.72795245
677.72795245
677.72795245
677.72795245
677.72795245
677.72795245
677.72795245
677.72795245
677.72795245
671.886024294
671.886024294
671.886024294
671.886024294
671.886024294
671.886024294
671.886024294
671.886024294
671.886024294
671.886024294
671.886024294
671.886024294
671.886024294
671.886024294
671.886024294
671.886024294
671.886024294
671.886024294
671.886024294
671.886024294
671.886024294
671.886024294
671.886024294
671.886024294
671.886024294
671.886024294
671.886024294
671.886024294
671.886024294
671.886024294
671.886024294
671.886024294
671.886024294
671.886024294
671.886024294
671.886024294
671.886024294
671.886024294
671.886024294
671.886024294
671.886024294
671.886024294
671.886024294
671.886024294
671.886024294
671.886024294
671.886024294
671.886024294
671.886024294
671.886024294
671.886024294
671.886024294
671.886024294
671.886024294
671.886024294
671.886024294
671.886024294
671.886024294
663.892636525
663.892636525
663.892636525
663.892636525
663.892636525
663.892636525
663.892636525
663.892636525
663.892636525
663.892636525
663.892636525
663.892636525
663.892636525
663.892636525
663.892636525
663.892636525
663.892636525
663.892636525
663.892636525
663.892636525
663.892636525
663.892636525
663.892636525
663.892636525
663.892636525
663.892636525
663.892636525
663.892636525
663.892636525
663.892636525
663.892636525
663.892636525
663.892636525
663.892636525
663.892636525
663.892636525
663.892636525
663.892636525
663.892636525
663.892636525
663.892636525
663.892636525
663.892636525
663.892636525
663.892636525
663.892636525
663.892636525
663.892636525
663.892636525
663.892636525
663.892636525
663.892636525
663.892636525
663.892636525
663.892636525
663.892636525
663.892636525
663.892636525
663.892636525
663.892636525
663.892636525
663.892636525
663.892636525
663.892636525
663.892636525
663.892636525
663.892636525
663.892636525
663.892636525
663.892636525
663.892636525
663.892636525
663.892636525
663.892636525
663.892636525
663.892636525
663.892636525
663.892636525
663.892636525
663.892636525
663.892636525
663.892636525
663.892636525
663.892636525
663.892636525
663.892636525
663.892636525
663.892636525
663.892636525
663.892636525
663.892636525
663.892636525
663.892636525
663.892636525
663.892636525
663.892636525
663.892636525
663.892636525
663.892636525
663.892636525
663.892636525
663.892636525
663.892636525
663.892636525
663.892636525
663.892636525
663.892636525
663.892636525
663.892636525
663.892636525
663.892636525
663.892636525
663.892636525
663.892636525
663.892636525
663.892636525
663.892636525
663.892636525
663.892636525
663.892636525
663.892636525
663.892636525
663.892636525
663.892636525
663.892636525
663.892636525
663.892636525
663.892636525
663.892636525
663.892636525
663.892636525
663.892636525
663.892636525
663.892636525
663.892636525
663.892636525
663.892636525
663.892636525
663.892636525
663.892636525
663.892636525
663.892636525
663.892636525
663.892636525
663.892636525
663.892636525
663.892636525
663.892636525
663.892636525
663.892636525
663.892636525
663.892636525
663.892636525
663.892636525
663.647668375
663.647668375
663.647668375
663.647668375
663.647668375
663.647668375
663.647668375
663.647668375
663.647668375
663.647668375
663.647668375
663.647668375
663.647668375
663.647668375
663.647668375
663.647668375
663.647668375
663.647668375
663.647668375
663.647668375
663.647668375
663.647668375
663.647668375
663.647668375
663.647668375
663.647668375
663.647668375
663.647668375
663.647668375
663.647668375
663.647668375
663.647668375
663.647668375
663.647668375
663.647668375
663.647668375
663.647668375
663.647668375
663.647668375
663.647668375
663.647668375
663.647668375
663.647668375
663.647668375
663.647668375
663.647668375
663.647668375
663.647668375
661.341582332
661.341582332
661.341582332
661.341582332
661.341582332
661.341582332
661.341582332
661.341582332
661.341582332
661.341582332
661.341582332
661.341582332
661.341582332
661.341582332
661.341582332
661.341582332
661.341582332
661.341582332
661.341582332
661.341582332
661.341582332
661.341582332
661.341582332
661.341582332
661.341582332
661.341582332
661.341582332
661.341582332
661.341582332
661.341582332
661.341582332
659.666016704
659.666016704
659.666016704
659.666016704
659.666016704
659.666016704
659.666016704
659.666016704
659.666016704
659.666016704
659.666016704
659.666016704
659.666016704
659.666016704
659.666016704
659.666016704
659.666016704
659.666016704
659.666016704
659.666016704
659.666016704
659.666016704
659.666016704
659.666016704
659.666016704
659.666016704
659.666016704
659.666016704
659.666016704
659.666016704
659.666016704
659.666016704
659.666016704
659.666016704
659.666016704
659.666016704
659.666016704
659.666016704
659.666016704
659.666016704
659.666016704
650.460904895
650.460904895
650.460904895
650.460904895
650.460904895
648.453381328
648.453381328
648.453381328
648.453381328
648.453381328
648.453381328
648.453381328
648.453381328
648.453381328
648.453381328
648.453381328
648.453381328
648.453381328
648.453381328
648.453381328
648.453381328
648.453381328
648.453381328
648.453381328
648.453381328
648.453381328
648.453381328
648.453381328
648.453381328
648.453381328
648.453381328
648.453381328
648.453381328
648.453381328
648.453381328
648.453381328
648.453381328
648.453381328
648.453381328
648.453381328
648.453381328
648.453381328
648.453381328
648.453381328
648.453381328
648.453381328
648.453381328
648.453381328
648.453381328
648.453381328
648.453381328
648.453381328
648.453381328
648.453381328
648.453381328
648.453381328
648.453381328
648.453381328
648.453381328
648.453381328
648.453381328
648.453381328
648.453381328
648.453381328
648.453381328
648.453381328
648.453381328
648.453381328
648.453381328
648.453381328
648.453381328
648.453381328
648.453381328
648.453381328
648.453381328
648.453381328
648.453381328
648.453381328
648.453381328
648.453381328
648.453381328
648.453381328
638.859654365
638.859654365
638.859654365
638.859654365
638.859654365
638.859654365
638.859654365
638.859654365
638.859654365
638.859654365
638.859654365
638.859654365
638.859654365
638.859654365
638.859654365
638.859654365
638.859654365
638.859654365
638.859654365
638.859654365
638.859654365
638.859654365
638.859654365
638.859654365
638.859654365
638.859654365
638.859654365
638.859654365
638.859654365
638.859654365
638.859654365
638.859654365
638.859654365
638.859654365
638.859654365
638.859654365
638.859654365
638.859654365
638.859654365
638.859654365
638.859654365
638.859654365
638.859654365
638.859654365
638.859654365
638.859654365
638.859654365
638.859654365
638.859654365
638.859654365
638.859654365
638.859654365
638.859654365
638.859654365
638.859654365
638.859654365
638.859654365
638.859654365
638.859654365
638.859654365
638.859654365
634.574582649
634.574582649
634.574582649
634.574582649
634.574582649
634.574582649
634.574582649
634.574582649
634.574582649
634.574582649
634.574582649
634.574582649
634.574582649
634.574582649
634.574582649
634.574582649
634.574582649
634.574582649
634.574582649
634.574582649
634.574582649
634.574582649
634.574582649
634.574582649
634.574582649
634.574582649
634.574582649
634.574582649
634.574582649
634.574582649
634.574582649
634.574582649
634.574582649
634.574582649
634.574582649
634.574582649
634.574582649
634.574582649
634.574582649
634.574582649
634.574582649
634.574582649
634.574582649
634.574582649
634.574582649
634.574582649
634.574582649
634.574582649
634.574582649
634.574582649
634.574582649
634.574582649
634.574582649
634.574582649
634.574582649
634.574582649
634.574582649
634.574582649
634.574582649
634.574582649
634.574582649
634.574582649
634.574582649
634.574582649
634.574582649
634.574582649
634.574582649
634.574582649
634.574582649
634.574582649
634.574582649
634.574582649
634.574582649
634.574582649
634.574582649
634.574582649
634.574582649
634.574582649
634.574582649
634.574582649
634.574582649
634.574582649
634.574582649
634.574582649
634.574582649
634.574582649
634.574582649
634.574582649
634.574582649
634.574582649
634.574582649
634.574582649
634.574582649
634.574582649
634.574582649
634.574582649
634.574582649
634.574582649
634.574582649
634.574582649
634.574582649
634.574582649
634.574582649
634.574582649
634.574582649
634.574582649
634.574582649
634.574582649
634.574582649
634.574582649
634.574582649
634.574582649
634.574582649
634.574582649
634.574582649
634.574582649
634.574582649
634.574582649
634.574582649
634.574582649
634.574582649
634.574582649
634.574582649
634.574582649
634.574582649
634.574582649
634.574582649
634.574582649
634.574582649
634.574582649
634.574582649
634.574582649
634.574582649
634.574582649
634.574582649
634.574582649
634.574582649
634.574582649
634.574582649
634.574582649
634.574582649
634.574582649
634.574582649
634.574582649
634.574582649
634.574582649
634.574582649
634.574582649
634.574582649
634.574582649
634.574582649
634.574582649
634.574582649
634.574582649
634.574582649
634.574582649
634.574582649
634.574582649
634.574582649
634.574582649
634.574582649
634.574582649
634.574582649
634.574582649
634.574582649
634.574582649
634.574582649
634.574582649
634.574582649
634.574582649
634.574582649
634.574582649
634.574582649
634.574582649
634.574582649
634.574582649
634.574582649
634.574582649
634.574582649
634.574582649
634.574582649
634.574582649
634.574582649
634.574582649
634.574582649
634.574582649
634.574582649
634.574582649
634.574582649
634.574582649
634.574582649
634.574582649
634.574582649
634.574582649
634.574582649
634.574582649
634.574582649
634.574582649
634.574582649
634.574582649
634.574582649
634.574582649
634.574582649
634.574582649
634.574582649
634.574582649
634.574582649
634.574582649
634.574582649
634.574582649
634.574582649
634.574582649
634.574582649
634.574582649
634.574582649
634.574582649
634.574582649
634.574582649
634.574582649
634.574582649
634.574582649
634.574582649
634.574582649
634.574582649
634.574582649
634.574582649
634.574582649
634.574582649
634.574582649
634.574582649
634.574582649
634.574582649
634.574582649
634.574582649
634.574582649
634.574582649
634.574582649
634.574582649
634.574582649
634.574582649
634.574582649
634.574582649
634.574582649
634.574582649
634.574582649
634.574582649
634.574582649
634.574582649
634.574582649
634.574582649
634.574582649
634.574582649
634.574582649
634.574582649
634.574582649
634.574582649
634.574582649
634.574582649
634.574582649
634.574582649
633.709209866
633.709209866
633.709209866
633.709209866
633.709209866
633.709209866
633.709209866
633.709209866
633.709209866
633.709209866
633.709209866
633.709209866
633.709209866
632.500083172
632.500083172
632.500083172
632.500083172
632.500083172
632.500083172
632.500083172
632.500083172
632.500083172
632.500083172
632.500083172
632.500083172
632.500083172
632.500083172
632.500083172
632.500083172
632.500083172
632.500083172
632.500083172
632.500083172
632.500083172
632.500083172
632.500083172
632.500083172
624.544326591
624.544326591
624.544326591
624.544326591
624.544326591
624.544326591
624.544326591
624.544326591
624.544326591
624.544326591
624.544326591
624.544326591
624.544326591
624.544326591
624.544326591
624.544326591
624.544326591
624.544326591
624.544326591
624.544326591
624.544326591
624.544326591
624.544326591
624.544326591
624.544326591
624.544326591
624.544326591
624.544326591
624.544326591
624.544326591
624.544326591
624.544326591
624.544326591
624.544326591
624.544326591
624.544326591
624.544326591
624.544326591
624.544326591
624.544326591
624.544326591
624.544326591
624.544326591
624.544326591
624.544326591
624.544326591
624.544326591
624.544326591
624.544326591
624.544326591
624.544326591
624.544326591
624.544326591
624.544326591
624.544326591
624.544326591
624.544326591
624.544326591
624.544326591
624.544326591
624.544326591
624.544326591
624.544326591
624.544326591
624.544326591
624.544326591
624.544326591
624.544326591
624.544326591
624.544326591
624.544326591
624.544326591
624.544326591
624.544326591
624.544326591
624.544326591
624.544326591
624.544326591
624.544326591
624.544326591
624.544326591
624.544326591
624.544326591
624.544326591
624.544326591
624.544326591
624.544326591
624.544326591
624.544326591
624.544326591
624.544326591
624.544326591
624.544326591
624.544326591
624.544326591
624.544326591
624.544326591
624.544326591
624.544326591
624.544326591
624.544326591
624.544326591
624.544326591
624.544326591
624.544326591
624.544326591
624.544326591
624.544326591
624.544326591
624.544326591
624.544326591
624.544326591
624.544326591
624.544326591
624.544326591
624.544326591
624.544326591
624.544326591
624.544326591
624.544326591
624.544326591
624.544326591
624.544326591
624.544326591
624.544326591
624.544326591
624.544326591
624.544326591
624.544326591
624.544326591
624.544326591
624.544326591
624.544326591
624.544326591
624.544326591
624.544326591
624.544326591
624.544326591
624.544326591
624.544326591
624.544326591
624.544326591
624.544326591
624.544326591
624.544326591
624.544326591
624.544326591
624.544326591
624.544326591
624.544326591
624.544326591
624.544326591
624.544326591
624.544326591
624.544326591
624.544326591
624.544326591
622.3032566
622.3032566
622.3032566
622.3032566
622.3032566
622.3032566
622.3032566
622.3032566
622.3032566
622.3032566
622.3032566
622.3032566
622.3032566
622.3032566
622.3032566
622.3032566
622.3032566
622.3032566
622.3032566
622.3032566
622.3032566
622.3032566
622.3032566
622.3032566
622.3032566
622.3032566
622.3032566
622.3032566
622.3032566
622.3032566
622.3032566
622.3032566
622.3032566
622.3032566
622.3032566
622.3032566
622.3032566
622.3032566
622.3032566
622.3032566
622.3032566
622.3032566
622.3032566
622.3032566
622.3032566
622.3032566
622.3032566
622.3032566
622.3032566
622.3032566
622.3032566
622.3032566
622.3032566
622.3032566
622.3032566
622.3032566
622.3032566
622.3032566
622.3032566
622.3032566
622.3032566
622.3032566
622.3032566
622.3032566
622.3032566
622.3032566
622.3032566
622.3032566
622.3032566
622.3032566
622.3032566
622.3032566
622.3032566
622.3032566
622.3032566
622.3032566
622.3032566
622.3032566
622.3032566
622.3032566
622.3032566
622.3032566
622.3032566
622.3032566
622.3032566
622.3032566
622.3032566
622.3032566
622.3032566
622.3032566
622.3032566
622.3032566
622.3032566
622.3032566
622.3032566
622.3032566
622.3032566
622.3032566
622.3032566
622.3032566
622.3032566
622.3032566
622.3032566
622.3032566
622.3032566
622.3032566
622.3032566
622.3032566
622.3032566
622.3032566
622.3032566
622.3032566
622.3032566
622.3032566
622.3032566
622.3032566
622.3032566
622.3032566
622.3032566
622.3032566
622.3032566
622.3032566
622.3032566
622.3032566
622.3032566
622.3032566
622.3032566
622.3032566
622.3032566
622.3032566
622.3032566
622.3032566
622.3032566
622.3032566
622.3032566
622.3032566
622.3032566
622.3032566
622.3032566
622.3032566
622.3032566
622.3032566
622.3032566
622.3032566
622.3032566
622.3032566
622.3032566
622.3032566
622.3032566
622.3032566
622.3032566
622.3032566
622.3032566
622.3032566
622.3032566
622.3032566
622.3032566
622.3032566
622.3032566
622.3032566
622.3032566
622.3032566
622.3032566
622.3032566
622.3032566
622.3032566
622.3032566
622.3032566
622.3032566
622.3032566
622.3032566
622.3032566
622.3032566
622.3032566
622.3032566
619.255518177
619.255518177
619.255518177
619.255518177
619.255518177
619.255518177
619.255518177
619.255518177
619.255518177
619.255518177
619.255518177
619.255518177
619.255518177
619.255518177
619.255518177
619.255518177
619.255518177
619.255518177
619.255518177
619.255518177
619.255518177
619.255518177
619.255518177
619.255518177
619.255518177
619.255518177
619.255518177
619.255518177
619.255518177
619.255518177
619.255518177
619.255518177
619.255518177
619.255518177
619.255518177
619.255518177
619.255518177
619.255518177
619.255518177
619.255518177
619.255518177
619.255518177
619.255518177
619.255518177
619.255518177
619.255518177
619.255518177
619.255518177
619.255518177
619.255518177
619.255518177
619.255518177
619.255518177
619.255518177
619.255518177
619.255518177
619.255518177
619.255518177
619.255518177
619.255518177
619.255518177
619.255518177
619.255518177
619.255518177
619.255518177
619.255518177
619.255518177
619.255518177
619.255518177
619.255518177
619.255518177
619.255518177
619.255518177
619.255518177
619.255518177
619.255518177
619.255518177
619.255518177
619.255518177
619.255518177
619.255518177
619.255518177
619.255518177
619.255518177
619.255518177
619.255518177
619.255518177
619.255518177
619.255518177
619.255518177
619.255518177
619.255518177
619.255518177
619.255518177
619.255518177
619.255518177
619.255518177
619.255518177
619.255518177
619.255518177
619.255518177
619.255518177
619.255518177
619.255518177
619.255518177
619.255518177
619.255518177
619.255518177
619.255518177
619.255518177
619.255518177
619.255518177
619.255518177
619.255518177
619.255518177
619.255518177
619.255518177
619.255518177
619.255518177
619.255518177
619.255518177
619.255518177
619.255518177
619.255518177
619.255518177
619.255518177
619.255518177
619.255518177
619.255518177
619.255518177
619.255518177
619.255518177
619.255518177
619.255518177
619.255518177
619.255518177
619.255518177
619.255518177
619.255518177
619.255518177
619.255518177
619.255518177
619.255518177
619.255518177
619.255518177
619.255518177
619.255518177
619.255518177
619.255518177
619.255518177
619.255518177
619.255518177
619.255518177
619.255518177
619.255518177
619.255518177
619.255518177
619.255518177
619.255518177
619.255518177
619.255518177
619.255518177
619.255518177
619.255518177
619.255518177
619.255518177
619.255518177
619.255518177
619.255518177
619.255518177
619.255518177
619.255518177
619.255518177
619.255518177
619.255518177
619.255518177
619.255518177
619.255518177
619.255518177
619.255518177
619.255518177
619.255518177
619.255518177
619.255518177
619.255518177
619.255518177
619.255518177
619.255518177
619.255518177
619.255518177
619.255518177
619.255518177
619.255518177
619.255518177
619.255518177
619.255518177
619.255518177
619.255518177
619.255518177
619.255518177
619.255518177
619.255518177
619.255518177
619.255518177
619.255518177
619.255518177
619.255518177
619.255518177
619.255518177
619.255518177
619.255518177
619.255518177
619.255518177
619.255518177
619.255518177
619.255518177
619.255518177
619.255518177
619.255518177
619.255518177
619.255518177
619.255518177
619.255518177
619.255518177
619.255518177
619.255518177
619.255518177
619.255518177
619.255518177
619.255518177
619.255518177
619.255518177
619.255518177
619.255518177
619.255518177
619.255518177
619.255518177
619.255518177
619.255518177
619.255518177
619.255518177
619.255518177
619.255518177
619.255518177
619.255518177
619.255518177
619.255518177
619.255518177
619.255518177
619.255518177
619.255518177
619.255518177
619.255518177
619.255518177
619.255518177
619.255518177
619.255518177
619.255518177
619.255518177
619.255518177
619.255518177
619.255518177
619.255518177
619.255518177
619.255518177
619.255518177
619.255518177
619.255518177
619.255518177
619.255518177
619.255518177
619.255518177
619.255518177
619.255518177
619.255518177
619.255518177
619.255518177
619.255518177
619.255518177
619.255518177
619.255518177
619.255518177
619.255518177
619.255518177
619.255518177
619.255518177
619.255518177
619.255518177
619.255518177
619.255518177
619.255518177
619.255518177
619.255518177
619.255518177
619.255518177
619.255518177
619.255518177
619.255518177
619.255518177
619.255518177
619.255518177
619.255518177
619.255518177
619.255518177
619.255518177
619.255518177
619.255518177
619.255518177
619.255518177
619.255518177
619.255518177
619.255518177
619.255518177
619.255518177
619.255518177
619.255518177
619.255518177
619.255518177
619.255518177
619.255518177
619.255518177
619.255518177
619.255518177
619.255518177
619.255518177
619.255518177
619.255518177
619.255518177
619.255518177
619.255518177
619.255518177
619.255518177
619.255518177
619.255518177
619.255518177
619.255518177
619.255518177
619.255518177
619.255518177
619.255518177
619.255518177
619.255518177
619.255518177
619.255518177
619.255518177
619.255518177
619.255518177
619.255518177
619.255518177
619.255518177
619.255518177
619.255518177
619.255518177
619.255518177
619.255518177
619.255518177
619.255518177
619.255518177
619.255518177
619.255518177
619.255518177
619.255518177
619.255518177
619.255518177
619.255518177
619.255518177
619.255518177
619.255518177
619.255518177
619.255518177
619.255518177
619.255518177
619.255518177
619.255518177
619.255518177
619.255518177
619.255518177
619.255518177
619.255518177
619.255518177
619.255518177
619.255518177
619.255518177
619.255518177
619.255518177
619.255518177
619.255518177
619.255518177
619.255518177
619.255518177
619.255518177
619.255518177
619.255518177
619.255518177
619.255518177
619.255518177
619.255518177
619.255518177
619.255518177
619.255518177
619.255518177
619.255518177
619.255518177
619.255518177
619.255518177
619.255518177
619.255518177
619.255518177
619.255518177
619.255518177
619.255518177
619.255518177
619.255518177
619.255518177
619.255518177
619.255518177
619.255518177
619.255518177
619.255518177
619.255518177
619.255518177
619.255518177
619.255518177
619.255518177
619.255518177
619.255518177
619.255518177
619.255518177
619.255518177
619.255518177
619.255518177
619.255518177
619.255518177
619.255518177
619.255518177
619.255518177
619.255518177
619.255518177
619.255518177
619.255518177
619.255518177
619.255518177
619.255518177
619.255518177
619.255518177
619.255518177
619.255518177
619.255518177
619.255518177
619.255518177
619.255518177
619.255518177
619.255518177
619.255518177
619.255518177
619.255518177
619.255518177
619.255518177
619.255518177
619.255518177
619.255518177
619.255518177
619.255518177
619.255518177
619.255518177
619.255518177
619.255518177
619.255518177
619.255518177
619.255518177
619.255518177
619.255518177
619.255518177
619.255518177
619.255518177
619.255518177
619.255518177
619.255518177
619.255518177
619.255518177
619.255518177
619.255518177
619.255518177
619.255518177
619.255518177
619.255518177
619.255518177
619.255518177
619.255518177
619.255518177
619.255518177
619.255518177
619.255518177
619.255518177
619.255518177
619.255518177
619.255518177
619.255518177
619.255518177
619.255518177
619.255518177
619.255518177
619.255518177
619.255518177
619.255518177
619.255518177
619.255518177
619.255518177
619.255518177
619.255518177
619.255518177
619.255518177
619.255518177
619.255518177
619.255518177
619.255518177
619.255518177
619.255518177
619.255518177
619.255518177
619.255518177
619.255518177
619.255518177
619.255518177
619.255518177
619.255518177
619.255518177
619.255518177
619.255518177
619.255518177
619.255518177
619.255518177
619.255518177
619.255518177
619.255518177
619.255518177
619.255518177
619.255518177
619.255518177
619.255518177
619.255518177
619.255518177
619.255518177
619.255518177
619.255518177
619.255518177
619.255518177
619.255518177
619.255518177
619.255518177
619.255518177
619.255518177
619.255518177
619.255518177
619.255518177
619.255518177
619.255518177
619.255518177
619.255518177
619.255518177
619.255518177
619.255518177
619.255518177
619.255518177
619.255518177
619.255518177
619.255518177
619.255518177
619.255518177
619.255518177
619.255518177
619.255518177
619.255518177
619.255518177
619.255518177
619.255518177
619.255518177
619.255518177
619.255518177
619.255518177
619.255518177
619.255518177
619.255518177
619.255518177
619.255518177
619.255518177
619.255518177
619.255518177
619.255518177
619.255518177
619.255518177
619.255518177
619.255518177
619.255518177
619.255518177
619.255518177
619.255518177
619.255518177
619.255518177
619.255518177
619.255518177
619.255518177
619.255518177
619.255518177
619.255518177
619.255518177
619.255518177
619.255518177
619.255518177
619.255518177
619.255518177
619.255518177
619.255518177
619.255518177
619.255518177
619.255518177
619.255518177
619.255518177
619.255518177
619.255518177
619.255518177
619.255518177
618.396491913
618.396491913
618.396491913
618.396491913
618.396491913
618.396491913
618.396491913
618.396491913
618.396491913
618.396491913
618.396491913
618.396491913
618.396491913
618.396491913
618.396491913
618.396491913
618.396491913
618.396491913
618.396491913
618.396491913
618.396491913
618.396491913
618.396491913
618.396491913
618.396491913
618.396491913
618.396491913
618.396491913
618.396491913
618.396491913
618.396491913
618.396491913
618.396491913
618.396491913
618.396491913
618.396491913
618.396491913
618.396491913
618.396491913
618.396491913
618.396491913
618.396491913
618.396491913
618.396491913
618.396491913
618.396491913
618.396491913
618.396491913
618.396491913
618.396491913
618.396491913
618.396491913
618.396491913
618.396491913
618.396491913
618.396491913
618.396491913
618.396491913
618.396491913
618.396491913
618.396491913
618.396491913
618.396491913
618.396491913
618.396491913
618.396491913
618.396491913
618.396491913
618.396491913
618.396491913
618.396491913
618.396491913
618.396491913
618.396491913
618.396491913
618.396491913
618.396491913
618.396491913
618.396491913
618.396491913
618.396491913
618.396491913
618.396491913
618.396491913
618.396491913
618.396491913
618.396491913
618.396491913
618.396491913
618.396491913
618.396491913
618.396491913
618.396491913
618.396491913
618.396491913
618.396491913
618.396491913
618.396491913
618.396491913
618.396491913
618.396491913
615.720105607
615.720105607
615.720105607
615.720105607
615.720105607
615.720105607
615.720105607
615.720105607
615.720105607
615.720105607
615.720105607
615.720105607
615.720105607
615.720105607
615.720105607
615.720105607
615.720105607
615.720105607
615.720105607
615.720105607
615.720105607
615.720105607
615.720105607
615.720105607
615.720105607
615.720105607
615.720105607
615.720105607
615.720105607
615.720105607
615.720105607
615.720105607
615.720105607
615.720105607
615.720105607
615.720105607
615.720105607
615.720105607
615.720105607
615.720105607
615.720105607
615.720105607
615.720105607
615.720105607
615.720105607
615.720105607
615.720105607
615.720105607
615.720105607
615.720105607
615.720105607
615.720105607
615.720105607
615.720105607
615.720105607
615.720105607
615.720105607
615.720105607
615.720105607
615.720105607
615.720105607
615.720105607
615.720105607
615.720105607
615.720105607
615.720105607
615.720105607
615.720105607
615.720105607
615.720105607
615.720105607
615.720105607
615.720105607
615.720105607
615.720105607
615.720105607
615.720105607
615.720105607
615.720105607
615.720105607
615.720105607
615.720105607
615.720105607
615.720105607
615.720105607
615.720105607
615.720105607
615.720105607
615.720105607
615.720105607
615.720105607
615.720105607
615.720105607
615.720105607
615.720105607
615.720105607
615.720105607
615.720105607
615.720105607
609.901433587
609.901433587
609.901433587
609.901433587
609.901433587
609.901433587
609.901433587
609.901433587
609.901433587
609.901433587
609.901433587
609.901433587
609.901433587
609.901433587
609.901433587
609.901433587
609.901433587
609.901433587
609.901433587
609.901433587
609.901433587
609.901433587
609.901433587
609.901433587
609.901433587
609.901433587
609.901433587
609.901433587
609.901433587
609.901433587
609.901433587
609.901433587
609.901433587
609.901433587
609.901433587
609.901433587
609.901433587
609.901433587
609.901433587
609.901433587
609.901433587
609.901433587
609.901433587
609.901433587
609.901433587
609.901433587
609.901433587
609.901433587
609.901433587
609.901433587
609.901433587
609.901433587
609.901433587
609.901433587
609.901433587
609.901433587
609.901433587
609.901433587
609.901433587
609.901433587
609.901433587
609.901433587
609.901433587
609.901433587
609.901433587
609.901433587
609.901433587
609.901433587
609.901433587
609.901433587
609.901433587
609.901433587
609.901433587
609.901433587
609.901433587
609.901433587
609.901433587
609.901433587
609.901433587
609.901433587
609.901433587
609.901433587
609.901433587
609.901433587
609.901433587
609.901433587
609.901433587
609.901433587
609.901433587
609.901433587
609.901433587
609.901433587
609.901433587
609.901433587
609.901433587
609.901433587
609.901433587
609.901433587
609.901433587
609.901433587
609.901433587
609.901433587
609.901433587
609.901433587
609.901433587
609.901433587
609.901433587
609.901433587
609.901433587
609.901433587
609.901433587
609.901433587
609.901433587
609.901433587
609.901433587
609.901433587
609.901433587
609.901433587
609.901433587
609.901433587
609.901433587
609.901433587
609.901433587
609.901433587
609.901433587
609.901433587
609.901433587
609.901433587
609.901433587
609.901433587
609.901433587
609.901433587
609.901433587
609.901433587
609.901433587
609.901433587
609.901433587
609.901433587
609.901433587
609.901433587
609.901433587
609.901433587
609.901433587
609.901433587
609.901433587
609.901433587
609.901433587
609.901433587
609.901433587
609.901433587
609.901433587
609.901433587
609.901433587
609.901433587
609.901433587
609.901433587
609.901433587
609.901433587
609.901433587
609.901433587
609.901433587
609.901433587
609.901433587
609.901433587
609.901433587
609.901433587
609.901433587
609.901433587
609.901433587
609.901433587
609.901433587
609.901433587
609.901433587
609.901433587
609.901433587
609.901433587
609.901433587
609.901433587
609.901433587
609.901433587
609.901433587
609.901433587
609.901433587
609.901433587
609.901433587
609.901433587
609.901433587
609.901433587
609.901433587
609.901433587
609.901433587
609.901433587
609.901433587
609.901433587
609.901433587
609.901433587
609.901433587
609.901433587
609.901433587
609.901433587
609.901433587
609.901433587
609.901433587
609.901433587
609.901433587
609.901433587
609.901433587
609.901433587
609.901433587
609.901433587
609.901433587
609.901433587
609.901433587
609.901433587
609.901433587
609.901433587
609.901433587
609.901433587
609.901433587
609.901433587
609.901433587
609.901433587
609.901433587
609.901433587
609.901433587
609.901433587
609.901433587
609.901433587
609.901433587
609.901433587
609.901433587
609.901433587
609.901433587
609.901433587
609.901433587
609.901433587
609.901433587
609.901433587
609.901433587
609.901433587
609.901433587
609.901433587
609.901433587
602.332400257
602.332400257
602.332400257
602.332400257
602.332400257
602.332400257
602.332400257
602.332400257
602.332400257
602.332400257
602.332400257
602.332400257
602.332400257
602.332400257
602.332400257
602.332400257
602.332400257
602.332400257
602.332400257
602.332400257
602.332400257
602.332400257
602.332400257
602.332400257
602.332400257
602.332400257
602.332400257
602.332400257
602.332400257
602.332400257
602.332400257
602.332400257
602.332400257
602.332400257
602.332400257
602.332400257
602.332400257
602.332400257
602.332400257
602.332400257
602.332400257
602.332400257
602.332400257
602.332400257
602.332400257
602.332400257
602.332400257
602.332400257
602.332400257
602.332400257
602.332400257
602.332400257
602.332400257
602.332400257
602.332400257
602.332400257
602.332400257
602.332400257
602.332400257
602.332400257
602.332400257
602.332400257
602.332400257
602.332400257
602.332400257
602.332400257
602.332400257
602.332400257
602.332400257
602.292288165
602.292288165
602.292288165
602.292288165
602.292288165
602.292288165
602.292288165
602.292288165
602.292288165
602.292288165
602.292288165
602.292288165
602.292288165
602.292288165
602.292288165
602.292288165
602.292288165
602.292288165
602.292288165
602.292288165
602.292288165
602.292288165
602.292288165
598.733401654
598.733401654
598.733401654
598.733401654
598.733401654
598.733401654
598.733401654
598.733401654
598.733401654
598.733401654
598.733401654
598.733401654
598.733401654
598.733401654
598.733401654
598.733401654
598.733401654
598.733401654
598.733401654
598.733401654
598.733401654
598.733401654
598.733401654
598.733401654
598.733401654
598.733401654
598.733401654
598.733401654
598.733401654
598.733401654
598.733401654
598.733401654
598.733401654
598.733401654
598.733401654
598.733401654
598.733401654
598.733401654
598.733401654
598.733401654
598.733401654
598.733401654
598.733401654
598.733401654
598.733401654
598.733401654
598.733401654
598.733401654
598.733401654
598.733401654
598.733401654
598.733401654
598.733401654
598.733401654
598.733401654
598.733401654
598.733401654
598.733401654
598.733401654
598.733401654
598.733401654
598.733401654
598.733401654
598.733401654
598.733401654
598.733401654
598.733401654
598.733401654
598.733401654
598.733401654
598.733401654
598.733401654
598.733401654
598.733401654
598.733401654
598.733401654
598.733401654
598.733401654
598.733401654
598.733401654
598.733401654
598.733401654
598.733401654
598.733401654
598.733401654
598.733401654
598.733401654
598.733401654
598.733401654
598.733401654
598.733401654
598.733401654
598.733401654
598.733401654
598.733401654
598.733401654
598.733401654
598.733401654
598.733401654
598.733401654
598.733401654
598.733401654
598.733401654
598.733401654
598.733401654
598.733401654
598.733401654
598.733401654
598.733401654
598.733401654
598.733401654
598.733401654
598.733401654
598.733401654
598.733401654
598.733401654
598.733401654
598.733401654
598.733401654
598.733401654
598.733401654
598.733401654
598.733401654
598.733401654
598.733401654
598.733401654
598.733401654
598.733401654
598.733401654
598.733401654
598.733401654
598.733401654
598.733401654
598.733401654
598.733401654
598.733401654
598.733401654
598.733401654
598.733401654
598.733401654
598.733401654
598.733401654
598.733401654
598.733401654
598.733401654
598.733401654
598.733401654
598.733401654
598.733401654
598.733401654
598.733401654
598.733401654
598.733401654
598.733401654
598.733401654
598.733401654
598.733401654
598.733401654
598.733401654
598.733401654
598.733401654
598.733401654
598.733401654
598.733401654
598.733401654
598.733401654
598.733401654
598.733401654
598.733401654
598.733401654
598.733401654
598.733401654
598.733401654
598.733401654
598.733401654
598.733401654
598.733401654
598.733401654
598.733401654
598.733401654
598.733401654
598.733401654
598.733401654
598.733401654
598.733401654
598.733401654
598.733401654
598.733401654
598.733401654
598.733401654
598.733401654
598.733401654
598.733401654
598.733401654
598.733401654
598.733401654
598.733401654
598.733401654
598.733401654
598.733401654
598.733401654
598.733401654
598.733401654
598.733401654
598.733401654
598.733401654
598.733401654
598.733401654
598.733401654
598.733401654
598.733401654
598.733401654
598.733401654
598.733401654
598.733401654
598.733401654
598.733401654
598.733401654
598.733401654
598.733401654
598.733401654
598.733401654
598.733401654
598.733401654
598.733401654
598.733401654
598.733401654
598.733401654
598.733401654
598.733401654
598.733401654
598.733401654
598.733401654
598.733401654
598.733401654
598.733401654
598.733401654
598.733401654
598.733401654
595.696510571
595.696510571
595.696510571
595.696510571
595.696510571
595.696510571
595.696510571
595.696510571
595.696510571
595.696510571
595.696510571
595.696510571
595.696510571
595.696510571
595.696510571
595.696510571
595.696510571
595.696510571
595.696510571
595.696510571
595.696510571
595.696510571
595.696510571
595.696510571
595.696510571
595.696510571
595.696510571
595.696510571
595.696510571
595.696510571
595.696510571
595.696510571
595.696510571
595.696510571
595.696510571
595.696510571
595.696510571
595.696510571
595.696510571
595.696510571
595.696510571
595.696510571
595.696510571
595.696510571
595.696510571
595.696510571
595.696510571
595.696510571
595.696510571
595.696510571
595.696510571
595.696510571
595.696510571
595.696510571
595.696510571
595.696510571
595.696510571
595.696510571
595.696510571
595.696510571
595.696510571
595.696510571
595.696510571
595.696510571
595.696510571
595.696510571
595.696510571
595.696510571
595.696510571
595.696510571
595.696510571
595.696510571
595.696510571
595.696510571
595.696510571
595.696510571
595.696510571
593.825721218
593.825721218
593.825721218
593.825721218
593.825721218
593.825721218
593.825721218
593.825721218
593.825721218
593.825721218
593.825721218
593.825721218
593.825721218
593.825721218
593.825721218
593.825721218
593.825721218
593.825721218
593.825721218
593.825721218
593.825721218
593.825721218
593.825721218
593.825721218
593.825721218
593.825721218
593.825721218
593.825721218
593.825721218
593.825721218
593.825721218
593.825721218
593.825721218
593.825721218
593.825721218
593.825721218
593.825721218
593.825721218
593.825721218
593.825721218
593.825721218
593.825721218
593.825721218
593.825721218
593.825721218
593.825721218
593.825721218
593.825721218
593.825721218
593.825721218
593.825721218
593.825721218
593.825721218
593.825721218
593.825721218
593.825721218
593.825721218
593.825721218
593.825721218
593.825721218
593.825721218
593.825721218
593.825721218
593.825721218
593.825721218
593.825721218
593.415800429
593.415800429
593.415800429
593.415800429
593.415800429
593.415800429
593.415800429
593.415800429
589.972927148
589.972927148
589.972927148
589.972927148
589.972927148
589.972927148
589.972927148
589.972927148
589.972927148
589.972927148
589.972927148
589.972927148
589.972927148
589.972927148
589.972927148
589.972927148
589.972927148
589.972927148
589.972927148
589.972927148
589.972927148
589.972927148
589.972927148
589.972927148
589.972927148
589.972927148
589.972927148
589.972927148
589.972927148
589.972927148
589.972927148
589.972927148
589.972927148
589.972927148
589.972927148
589.972927148
589.972927148
589.972927148
589.972927148
589.972927148
589.972927148
589.972927148
589.972927148
589.972927148
589.972927148
589.972927148
589.972927148
589.972927148
589.972927148
589.972927148
589.972927148
589.972927148
589.972927148
589.972927148
589.972927148
589.972927148
589.972927148
589.972927148
589.972927148
589.972927148
589.972927148
589.972927148
589.972927148
589.972927148
589.972927148
589.972927148
589.972927148
589.972927148
589.972927148
589.972927148
589.972927148
589.972927148
589.972927148
589.972927148
589.972927148
589.972927148
589.972927148
589.972927148
589.972927148
589.972927148
589.972927148
589.972927148
589.972927148
589.972927148
589.972927148
589.972927148
589.972927148
589.972927148
589.972927148
589.972927148
589.972927148
589.972927148
589.972927148
589.972927148
589.972927148
581.454848937
581.454848937
581.454848937
581.454848937
581.454848937
581.454848937
581.454848937
581.454848937
581.454848937
581.454848937
581.454848937
581.454848937
581.454848937
581.454848937
581.454848937
581.454848937
581.454848937
581.454848937
581.454848937
581.454848937
581.454848937
581.454848937
581.454848937
575.478892185
575.478892185
575.478892185
575.478892185
575.478892185
575.478892185
575.478892185
575.478892185
575.478892185
575.478892185
575.478892185
575.478892185
575.478892185
575.478892185
575.478892185
575.478892185
575.478892185
575.478892185
575.478892185
575.478892185
575.478892185
575.478892185
575.478892185
575.478892185
575.478892185
575.478892185
575.478892185
575.478892185
575.478892185
575.478892185
575.478892185
575.478892185
575.478892185
575.478892185
575.478892185
575.478892185
575.478892185
575.478892185
575.478892185
575.478892185
575.478892185
575.478892185
575.478892185
575.478892185
575.478892185
575.478892185
575.478892185
575.478892185
575.478892185
575.478892185
575.478892185
575.478892185
575.478892185
575.478892185
575.478892185
575.478892185
575.478892185
575.478892185
575.478892185
575.478892185
575.478892185
575.478892185
575.478892185
575.478892185
575.478892185
575.478892185
575.478892185
575.478892185
575.478892185
574.144912009
574.144912009
574.144912009
574.144912009
574.144912009
574.144912009
574.144912009
574.144912009
574.144912009
574.144912009
574.144912009
574.144912009
574.144912009
574.144912009
574.144912009
574.144912009
574.144912009
574.144912009
574.144912009
574.144912009
574.144912009
574.144912009
574.144912009
574.144912009
574.144912009
574.144912009
574.144912009
574.144912009
574.144912009
574.144912009
574.144912009
574.144912009
574.144912009
574.144912009
574.144912009
574.144912009
574.144912009
574.144912009
574.144912009
574.144912009
574.144912009
574.144912009
574.144912009
574.144912009
574.144912009
574.144912009
574.144912009
574.144912009
574.144912009
574.144912009
572.606535416
572.606535416
572.606535416
572.606535416
572.606535416
572.606535416
572.606535416
572.606535416
572.606535416
572.606535416
572.606535416
572.606535416
572.606535416
572.606535416
572.606535416
572.606535416
572.606535416
572.606535416
572.606535416
572.606535416
572.606535416
572.606535416
572.606535416
572.606535416
572.606535416
572.606535416
568.606748942
568.606748942
568.606748942
568.606748942
568.606748942
568.606748942
568.606748942
568.606748942
568.606748942
568.606748942
568.606748942
568.606748942
568.606748942
568.606748942
568.606748942
568.606748942
568.606748942
568.606748942
568.606748942
568.606748942
568.606748942
568.606748942
568.606748942
568.606748942
568.606748942
568.606748942
568.606748942
568.606748942
568.606748942
568.606748942
568.606748942
568.606748942
568.606748942
568.606748942
568.606748942
568.606748942
568.606748942
568.606748942
568.606748942
568.606748942
568.606748942
568.606748942
568.606748942
568.606748942
568.606748942
568.606748942
568.606748942
568.606748942
568.606748942
568.606748942
568.606748942
568.606748942
568.606748942
568.606748942
568.606748942
568.606748942
568.606748942
568.606748942
568.606748942
568.606748942
568.606748942
568.606748942
568.606748942
568.606748942
568.606748942
568.606748942
568.606748942
568.606748942
568.606748942
568.606748942
568.606748942
568.606748942
568.606748942
568.606748942
568.606748942
568.606748942
568.606748942
568.606748942
568.606748942
568.606748942
568.606748942
568.606748942
568.606748942
568.606748942
568.606748942
568.606748942
568.606748942
568.606748942
568.606748942
568.606748942
568.606748942
568.606748942
568.606748942
568.606748942
568.606748942
568.606748942
568.606748942
568.606748942
568.606748942
568.606748942
568.606748942
568.606748942
568.606748942
568.606748942
568.606748942
568.606748942
568.606748942
568.606748942
568.606748942
568.606748942
568.606748942
568.606748942
568.606748942
568.606748942
568.606748942
568.606748942
568.606748942
568.606748942
568.606748942
568.606748942
568.606748942
568.606748942
568.606748942
568.606748942
568.606748942
568.606748942
568.606748942
568.606748942
568.606748942
568.606748942
568.606748942
568.606748942
568.606748942
568.606748942
568.606748942
568.606748942
568.606748942
568.606748942
568.606748942
568.606748942
568.606748942
568.606748942
568.606748942
568.606748942
568.606748942
568.606748942
568.606748942
568.606748942
568.606748942
568.606748942
568.606748942
568.606748942
568.606748942
568.606748942
568.606748942
568.606748942
568.606748942
568.606748942
568.606748942
568.606748942
568.606748942
568.606748942
568.606748942
568.606748942
568.606748942
568.606748942
568.606748942
568.606748942
568.606748942
568.606748942
568.606748942
568.606748942
568.606748942
568.606748942
568.606748942
568.606748942
568.606748942
568.606748942
568.606748942
568.606748942
568.606748942
568.606748942
568.606748942
568.606748942
568.606748942
568.606748942
568.606748942
568.606748942
568.606748942
568.606748942
568.606748942
568.606748942
568.606748942
568.606748942
568.606748942
568.606748942
568.606748942
568.606748942
568.606748942
568.606748942
568.606748942
568.606748942
568.606748942
568.606748942
568.606748942
568.606748942
568.606748942
568.606748942
568.606748942
568.606748942
568.606748942
568.606748942
568.606748942
568.606748942
568.606748942
568.606748942
568.606748942
568.606748942
568.606748942
568.606748942
568.606748942
568.606748942
568.606748942
568.606748942
568.606748942
568.606748942
568.606748942
568.606748942
568.606748942
568.606748942
568.606748942
568.606748942
568.606748942
568.606748942
568.606748942
568.606748942
568.606748942
568.606748942
568.606748942
568.606748942
568.606748942
568.606748942
568.606748942
568.606748942
568.606748942
568.606748942
568.606748942
568.606748942
568.606748942
568.606748942
568.606748942
568.606748942
568.606748942
568.606748942
568.606748942
568.606748942
568.606748942
568.606748942
568.606748942
568.606748942
568.606748942
568.606748942
568.606748942
568.606748942
568.606748942
568.606748942
568.606748942
568.606748942
568.606748942
568.606748942
568.606748942
568.606748942
568.606748942
568.606748942
568.606748942
568.606748942
568.606748942
568.606748942
568.606748942
568.606748942
568.606748942
568.606748942
568.606748942
568.606748942
568.606748942
568.606748942
568.606748942
568.606748942
568.606748942
568.606748942
568.606748942
568.606748942
568.606748942
568.606748942
568.606748942
568.606748942
568.606748942
568.606748942
568.606748942
568.606748942
568.606748942
568.606748942
568.606748942
568.606748942
568.606748942
568.606748942
568.606748942
568.606748942
568.606748942
568.606748942
568.606748942
568.606748942
568.606748942
568.606748942
568.606748942
568.606748942
568.606748942
568.606748942
568.606748942
568.606748942
568.606748942
568.606748942
568.606748942
568.606748942
568.606748942
568.606748942
568.606748942
568.606748942
568.606748942
568.606748942
568.606748942
568.606748942
568.606748942
568.606748942
568.606748942
568.606748942
568.606748942
568.606748942
568.606748942
568.606748942
568.606748942
568.606748942
568.606748942
568.606748942
568.606748942
568.606748942
568.606748942
568.606748942
568.606748942
568.606748942
568.606748942
568.606748942
568.606748942
568.606748942
568.606748942
568.606748942
568.606748942
568.606748942
568.606748942
568.606748942
568.606748942
568.606748942
568.606748942
568.606748942
568.606748942
568.606748942
568.606748942
568.606748942
568.606748942
568.606748942
568.606748942
568.606748942
568.606748942
568.606748942
568.606748942
568.606748942
568.606748942
568.606748942
568.606748942
568.606748942
568.606748942
568.606748942
568.606748942
568.606748942
568.606748942
568.606748942
568.606748942
568.606748942
568.606748942
568.606748942
568.606748942
568.606748942
568.606748942
568.606748942
568.606748942
568.606748942
568.606748942
568.606748942
568.606748942
568.606748942
568.606748942
568.606748942
568.606748942
568.606748942
568.606748942
568.606748942
568.606748942
568.606748942
568.606748942
568.606748942
568.606748942
568.606748942
568.606748942
568.606748942
568.606748942
568.606748942
568.606748942
568.606748942
568.606748942
568.606748942
568.606748942
568.606748942
568.606748942
568.606748942
568.606748942
568.606748942
568.606748942
568.606748942
568.606748942
568.606748942
568.606748942
568.606748942
568.606748942
568.606748942
568.606748942
568.606748942
568.606748942
568.606748942
568.606748942
568.606748942
568.606748942
568.606748942
568.606748942
568.606748942
568.606748942
568.606748942
568.606748942
568.606748942
568.606748942
568.606748942
568.606748942
568.606748942
568.606748942
568.606748942
568.606748942
568.606748942
568.606748942
568.606748942
568.606748942
568.606748942
568.606748942
568.606748942
568.606748942
568.606748942
568.606748942
568.606748942
568.606748942
568.606748942
568.606748942
568.606748942
568.606748942
568.606748942
568.606748942
568.606748942
568.606748942
568.606748942
568.606748942
568.606748942
568.606748942
568.606748942
568.606748942
568.606748942
568.606748942
568.606748942
568.606748942
568.606748942
568.606748942
568.606748942
568.606748942
568.606748942
568.606748942
568.606748942
568.606748942
568.606748942
568.606748942
568.606748942
568.606748942
568.606748942
568.606748942
568.606748942
568.606748942
568.606748942
568.606748942
568.606748942
568.606748942
568.606748942
568.606748942
568.606748942
568.606748942
568.606748942
568.606748942
568.606748942
568.606748942
568.606748942
568.606748942
568.606748942
568.606748942
568.606748942
568.606748942
568.606748942
568.606748942
568.606748942
568.606748942
568.606748942
568.606748942
568.606748942
568.606748942
568.606748942
568.606748942
568.606748942
568.606748942
568.606748942
568.606748942
568.606748942
568.606748942
568.606748942
568.606748942
568.606748942
568.606748942
568.606748942
568.606748942
568.606748942
568.606748942
568.606748942
568.606748942
568.606748942
568.606748942
568.606748942
568.606748942
568.606748942
568.606748942
568.606748942
568.606748942
568.606748942
568.606748942
568.606748942
568.606748942
568.606748942
568.606748942
568.606748942
568.606748942
568.606748942
568.606748942
568.606748942
568.606748942
568.606748942
568.606748942
568.606748942
568.606748942
568.606748942
568.606748942
568.606748942
568.606748942
568.606748942
568.606748942
568.606748942
568.606748942
568.606748942
568.606748942
568.606748942
568.606748942
568.606748942
568.606748942
568.606748942
568.606748942
568.606748942
568.606748942
568.606748942
568.606748942
568.606748942
568.606748942
562.607879336
562.607879336
562.607879336
562.607879336
562.607879336
562.607879336
562.607879336
562.607879336
562.607879336
562.607879336
562.607879336
562.607879336
562.607879336
562.607879336
562.607879336
562.607879336
562.607879336
562.607879336
562.607879336
562.607879336
562.607879336
562.607879336
562.607879336
562.607879336
562.607879336
562.607879336
562.607879336
562.607879336
562.607879336
562.607879336
562.607879336
562.607879336
562.607879336
562.607879336
562.607879336
562.607879336
562.607879336
562.607879336
562.607879336
554.121555627
554.121555627
554.121555627
551.039208024
551.039208024
551.039208024
551.039208024
551.039208024
551.039208024
551.039208024
551.039208024
551.039208024
551.039208024
551.039208024
551.039208024
551.039208024
551.039208024
551.039208024
551.039208024
551.039208024
551.039208024
551.039208024
551.039208024
551.039208024
551.039208024
551.039208024
551.039208024
551.039208024
551.039208024
551.039208024
551.039208024
551.039208024
551.039208024
551.039208024
551.039208024
551.039208024
551.039208024
551.039208024
551.039208024
551.039208024
551.039208024
551.039208024
551.039208024
551.039208024
551.039208024
551.039208024
551.039208024
551.039208024
551.039208024
551.039208024
551.039208024
551.039208024
551.039208024
551.039208024
551.039208024
551.039208024
551.039208024
551.039208024
551.039208024
551.039208024
551.039208024
551.039208024
551.039208024
551.039208024
551.039208024
551.039208024
551.039208024
551.039208024
551.039208024
551.039208024
551.039208024
551.039208024
551.039208024
551.039208024
551.039208024
551.039208024
551.039208024
551.039208024
551.039208024
551.039208024
551.039208024
551.039208024
551.039208024
551.039208024
551.039208024
551.039208024
551.039208024
551.039208024
551.039208024
551.039208024
551.039208024
551.039208024
551.039208024
551.039208024
551.039208024
551.039208024
551.039208024
548.95522414
548.95522414
548.95522414
548.95522414
548.95522414
548.95522414
548.95522414
548.95522414
548.95522414
548.95522414
548.95522414
548.95522414
548.95522414
548.95522414
548.95522414
548.95522414
548.95522414
548.95522414
548.95522414
548.95522414
548.95522414
548.95522414
548.95522414
548.95522414
548.95522414
548.95522414
545.056866484
545.056866484
545.056866484
545.056866484
545.056866484
545.056866484
545.056866484
545.056866484
545.056866484
545.056866484
545.056866484
545.056866484
545.056866484
545.056866484
545.056866484
545.056866484
545.056866484
545.056866484
545.056866484
545.056866484
545.056866484
545.056866484
545.056866484
545.056866484
545.056866484
545.056866484
545.056866484
545.056866484
545.056866484
545.056866484
545.056866484
545.056866484
545.056866484
545.056866484
545.056866484
545.056866484
545.056866484
545.056866484
545.056866484
545.056866484
545.056866484
545.056866484
545.056866484
545.056866484
545.056866484
545.056866484
545.056866484
545.056866484
545.056866484
545.056866484
545.056866484
545.056866484
545.056866484
545.056866484
545.056866484
545.056866484
545.056866484
545.056866484
545.056866484
545.056866484
545.056866484
545.056866484
545.056866484
545.056866484
545.056866484
545.056866484
545.056866484
545.056866484
545.056866484
545.056866484
545.056866484
545.056866484
545.056866484
545.056866484
545.056866484
545.056866484
545.056866484
545.056866484
545.056866484
545.056866484
545.056866484
545.056866484
545.056866484
545.056866484
545.056866484
545.056866484
545.056866484
545.056866484
545.056866484
545.056866484
545.056866484
545.056866484
545.056866484
545.056866484
545.056866484
545.056866484
545.056866484
545.056866484
545.056866484
545.056866484
545.056866484
545.056866484
545.056866484
545.056866484
545.056866484
545.056866484
545.056866484
545.056866484
545.056866484
545.056866484
545.056866484
545.056866484
545.056866484
545.056866484
545.056866484
545.056866484
545.056866484
545.056866484
545.056866484
545.056866484
545.056866484
545.056866484
545.056866484
545.056866484
545.056866484
545.056866484
545.056866484
545.056866484
545.056866484
545.056866484
545.056866484
545.056866484
545.056866484
545.056866484
545.056866484
545.056866484
545.056866484
545.056866484
545.056866484
545.056866484
545.056866484
545.056866484
545.056866484
545.056866484
545.056866484
545.056866484
545.056866484
545.056866484
545.056866484
545.056866484
545.056866484
545.056866484
545.056866484
545.056866484
545.056866484
545.056866484
545.056866484
545.056866484
545.056866484
545.056866484
545.056866484
545.056866484
545.056866484
545.056866484
545.056866484
545.056866484
545.056866484
545.056866484
545.056866484
545.056866484
545.056866484
545.056866484
545.056866484
545.056866484
545.056866484
545.056866484
545.056866484
545.056866484
545.056866484
545.056866484
545.056866484
545.056866484
545.056866484
545.056866484
545.056866484
545.056866484
545.056866484
545.056866484
545.056866484
545.056866484
545.056866484
545.056866484
545.056866484
545.056866484
545.056866484
545.056866484
545.056866484
545.056866484
545.056866484
545.056866484
545.056866484
545.056866484
545.056866484
545.056866484
545.056866484
545.056866484
545.056866484
545.056866484
545.056866484
545.056866484
545.056866484
545.056866484
545.056866484
545.056866484
545.056866484
545.056866484
545.056866484
545.056866484
545.056866484
545.056866484
545.056866484
545.056866484
545.056866484
545.056866484
545.056866484
545.056866484
545.056866484
545.056866484
545.056866484
545.056866484
545.056866484
545.056866484
545.056866484
545.056866484
545.056866484
545.056866484
545.056866484
545.056866484
545.056866484
545.056866484
545.056866484
545.056866484
545.056866484
545.056866484
545.056866484
545.056866484
545.056866484
545.056866484
545.056866484
545.056866484
545.056866484
545.056866484
545.056866484
545.056866484
545.056866484
545.056866484
545.056866484
545.056866484
545.056866484
545.056866484
545.056866484
545.056866484
545.056866484
545.056866484
545.056866484
545.056866484
545.056866484
545.056866484
545.056866484
545.056866484
545.056866484
545.056866484
545.056866484
545.056866484
545.056866484
545.056866484
545.056866484
545.056866484
545.056866484
545.056866484
545.056866484
545.056866484
545.056866484
545.056866484
545.056866484
545.056866484
545.056866484
545.056866484
545.056866484
545.056866484
545.056866484
545.056866484
545.056866484
545.056866484
545.056866484
545.056866484
545.056866484
545.056866484
545.056866484
545.056866484
545.056866484
545.056866484
545.056866484
545.056866484
545.056866484
545.056866484
545.056866484
545.056866484
545.056866484
545.056866484
545.056866484
545.056866484
545.056866484
545.056866484
545.056866484
545.056866484
