1819.90535337
1819.90535337
1803.74145651
1749.35647309
1749.35647309
1749.35647309
1749.35647309
1749.21804968
1705.83463001
1705.83463001
1705.83463001
1670.31221105
1670.31221105
1670.31221105
1670.31221105
1670.31221105
1670.31221105
1670.31221105
1654.91724886
1654.91724886
1654.91724886
1654.91724886
1654.91724886
1654.91724886
1632.57253857
1631.68102306
1598.19968255
1598.19968255
1598.19968255
1598.19968255
1598.19968255
1598.19968255
1598.19968255
1598.19968255
1598.19968255
1598.19968255
1583.17752094
1575.28717516
1575.28717516
1549.09928403
1475.88646772
1473.50779023
1473.50779023
1473.50779023
1462.46627368
1434.39084596
1417.87448466
1417.23210953
1417.23210953
1417.23210953
1417.23210953
1417.23210953
1417.23210953
1417.23210953
1417.23210953
1413.00178833
1413.00178833
1403.69579699
1399.09752599
1399.09752599
1399.09752599
1399.09752599
1399.09752599
1399.09752599
1399.09752599
1399.09752599
1399.09752599
1399.09752599
1386.198785
1351.23587198
1351.23587198
1351.23587198
1351.23587198
1324.98757031
1324.98757031
1324.98757031
1312.21137363
1272.65720964
1272.65720964
1267.30118896
1267.30118896
1267.30118896
1258.50294307
1258.50294307
1258.50294307
1258.50294307
1258.50294307
1255.13663765
1253.905598
1253.905598
1253.11334998
1253.11334998
1253.11334998
1253.11334998
1252.35963182
1252.35963182
1252.35963182
1252.35963182
1252.35963182
1252.35963182
1252.35963182
1252.35963182
1252.35963182
1252.35963182
1246.86054295
1246.86054295
1246.86054295
1246.86054295
1246.86054295
1246.86054295
1246.86054295
1246.86054295
1246.86054295
1246.86054295
1246.86054295
1238.29458351
1238.29458351
1238.29458351
1238.29458351
1229.92749951
1198.13590396
1190.72330384
1190.72330384
1190.72330384
1179.72396701
1179.72396701
1179.72396701
1179.72396701
1179.72396701
1173.77803185
1173.77803185
1173.77803185
1173.77803185
1173.52933987
1173.52933987
1173.52933987
1173.52933987
1173.52933987
1173.52933987
1173.52933987
1173.52933987
1173.52933987
1173.52933987
1173.52933987
1173.52933987
1173.52933987
1173.52933987
1173.52933987
1169.37156403
1169.37156403
1169.37156403
1169.37156403
1169.37156403
1169.37156403
1169.37156403
1169.37156403
1169.37156403
1169.37156403
1169.37156403
1169.37156403
1169.37156403
1169.37156403
1169.37156403
1163.65053599
1163.65053599
1163.65053599
1163.65053599
1147.40820709
1147.40820709
1147.40820709
1147.40820709
1147.40820709
1147.40820709
1147.40820709
1147.40820709
1147.40820709
1147.40820709
1147.40820709
1111.32799476
1097.91565431
1097.91565431
1097.91565431
1097.91565431
1097.91565431
1097.91565431
1097.91565431
1097.91565431
1097.91565431
1097.91565431
1097.91565431
1097.91565431
1097.91565431
1097.91565431
1097.91565431
1097.91565431
1097.91565431
1097.91565431
1087.8780092
1087.8780092
1087.8780092
1087.8780092
1087.8780092
1087.8780092
1087.8780092
1087.8780092
1087.8780092
1087.8780092
1087.8780092
1087.8780092
1083.81121002
1083.81121002
1083.81121002
1083.81121002
1083.81121002
1083.81121002
1068.9325719
1068.9325719
1068.9325719
1068.9325719
1068.9325719
1068.9325719
1068.9325719
1068.9325719
1068.9325719
1068.9325719
1068.9325719
1068.9325719
1068.9325719
1068.9325719
1068.9325719
1068.9325719
1068.4193458
1068.4193458
1068.4193458
1068.4193458
1063.45948194
1055.49878256
1055.49878256
1055.49878256
1055.49878256
1055.49878256
1055.49878256
1055.49878256
1055.49878256
1044.42632165
1044.42632165
1044.42632165
1044.42632165
1044.42632165
1044.42632165
1022.76876539
1022.76876539
1022.76876539
1022.76876539
1022.76876539
1022.76876539
1022.76876539
1022.76876539
1022.76876539
1022.76876539
1018.29716012
1018.29716012
1018.29716012
1018.29716012
1018.29716012
1013.6898448
1013.6898448
1013.6898448
1013.6898448
1013.6898448
1013.6898448
1013.6898448
1013.6898448
1013.6898448
1003.83654449
1003.83654449
1003.83654449
1003.83654449
1003.83654449
1003.83654449
1003.83654449
1003.83654449
1003.83654449
1003.83654449
1003.83654449
1003.83654449
1003.83654449
1003.83654449
1003.83654449
1003.83654449
1003.83654449
1003.83654449
1003.83654449
1003.83654449
1003.83654449
1003.83654449
1003.83654449
1003.83654449
1003.83654449
1003.83654449
1003.83654449
1003.83654449
1003.83654449
1003.83654449
1003.83654449
1003.83654449
1003.83654449
1003.83654449
1003.83654449
1003.83654449
1003.83654449
1003.83654449
1003.83654449
1003.83654449
1003.83654449
1003.83654449
1003.83654449
1003.83654449
1003.83654449
1003.83654449
1003.83654449
1003.83654449
1003.83654449
1003.83654449
1003.83654449
1003.83654449
1003.83654449
1003.83654449
1003.83654449
1003.83654449
1003.83654449
1003.83654449
1003.83654449
1003.83654449
1003.83654449
1003.83654449
1003.83654449
1003.83654449
1003.83654449
1003.83654449
1003.83654449
1003.83654449
1003.83654449
1003.83654449
1003.83654449
1003.83654449
1003.83654449
1003.83654449
1003.83654449
1003.83654449
1003.83654449
1003.83654449
1003.83654449
1003.83654449
989.364715763
989.364715763
989.364715763
989.364715763
989.364715763
989.364715763
989.364715763
989.364715763
989.364715763
989.364715763
989.364715763
979.813967432
979.813967432
979.813967432
979.813967432
979.813967432
979.813967432
947.171207453
947.171207453
947.171207453
933.676531966
933.676531966
933.676531966
933.676531966
933.676531966
933.676531966
933.676531966
933.676531966
933.676531966
933.676531966
933.676531966
933.676531966
933.676531966
933.676531966
933.676531966
933.676531966
933.676531966
933.676531966
933.676531966
933.676531966
933.676531966
933.676531966
933.676531966
933.676531966
933.676531966
933.676531966
933.676531966
933.676531966
933.676531966
916.433741715
916.433741715
916.433741715
916.433741715
916.433741715
916.433741715
916.433741715
916.433741715
916.433741715
912.725371049
912.725371049
912.725371049
912.725371049
909.988783449
909.988783449
904.460991346
895.643443364
895.643443364
895.643443364
895.643443364
895.643443364
895.643443364
895.643443364
895.643443364
895.643443364
895.643443364
895.643443364
895.643443364
895.643443364
895.643443364
895.643443364
895.643443364
895.643443364
895.643443364
895.643443364
895.643443364
895.643443364
895.643443364
895.643443364
895.643443364
895.643443364
895.643443364
895.643443364
895.643443364
895.643443364
895.643443364
895.643443364
895.643443364
895.643443364
895.643443364
895.643443364
895.643443364
895.643443364
895.643443364
895.643443364
895.643443364
895.643443364
895.643443364
895.643443364
895.643443364
895.643443364
895.643443364
895.643443364
895.643443364
895.643443364
895.643443364
895.643443364
895.643443364
895.643443364
895.643443364
895.643443364
891.68791918
891.68791918
891.68791918
891.68791918
891.68791918
891.68791918
891.68791918
891.68791918
891.68791918
891.68791918
891.68791918
891.68791918
891.68791918
891.68791918
891.68791918
891.68791918
891.68791918
891.68791918
891.68791918
891.68791918
891.68791918
891.68791918
891.68791918
891.68791918
891.68791918
891.68791918
891.68791918
891.68791918
886.917098637
886.917098637
886.917098637
886.917098637
886.917098637
886.917098637
886.917098637
886.917098637
886.917098637
886.917098637
886.917098637
886.917098637
886.917098637
886.917098637
886.917098637
886.917098637
886.917098637
886.917098637
886.917098637
886.917098637
886.917098637
886.917098637
886.917098637
886.917098637
886.917098637
886.917098637
886.917098637
886.917098637
886.917098637
886.917098637
886.917098637
886.917098637
886.917098637
886.917098637
886.917098637
886.917098637
886.917098637
886.917098637
886.917098637
886.917098637
886.917098637
886.917098637
886.917098637
886.917098637
886.917098637
886.917098637
886.917098637
886.917098637
886.917098637
886.917098637
886.917098637
886.917098637
886.917098637
886.917098637
886.917098637
886.917098637
886.917098637
886.917098637
872.451970726
872.451970726
872.451970726
872.451970726
872.451970726
872.451970726
872.451970726
872.451970726
866.106765057
866.106765057
866.106765057
866.106765057
866.106765057
866.106765057
866.106765057
866.106765057
866.106765057
866.106765057
866.106765057
866.106765057
866.106765057
866.106765057
866.106765057
866.106765057
864.463949278
864.463949278
864.463949278
864.463949278
864.463949278
864.463949278
864.463949278
864.463949278
864.463949278
864.463949278
864.463949278
864.463949278
864.463949278
864.463949278
864.463949278
864.463949278
864.463949278
864.463949278
864.463949278
864.463949278
864.463949278
864.463949278
864.463949278
864.463949278
864.463949278
864.463949278
864.463949278
864.463949278
864.463949278
864.463949278
864.463949278
864.463949278
864.463949278
864.463949278
864.463949278
864.463949278
864.463949278
864.463949278
864.463949278
864.463949278
864.463949278
864.463949278
864.463949278
864.463949278
864.463949278
864.463949278
864.463949278
864.463949278
864.463949278
864.463949278
864.463949278
864.463949278
864.463949278
864.463949278
864.463949278
864.463949278
864.463949278
864.463949278
864.463949278
864.463949278
864.463949278
864.463949278
864.463949278
864.463949278
864.463949278
864.463949278
864.463949278
864.463949278
864.463949278
864.463949278
864.463949278
864.463949278
864.463949278
864.463949278
864.463949278
864.463949278
864.463949278
864.463949278
864.463949278
864.463949278
864.463949278
864.463949278
864.463949278
864.463949278
864.463949278
864.463949278
864.463949278
864.463949278
864.463949278
864.463949278
864.463949278
864.463949278
864.463949278
864.463949278
864.463949278
864.463949278
864.463949278
864.463949278
864.463949278
864.463949278
864.463949278
864.463949278
864.463949278
864.463949278
864.463949278
864.463949278
864.463949278
864.463949278
864.463949278
864.463949278
864.463949278
864.463949278
864.463949278
864.463949278
864.463949278
864.463949278
864.463949278
864.463949278
864.463949278
864.463949278
864.463949278
864.463949278
864.463949278
864.463949278
864.463949278
864.463949278
864.463949278
864.463949278
864.463949278
864.463949278
864.463949278
864.463949278
864.463949278
864.463949278
864.463949278
864.463949278
864.463949278
864.463949278
864.463949278
864.463949278
861.065420017
861.065420017
861.065420017
861.065420017
861.065420017
861.065420017
861.065420017
857.32339077
857.32339077
857.32339077
857.32339077
857.32339077
857.32339077
857.32339077
857.32339077
857.32339077
857.32339077
857.32339077
857.32339077
857.32339077
857.32339077
857.207978825
857.207978825
857.207978825
857.207978825
857.207978825
857.207978825
857.207978825
857.207978825
857.207978825
857.207978825
857.207978825
855.611609723
855.611609723
855.611609723
855.611609723
855.611609723
855.611609723
855.611609723
855.611609723
855.611609723
855.611609723
855.611609723
855.611609723
855.611609723
855.611609723
855.611609723
853.814299665
853.814299665
853.814299665
853.814299665
853.814299665
853.814299665
853.814299665
853.814299665
853.814299665
849.685514062
849.685514062
849.685514062
849.685514062
849.685514062
849.685514062
849.685514062
849.685514062
849.685514062
849.685514062
849.685514062
849.685514062
849.685514062
849.685514062
849.685514062
849.685514062
849.685514062
849.685514062
849.685514062
849.685514062
849.685514062
849.685514062
849.685514062
849.685514062
849.685514062
849.685514062
849.685514062
849.685514062
849.685514062
849.685514062
849.685514062
849.685514062
849.685514062
849.685514062
849.685514062
849.685514062
849.685514062
849.685514062
849.685514062
849.685514062
849.685514062
849.685514062
849.685514062
849.685514062
849.685514062
849.685514062
849.685514062
849.685514062
849.685514062
849.685514062
849.685514062
849.685514062
849.685514062
849.685514062
849.685514062
849.685514062
849.685514062
849.685514062
849.685514062
849.685514062
849.685514062
849.685514062
849.685514062
849.685514062
849.685514062
849.685514062
849.685514062
849.685514062
849.685514062
849.685514062
849.685514062
849.685514062
849.685514062
849.685514062
849.685514062
849.685514062
849.685514062
849.685514062
849.685514062
849.685514062
849.685514062
849.685514062
849.685514062
849.685514062
849.685514062
849.685514062
849.685514062
849.685514062
849.685514062
849.685514062
849.685514062
849.685514062
849.685514062
849.685514062
849.685514062
849.685514062
849.685514062
849.685514062
849.685514062
849.685514062
849.685514062
849.685514062
849.685514062
849.685514062
849.685514062
849.685514062
849.685514062
849.685514062
849.685514062
849.685514062
849.685514062
849.685514062
849.685514062
849.685514062
849.685514062
849.685514062
849.685514062
849.685514062
849.685514062
849.685514062
849.685514062
849.685514062
849.685514062
849.685514062
849.685514062
849.685514062
849.685514062
849.685514062
849.685514062
849.685514062
849.685514062
849.685514062
849.685514062
849.685514062
849.685514062
849.685514062
849.685514062
849.685514062
849.685514062
849.685514062
849.685514062
849.685514062
849.685514062
849.685514062
849.685514062
849.685514062
849.685514062
849.685514062
849.685514062
849.685514062
849.685514062
849.685514062
849.685514062
849.685514062
849.685514062
849.685514062
849.685514062
849.685514062
849.685514062
849.685514062
849.685514062
849.685514062
849.685514062
849.685514062
849.685514062
849.685514062
849.685514062
849.685514062
849.685514062
849.685514062
849.685514062
849.685514062
849.685514062
849.685514062
849.685514062
849.685514062
849.685514062
849.685514062
849.685514062
849.685514062
849.685514062
849.685514062
849.685514062
849.685514062
849.685514062
849.685514062
849.685514062
849.685514062
849.685514062
849.685514062
849.685514062
849.685514062
849.685514062
849.685514062
849.685514062
849.685514062
849.685514062
849.685514062
849.685514062
845.145213407
845.145213407
845.145213407
845.145213407
845.145213407
845.145213407
845.145213407
845.145213407
845.145213407
845.145213407
845.145213407
845.145213407
845.145213407
845.145213407
845.145213407
845.145213407
845.145213407
845.145213407
845.145213407
845.145213407
845.145213407
845.145213407
845.145213407
845.145213407
845.145213407
845.145213407
845.145213407
845.145213407
845.145213407
845.145213407
845.145213407
845.145213407
845.145213407
845.145213407
845.145213407
845.145213407
845.145213407
845.145213407
845.145213407
845.145213407
845.145213407
845.145213407
845.145213407
845.145213407
845.145213407
845.145213407
845.145213407
845.145213407
845.145213407
845.145213407
845.145213407
845.145213407
845.145213407
845.145213407
845.145213407
845.145213407
845.145213407
845.145213407
845.145213407
845.145213407
845.145213407
845.145213407
845.145213407
845.145213407
833.50469359
833.50469359
833.50469359
833.50469359
833.50469359
833.50469359
833.50469359
833.50469359
833.50469359
833.50469359
833.50469359
833.50469359
833.50469359
833.50469359
833.50469359
833.50469359
833.50469359
833.50469359
833.50469359
833.50469359
833.50469359
833.50469359
833.50469359
833.50469359
833.50469359
833.50469359
833.50469359
833.50469359
833.50469359
833.50469359
833.50469359
833.50469359
833.50469359
833.50469359
833.50469359
833.50469359
833.50469359
833.50469359
833.50469359
833.50469359
833.50469359
833.50469359
833.50469359
833.50469359
833.50469359
833.50469359
833.50469359
833.50469359
833.50469359
833.50469359
833.50469359
833.50469359
833.50469359
833.50469359
833.50469359
833.50469359
833.50469359
833.50469359
833.50469359
833.50469359
833.286374509
833.286374509
833.286374509
833.286374509
833.286374509
833.286374509
833.286374509
833.286374509
833.286374509
833.286374509
833.286374509
833.286374509
833.286374509
833.286374509
833.286374509
833.286374509
833.286374509
833.286374509
833.286374509
833.286374509
833.286374509
833.286374509
833.286374509
833.286374509
833.286374509
833.286374509
833.286374509
833.286374509
833.286374509
833.286374509
833.286374509
833.286374509
833.286374509
833.286374509
833.286374509
833.286374509
833.286374509
833.286374509
815.305259218
815.305259218
815.305259218
815.305259218
815.305259218
815.305259218
815.305259218
815.305259218
815.305259218
815.305259218
815.305259218
815.305259218
815.305259218
815.305259218
815.305259218
815.305259218
815.305259218
815.305259218
815.305259218
815.305259218
815.305259218
815.305259218
815.305259218
813.824095591
813.824095591
813.824095591
813.824095591
813.824095591
813.824095591
813.824095591
813.824095591
813.824095591
813.824095591
813.824095591
813.824095591
813.824095591
813.824095591
813.824095591
813.824095591
813.824095591
813.824095591
813.824095591
813.824095591
813.824095591
813.824095591
813.824095591
813.824095591
813.824095591
813.824095591
813.824095591
813.824095591
813.824095591
813.824095591
813.824095591
813.824095591
813.824095591
813.824095591
813.824095591
813.824095591
813.824095591
813.824095591
813.824095591
813.824095591
813.824095591
813.824095591
813.824095591
813.824095591
813.824095591
813.824095591
813.824095591
813.824095591
813.824095591
813.824095591
813.824095591
813.824095591
813.824095591
813.824095591
813.824095591
813.824095591
813.824095591
813.824095591
813.824095591
813.824095591
813.824095591
813.824095591
813.824095591
813.824095591
813.824095591
813.824095591
813.824095591
800.341227207
800.341227207
800.341227207
800.341227207
800.341227207
800.341227207
800.341227207
800.341227207
799.713866048
799.713866048
799.713866048
799.713866048
799.713866048
799.713866048
799.713866048
799.713866048
799.713866048
799.713866048
799.713866048
786.36675672
786.36675672
786.36675672
786.36675672
786.36675672
786.36675672
786.36675672
786.36675672
786.36675672
786.36675672
786.36675672
786.36675672
786.36675672
786.36675672
786.36675672
786.36675672
786.36675672
786.36675672
786.36675672
786.36675672
786.36675672
781.353093371
781.353093371
781.353093371
781.353093371
781.353093371
781.353093371
781.353093371
781.353093371
781.353093371
781.353093371
781.353093371
781.353093371
781.353093371
781.353093371
781.353093371
781.353093371
781.353093371
769.871830752
769.871830752
769.871830752
769.871830752
769.871830752
769.871830752
769.871830752
769.871830752
769.871830752
769.871830752
769.871830752
769.871830752
769.871830752
769.871830752
769.871830752
769.023765261
769.023765261
769.023765261
769.023765261
769.023765261
769.023765261
769.023765261
769.023765261
769.023765261
769.023765261
763.692443869
763.692443869
763.692443869
763.692443869
763.692443869
763.692443869
763.692443869
763.692443869
763.692443869
763.692443869
763.692443869
763.692443869
763.692443869
763.692443869
763.692443869
763.692443869
763.692443869
763.692443869
763.692443869
763.692443869
763.692443869
763.692443869
763.692443869
763.692443869
763.692443869
763.692443869
763.692443869
763.692443869
763.692443869
763.692443869
763.692443869
763.692443869
763.692443869
763.692443869
763.692443869
763.692443869
763.692443869
763.692443869
763.692443869
763.692443869
763.692443869
763.692443869
763.692443869
763.692443869
763.692443869
763.692443869
763.692443869
763.692443869
763.692443869
763.692443869
763.692443869
763.692443869
763.692443869
763.692443869
763.692443869
763.692443869
763.692443869
763.692443869
763.692443869
763.692443869
763.692443869
763.692443869
763.692443869
763.692443869
763.692443869
763.692443869
763.692443869
763.692443869
763.692443869
763.692443869
763.692443869
763.692443869
763.692443869
763.692443869
763.692443869
763.692443869
763.692443869
763.692443869
763.692443869
763.692443869
763.692443869
763.692443869
763.692443869
763.692443869
763.692443869
763.692443869
763.692443869
763.692443869
763.692443869
763.692443869
763.692443869
763.692443869
763.692443869
763.692443869
763.692443869
763.692443869
763.692443869
763.692443869
763.692443869
763.692443869
763.692443869
763.692443869
763.692443869
763.692443869
763.692443869
763.692443869
763.692443869
763.692443869
763.692443869
763.692443869
763.692443869
763.692443869
763.692443869
763.692443869
763.692443869
763.692443869
763.692443869
763.692443869
763.692443869
763.692443869
763.692443869
763.692443869
763.692443869
763.692443869
763.692443869
763.692443869
763.692443869
763.692443869
763.692443869
763.692443869
763.692443869
763.692443869
763.692443869
763.692443869
763.692443869
763.692443869
763.692443869
763.692443869
763.692443869
763.692443869
763.692443869
763.692443869
763.692443869
763.692443869
763.692443869
763.692443869
763.692443869
763.692443869
763.692443869
763.692443869
763.692443869
763.692443869
763.692443869
763.692443869
763.692443869
763.692443869
763.692443869
763.692443869
763.692443869
763.692443869
763.692443869
763.692443869
763.692443869
763.692443869
763.692443869
763.692443869
763.692443869
763.692443869
763.692443869
763.692443869
763.692443869
763.692443869
763.692443869
763.692443869
763.692443869
763.692443869
763.692443869
763.692443869
763.692443869
763.692443869
763.692443869
763.692443869
763.692443869
763.692443869
763.692443869
763.692443869
763.692443869
763.692443869
763.692443869
763.692443869
763.692443869
763.692443869
763.692443869
763.692443869
763.692443869
763.692443869
763.692443869
763.692443869
763.692443869
763.692443869
763.692443869
763.692443869
763.692443869
763.692443869
763.692443869
763.692443869
763.692443869
763.692443869
763.692443869
763.692443869
763.692443869
763.692443869
763.692443869
763.692443869
763.692443869
763.692443869
763.692443869
763.692443869
763.692443869
763.692443869
763.692443869
763.692443869
763.692443869
763.692443869
763.692443869
763.692443869
763.692443869
763.692443869
763.692443869
763.692443869
763.692443869
763.692443869
763.692443869
763.692443869
763.692443869
763.692443869
763.692443869
763.692443869
763.692443869
763.692443869
763.692443869
763.692443869
763.692443869
763.692443869
763.692443869
763.692443869
763.692443869
763.692443869
763.692443869
763.692443869
763.692443869
763.692443869
763.692443869
763.692443869
763.692443869
763.692443869
763.692443869
763.692443869
763.692443869
763.692443869
763.692443869
763.692443869
763.692443869
763.692443869
763.692443869
763.692443869
763.692443869
763.692443869
763.692443869
763.692443869
763.692443869
763.692443869
756.164118104
756.164118104
756.164118104
756.164118104
756.164118104
756.164118104
756.164118104
756.164118104
756.164118104
756.164118104
756.164118104
756.164118104
756.164118104
756.164118104
756.164118104
756.164118104
756.164118104
756.164118104
756.164118104
756.164118104
756.164118104
756.164118104
756.164118104
756.164118104
756.164118104
756.164118104
756.164118104
756.164118104
756.164118104
756.164118104
756.164118104
756.164118104
756.164118104
756.164118104
756.164118104
756.164118104
756.164118104
756.164118104
756.164118104
756.164118104
756.164118104
751.868315224
751.868315224
751.868315224
751.868315224
751.868315224
751.868315224
751.868315224
751.868315224
751.868315224
751.868315224
751.868315224
751.868315224
751.868315224
751.868315224
751.868315224
751.868315224
751.868315224
751.868315224
751.868315224
751.868315224
751.868315224
745.997333555
745.997333555
745.997333555
745.997333555
745.997333555
745.997333555
745.997333555
745.997333555
745.997333555
745.997333555
745.997333555
745.997333555
745.997333555
745.997333555
745.997333555
745.997333555
742.739707341
742.739707341
742.739707341
742.739707341
742.739707341
742.739707341
742.739707341
742.739707341
742.739707341
742.739707341
742.739707341
742.739707341
742.739707341
742.739707341
742.739707341
742.739707341
742.739707341
742.739707341
742.739707341
742.739707341
742.739707341
742.739707341
742.739707341
742.739707341
742.739707341
742.739707341
742.739707341
742.739707341
742.739707341
742.739707341
742.739707341
742.739707341
742.739707341
742.739707341
742.739707341
742.739707341
742.739707341
742.739707341
742.739707341
742.739707341
742.739707341
742.739707341
742.739707341
742.739707341
742.739707341
742.739707341
742.739707341
742.739707341
742.739707341
742.739707341
742.739707341
742.739707341
742.739707341
742.739707341
742.739707341
742.739707341
742.739707341
742.739707341
742.739707341
742.739707341
742.739707341
742.739707341
742.739707341
742.739707341
742.739707341
742.739707341
742.739707341
742.739707341
742.739707341
742.739707341
742.739707341
742.739707341
742.739707341
742.739707341
742.739707341
742.739707341
742.739707341
742.739707341
742.739707341
742.739707341
742.739707341
742.739707341
742.739707341
742.739707341
742.739707341
740.554778251
740.554778251
740.554778251
740.554778251
740.554778251
740.554778251
740.554778251
740.554778251
740.554778251
740.554778251
740.554778251
740.554778251
740.554778251
740.554778251
740.554778251
740.554778251
740.554778251
740.554778251
740.554778251
740.554778251
740.554778251
740.554778251
740.554778251
740.554778251
740.554778251
740.554778251
740.554778251
740.554778251
740.554778251
740.554778251
740.554778251
740.554778251
740.554778251
740.554778251
740.554778251
740.554778251
740.554778251
740.554778251
740.554778251
740.554778251
740.554778251
740.554778251
740.554778251
740.554778251
740.554778251
740.554778251
740.554778251
740.554778251
740.554778251
740.554778251
740.554778251
740.554778251
740.554778251
740.554778251
740.554778251
740.554778251
740.554778251
740.554778251
740.554778251
740.554778251
740.554778251
740.554778251
740.554778251
740.554778251
740.554778251
740.554778251
740.554778251
740.554778251
740.554778251
740.554778251
740.554778251
740.554778251
740.554778251
740.554778251
740.554778251
740.554778251
740.554778251
740.554778251
740.554778251
740.554778251
740.554778251
740.554778251
740.554778251
740.554778251
740.554778251
740.554778251
740.554778251
740.554778251
740.554778251
740.554778251
740.554778251
740.554778251
740.554778251
740.416622239
740.416622239
740.416622239
740.416622239
740.416622239
740.416622239
740.416622239
740.416622239
740.416622239
740.416622239
740.416622239
740.416622239
740.416622239
740.416622239
740.416622239
740.416622239
740.416622239
740.416622239
740.416622239
740.416622239
740.416622239
740.416622239
740.416622239
740.416622239
740.416622239
740.416622239
740.416622239
740.416622239
740.416622239
740.416622239
740.416622239
740.416622239
740.416622239
740.416622239
740.416622239
740.416622239
740.416622239
740.416622239
740.416622239
740.416622239
740.416622239
740.416622239
740.416622239
740.416622239
740.416622239
740.416622239
740.416622239
740.416622239
740.416622239
740.416622239
740.416622239
740.416622239
740.416622239
740.416622239
740.416622239
740.416622239
740.416622239
740.416622239
740.416622239
740.416622239
740.416622239
740.416622239
740.416622239
740.416622239
740.416622239
740.416622239
740.416622239
740.416622239
740.416622239
740.416622239
740.416622239
740.416622239
740.416622239
740.416622239
740.416622239
740.416622239
740.416622239
740.416622239
740.416622239
740.416622239
740.416622239
740.416622239
740.416622239
740.416622239
740.416622239
740.416622239
740.416622239
740.416622239
740.416622239
740.416622239
740.416622239
740.416622239
740.416622239
740.416622239
740.416622239
740.416622239
740.416622239
740.416622239
740.416622239
740.416622239
740.416622239
740.416622239
740.416622239
740.416622239
740.416622239
740.416622239
740.416622239
740.416622239
740.416622239
740.416622239
740.416622239
740.416622239
740.416622239
740.416622239
740.416622239
740.416622239
740.416622239
740.416622239
740.416622239
740.416622239
740.416622239
740.416622239
740.416622239
740.416622239
740.416622239
740.416622239
740.416622239
740.416622239
740.416622239
740.416622239
740.416622239
740.416622239
740.416622239
740.416622239
740.416622239
740.416622239
740.416622239
740.416622239
740.416622239
740.416622239
740.416622239
740.416622239
740.416622239
740.416622239
740.416622239
740.416622239
740.416622239
740.416622239
740.416622239
740.416622239
740.416622239
740.416622239
740.416622239
740.416622239
740.416622239
740.416622239
740.416622239
740.416622239
740.416622239
740.416622239
740.416622239
740.416622239
740.416622239
740.416622239
740.416622239
740.416622239
740.416622239
740.416622239
740.416622239
740.416622239
740.416622239
740.416622239
740.416622239
740.416622239
740.416622239
740.416622239
740.416622239
740.416622239
740.416622239
740.416622239
740.416622239
740.416622239
740.416622239
740.416622239
740.416622239
740.416622239
740.416622239
740.416622239
740.416622239
740.416622239
740.416622239
740.416622239
740.416622239
740.416622239
740.416622239
740.416622239
740.416622239
740.416622239
740.416622239
740.416622239
740.416622239
740.416622239
740.416622239
740.416622239
740.416622239
740.416622239
740.416622239
740.416622239
740.416622239
740.416622239
739.992911194
739.992911194
739.992911194
739.992911194
739.992911194
739.992911194
739.992911194
739.992911194
739.992911194
739.992911194
739.992911194
739.992911194
739.992911194
739.992911194
739.992911194
739.992911194
739.992911194
739.992911194
739.992911194
739.992911194
739.992911194
739.992911194
739.992911194
739.992911194
739.992911194
739.992911194
739.992911194
739.992911194
739.992911194
739.992911194
739.992911194
739.992911194
739.992911194
739.992911194
739.992911194
739.992911194
739.992911194
739.992911194
739.992911194
739.992911194
739.992911194
739.992911194
739.992911194
739.992911194
739.992911194
739.992911194
739.992911194
739.992911194
739.992911194
739.992911194
739.992911194
739.992911194
739.992911194
739.992911194
739.992911194
739.992911194
739.992911194
739.992911194
739.992911194
739.992911194
739.992911194
739.992911194
739.992911194
739.992911194
739.992911194
739.992911194
739.992911194
739.992911194
739.992911194
739.992911194
739.992911194
739.992911194
739.376287497
739.376287497
739.376287497
739.376287497
739.376287497
739.376287497
739.376287497
739.376287497
739.376287497
739.376287497
739.376287497
739.376287497
739.376287497
739.376287497
739.376287497
739.376287497
739.376287497
739.376287497
739.376287497
739.376287497
739.376287497
739.376287497
739.376287497
739.376287497
739.376287497
739.376287497
739.376287497
739.376287497
739.376287497
739.376287497
739.376287497
739.376287497
739.376287497
739.376287497
739.376287497
739.376287497
739.376287497
739.376287497
739.376287497
739.376287497
739.376287497
739.376287497
739.376287497
739.376287497
739.376287497
739.376287497
739.376287497
739.376287497
739.376287497
739.376287497
739.376287497
739.376287497
739.376287497
739.376287497
739.376287497
739.376287497
739.376287497
739.376287497
739.376287497
739.376287497
739.376287497
739.376287497
739.376287497
739.376287497
739.376287497
739.376287497
739.376287497
739.376287497
739.376287497
739.376287497
739.376287497
739.376287497
739.376287497
739.376287497
739.376287497
739.376287497
739.376287497
739.376287497
739.376287497
739.376287497
739.376287497
739.376287497
739.376287497
739.376287497
739.376287497
739.376287497
739.376287497
739.376287497
739.376287497
739.376287497
739.376287497
739.376287497
739.376287497
739.376287497
739.376287497
739.376287497
739.376287497
739.376287497
739.376287497
739.376287497
739.376287497
739.376287497
739.376287497
739.376287497
739.376287497
739.376287497
739.376287497
739.376287497
739.376287497
739.376287497
739.376287497
739.376287497
739.376287497
739.376287497
739.376287497
739.376287497
739.376287497
739.376287497
739.376287497
739.376287497
739.376287497
739.376287497
739.376287497
739.376287497
739.376287497
739.376287497
739.376287497
739.376287497
739.376287497
739.376287497
739.376287497
739.376287497
739.376287497
739.376287497
739.376287497
739.376287497
739.376287497
739.376287497
739.376287497
739.376287497
739.376287497
739.376287497
739.376287497
739.376287497
739.376287497
739.376287497
739.376287497
739.376287497
739.376287497
739.376287497
739.376287497
739.376287497
739.376287497
739.376287497
739.376287497
739.376287497
739.376287497
739.376287497
739.376287497
739.376287497
739.376287497
739.376287497
739.376287497
739.376287497
739.376287497
739.376287497
739.376287497
739.376287497
739.376287497
739.376287497
739.376287497
739.376287497
739.376287497
737.689543883
737.689543883
737.689543883
737.689543883
737.689543883
737.689543883
737.689543883
737.689543883
737.689543883
737.689543883
737.689543883
737.689543883
737.689543883
737.689543883
737.689543883
737.689543883
737.689543883
737.689543883
737.689543883
737.689543883
737.689543883
737.689543883
737.689543883
737.689543883
737.689543883
737.689543883
737.689543883
737.689543883
737.689543883
737.689543883
737.689543883
737.689543883
737.689543883
737.689543883
737.689543883
737.689543883
737.689543883
737.689543883
737.689543883
737.689543883
737.689543883
737.689543883
737.689543883
737.689543883
737.689543883
737.689543883
737.689543883
737.689543883
737.689543883
737.689543883
737.689543883
737.689543883
737.689543883
737.689543883
737.689543883
737.689543883
737.689543883
737.689543883
737.620043391
737.620043391
737.620043391
737.620043391
737.620043391
737.620043391
737.620043391
737.620043391
737.620043391
737.620043391
737.620043391
737.620043391
737.620043391
737.620043391
737.620043391
737.620043391
737.620043391
737.620043391
737.620043391
737.620043391
737.620043391
737.620043391
737.620043391
737.620043391
737.620043391
737.620043391
737.620043391
737.620043391
737.620043391
737.620043391
737.620043391
737.620043391
737.620043391
737.620043391
737.620043391
737.620043391
737.620043391
731.311150544
731.311150544
731.311150544
731.311150544
731.311150544
731.311150544
731.311150544
731.311150544
731.311150544
731.311150544
731.311150544
731.311150544
731.311150544
731.292657339
731.292657339
731.292657339
731.292657339
731.292657339
728.877041122
728.877041122
728.877041122
728.877041122
728.877041122
728.877041122
728.877041122
728.877041122
728.877041122
728.877041122
728.877041122
728.877041122
728.877041122
728.877041122
728.877041122
728.877041122
728.877041122
728.877041122
728.877041122
728.877041122
728.877041122
728.877041122
728.877041122
728.877041122
728.877041122
728.877041122
728.877041122
728.877041122
728.877041122
728.877041122
728.877041122
728.877041122
728.877041122
728.877041122
728.877041122
728.877041122
728.877041122
728.877041122
728.877041122
728.877041122
728.877041122
728.877041122
728.877041122
728.877041122
728.877041122
728.877041122
728.877041122
728.877041122
728.877041122
728.877041122
728.877041122
728.877041122
728.877041122
728.877041122
728.877041122
728.877041122
728.877041122
728.877041122
728.877041122
728.877041122
728.877041122
728.877041122
728.877041122
728.877041122
728.877041122
728.877041122
728.877041122
728.877041122
728.877041122
728.877041122
728.877041122
728.877041122
728.877041122
728.877041122
728.877041122
728.877041122
728.877041122
728.877041122
728.877041122
728.877041122
728.877041122
728.877041122
728.877041122
728.877041122
728.877041122
728.877041122
728.877041122
728.877041122
728.877041122
728.877041122
728.877041122
728.877041122
728.877041122
728.877041122
728.877041122
728.877041122
728.877041122
728.877041122
728.877041122
728.877041122
728.877041122
728.877041122
728.877041122
728.877041122
728.877041122
728.877041122
728.877041122
728.877041122
728.877041122
728.877041122
728.877041122
728.877041122
728.877041122
728.877041122
728.877041122
728.877041122
728.877041122
728.877041122
728.877041122
728.877041122
728.877041122
728.877041122
728.877041122
728.877041122
728.877041122
728.877041122
728.877041122
728.877041122
728.877041122
728.877041122
728.877041122
728.877041122
728.877041122
728.877041122
728.877041122
728.877041122
728.877041122
728.877041122
728.877041122
728.877041122
728.877041122
728.877041122
728.877041122
728.877041122
728.877041122
728.877041122
728.877041122
728.877041122
728.877041122
728.125160513
728.125160513
728.125160513
728.125160513
728.125160513
728.125160513
728.125160513
728.125160513
728.125160513
728.125160513
728.125160513
728.125160513
728.125160513
728.125160513
728.125160513
728.125160513
728.125160513
728.125160513
728.125160513
728.125160513
728.125160513
728.125160513
728.125160513
728.125160513
728.125160513
728.125160513
728.125160513
728.125160513
728.125160513
728.125160513
728.125160513
728.125160513
728.125160513
728.125160513
728.125160513
728.125160513
728.125160513
728.125160513
728.125160513
728.125160513
728.125160513
728.125160513
728.125160513
728.125160513
728.125160513
728.125160513
728.125160513
728.125160513
728.125160513
728.125160513
728.125160513
728.125160513
728.125160513
728.125160513
728.125160513
728.125160513
728.125160513
728.125160513
728.125160513
728.125160513
728.125160513
728.125160513
728.125160513
728.125160513
728.125160513
728.125160513
728.125160513
728.125160513
728.125160513
728.125160513
728.125160513
728.125160513
728.125160513
728.125160513
728.125160513
728.125160513
728.125160513
728.125160513
728.125160513
728.125160513
728.125160513
728.125160513
728.125160513
728.125160513
728.125160513
728.125160513
728.125160513
728.125160513
728.125160513
728.125160513
728.125160513
728.125160513
728.125160513
728.125160513
728.125160513
728.125160513
728.125160513
728.125160513
728.125160513
728.125160513
728.125160513
728.125160513
728.125160513
728.125160513
728.125160513
728.125160513
728.125160513
728.125160513
728.125160513
728.125160513
728.125160513
728.125160513
728.125160513
728.125160513
728.125160513
728.125160513
728.125160513
728.125160513
728.125160513
728.125160513
728.125160513
728.125160513
728.125160513
728.125160513
728.125160513
728.125160513
728.125160513
728.125160513
728.125160513
728.125160513
728.125160513
728.125160513
728.125160513
728.125160513
728.125160513
728.125160513
728.125160513
728.125160513
728.125160513
728.125160513
728.125160513
728.125160513
728.125160513
728.125160513
728.125160513
728.125160513
728.125160513
728.125160513
728.125160513
728.125160513
728.125160513
728.125160513
728.125160513
728.125160513
728.125160513
728.125160513
728.125160513
728.125160513
728.125160513
728.125160513
728.125160513
728.125160513
728.125160513
728.125160513
728.125160513
728.125160513
728.125160513
728.125160513
728.125160513
728.125160513
728.125160513
728.125160513
728.125160513
728.125160513
728.125160513
728.125160513
728.125160513
728.125160513
728.125160513
728.125160513
728.125160513
728.125160513
728.125160513
728.125160513
728.125160513
728.125160513
728.125160513
728.125160513
728.125160513
728.125160513
728.125160513
728.125160513
728.125160513
728.125160513
728.125160513
725.650991231
725.650991231
725.650991231
725.650991231
725.650991231
725.650991231
725.650991231
725.650991231
725.650991231
725.650991231
725.650991231
725.650991231
725.650991231
725.650991231
725.650991231
725.650991231
725.650991231
725.650991231
725.650991231
725.650991231
725.650991231
725.650991231
725.650991231
725.650991231
725.650991231
725.650991231
725.650991231
725.650991231
725.650991231
725.650991231
725.650991231
725.650991231
725.650991231
725.650991231
725.650991231
725.650991231
725.650991231
725.650991231
725.650991231
725.650991231
725.650991231
725.650991231
725.650991231
725.650991231
725.650991231
725.650991231
725.650991231
725.650991231
725.650991231
725.650991231
725.650991231
725.650991231
725.650991231
725.650991231
725.650991231
725.650991231
725.650991231
725.650991231
725.650991231
725.650991231
725.650991231
725.650991231
725.650991231
725.650991231
725.650991231
725.650991231
725.650991231
725.650991231
725.650991231
725.650991231
725.650991231
725.650991231
725.650991231
725.650991231
725.650991231
725.650991231
725.650991231
725.650991231
725.650991231
725.650991231
725.650991231
725.650991231
725.650991231
725.650991231
725.650991231
725.650991231
725.650991231
725.650991231
725.650991231
725.650991231
725.650991231
725.650991231
725.650991231
725.650991231
725.650991231
725.650991231
725.650991231
725.650991231
725.650991231
725.650991231
725.650991231
725.650991231
725.650991231
725.650991231
725.650991231
725.650991231
725.650991231
725.650991231
725.650991231
725.650991231
725.650991231
725.650991231
725.650991231
725.650991231
725.650991231
725.650991231
725.650991231
725.650991231
725.650991231
725.650991231
725.650991231
725.650991231
725.650991231
725.650991231
725.650991231
725.650991231
725.650991231
725.650991231
725.650991231
725.650991231
725.650991231
725.650991231
725.650991231
725.650991231
725.650991231
725.650991231
725.650991231
725.650991231
725.650991231
725.650991231
725.650991231
725.650991231
725.650991231
725.650991231
725.650991231
725.650991231
725.650991231
725.650991231
725.650991231
725.650991231
725.650991231
725.650991231
725.650991231
725.650991231
725.650991231
725.650991231
725.650991231
725.650991231
725.650991231
725.650991231
725.650991231
725.650991231
725.650991231
725.650991231
725.650991231
725.650991231
725.650991231
721.227935632
721.227935632
721.227935632
721.227935632
721.227935632
721.227935632
721.227935632
721.227935632
721.227935632
721.227935632
721.227935632
721.227935632
721.227935632
721.227935632
721.227935632
721.227935632
721.227935632
721.227935632
721.227935632
721.227935632
721.227935632
721.227935632
721.227935632
721.227935632
721.227935632
721.227935632
721.227935632
721.227935632
721.227935632
721.227935632
721.227935632
721.227935632
721.227935632
721.227935632
721.227935632
721.227935632
721.227935632
721.227935632
721.227935632
721.227935632
721.227935632
721.227935632
721.227935632
721.227935632
721.227935632
721.227935632
721.227935632
721.227935632
721.227935632
721.227935632
721.227935632
721.227935632
721.227935632
721.227935632
721.227935632
721.227935632
721.227935632
721.227935632
721.227935632
721.227935632
721.227935632
721.227935632
721.227935632
721.227935632
721.227935632
721.227935632
721.227935632
721.227935632
721.227935632
721.227935632
721.227935632
721.227935632
721.227935632
720.275030684
720.275030684
720.275030684
720.275030684
720.275030684
720.275030684
720.275030684
720.275030684
720.275030684
720.275030684
720.275030684
720.275030684
720.275030684
720.275030684
720.275030684
720.275030684
720.275030684
720.275030684
720.275030684
720.275030684
720.275030684
720.275030684
720.275030684
720.275030684
720.275030684
720.275030684
720.275030684
720.275030684
720.275030684
720.275030684
720.275030684
720.275030684
720.275030684
720.275030684
720.275030684
720.275030684
720.275030684
720.275030684
720.275030684
720.275030684
720.275030684
720.275030684
720.275030684
720.275030684
720.275030684
720.275030684
720.275030684
720.275030684
720.275030684
720.275030684
718.4456057
718.4456057
718.4456057
718.4456057
718.4456057
718.4456057
718.4456057
718.4456057
718.4456057
718.4456057
718.4456057
718.4456057
718.4456057
718.4456057
718.4456057
718.4456057
718.4456057
718.4456057
718.4456057
718.4456057
718.4456057
718.4456057
718.4456057
718.4456057
718.4456057
718.4456057
718.4456057
718.4456057
718.4456057
718.4456057
718.4456057
718.4456057
718.4456057
718.4456057
718.4456057
718.4456057
718.4456057
718.4456057
718.4456057
718.4456057
718.4456057
718.4456057
718.4456057
718.4456057
718.4456057
718.4456057
718.4456057
718.4456057
718.4456057
718.4456057
718.4456057
718.4456057
718.4456057
718.4456057
718.4456057
718.4456057
718.4456057
718.4456057
718.4456057
718.4456057
718.4456057
718.4456057
718.4456057
718.4456057
718.4456057
718.4456057
718.4456057
718.4456057
718.4456057
718.4456057
718.4456057
718.4456057
718.4456057
718.4456057
718.4456057
718.4456057
718.4456057
718.4456057
718.4456057
718.4456057
718.4456057
718.4456057
718.4456057
718.4456057
718.4456057
718.4456057
718.4456057
718.4456057
718.4456057
718.4456057
718.4456057
718.4456057
718.4456057
718.4456057
718.4456057
718.4456057
718.4456057
718.4456057
718.4456057
718.4456057
718.4456057
718.4456057
718.4456057
718.4456057
718.4456057
718.4456057
718.4456057
718.4456057
718.4456057
718.4456057
718.4456057
718.4456057
718.4456057
718.4456057
718.4456057
718.4456057
718.4456057
718.4456057
718.4456057
718.4456057
718.4456057
718.4456057
718.4456057
718.4456057
718.4456057
718.4456057
718.4456057
718.4456057
718.4456057
718.4456057
718.4456057
718.4456057
718.4456057
718.4456057
718.4456057
718.4456057
718.4456057
718.4456057
718.4456057
718.4456057
718.4456057
718.4456057
718.4456057
718.4456057
718.4456057
718.4456057
718.4456057
718.4456057
718.4456057
718.4456057
718.4456057
718.4456057
718.4456057
718.4456057
717.424602596
717.424602596
717.424602596
717.424602596
717.424602596
717.424602596
717.424602596
717.424602596
717.424602596
717.424602596
717.424602596
717.424602596
717.424602596
717.424602596
717.424602596
717.424602596
717.424602596
717.424602596
717.424602596
717.424602596
717.424602596
717.424602596
717.424602596
717.424602596
717.424602596
717.424602596
717.424602596
717.424602596
717.424602596
717.424602596
717.424602596
717.424602596
717.424602596
717.424602596
717.424602596
717.424602596
717.424602596
717.424602596
717.424602596
717.424602596
717.424602596
717.424602596
717.424602596
717.424602596
717.424602596
717.424602596
717.424602596
717.424602596
717.424602596
717.424602596
717.424602596
717.424602596
717.424602596
717.424602596
717.424602596
717.424602596
717.424602596
717.424602596
717.424602596
717.424602596
717.424602596
717.424602596
717.424602596
717.424602596
717.424602596
717.424602596
717.424602596
717.424602596
717.424602596
717.424602596
717.424602596
717.424602596
717.424602596
717.424602596
717.424602596
717.424602596
717.424602596
717.424602596
717.424602596
717.424602596
717.424602596
717.424602596
717.424602596
717.424602596
717.424602596
717.424602596
717.424602596
717.424602596
717.424602596
717.424602596
717.424602596
717.424602596
717.424602596
717.424602596
717.424602596
717.424602596
717.424602596
717.424602596
717.424602596
717.424602596
717.424602596
717.424602596
717.424602596
717.424602596
717.424602596
717.424602596
717.424602596
717.424602596
717.424602596
717.424602596
717.424602596
717.424602596
717.424602596
717.424602596
717.424602596
717.424602596
717.424602596
717.424602596
717.424602596
717.424602596
717.424602596
717.424602596
717.424602596
717.424602596
717.424602596
717.424602596
717.424602596
717.424602596
717.424602596
717.424602596
717.424602596
717.424602596
717.424602596
717.424602596
717.424602596
717.424602596
717.424602596
717.424602596
717.424602596
717.424602596
717.424602596
717.424602596
717.424602596
717.424602596
717.424602596
717.424602596
717.424602596
717.424602596
717.424602596
717.424602596
717.424602596
717.424602596
717.424602596
717.424602596
717.424602596
717.424602596
717.424602596
717.424602596
717.424602596
717.424602596
717.424602596
717.424602596
717.424602596
717.424602596
717.424602596
717.424602596
717.424602596
717.424602596
717.424602596
717.424602596
717.424602596
717.424602596
717.424602596
717.424602596
717.424602596
717.424602596
717.424602596
717.424602596
717.424602596
717.424602596
717.424602596
717.424602596
717.424602596
717.424602596
717.424602596
717.424602596
717.424602596
717.424602596
717.424602596
717.424602596
717.424602596
717.424602596
717.424602596
717.424602596
717.424602596
717.424602596
717.424602596
717.424602596
717.424602596
717.424602596
717.424602596
717.424602596
717.424602596
717.424602596
717.424602596
717.424602596
717.424602596
717.424602596
717.424602596
717.424602596
717.424602596
717.424602596
717.424602596
717.424602596
717.424602596
717.424602596
717.424602596
717.424602596
717.424602596
717.424602596
717.424602596
717.424602596
717.424602596
717.424602596
717.424602596
717.424602596
717.424602596
717.424602596
717.424602596
717.424602596
717.424602596
717.424602596
717.424602596
717.424602596
717.424602596
717.424602596
717.424602596
717.424602596
717.424602596
717.424602596
717.424602596
717.424602596
717.424602596
717.424602596
717.424602596
717.424602596
717.424602596
717.424602596
717.424602596
717.424602596
717.424602596
717.424602596
717.424602596
717.424602596
717.424602596
717.424602596
717.424602596
717.424602596
717.424602596
717.424602596
717.424602596
717.424602596
717.424602596
717.424602596
717.424602596
717.424602596
717.424602596
717.424602596
717.424602596
717.424602596
716.421018426
716.421018426
716.421018426
716.421018426
716.421018426
716.421018426
716.421018426
716.421018426
716.421018426
716.421018426
716.421018426
716.421018426
716.421018426
716.421018426
716.421018426
716.421018426
716.421018426
716.421018426
716.421018426
716.421018426
716.421018426
716.421018426
716.421018426
716.421018426
716.421018426
716.421018426
716.421018426
716.421018426
716.421018426
716.421018426
716.421018426
716.421018426
716.421018426
716.421018426
716.421018426
716.421018426
716.421018426
716.421018426
716.421018426
716.421018426
716.421018426
716.421018426
716.421018426
716.421018426
716.421018426
716.421018426
716.421018426
716.421018426
716.421018426
716.421018426
716.421018426
716.421018426
716.421018426
716.421018426
716.421018426
716.421018426
713.302310685
713.302310685
713.302310685
713.302310685
713.302310685
713.302310685
713.302310685
713.302310685
713.302310685
713.302310685
713.302310685
713.302310685
713.302310685
713.302310685
713.302310685
713.302310685
713.302310685
713.302310685
713.302310685
713.302310685
713.302310685
713.302310685
713.302310685
713.302310685
713.302310685
713.302310685
713.302310685
713.302310685
712.80926034
712.80926034
712.80926034
712.80926034
712.80926034
712.80926034
712.80926034
712.80926034
712.80926034
712.80926034
712.80926034
712.80926034
712.80926034
712.80926034
712.80926034
712.80926034
712.80926034
712.80926034
712.80926034
712.80926034
712.80926034
712.80926034
712.80926034
712.80926034
712.80926034
712.80926034
712.80926034
712.80926034
712.80926034
712.80926034
712.80926034
712.80926034
712.80926034
712.80926034
712.80926034
712.80926034
712.80926034
712.80926034
712.80926034
712.80926034
712.80926034
712.80926034
712.80926034
712.80926034
712.80926034
712.80926034
712.80926034
712.80926034
712.80926034
712.80926034
712.80926034
712.80926034
712.80926034
712.80926034
712.80926034
709.068589352
709.068589352
709.068589352
709.068589352
709.068589352
709.068589352
709.068589352
709.068589352
709.068589352
709.068589352
709.068589352
709.068589352
709.068589352
709.068589352
709.068589352
709.068589352
709.068589352
709.068589352
709.068589352
709.068589352
709.068589352
709.068589352
709.068589352
709.068589352
709.068589352
709.068589352
709.068589352
709.068589352
709.068589352
709.068589352
709.068589352
709.068589352
709.068589352
709.068589352
709.068589352
709.068589352
709.068589352
709.068589352
709.068589352
709.068589352
709.068589352
709.068589352
709.068589352
709.068589352
709.068589352
709.068589352
709.068589352
709.068589352
709.068589352
709.068589352
709.068589352
709.068589352
709.068589352
709.068589352
709.068589352
709.068589352
709.068589352
709.068589352
709.068589352
709.068589352
709.068589352
709.068589352
709.068589352
709.068589352
709.068589352
709.068589352
709.068589352
709.068589352
709.068589352
709.068589352
709.068589352
709.068589352
709.068589352
709.068589352
709.068589352
709.068589352
709.068589352
709.068589352
709.068589352
709.068589352
709.068589352
709.068589352
709.068589352
709.068589352
709.068589352
709.068589352
709.068589352
709.068589352
709.068589352
709.068589352
709.068589352
709.068589352
709.068589352
709.068589352
709.068589352
709.068589352
709.068589352
709.068589352
709.068589352
709.068589352
709.068589352
709.068589352
709.068589352
709.068589352
709.068589352
709.068589352
709.068589352
709.068589352
709.068589352
709.068589352
709.068589352
709.068589352
709.068589352
709.068589352
709.068589352
709.068589352
709.068589352
709.068589352
709.068589352
709.068589352
709.068589352
709.068589352
709.068589352
709.068589352
709.068589352
709.068589352
709.068589352
709.068589352
709.068589352
709.068589352
709.068589352
709.068589352
709.068589352
709.068589352
709.068589352
709.068589352
709.068589352
709.068589352
709.068589352
709.068589352
709.068589352
709.068589352
709.068589352
709.068589352
709.068589352
709.068589352
709.068589352
709.068589352
709.068589352
709.068589352
709.068589352
709.068589352
709.068589352
709.068589352
709.068589352
709.068589352
709.068589352
709.068589352
709.068589352
709.068589352
709.068589352
709.068589352
709.068589352
709.068589352
709.068589352
709.068589352
709.068589352
709.068589352
709.068589352
709.068589352
709.068589352
709.068589352
709.068589352
709.068589352
709.068589352
709.068589352
709.068589352
709.068589352
709.068589352
709.068589352
709.068589352
709.068589352
709.068589352
709.068589352
709.068589352
709.068589352
709.068589352
709.068589352
709.068589352
709.068589352
709.068589352
709.068589352
709.068589352
709.068589352
709.068589352
709.068589352
709.068589352
709.068589352
709.068589352
709.068589352
709.068589352
709.068589352
709.068589352
709.068589352
709.068589352
709.068589352
709.068589352
709.068589352
709.068589352
709.068589352
709.068589352
709.068589352
709.068589352
709.068589352
709.068589352
709.068589352
709.068589352
709.068589352
709.068589352
709.068589352
709.068589352
709.068589352
709.068589352
709.068589352
709.068589352
709.068589352
709.068589352
709.068589352
709.068589352
709.068589352
709.068589352
709.068589352
709.068589352
709.068589352
709.068589352
709.068589352
709.068589352
709.068589352
709.068589352
709.068589352
709.068589352
709.068589352
709.068589352
709.068589352
709.068589352
709.068589352
709.068589352
709.068589352
709.068589352
709.068589352
709.068589352
709.068589352
709.068589352
709.068589352
709.068589352
709.068589352
709.068589352
709.068589352
709.068589352
709.068589352
709.068589352
709.068589352
709.068589352
709.068589352
709.068589352
709.068589352
709.068589352
709.068589352
709.068589352
709.068589352
709.068589352
709.068589352
709.068589352
709.068589352
709.068589352
709.068589352
709.068589352
709.068589352
709.068589352
709.068589352
709.068589352
709.068589352
709.068589352
709.068589352
709.068589352
709.068589352
709.068589352
709.068589352
709.068589352
709.068589352
709.068589352
709.068589352
709.068589352
709.068589352
709.068589352
709.068589352
709.068589352
709.068589352
709.068589352
709.068589352
709.068589352
709.068589352
709.068589352
709.068589352
709.068589352
709.068589352
709.068589352
709.068589352
709.068589352
709.068589352
709.068589352
709.068589352
709.068589352
709.068589352
709.068589352
709.068589352
709.068589352
709.068589352
709.068589352
709.068589352
709.068589352
709.068589352
709.068589352
709.068589352
709.068589352
709.068589352
709.068589352
709.068589352
709.068589352
709.068589352
709.068589352
709.068589352
709.068589352
709.068589352
709.068589352
709.068589352
709.068589352
709.068589352
709.068589352
709.068589352
709.068589352
709.068589352
709.068589352
709.068589352
709.068589352
709.068589352
709.068589352
709.068589352
709.068589352
709.068589352
709.068589352
709.068589352
709.068589352
709.068589352
709.068589352
709.068589352
709.068589352
709.068589352
709.068589352
709.068589352
709.068589352
709.068589352
709.068589352
709.068589352
709.068589352
709.068589352
709.068589352
709.068589352
709.068589352
709.068589352
709.068589352
709.068589352
709.068589352
709.068589352
709.068589352
709.068589352
709.068589352
709.068589352
709.068589352
709.068589352
709.068589352
709.068589352
709.068589352
709.068589352
709.068589352
709.068589352
709.068589352
709.068589352
709.068589352
709.068589352
709.068589352
709.068589352
709.068589352
709.068589352
709.068589352
709.068589352
709.068589352
709.068589352
709.068589352
709.068589352
709.068589352
709.068589352
709.068589352
709.068589352
709.068589352
709.068589352
709.068589352
709.068589352
709.068589352
709.068589352
709.068589352
709.068589352
709.068589352
709.068589352
709.068589352
709.068589352
709.068589352
709.068589352
709.068589352
709.068589352
709.068589352
709.068589352
709.068589352
709.068589352
709.068589352
709.068589352
709.068589352
709.068589352
709.068589352
709.068589352
709.068589352
709.068589352
709.068589352
709.068589352
709.068589352
709.068589352
709.068589352
709.068589352
709.068589352
709.068589352
709.068589352
709.068589352
709.068589352
709.068589352
709.068589352
709.068589352
709.068589352
709.068589352
706.260988951
706.260988951
706.260988951
706.260988951
706.260988951
706.260988951
706.260988951
706.260988951
706.260988951
706.260988951
706.260988951
706.260988951
706.260988951
706.260988951
706.260988951
706.260988951
706.260988951
706.260988951
706.260988951
706.260988951
706.260988951
706.260988951
706.260988951
706.260988951
706.260988951
706.260988951
706.260988951
706.260988951
706.260988951
706.260988951
706.260988951
706.260988951
706.260988951
706.260988951
706.260988951
706.260988951
706.260988951
706.260988951
706.260988951
706.260988951
706.260988951
706.260988951
706.260988951
706.260988951
706.260988951
706.260988951
706.260988951
706.260988951
706.260988951
706.260988951
706.260988951
706.260988951
706.260988951
706.260988951
706.260988951
706.260988951
706.260988951
706.260988951
706.260988951
706.260988951
706.260988951
706.260988951
706.260988951
706.260988951
706.260988951
706.260988951
706.260988951
706.260988951
706.260988951
706.260988951
706.260988951
706.260988951
706.260988951
706.260988951
706.260988951
706.260988951
706.260988951
706.260988951
706.260988951
706.260988951
706.260988951
706.260988951
706.260988951
706.260988951
706.260988951
706.260988951
706.260988951
706.260988951
706.260988951
706.260988951
706.260988951
706.260988951
706.260988951
706.260988951
706.260988951
706.260988951
706.260988951
706.260988951
706.260988951
706.260988951
706.260988951
706.260988951
706.260988951
706.260988951
706.260988951
706.260988951
706.260988951
706.260988951
706.260988951
706.260988951
706.260988951
706.260988951
706.260988951
706.260988951
706.260988951
706.260988951
706.260988951
706.260988951
706.260988951
706.260988951
706.260988951
706.260988951
706.260988951
706.260988951
706.260988951
706.260988951
706.260988951
706.260988951
706.260988951
706.260988951
706.260988951
706.260988951
706.260988951
706.260988951
706.260988951
706.260988951
706.260988951
706.260988951
706.260988951
706.260988951
706.260988951
706.260988951
706.260988951
706.260988951
706.260988951
706.260988951
706.260988951
706.260988951
706.260988951
706.260988951
706.260988951
706.260988951
706.260988951
706.260988951
706.260988951
706.260988951
706.260988951
706.260988951
706.260988951
706.260988951
706.260988951
706.260988951
706.260988951
706.260988951
706.260988951
706.260988951
706.260988951
706.260988951
706.260988951
706.260988951
706.260988951
706.260988951
706.260988951
706.260988951
706.260988951
706.260988951
706.260988951
706.260988951
706.260988951
706.260988951
706.260988951
706.260988951
706.260988951
706.260988951
706.260988951
706.260988951
706.260988951
706.260988951
706.260988951
706.260988951
706.260988951
706.260988951
706.260988951
706.260988951
706.260988951
706.260988951
706.260988951
706.260988951
706.260988951
706.260988951
706.260988951
706.260988951
706.260988951
706.260988951
706.260988951
706.260988951
706.260988951
706.260988951
706.260988951
706.260988951
706.260988951
706.260988951
706.260988951
706.260988951
706.260988951
706.260988951
706.260988951
706.260988951
706.260988951
706.260988951
706.260988951
706.260988951
706.260988951
706.260988951
706.260988951
706.260988951
706.260988951
706.260988951
706.260988951
706.260988951
706.260988951
706.260988951
706.260988951
706.260988951
706.260988951
706.260988951
706.260988951
706.260988951
706.260988951
706.260988951
706.260988951
706.260988951
706.260988951
706.260988951
706.260988951
706.260988951
706.260988951
706.260988951
706.260988951
706.260988951
706.260988951
706.260988951
706.260988951
706.260988951
706.260988951
706.260988951
706.260988951
706.260988951
706.260988951
706.260988951
706.260988951
706.260988951
706.260988951
706.260988951
706.260988951
706.260988951
706.260988951
706.260988951
706.260988951
706.260988951
706.260988951
706.260988951
706.260988951
706.260988951
706.260988951
706.260988951
706.260988951
706.260988951
706.260988951
706.260988951
706.260988951
706.260988951
706.260988951
706.260988951
706.260988951
706.260988951
706.260988951
706.260988951
706.260988951
706.260988951
706.260988951
706.260988951
706.260988951
706.260988951
706.260988951
706.260988951
706.260988951
706.260988951
706.260988951
706.260988951
706.260988951
706.260988951
706.260988951
706.260988951
706.260988951
706.260988951
706.260988951
706.260988951
706.260988951
706.260988951
706.260988951
706.260988951
706.260988951
706.260988951
706.260988951
706.260988951
706.260988951
706.260988951
706.260988951
706.260988951
706.260988951
706.260988951
706.260988951
706.260988951
706.260988951
706.260988951
706.260988951
706.260988951
706.260988951
706.260988951
706.260988951
706.260988951
706.260988951
706.260988951
706.260988951
706.260988951
706.260988951
706.260988951
706.260988951
706.260988951
706.260988951
706.260988951
706.260988951
706.260988951
706.260988951
706.260988951
706.260988951
706.260988951
706.260988951
701.942217593
701.942217593
701.942217593
701.942217593
701.942217593
701.942217593
701.942217593
701.942217593
701.942217593
701.942217593
701.942217593
701.942217593
701.076822632
699.787637047
699.787637047
699.787637047
699.787637047
699.787637047
699.787637047
699.787637047
699.787637047
699.787637047
699.787637047
699.787637047
699.787637047
699.787637047
699.787637047
699.787637047
699.787637047
699.787637047
699.787637047
699.787637047
699.787637047
699.787637047
699.787637047
699.787637047
699.787637047
699.787637047
699.787637047
699.787637047
699.787637047
699.787637047
699.787637047
699.787637047
699.787637047
699.787637047
699.787637047
699.787637047
699.787637047
699.787637047
699.787637047
699.787637047
699.787637047
699.787637047
699.787637047
699.787637047
699.787637047
699.787637047
699.787637047
699.787637047
699.787637047
699.787637047
699.787637047
699.787637047
699.787637047
699.787637047
699.787637047
699.787637047
699.787637047
699.787637047
699.787637047
699.787637047
699.787637047
699.787637047
699.787637047
699.787637047
699.787637047
699.787637047
699.787637047
699.787637047
699.787637047
699.787637047
699.787637047
699.787637047
699.787637047
699.787637047
699.787637047
699.787637047
699.787637047
699.787637047
699.787637047
699.787637047
699.787637047
699.787637047
699.787637047
699.787637047
699.787637047
699.787637047
699.787637047
699.787637047
699.787637047
699.787637047
699.787637047
694.95005992
694.95005992
694.95005992
694.95005992
694.95005992
694.95005992
694.95005992
694.95005992
694.95005992
694.95005992
694.95005992
694.95005992
694.95005992
694.95005992
694.95005992
694.95005992
694.95005992
694.95005992
694.95005992
694.95005992
694.95005992
694.95005992
694.95005992
694.95005992
694.95005992
694.95005992
694.95005992
694.95005992
694.95005992
694.95005992
694.95005992
694.95005992
694.95005992
694.95005992
694.95005992
694.95005992
694.95005992
694.95005992
694.95005992
694.95005992
694.95005992
694.95005992
694.95005992
694.95005992
694.95005992
694.95005992
694.95005992
694.95005992
694.95005992
694.95005992
694.95005992
694.95005992
694.95005992
694.95005992
694.95005992
694.95005992
694.95005992
694.95005992
694.95005992
694.95005992
694.95005992
694.95005992
694.95005992
694.95005992
694.95005992
694.95005992
694.95005992
694.95005992
694.95005992
694.95005992
694.95005992
694.95005992
694.95005992
694.95005992
694.95005992
694.95005992
694.95005992
694.95005992
694.95005992
694.95005992
694.95005992
694.95005992
694.95005992
694.95005992
694.95005992
694.95005992
694.95005992
694.95005992
694.95005992
694.95005992
694.95005992
694.95005992
694.95005992
694.95005992
694.95005992
694.95005992
694.95005992
694.95005992
694.95005992
694.95005992
694.95005992
694.95005992
694.95005992
694.95005992
694.95005992
694.95005992
694.95005992
694.95005992
694.95005992
691.956748362
691.956748362
691.956748362
691.956748362
691.956748362
691.956748362
691.956748362
691.956748362
691.956748362
691.956748362
691.956748362
691.956748362
691.956748362
691.956748362
691.956748362
691.956748362
691.956748362
691.956748362
691.956748362
691.956748362
691.956748362
691.956748362
691.956748362
691.956748362
691.956748362
691.956748362
691.956748362
691.956748362
691.956748362
691.956748362
691.956748362
691.956748362
691.956748362
691.956748362
691.956748362
691.956748362
691.956748362
691.956748362
691.956748362
691.956748362
691.956748362
691.956748362
691.956748362
691.956748362
691.956748362
691.956748362
691.956748362
690.559341897
690.559341897
690.559341897
690.559341897
690.559341897
690.559341897
690.559341897
690.559341897
690.559341897
690.559341897
690.559341897
690.559341897
690.559341897
690.559341897
690.559341897
690.559341897
690.559341897
690.559341897
690.559341897
690.559341897
690.559341897
690.559341897
689.108297791
689.108297791
689.108297791
689.108297791
689.108297791
689.108297791
689.108297791
689.108297791
689.108297791
689.108297791
689.108297791
689.108297791
689.108297791
689.108297791
689.108297791
689.108297791
689.108297791
689.108297791
689.108297791
689.108297791
689.108297791
689.108297791
689.108297791
689.108297791
689.108297791
689.108297791
689.108297791
689.108297791
689.108297791
689.108297791
689.108297791
689.108297791
689.108297791
689.108297791
689.108297791
689.108297791
689.108297791
689.108297791
689.108297791
689.108297791
689.108297791
689.108297791
689.108297791
689.108297791
689.108297791
689.108297791
689.108297791
689.108297791
689.108297791
689.108297791
689.108297791
689.108297791
689.108297791
689.108297791
689.108297791
689.108297791
689.108297791
689.108297791
689.108297791
689.108297791
689.108297791
689.108297791
689.108297791
689.108297791
689.108297791
689.108297791
689.108297791
689.108297791
689.108297791
689.108297791
689.108297791
689.108297791
689.108297791
689.108297791
689.108297791
689.108297791
689.108297791
689.108297791
689.108297791
689.108297791
689.108297791
689.108297791
689.108297791
689.108297791
689.108297791
689.108297791
689.108297791
689.108297791
689.108297791
689.108297791
689.108297791
689.108297791
689.108297791
689.108297791
689.108297791
689.108297791
689.108297791
689.108297791
689.108297791
689.108297791
689.108297791
689.108297791
689.108297791
689.108297791
689.108297791
689.108297791
689.108297791
689.108297791
689.108297791
689.108297791
689.108297791
689.108297791
689.108297791
689.108297791
689.108297791
689.108297791
689.108297791
689.108297791
689.108297791
689.108297791
689.108297791
689.108297791
689.108297791
689.108297791
689.108297791
689.108297791
689.108297791
689.108297791
689.108297791
689.108297791
689.108297791
689.108297791
689.108297791
689.108297791
689.108297791
689.108297791
689.108297791
689.108297791
689.108297791
689.108297791
689.108297791
689.108297791
689.108297791
689.108297791
689.108297791
688.675319084
688.675319084
688.675319084
688.675319084
688.675319084
688.675319084
688.675319084
688.675319084
688.675319084
688.675319084
688.675319084
688.675319084
688.675319084
688.675319084
688.675319084
688.675319084
688.675319084
688.675319084
688.675319084
688.675319084
688.675319084
688.675319084
688.675319084
688.675319084
687.778120788
687.778120788
687.778120788
687.778120788
687.778120788
687.778120788
687.778120788
687.778120788
687.778120788
687.778120788
687.778120788
687.778120788
687.778120788
687.778120788
687.778120788
687.778120788
687.778120788
687.778120788
687.778120788
687.778120788
687.778120788
687.778120788
687.778120788
687.778120788
687.778120788
687.778120788
687.778120788
687.778120788
687.778120788
687.778120788
687.778120788
687.778120788
687.778120788
687.778120788
687.778120788
687.778120788
687.778120788
687.778120788
687.778120788
687.778120788
687.778120788
687.778120788
687.778120788
687.778120788
686.450989654
686.450989654
686.450989654
686.450989654
686.450989654
686.450989654
686.450989654
686.450989654
686.450989654
686.450989654
686.450989654
686.450989654
686.450989654
686.450989654
686.450989654
686.450989654
686.450989654
686.450989654
686.450989654
686.450989654
686.450989654
686.450989654
686.450989654
686.450989654
686.450989654
686.450989654
686.450989654
686.450989654
686.450989654
686.450989654
686.450989654
686.450989654
686.450989654
686.450989654
686.450989654
686.450989654
686.450989654
686.450989654
686.450989654
686.450989654
686.450989654
686.450989654
686.450989654
686.450989654
686.450989654
686.450989654
686.450989654
686.450989654
686.450989654
686.450989654
686.450989654
686.450989654
686.450989654
685.593554032
685.593554032
685.593554032
685.593554032
685.593554032
685.593554032
685.593554032
685.593554032
685.593554032
685.593554032
685.593554032
685.593554032
685.593554032
685.593554032
685.593554032
685.593554032
685.593554032
685.593554032
685.593554032
685.593554032
685.593554032
685.593554032
685.593554032
685.593554032
685.593554032
685.593554032
685.593554032
685.593554032
685.593554032
685.593554032
685.593554032
685.593554032
685.593554032
685.593554032
685.593554032
685.593554032
685.593554032
685.593554032
685.593554032
685.593554032
685.593554032
685.593554032
685.593554032
685.593554032
685.593554032
685.593554032
685.593554032
685.593554032
685.593554032
685.593554032
