1640.89764052
1640.89764052
1634.35968423
1634.35968423
1608.50888811
1582.33599499
1582.0658526
1562.31529112
1562.31529112
1512.51784703
1512.51784703
1512.51784703
1512.51784703
1506.26682061
1450.96488886
1450.96488886
1450.96488886
1401.6222083
1401.6222083
1401.6222083
1401.6222083
1392.8291314
1392.8291314
1392.8291314
1374.84135629
1346.77236353
1346.77236353
1346.77236353
1346.77236353
1346.77236353
1326.03657507
1326.03657507
1326.03657507
1326.03657507
1293.79545474
1293.79545474
1247.86376479
1247.86376479
1247.86376479
1247.86376479
1247.86376479
1234.17119846
1234.17119846
1234.17119846
1234.17119846
1234.17119846
1234.17119846
1234.17119846
1234.17119846
1234.17119846
1234.17119846
1216.30454736
1216.30454736
1216.30454736
1216.30454736
1216.30454736
1212.00016598
1212.00016598
1210.02523475
1210.02523475
1210.02523475
1210.02523475
1210.02523475
1210.02523475
1210.02523475
1210.02523475
1210.02523475
1196.16992394
1196.16992394
1196.16992394
1196.16992394
1196.16992394
1193.99126077
1165.19233539
1165.19233539
1165.19233539
1165.19233539
1165.19233539
1165.19233539
1165.19233539
1165.19233539
1165.19233539
1165.19233539
1153.0789357
1146.23443401
1146.23443401
1146.23443401
1146.23443401
1146.23443401
1139.37418119
1139.37418119
1110.45288225
1110.45288225
1110.45288225
1110.45288225
1103.81961336
1103.81961336
1103.81961336
1098.03811419
1098.03811419
1098.03811419
1086.87923056
1086.87923056
1086.87923056
1086.87923056
1086.87923056
1086.87923056
1086.87923056
1084.33487884
1084.33487884
1084.33487884
1084.33487884
1084.33487884
1084.33487884
1084.33487884
1084.33487884
1084.33487884
1084.33487884
1084.33487884
1084.33487884
1084.33487884
1067.06190291
1067.06190291
1067.06190291
1067.06190291
1067.06190291
1067.06190291
1049.25010091
1049.25010091
1049.25010091
1049.25010091
1049.25010091
1049.25010091
1049.25010091
1049.25010091
1049.25010091
1049.25010091
1043.0624066
1043.0624066
1043.0624066
1043.0624066
993.235168018
993.235168018
993.235168018
993.235168018
993.235168018
993.235168018
993.235168018
993.235168018
988.517652236
988.517652236
988.517652236
988.517652236
988.517652236
988.517652236
988.517652236
988.517652236
988.517652236
988.517652236
988.517652236
988.517652236
988.517652236
988.517652236
988.517652236
988.517652236
988.517652236
988.517652236
988.517652236
988.517652236
988.517652236
988.517652236
988.517652236
988.517652236
988.517652236
982.567890556
982.567890556
982.567890556
982.567890556
982.567890556
982.567890556
979.521391948
979.521391948
979.521391948
977.760465956
977.760465956
966.770187674
966.770187674
966.770187674
966.770187674
956.504163546
956.504163546
956.504163546
956.504163546
956.504163546
956.504163546
956.504163546
956.504163546
956.504163546
956.504163546
956.504163546
956.504163546
956.504163546
956.504163546
956.504163546
956.504163546
956.504163546
956.504163546
956.504163546
956.504163546
949.884229038
949.884229038
949.884229038
949.884229038
949.884229038
949.884229038
949.884229038
949.884229038
949.884229038
949.884229038
949.884229038
949.884229038
949.884229038
949.884229038
949.884229038
949.884229038
949.884229038
949.884229038
949.884229038
949.884229038
949.884229038
949.884229038
949.884229038
949.884229038
949.884229038
949.884229038
949.884229038
949.884229038
947.883534708
947.883534708
947.883534708
947.883534708
947.883534708
947.883534708
947.883534708
947.883534708
947.883534708
947.883534708
947.883534708
947.883534708
947.883534708
947.883534708
947.883534708
947.883534708
947.883534708
947.883534708
947.883534708
947.883534708
947.883534708
947.883534708
947.883534708
945.066680523
945.066680523
945.066680523
945.066680523
945.066680523
945.066680523
945.066680523
945.066680523
945.066680523
945.066680523
945.066680523
945.066680523
945.066680523
945.066680523
945.066680523
930.245166843
930.245166843
930.245166843
930.245166843
930.245166843
900.770221336
900.770221336
900.770221336
900.770221336
900.770221336
900.770221336
900.770221336
900.770221336
900.770221336
900.770221336
900.770221336
900.770221336
900.770221336
900.770221336
900.770221336
900.770221336
900.770221336
900.770221336
900.770221336
900.770221336
900.770221336
900.770221336
900.770221336
900.770221336
900.770221336
900.770221336
900.770221336
900.770221336
900.770221336
900.770221336
900.770221336
900.770221336
900.770221336
900.770221336
900.770221336
900.770221336
900.770221336
900.770221336
900.770221336
900.770221336
900.770221336
900.770221336
890.426099221
890.426099221
890.426099221
890.426099221
890.426099221
890.426099221
890.426099221
890.426099221
890.426099221
890.426099221
890.426099221
886.219977528
886.219977528
879.891416601
879.891416601
879.891416601
879.891416601
879.891416601
879.891416601
879.891416601
879.891416601
879.891416601
879.891416601
879.891416601
879.891416601
879.891416601
879.891416601
879.891416601
879.891416601
879.891416601
879.891416601
879.891416601
879.891416601
879.891416601
879.891416601
879.891416601
879.891416601
879.891416601
879.891416601
879.891416601
879.891416601
879.891416601
879.891416601
879.891416601
879.891416601
879.891416601
879.891416601
879.891416601
879.891416601
879.891416601
879.891416601
879.891416601
879.891416601
879.891416601
879.891416601
879.891416601
879.891416601
879.891416601
879.891416601
879.891416601
879.891416601
874.63427268
874.63427268
874.63427268
874.63427268
874.63427268
874.63427268
874.63427268
874.63427268
874.63427268
866.697451903
866.697451903
866.697451903
866.697451903
866.697451903
866.697451903
866.697451903
866.697451903
866.697451903
866.697451903
866.697451903
866.697451903
866.697451903
866.697451903
866.697451903
866.697451903
866.697451903
866.697451903
866.697451903
866.697451903
866.697451903
854.707327321
846.859556131
846.859556131
846.859556131
846.859556131
846.859556131
846.825988298
846.825988298
846.825988298
846.825988298
846.825988298
846.825988298
846.825988298
846.825988298
846.825988298
846.825988298
846.825988298
846.825988298
846.825988298
846.825988298
846.825988298
846.825988298
846.825988298
846.825988298
846.825988298
846.825988298
846.825988298
846.825988298
846.825988298
846.825988298
846.825988298
846.825988298
846.825988298
846.825988298
846.825988298
846.825988298
846.825988298
846.825988298
846.825988298
846.825988298
846.825988298
846.825988298
846.825988298
846.825988298
846.825988298
846.825988298
846.825988298
846.825988298
846.825988298
846.825988298
846.825988298
846.825988298
846.825988298
846.825988298
846.825988298
846.825988298
846.825988298
846.825988298
846.825988298
846.825988298
846.825988298
846.825988298
846.825988298
846.825988298
846.825988298
846.825988298
846.825988298
846.825988298
846.825988298
846.825988298
846.825988298
846.825988298
846.825988298
846.825988298
846.825988298
846.825988298
846.825988298
846.825988298
846.825988298
846.825988298
846.825988298
846.825988298
846.825988298
846.825988298
846.825988298
846.825988298
846.825988298
846.825988298
846.825988298
846.825988298
846.825988298
846.825988298
846.825988298
846.825988298
846.825988298
846.825988298
836.56498751
836.56498751
836.56498751
836.56498751
836.56498751
822.924659875
822.924659875
822.924659875
822.924659875
822.924659875
822.924659875
822.924659875
822.924659875
822.924659875
822.924659875
822.924659875
822.924659875
822.924659875
822.924659875
822.924659875
822.924659875
822.924659875
822.924659875
822.924659875
822.924659875
822.924659875
822.924659875
822.924659875
817.225017723
817.225017723
817.225017723
817.225017723
817.225017723
817.225017723
817.225017723
817.225017723
817.225017723
817.225017723
817.225017723
817.225017723
817.225017723
817.225017723
817.225017723
817.225017723
817.225017723
817.225017723
817.225017723
817.225017723
817.225017723
817.225017723
817.225017723
817.225017723
817.225017723
817.225017723
817.225017723
817.225017723
817.225017723
817.225017723
817.225017723
817.225017723
817.225017723
817.225017723
817.225017723
817.225017723
817.225017723
817.225017723
817.225017723
817.225017723
806.550520211
806.550520211
806.550520211
806.550520211
806.550520211
806.550520211
806.550520211
806.550520211
806.550520211
806.550520211
806.550520211
806.550520211
806.550520211
806.550520211
806.550520211
806.550520211
806.550520211
806.550520211
806.550520211
806.550520211
806.550520211
806.550520211
806.550520211
806.550520211
806.550520211
806.550520211
806.550520211
806.550520211
806.550520211
806.550520211
806.550520211
806.550520211
803.480781122
803.480781122
803.480781122
803.480781122
803.480781122
803.480781122
803.480781122
803.480781122
803.480781122
803.480781122
803.480781122
803.480781122
803.480781122
803.480781122
803.480781122
803.480781122
803.480781122
803.480781122
803.480781122
803.480781122
803.480781122
803.480781122
803.480781122
803.480781122
803.480781122
803.480781122
803.480781122
803.480781122
803.480781122
803.480781122
803.480781122
803.480781122
803.480781122
799.825450661
799.825450661
799.825450661
799.825450661
799.825450661
799.825450661
799.825450661
799.825450661
799.825450661
799.825450661
799.825450661
799.825450661
799.825450661
799.825450661
799.825450661
799.825450661
799.825450661
799.825450661
799.825450661
799.825450661
799.825450661
799.825450661
799.825450661
799.825450661
799.825450661
799.825450661
799.825450661
799.825450661
799.825450661
799.825450661
799.825450661
799.825450661
799.825450661
799.825450661
799.825450661
799.825450661
799.825450661
799.825450661
799.825450661
799.825450661
799.825450661
799.825450661
799.825450661
799.825450661
799.825450661
799.825450661
799.825450661
799.825450661
799.825450661
799.26900991
799.26900991
799.26900991
799.26900991
799.26900991
799.26900991
799.26900991
799.26900991
799.26900991
799.26900991
799.26900991
799.26900991
799.26900991
799.26900991
799.26900991
799.26900991
799.26900991
798.485963046
798.485963046
798.485963046
798.485963046
798.485963046
798.485963046
798.485963046
798.485963046
798.485963046
798.485963046
798.485963046
798.485963046
784.986045288
784.986045288
784.986045288
784.986045288
784.986045288
784.986045288
782.450150612
782.01847335
782.01847335
782.01847335
782.01847335
782.01847335
782.01847335
782.01847335
782.01847335
782.01847335
782.01847335
782.01847335
782.01847335
782.01847335
782.01847335
782.01847335
782.01847335
782.01847335
782.01847335
782.01847335
782.01847335
782.01847335
782.01847335
782.01847335
782.01847335
782.01847335
782.01847335
782.01847335
782.01847335
782.01847335
782.01847335
782.01847335
782.01847335
782.01847335
782.01847335
782.01847335
782.01847335
782.01847335
782.01847335
781.957580988
781.957580988
781.957580988
781.957580988
781.957580988
781.957580988
781.957580988
781.957580988
781.957580988
781.957580988
781.957580988
781.957580988
781.957580988
781.957580988
781.957580988
781.957580988
781.957580988
781.957580988
781.957580988
781.957580988
781.957580988
781.957580988
781.957580988
781.957580988
781.957580988
781.957580988
781.957580988
781.957580988
777.173508587
777.173508587
777.173508587
777.173508587
777.173508587
777.173508587
777.173508587
777.173508587
777.173508587
777.173508587
777.173508587
777.173508587
777.173508587
777.173508587
777.173508587
777.173508587
777.173508587
777.173508587
777.173508587
777.173508587
777.173508587
777.173508587
777.173508587
777.173508587
777.173508587
777.173508587
777.173508587
777.173508587
777.173508587
777.173508587
777.173508587
777.173508587
777.173508587
777.173508587
777.173508587
777.173508587
777.173508587
777.173508587
777.173508587
777.173508587
777.173508587
777.173508587
777.173508587
777.173508587
777.173508587
777.173508587
777.173508587
777.173508587
777.173508587
777.173508587
777.173508587
777.173508587
777.173508587
777.173508587
777.173508587
777.173508587
777.173508587
777.173508587
775.406882703
775.406882703
775.406882703
775.406882703
775.406882703
775.406882703
775.406882703
775.406882703
775.406882703
775.406882703
775.406882703
775.406882703
775.406882703
775.406882703
775.406882703
774.028960942
774.028960942
774.028960942
774.028960942
774.028960942
774.028960942
774.028960942
774.028960942
774.028960942
774.028960942
774.028960942
774.028960942
774.028960942
774.028960942
774.028960942
774.028960942
774.028960942
774.028960942
774.028960942
774.028960942
774.028960942
774.028960942
774.028960942
774.028960942
774.028960942
773.685004479
773.685004479
773.685004479
773.685004479
769.069973166
746.301016934
746.301016934
746.301016934
746.301016934
746.116351737
746.116351737
745.130073455
745.130073455
745.130073455
745.130073455
745.130073455
745.130073455
745.130073455
745.130073455
745.130073455
745.130073455
745.130073455
745.130073455
745.130073455
745.130073455
745.130073455
745.130073455
745.130073455
745.130073455
745.130073455
745.130073455
745.130073455
745.130073455
744.447639478
744.447639478
744.447639478
744.447639478
744.447639478
744.447639478
744.447639478
744.447639478
744.447639478
744.447639478
744.447639478
744.447639478
744.447639478
744.447639478
744.447639478
744.447639478
744.447639478
744.447639478
744.447639478
744.447639478
744.447639478
744.447639478
744.447639478
744.447639478
744.447639478
744.447639478
744.447639478
744.447639478
744.447639478
744.447639478
744.447639478
744.447639478
744.447639478
744.447639478
744.447639478
744.447639478
744.447639478
744.447639478
744.447639478
744.447639478
744.447639478
744.447639478
744.447639478
744.447639478
744.447639478
744.447639478
744.447639478
744.447639478
744.447639478
744.447639478
744.447639478
744.447639478
744.447639478
744.447639478
744.447639478
744.447639478
744.447639478
737.101114998
737.101114998
737.101114998
737.101114998
737.101114998
737.101114998
737.101114998
737.101114998
737.101114998
737.101114998
737.101114998
737.101114998
737.101114998
737.101114998
737.101114998
737.101114998
721.502788978
721.502788978
721.502788978
721.502788978
721.502788978
721.502788978
721.502788978
721.502788978
721.502788978
719.364547042
719.364547042
719.364547042
719.364547042
719.364547042
719.364547042
719.364547042
719.364547042
719.364547042
719.364547042
719.364547042
719.364547042
719.364547042
719.364547042
719.364547042
719.364547042
719.364547042
719.364547042
719.364547042
719.364547042
719.364547042
719.364547042
719.364547042
719.364547042
719.364547042
719.364547042
719.364547042
719.364547042
719.364547042
719.364547042
719.364547042
719.364547042
719.364547042
719.364547042
719.364547042
719.364547042
719.364547042
719.364547042
719.364547042
719.364547042
719.364547042
719.364547042
719.364547042
719.364547042
719.364547042
719.364547042
719.364547042
719.364547042
719.364547042
719.364547042
719.364547042
719.364547042
719.364547042
719.364547042
719.364547042
719.364547042
719.364547042
719.364547042
719.364547042
719.364547042
719.364547042
719.364547042
719.364547042
719.364547042
719.364547042
719.364547042
719.364547042
719.364547042
719.364547042
719.364547042
719.364547042
719.364547042
719.364547042
719.364547042
719.364547042
719.364547042
719.364547042
719.364547042
719.364547042
719.364547042
719.364547042
719.364547042
719.364547042
719.364547042
719.364547042
719.364547042
719.364547042
719.364547042
719.364547042
719.364547042
719.364547042
719.364547042
719.364547042
719.364547042
719.364547042
719.364547042
719.364547042
719.364547042
719.364547042
719.364547042
719.364547042
719.364547042
719.364547042
719.364547042
719.364547042
719.364547042
719.364547042
719.364547042
719.364547042
719.364547042
719.364547042
719.364547042
719.364547042
719.364547042
719.364547042
719.364547042
719.364547042
719.364547042
719.364547042
719.364547042
719.364547042
719.364547042
719.364547042
719.364547042
719.364547042
719.364547042
719.364547042
719.364547042
713.177524097
713.177524097
713.177524097
713.177524097
713.177524097
713.177524097
713.177524097
713.177524097
713.177524097
713.177524097
713.177524097
713.177524097
713.177524097
713.177524097
713.177524097
713.177524097
713.177524097
713.177524097
713.177524097
713.177524097
713.177524097
713.177524097
713.177524097
713.177524097
713.177524097
713.177524097
713.177524097
713.177524097
713.177524097
713.177524097
713.177524097
713.177524097
713.177524097
713.177524097
713.177524097
713.177524097
713.177524097
713.177524097
713.177524097
713.177524097
713.177524097
713.177524097
713.177524097
713.177524097
713.177524097
713.177524097
713.177524097
713.177524097
713.177524097
713.177524097
713.177524097
713.177524097
713.177524097
713.177524097
713.177524097
713.177524097
713.177524097
713.177524097
713.177524097
713.177524097
713.177524097
713.177524097
713.177524097
713.177524097
713.177524097
713.177524097
713.177524097
713.177524097
713.177524097
713.177524097
713.177524097
713.177524097
713.177524097
713.177524097
713.177524097
713.177524097
713.177524097
713.177524097
713.177524097
713.177524097
713.177524097
713.177524097
713.177524097
713.177524097
713.177524097
713.177524097
713.177524097
713.177524097
713.177524097
713.177524097
713.177524097
713.177524097
713.177524097
713.177524097
713.177524097
713.177524097
713.177524097
713.177524097
713.177524097
713.177524097
713.177524097
713.177524097
713.177524097
713.177524097
713.177524097
713.177524097
713.177524097
713.177524097
713.177524097
713.177524097
713.177524097
711.603817167
711.603817167
711.603817167
711.603817167
711.603817167
711.603817167
711.603817167
711.603817167
711.603817167
711.603817167
711.603817167
711.603817167
711.603817167
711.603817167
711.603817167
711.603817167
711.603817167
711.603817167
711.603817167
711.603817167
711.603817167
711.603817167
711.603817167
711.603817167
711.603817167
711.603817167
711.603817167
711.603817167
711.603817167
711.603817167
711.603817167
711.603817167
711.603817167
711.603817167
711.603817167
711.603817167
711.603817167
711.603817167
711.603817167
711.603817167
711.603817167
711.603817167
711.603817167
711.603817167
711.603817167
711.603817167
711.603817167
711.603817167
711.603817167
711.603817167
711.603817167
711.603817167
711.603817167
711.603817167
711.603817167
711.603817167
711.603817167
711.603817167
711.603817167
711.603817167
711.603817167
711.603817167
711.603817167
711.603817167
711.603817167
711.603817167
711.603817167
711.603817167
711.603817167
711.603817167
711.603817167
711.603817167
711.603817167
711.603817167
711.603817167
711.603817167
711.603817167
711.603817167
711.603817167
711.603817167
711.603817167
711.603817167
711.603817167
711.603817167
711.603817167
711.603817167
711.603817167
711.603817167
711.603817167
711.603817167
711.603817167
711.603817167
711.603817167
711.603817167
711.603817167
711.603817167
711.603817167
711.603817167
711.603817167
711.603817167
711.603817167
711.603817167
709.249608799
708.660795235
708.660795235
708.660795235
708.660795235
708.660795235
708.660795235
708.660795235
708.660795235
708.660795235
708.660795235
708.660795235
708.660795235
708.660795235
708.660795235
708.660795235
708.660795235
708.660795235
708.660795235
708.660795235
708.660795235
708.660795235
708.660795235
708.660795235
708.660795235
708.660795235
708.660795235
708.660795235
708.660795235
708.660795235
708.660795235
708.660795235
708.660795235
708.660795235
708.660795235
708.660795235
708.660795235
708.660795235
708.660795235
708.660795235
708.660795235
708.660795235
708.660795235
708.660795235
708.660795235
708.660795235
708.660795235
708.660795235
708.660795235
708.660795235
708.660795235
708.660795235
699.37646852
699.37646852
699.37646852
699.37646852
699.37646852
699.37646852
699.37646852
699.37646852
699.37646852
699.37646852
699.37646852
699.37646852
699.37646852
699.37646852
699.37646852
699.37646852
699.37646852
699.37646852
699.37646852
699.37646852
699.37646852
699.37646852
699.37646852
699.37646852
699.37646852
699.37646852
699.37646852
699.37646852
699.37646852
699.37646852
699.37646852
699.37646852
699.37646852
699.37646852
699.37646852
699.37646852
699.37646852
699.37646852
699.37646852
699.37646852
699.37646852
699.37646852
699.37646852
699.37646852
699.37646852
699.37646852
699.37646852
698.344862195
698.344862195
698.344862195
698.344862195
698.344862195
698.344862195
698.344862195
698.344862195
698.344862195
698.344862195
698.344862195
695.834119876
695.834119876
695.834119876
695.834119876
695.834119876
695.834119876
695.834119876
695.834119876
695.834119876
695.834119876
695.834119876
695.834119876
695.834119876
695.748359974
695.748359974
695.748359974
695.748359974
695.748359974
695.748359974
695.748359974
695.748359974
695.748359974
695.748359974
695.748359974
695.748359974
695.748359974
695.748359974
695.748359974
695.748359974
695.748359974
695.748359974
695.748359974
695.748359974
695.748359974
695.748359974
695.748359974
695.748359974
695.748359974
695.748359974
695.748359974
695.748359974
695.748359974
695.748359974
695.748359974
695.748359974
695.748359974
695.748359974
695.748359974
695.748359974
695.748359974
695.748359974
695.748359974
693.87092876
693.87092876
693.87092876
693.87092876
693.87092876
693.87092876
693.87092876
693.87092876
693.87092876
693.87092876
693.87092876
693.87092876
693.87092876
693.87092876
693.87092876
693.87092876
693.87092876
693.87092876
693.87092876
693.87092876
693.87092876
693.87092876
693.87092876
693.87092876
693.87092876
693.87092876
693.87092876
693.87092876
693.87092876
693.87092876
693.87092876
693.87092876
693.87092876
693.87092876
693.87092876
693.87092876
693.87092876
693.87092876
693.745942406
693.745942406
693.745942406
693.745942406
693.745942406
693.745942406
693.745942406
693.745942406
693.745942406
693.745942406
693.745942406
693.745942406
693.745942406
693.745942406
693.745942406
693.745942406
693.745942406
693.745942406
693.745942406
693.745942406
693.745942406
693.745942406
693.745942406
693.745942406
693.745942406
693.745942406
693.745942406
693.745942406
693.745942406
693.745942406
693.745942406
693.745942406
693.745942406
693.745942406
693.745942406
693.745942406
693.745942406
693.745942406
693.745942406
693.745942406
693.745942406
693.745942406
693.745942406
693.745942406
693.745942406
693.745942406
693.745942406
692.413117185
692.413117185
692.413117185
692.413117185
692.413117185
692.413117185
692.413117185
692.413117185
692.413117185
692.413117185
692.413117185
692.413117185
692.413117185
692.413117185
692.413117185
692.413117185
692.413117185
692.413117185
692.413117185
692.413117185
692.413117185
692.413117185
692.413117185
692.413117185
692.413117185
692.413117185
692.413117185
692.413117185
692.413117185
692.413117185
692.413117185
692.413117185
692.413117185
692.413117185
692.413117185
692.413117185
692.413117185
692.413117185
692.413117185
692.413117185
692.413117185
692.413117185
692.413117185
692.413117185
692.413117185
692.413117185
692.413117185
692.413117185
692.413117185
692.413117185
692.413117185
692.413117185
692.413117185
692.413117185
692.413117185
692.413117185
692.413117185
692.413117185
692.413117185
692.413117185
692.413117185
692.413117185
692.413117185
692.413117185
692.413117185
692.413117185
692.413117185
692.413117185
692.413117185
692.413117185
692.413117185
692.413117185
692.413117185
692.413117185
692.413117185
692.413117185
692.413117185
692.413117185
692.413117185
692.413117185
692.413117185
692.413117185
692.413117185
692.413117185
692.413117185
692.413117185
692.413117185
692.413117185
692.413117185
692.413117185
692.413117185
692.413117185
692.413117185
692.413117185
692.413117185
692.413117185
692.413117185
692.413117185
692.413117185
692.413117185
692.413117185
692.413117185
692.413117185
692.413117185
692.413117185
692.413117185
692.413117185
692.413117185
692.413117185
692.413117185
692.413117185
692.413117185
692.413117185
692.413117185
692.413117185
692.413117185
692.413117185
692.413117185
692.413117185
692.413117185
692.413117185
692.413117185
692.413117185
692.413117185
692.413117185
692.413117185
692.413117185
692.413117185
692.413117185
692.413117185
692.413117185
692.413117185
692.413117185
692.413117185
692.413117185
692.413117185
692.413117185
692.413117185
692.413117185
692.413117185
692.413117185
692.413117185
692.413117185
692.413117185
692.413117185
692.413117185
692.413117185
692.413117185
692.413117185
692.413117185
692.413117185
692.413117185
692.413117185
692.413117185
692.413117185
692.413117185
692.413117185
692.413117185
692.413117185
692.413117185
692.413117185
692.413117185
692.413117185
692.413117185
692.413117185
692.413117185
692.413117185
692.413117185
692.413117185
692.413117185
692.413117185
692.413117185
692.413117185
692.413117185
692.413117185
692.413117185
692.413117185
692.413117185
692.413117185
692.413117185
692.413117185
692.413117185
692.413117185
692.413117185
692.413117185
692.413117185
692.413117185
692.413117185
692.413117185
692.413117185
692.413117185
692.413117185
692.413117185
692.413117185
692.413117185
692.413117185
692.413117185
692.413117185
692.413117185
692.413117185
692.413117185
692.413117185
692.413117185
692.413117185
692.413117185
692.413117185
692.413117185
692.413117185
692.413117185
692.413117185
692.413117185
692.413117185
692.413117185
692.413117185
692.413117185
692.413117185
692.413117185
692.413117185
692.413117185
692.413117185
692.413117185
692.413117185
692.413117185
692.413117185
692.413117185
692.413117185
692.413117185
692.413117185
692.413117185
692.413117185
692.413117185
692.413117185
692.413117185
692.413117185
692.413117185
692.413117185
692.413117185
692.413117185
692.413117185
692.413117185
692.413117185
692.413117185
692.413117185
692.413117185
692.413117185
692.413117185
692.413117185
692.413117185
692.413117185
692.413117185
692.413117185
692.413117185
692.413117185
692.413117185
692.413117185
692.413117185
692.413117185
692.413117185
692.413117185
692.413117185
692.413117185
692.413117185
692.413117185
692.413117185
692.413117185
692.413117185
692.413117185
692.413117185
692.413117185
692.413117185
692.413117185
692.413117185
692.413117185
692.413117185
692.413117185
692.413117185
692.413117185
692.413117185
692.413117185
692.413117185
692.413117185
692.413117185
692.413117185
692.413117185
692.413117185
692.413117185
692.413117185
692.413117185
692.413117185
692.413117185
692.413117185
692.413117185
692.413117185
692.413117185
692.413117185
692.413117185
692.413117185
692.413117185
692.413117185
692.413117185
692.413117185
692.413117185
692.413117185
692.413117185
692.413117185
692.413117185
692.413117185
692.413117185
692.413117185
692.413117185
692.413117185
692.413117185
692.413117185
692.413117185
692.413117185
692.413117185
692.413117185
692.413117185
692.413117185
692.413117185
692.413117185
692.413117185
692.413117185
692.413117185
692.413117185
692.413117185
692.413117185
692.413117185
692.413117185
692.413117185
692.413117185
692.413117185
692.413117185
692.413117185
692.413117185
692.413117185
692.413117185
692.413117185
692.413117185
692.413117185
692.413117185
692.413117185
692.413117185
692.413117185
692.413117185
692.413117185
692.413117185
692.413117185
692.413117185
692.413117185
692.413117185
692.413117185
692.413117185
692.413117185
692.413117185
692.413117185
692.413117185
692.413117185
692.413117185
692.413117185
692.413117185
692.413117185
692.413117185
692.413117185
692.413117185
692.413117185
692.413117185
692.413117185
692.413117185
692.413117185
692.413117185
692.413117185
692.413117185
692.413117185
692.413117185
692.413117185
692.413117185
692.413117185
692.413117185
691.888813827
691.888813827
691.888813827
691.888813827
691.888813827
691.888813827
691.888813827
691.888813827
691.888813827
691.888813827
691.888813827
691.888813827
691.888813827
691.888813827
691.888813827
691.888813827
691.888813827
691.888813827
691.888813827
691.888813827
691.888813827
691.888813827
691.888813827
691.888813827
691.888813827
691.888813827
691.888813827
691.888813827
691.888813827
691.888813827
691.888813827
691.888813827
691.888813827
691.888813827
691.888813827
691.888813827
691.888813827
691.888813827
691.888813827
691.888813827
691.888813827
691.888813827
691.888813827
691.888813827
691.888813827
691.888813827
691.888813827
691.888813827
691.888813827
691.888813827
691.888813827
691.888813827
691.888813827
691.888813827
691.888813827
691.888813827
691.888813827
691.888813827
691.888813827
691.888813827
691.888813827
691.888813827
691.888813827
691.888813827
691.888813827
691.888813827
691.888813827
691.888813827
691.888813827
691.888813827
691.888813827
691.888813827
691.888813827
691.888813827
691.888813827
691.888813827
691.888813827
691.888813827
691.888813827
691.888813827
691.888813827
691.888813827
691.888813827
691.46820686
691.46820686
691.46820686
691.46820686
691.46820686
691.46820686
691.46820686
691.46820686
691.46820686
691.46820686
691.46820686
691.46820686
691.46820686
691.46820686
691.46820686
691.46820686
691.46820686
691.46820686
691.46820686
691.46820686
691.46820686
691.46820686
691.46820686
691.46820686
691.46820686
691.46820686
691.46820686
691.46820686
691.46820686
691.46820686
691.46820686
691.46820686
691.46820686
691.46820686
691.46820686
691.46820686
691.46820686
691.46820686
691.46820686
691.46820686
691.46820686
691.46820686
691.46820686
691.46820686
691.46820686
691.46820686
691.46820686
691.46820686
691.46820686
691.46820686
691.46820686
691.46820686
691.46820686
691.46820686
691.46820686
691.46820686
691.46820686
691.46820686
691.46820686
691.46820686
691.46820686
691.46820686
691.46820686
691.46820686
691.46820686
691.46820686
691.46820686
691.46820686
691.46820686
691.46820686
691.46820686
691.46820686
691.46820686
691.46820686
691.46820686
691.46820686
691.46820686
691.46820686
691.46820686
691.46820686
691.46820686
691.46820686
691.46820686
691.46820686
691.46820686
691.46820686
691.46820686
691.46820686
691.46820686
691.46820686
691.46820686
691.46820686
691.46820686
691.46820686
691.46820686
691.46820686
691.46820686
691.46820686
691.46820686
691.46820686
691.46820686
691.46820686
691.46820686
691.46820686
691.46820686
691.46820686
691.46820686
691.46820686
691.46820686
691.46820686
691.46820686
691.46820686
691.46820686
691.46820686
691.46820686
691.46820686
691.46820686
691.46820686
691.46820686
691.46820686
691.46820686
691.46820686
691.46820686
691.46820686
691.46820686
691.46820686
691.46820686
691.46820686
691.46820686
691.46820686
691.46820686
691.46820686
691.46820686
691.46820686
691.46820686
691.46820686
691.46820686
691.46820686
691.46820686
691.46820686
691.46820686
691.46820686
691.46820686
691.46820686
691.46820686
691.46820686
691.46820686
691.46820686
691.46820686
691.46820686
691.46820686
691.46820686
691.46820686
691.46820686
687.716593058
687.716593058
687.716593058
687.716593058
687.716593058
687.716593058
687.716593058
687.716593058
687.716593058
687.716593058
687.716593058
687.716593058
687.716593058
687.716593058
687.716593058
687.716593058
687.716593058
687.716593058
687.716593058
687.716593058
687.716593058
687.716593058
687.716593058
687.716593058
687.716593058
687.716593058
687.716593058
687.716593058
687.716593058
687.716593058
687.716593058
687.716593058
687.716593058
687.716593058
687.716593058
687.716593058
687.716593058
687.716593058
687.716593058
687.716593058
687.716593058
687.716593058
687.716593058
687.716593058
687.716593058
687.716593058
687.716593058
687.716593058
687.716593058
687.716593058
687.716593058
687.716593058
687.716593058
687.716593058
687.716593058
687.716593058
687.716593058
687.716593058
687.716593058
687.716593058
687.716593058
687.716593058
687.716593058
687.716593058
687.716593058
687.716593058
687.716593058
687.716593058
687.716593058
687.716593058
687.716593058
687.716593058
687.716593058
687.716593058
687.716593058
687.716593058
687.716593058
687.716593058
687.716593058
687.716593058
687.716593058
687.716593058
687.716593058
687.716593058
687.716593058
687.716593058
687.716593058
687.716593058
687.716593058
687.716593058
687.716593058
687.716593058
687.716593058
687.716593058
687.716593058
687.716593058
687.716593058
687.716593058
687.716593058
687.716593058
687.716593058
687.716593058
687.716593058
687.716593058
687.716593058
687.716593058
687.716593058
687.716593058
687.716593058
687.716593058
687.716593058
687.716593058
687.716593058
687.716593058
687.716593058
687.716593058
687.716593058
687.716593058
687.716593058
687.716593058
687.716593058
687.716593058
687.716593058
687.716593058
687.716593058
687.716593058
687.716593058
687.716593058
687.716593058
687.716593058
687.716593058
687.716593058
687.716593058
687.716593058
687.716593058
687.716593058
687.716593058
687.716593058
687.716593058
687.716593058
687.716593058
687.716593058
687.716593058
687.716593058
687.716593058
687.716593058
687.716593058
687.716593058
687.716593058
687.716593058
687.716593058
687.716593058
687.716593058
687.716593058
687.716593058
687.716593058
687.716593058
687.716593058
687.716593058
687.716593058
687.716593058
687.716593058
687.716593058
687.716593058
687.716593058
687.716593058
687.716593058
687.716593058
687.716593058
687.716593058
687.716593058
687.716593058
687.716593058
687.716593058
687.716593058
687.716593058
687.716593058
687.716593058
687.716593058
687.716593058
687.716593058
687.716593058
687.716593058
687.716593058
687.716593058
687.716593058
687.716593058
687.716593058
687.716593058
687.716593058
687.716593058
687.716593058
687.716593058
687.716593058
687.716593058
687.716593058
687.716593058
685.761414184
685.761414184
685.761414184
685.761414184
685.761414184
685.761414184
685.761414184
685.761414184
685.761414184
685.761414184
685.761414184
685.761414184
685.761414184
685.761414184
685.761414184
685.761414184
685.761414184
685.761414184
685.761414184
685.761414184
685.761414184
685.761414184
685.761414184
685.761414184
685.761414184
685.761414184
685.761414184
685.761414184
685.761414184
685.761414184
685.761414184
685.761414184
685.761414184
685.761414184
685.761414184
685.761414184
685.761414184
685.761414184
685.761414184
685.761414184
685.761414184
685.761414184
685.761414184
685.761414184
685.761414184
685.761414184
685.761414184
685.761414184
685.761414184
685.761414184
685.761414184
685.761414184
685.761414184
685.761414184
685.761414184
685.761414184
685.761414184
685.761414184
685.761414184
685.761414184
685.761414184
685.761414184
685.761414184
685.761414184
685.761414184
685.761414184
685.761414184
685.761414184
685.761414184
685.761414184
685.761414184
685.761414184
685.761414184
685.761414184
685.761414184
685.761414184
685.761414184
685.761414184
685.761414184
685.761414184
685.761414184
685.761414184
685.761414184
685.761414184
685.761414184
685.761414184
685.761414184
685.761414184
685.761414184
685.761414184
685.761414184
685.761414184
685.761414184
685.761414184
685.761414184
685.761414184
685.761414184
685.761414184
685.761414184
685.761414184
685.761414184
685.761414184
685.761414184
685.761414184
685.761414184
685.761414184
685.761414184
685.761414184
685.761414184
685.761414184
685.761414184
685.761414184
685.761414184
685.761414184
685.761414184
685.761414184
685.761414184
685.761414184
685.761414184
685.761414184
685.761414184
685.761414184
685.761414184
685.761414184
685.761414184
685.761414184
685.761414184
685.761414184
685.761414184
685.761414184
685.761414184
685.761414184
685.761414184
685.761414184
685.761414184
685.761414184
685.761414184
685.761414184
685.761414184
685.761414184
685.761414184
685.761414184
684.62282989
684.62282989
684.62282989
684.62282989
684.62282989
684.62282989
684.62282989
684.62282989
684.62282989
684.62282989
684.62282989
684.62282989
684.62282989
684.62282989
684.62282989
684.62282989
684.62282989
684.62282989
682.316356675
682.316356675
682.316356675
682.316356675
682.316356675
682.316356675
682.316356675
682.316356675
682.316356675
682.316356675
682.316356675
682.316356675
682.316356675
682.316356675
682.316356675
682.316356675
682.316356675
682.316356675
682.316356675
682.316356675
682.316356675
682.316356675
682.316356675
682.316356675
682.316356675
682.316356675
682.316356675
682.316356675
682.316356675
682.316356675
682.316356675
682.316356675
682.316356675
682.316356675
682.316356675
682.316356675
682.316356675
682.316356675
682.316356675
682.316356675
682.316356675
682.316356675
682.316356675
682.316356675
682.316356675
682.316356675
682.316356675
682.316356675
682.316356675
682.316356675
682.316356675
682.316356675
682.316356675
682.316356675
682.316356675
682.316356675
682.316356675
682.316356675
673.425315131
673.425315131
673.425315131
673.425315131
673.425315131
673.425315131
673.425315131
673.425315131
673.425315131
673.425315131
673.425315131
673.425315131
673.425315131
667.651793614
667.651793614
667.651793614
667.651793614
667.651793614
667.651793614
667.651793614
667.651793614
667.651793614
667.651793614
667.651793614
667.651793614
667.651793614
667.651793614
667.651793614
667.651793614
667.651793614
667.651793614
667.651793614
667.651793614
667.651793614
667.651793614
667.651793614
667.651793614
667.651793614
667.306402559
667.306402559
667.306402559
667.306402559
667.306402559
667.306402559
667.306402559
667.306402559
667.306402559
667.306402559
667.306402559
667.306402559
667.306402559
667.306402559
667.306402559
667.306402559
667.306402559
667.306402559
667.306402559
667.306402559
667.306402559
667.306402559
667.306402559
667.306402559
667.306402559
667.306402559
667.306402559
667.306402559
667.306402559
667.306402559
667.306402559
667.306402559
667.306402559
667.306402559
667.306402559
667.306402559
667.306402559
667.306402559
667.306402559
667.306402559
667.306402559
667.306402559
667.306402559
667.306402559
667.306402559
667.306402559
667.306402559
667.306402559
667.306402559
667.306402559
667.306402559
667.306402559
667.306402559
667.306402559
667.306402559
667.306402559
667.306402559
667.306402559
667.306402559
667.306402559
667.306402559
664.074904981
664.074904981
664.074904981
664.074904981
664.074904981
664.074904981
664.074904981
664.074904981
664.074904981
664.074904981
664.074904981
664.074904981
664.074904981
664.074904981
664.074904981
664.074904981
664.074904981
664.074904981
664.074904981
664.074904981
664.074904981
664.074904981
664.074904981
664.074904981
664.074904981
664.074904981
664.074904981
664.074904981
664.074904981
664.074904981
664.074904981
664.074904981
664.074904981
664.074904981
664.074904981
664.074904981
664.074904981
664.074904981
664.074904981
664.074904981
664.074904981
664.074904981
664.074904981
664.074904981
664.074904981
664.074904981
664.074904981
664.074904981
664.074904981
664.074904981
664.074904981
664.074904981
664.074904981
664.074904981
664.074904981
664.074904981
664.074904981
657.520301194
657.520301194
657.520301194
657.520301194
657.520301194
657.520301194
657.520301194
657.520301194
657.520301194
657.520301194
657.520301194
657.520301194
657.520301194
657.520301194
657.520301194
657.520301194
657.520301194
657.520301194
657.520301194
657.520301194
657.520301194
657.520301194
657.520301194
657.520301194
657.520301194
657.520301194
657.520301194
657.520301194
657.520301194
657.520301194
657.520301194
657.520301194
657.520301194
657.520301194
657.520301194
657.520301194
657.520301194
657.520301194
657.520301194
657.520301194
657.520301194
657.520301194
657.520301194
657.520301194
657.520301194
657.520301194
657.520301194
657.520301194
657.520301194
657.520301194
657.520301194
657.520301194
657.520301194
657.520301194
657.520301194
657.520301194
657.520301194
657.520301194
657.520301194
657.520301194
657.520301194
657.520301194
657.520301194
657.520301194
657.520301194
657.520301194
657.520301194
657.520301194
657.520301194
657.520301194
657.520301194
657.520301194
657.520301194
657.520301194
657.520301194
657.520301194
657.520301194
657.520301194
657.520301194
657.520301194
657.520301194
657.520301194
657.520301194
657.520301194
657.520301194
657.520301194
657.520301194
657.520301194
657.520301194
657.520301194
657.520301194
657.520301194
657.520301194
657.520301194
657.520301194
657.520301194
657.520301194
657.520301194
657.520301194
657.520301194
657.520301194
657.520301194
657.520301194
657.520301194
657.520301194
657.520301194
657.520301194
657.520301194
657.520301194
657.520301194
657.520301194
657.520301194
657.520301194
657.520301194
657.520301194
657.520301194
657.520301194
657.520301194
657.520301194
657.520301194
657.520301194
657.520301194
657.520301194
657.520301194
657.520301194
657.520301194
657.520301194
657.520301194
657.520301194
657.520301194
657.520301194
657.520301194
657.520301194
657.520301194
657.520301194
657.520301194
657.520301194
648.610187703
648.610187703
648.610187703
648.610187703
648.610187703
648.610187703
648.610187703
648.610187703
648.610187703
648.610187703
648.610187703
648.610187703
648.610187703
648.610187703
648.610187703
648.610187703
648.610187703
648.610187703
648.610187703
648.610187703
648.610187703
648.610187703
648.610187703
648.610187703
648.610187703
648.610187703
648.610187703
648.610187703
648.610187703
648.610187703
648.610187703
648.610187703
648.610187703
648.610187703
648.610187703
648.610187703
648.610187703
648.610187703
648.610187703
648.610187703
648.610187703
648.610187703
648.610187703
648.610187703
648.610187703
648.610187703
637.086895491
637.086895491
637.086895491
637.086895491
637.086895491
637.086895491
637.086895491
637.086895491
637.086895491
637.086895491
637.086895491
637.086895491
637.086895491
637.086895491
637.086895491
637.086895491
637.086895491
637.086895491
637.086895491
637.086895491
637.086895491
637.086895491
637.086895491
637.086895491
637.086895491
637.086895491
637.086895491
637.086895491
637.086895491
637.086895491
637.086895491
637.086895491
637.086895491
637.086895491
637.086895491
637.086895491
637.086895491
637.086895491
637.086895491
637.086895491
637.086895491
637.086895491
637.086895491
637.086895491
637.086895491
637.086895491
637.086895491
637.086895491
637.086895491
637.086895491
637.086895491
637.086895491
637.086895491
637.086895491
637.086895491
637.086895491
637.086895491
637.086895491
637.086895491
637.086895491
637.086895491
637.086895491
637.086895491
637.086895491
637.086895491
637.086895491
637.086895491
637.086895491
637.086895491
637.086895491
637.086895491
637.086895491
637.086895491
637.086895491
637.086895491
637.086895491
637.086895491
637.086895491
637.086895491
637.086895491
637.086895491
634.969217657
634.969217657
634.969217657
634.969217657
634.969217657
634.969217657
634.969217657
634.969217657
634.969217657
634.969217657
634.969217657
634.969217657
634.969217657
634.969217657
634.969217657
634.969217657
634.969217657
634.969217657
634.969217657
634.969217657
634.969217657
634.969217657
634.969217657
634.969217657
634.969217657
634.969217657
634.969217657
634.969217657
634.969217657
634.969217657
634.969217657
634.969217657
634.969217657
634.969217657
634.969217657
634.969217657
634.969217657
634.969217657
634.969217657
634.969217657
634.969217657
634.969217657
634.969217657
634.969217657
634.969217657
634.969217657
634.969217657
634.969217657
634.969217657
634.969217657
634.969217657
634.969217657
634.969217657
634.969217657
634.969217657
634.969217657
634.969217657
634.969217657
634.969217657
634.969217657
634.969217657
634.969217657
634.969217657
634.969217657
634.969217657
634.969217657
634.969217657
634.969217657
634.969217657
634.969217657
634.969217657
634.969217657
634.969217657
634.969217657
634.969217657
634.969217657
634.969217657
634.969217657
634.969217657
634.969217657
634.969217657
634.969217657
634.969217657
634.969217657
634.969217657
634.969217657
634.969217657
634.969217657
634.969217657
634.969217657
634.969217657
634.969217657
634.969217657
634.969217657
634.969217657
634.969217657
634.969217657
634.969217657
634.969217657
634.969217657
634.969217657
634.969217657
634.969217657
634.969217657
634.969217657
634.969217657
634.969217657
634.969217657
634.969217657
634.969217657
634.969217657
634.969217657
634.969217657
634.969217657
634.969217657
634.969217657
634.969217657
634.969217657
634.969217657
634.969217657
634.969217657
634.969217657
634.969217657
634.969217657
634.969217657
634.969217657
634.969217657
634.969217657
634.969217657
634.969217657
634.969217657
634.969217657
634.969217657
634.969217657
634.969217657
634.969217657
634.969217657
634.969217657
634.969217657
634.969217657
634.969217657
634.969217657
634.969217657
634.969217657
634.969217657
634.969217657
634.969217657
634.969217657
634.969217657
634.969217657
634.969217657
634.969217657
634.969217657
634.969217657
634.969217657
634.969217657
634.969217657
634.969217657
634.969217657
634.969217657
634.969217657
634.969217657
634.969217657
634.969217657
634.969217657
634.969217657
634.969217657
634.969217657
634.969217657
634.969217657
634.969217657
634.969217657
634.969217657
634.969217657
634.969217657
634.969217657
634.969217657
634.969217657
634.969217657
634.969217657
634.969217657
634.969217657
634.969217657
634.969217657
628.466272413
628.466272413
628.466272413
628.466272413
628.466272413
628.466272413
628.466272413
628.466272413
628.466272413
628.466272413
628.466272413
628.466272413
628.466272413
628.466272413
628.466272413
628.466272413
628.466272413
628.466272413
628.466272413
628.466272413
628.466272413
628.466272413
628.466272413
628.466272413
628.466272413
628.466272413
628.466272413
628.466272413
628.466272413
628.466272413
628.466272413
628.466272413
628.466272413
628.466272413
628.466272413
628.466272413
628.466272413
628.466272413
628.466272413
628.466272413
628.466272413
628.466272413
628.466272413
628.466272413
628.466272413
628.466272413
628.466272413
628.466272413
628.466272413
628.466272413
628.466272413
628.466272413
628.466272413
628.466272413
628.466272413
628.466272413
628.466272413
628.466272413
628.466272413
628.466272413
628.466272413
628.466272413
628.466272413
628.466272413
628.466272413
628.466272413
628.466272413
628.466272413
628.466272413
628.466272413
628.466272413
628.466272413
628.466272413
628.466272413
628.466272413
628.466272413
628.466272413
628.466272413
628.466272413
628.466272413
628.466272413
628.466272413
628.466272413
628.466272413
628.466272413
628.466272413
628.466272413
628.466272413
628.466272413
628.466272413
628.466272413
628.466272413
628.466272413
628.466272413
628.466272413
628.466272413
628.466272413
628.466272413
628.466272413
628.466272413
628.466272413
628.466272413
628.466272413
628.466272413
628.466272413
628.466272413
628.466272413
628.466272413
628.466272413
628.466272413
628.466272413
628.466272413
628.466272413
628.466272413
628.466272413
628.466272413
628.466272413
628.466272413
628.466272413
628.466272413
628.466272413
628.466272413
628.466272413
628.466272413
628.466272413
628.466272413
628.466272413
628.466272413
628.466272413
628.466272413
628.466272413
628.466272413
628.466272413
628.466272413
628.466272413
628.466272413
628.466272413
628.466272413
628.466272413
628.466272413
628.466272413
628.466272413
628.466272413
628.466272413
628.466272413
625.460618448
625.460618448
625.460618448
625.460618448
625.460618448
625.460618448
625.460618448
625.460618448
625.460618448
625.460618448
625.460618448
625.460618448
625.460618448
625.460618448
625.460618448
625.460618448
625.460618448
625.460618448
625.460618448
625.460618448
625.460618448
625.460618448
625.460618448
625.460618448
625.460618448
625.460618448
625.460618448
625.460618448
625.460618448
624.92342071
624.92342071
624.92342071
624.92342071
624.92342071
624.92342071
624.92342071
624.92342071
624.92342071
624.92342071
624.92342071
624.92342071
624.92342071
624.92342071
624.92342071
624.92342071
624.92342071
624.92342071
624.92342071
624.92342071
624.92342071
624.92342071
624.92342071
624.92342071
624.92342071
624.92342071
624.92342071
624.92342071
624.92342071
624.92342071
624.92342071
624.92342071
624.92342071
624.92342071
624.92342071
624.92342071
624.92342071
624.92342071
624.92342071
624.92342071
624.92342071
624.92342071
624.92342071
624.92342071
624.92342071
624.92342071
624.92342071
624.92342071
624.92342071
624.92342071
624.92342071
624.92342071
624.92342071
624.92342071
624.92342071
624.92342071
624.92342071
624.92342071
624.92342071
624.92342071
624.92342071
624.92342071
624.92342071
624.92342071
624.92342071
624.92342071
624.92342071
624.92342071
624.92342071
624.92342071
624.92342071
624.92342071
624.92342071
624.92342071
624.92342071
624.92342071
624.92342071
624.92342071
624.92342071
624.92342071
624.92342071
624.92342071
624.92342071
624.92342071
624.92342071
624.92342071
624.92342071
624.92342071
624.92342071
624.92342071
624.92342071
624.92342071
624.92342071
624.92342071
624.92342071
624.92342071
624.92342071
624.92342071
624.92342071
624.92342071
624.92342071
624.92342071
624.92342071
624.92342071
624.92342071
624.92342071
624.92342071
624.92342071
624.92342071
624.92342071
624.92342071
624.92342071
624.92342071
624.92342071
624.92342071
624.92342071
624.92342071
624.92342071
624.92342071
624.92342071
624.92342071
624.92342071
624.92342071
624.92342071
624.92342071
624.92342071
624.92342071
624.92342071
624.92342071
624.92342071
624.92342071
624.92342071
624.92342071
620.987547655
620.987547655
620.987547655
620.987547655
620.987547655
620.987547655
620.987547655
620.987547655
620.987547655
620.987547655
620.987547655
620.987547655
620.987547655
620.987547655
620.987547655
620.987547655
620.987547655
620.987547655
620.987547655
620.987547655
620.987547655
620.987547655
620.987547655
620.987547655
620.987547655
620.987547655
620.987547655
620.987547655
620.987547655
620.987547655
620.987547655
620.987547655
620.987547655
620.987547655
620.987547655
620.987547655
620.987547655
620.987547655
620.987547655
620.987547655
620.987547655
620.987547655
620.987547655
620.987547655
620.987547655
620.987547655
620.987547655
620.987547655
620.987547655
620.987547655
620.987547655
620.987547655
620.987547655
620.987547655
620.987547655
620.987547655
620.987547655
620.987547655
620.987547655
620.987547655
620.987547655
620.987547655
620.987547655
620.987547655
620.987547655
620.987547655
620.987547655
620.987547655
620.987547655
620.987547655
620.987547655
620.987547655
620.987547655
620.987547655
620.987547655
620.987547655
620.987547655
620.987547655
620.987547655
620.987547655
620.987547655
620.987547655
620.987547655
620.987547655
620.987547655
620.987547655
620.987547655
620.987547655
620.987547655
620.987547655
620.987547655
620.987547655
620.987547655
620.987547655
620.987547655
620.987547655
620.987547655
620.987547655
620.987547655
620.987547655
620.987547655
620.987547655
620.987547655
620.987547655
620.987547655
620.987547655
620.987547655
620.987547655
620.987547655
620.987547655
620.987547655
620.987547655
620.987547655
620.987547655
620.987547655
620.987547655
620.987547655
620.987547655
620.987547655
620.987547655
620.987547655
620.987547655
620.987547655
620.987547655
620.987547655
620.987547655
620.987547655
620.987547655
620.987547655
620.987547655
620.987547655
620.987547655
620.987547655
620.987547655
620.987547655
620.987547655
620.987547655
620.987547655
620.987547655
620.987547655
620.987547655
620.987547655
620.987547655
620.987547655
620.987547655
620.987547655
620.987547655
620.987547655
620.987547655
620.987547655
620.987547655
620.987547655
620.987547655
620.987547655
620.987547655
620.987547655
620.987547655
620.987547655
620.987547655
620.987547655
620.987547655
620.987547655
620.987547655
620.987547655
620.987547655
620.987547655
620.987547655
620.987547655
620.987547655
620.987547655
620.987547655
620.987547655
620.987547655
620.987547655
620.987547655
620.987547655
620.987547655
620.987547655
620.987547655
620.987547655
620.987547655
620.987547655
620.987547655
620.987547655
620.987547655
620.987547655
620.987547655
620.987547655
620.987547655
620.987547655
620.987547655
620.987547655
620.987547655
620.987547655
620.987547655
620.987547655
620.987547655
620.987547655
620.987547655
620.987547655
620.987547655
620.987547655
620.987547655
620.987547655
620.987547655
620.987547655
620.987547655
620.987547655
620.987547655
620.987547655
620.987547655
620.987547655
620.987547655
620.987547655
620.987547655
620.987547655
620.987547655
620.987547655
620.987547655
620.987547655
620.987547655
620.987547655
620.987547655
620.987547655
620.987547655
620.987547655
620.987547655
620.987547655
620.987547655
620.987547655
620.987547655
620.987547655
620.987547655
620.987547655
620.987547655
620.987547655
616.17189693
616.17189693
616.17189693
616.17189693
616.17189693
616.17189693
616.17189693
616.17189693
616.17189693
616.17189693
616.17189693
616.17189693
616.17189693
616.17189693
616.17189693
616.17189693
616.17189693
616.17189693
616.17189693
616.17189693
616.17189693
616.17189693
616.17189693
616.17189693
616.17189693
616.17189693
616.17189693
616.17189693
616.17189693
616.17189693
616.17189693
616.17189693
616.17189693
616.17189693
616.17189693
616.17189693
616.17189693
616.17189693
616.17189693
616.17189693
616.17189693
616.17189693
616.17189693
616.17189693
616.17189693
616.17189693
616.17189693
616.17189693
616.17189693
616.17189693
616.17189693
616.17189693
616.17189693
616.17189693
616.17189693
616.17189693
616.17189693
616.17189693
616.17189693
616.17189693
616.17189693
616.17189693
616.17189693
616.17189693
616.17189693
616.17189693
616.17189693
616.17189693
616.17189693
616.17189693
616.17189693
616.17189693
616.17189693
616.17189693
616.17189693
616.17189693
616.17189693
616.17189693
616.17189693
616.17189693
616.17189693
616.17189693
616.17189693
616.17189693
616.17189693
616.17189693
616.17189693
616.17189693
616.17189693
616.17189693
616.17189693
616.17189693
616.17189693
616.17189693
616.17189693
616.17189693
616.17189693
616.17189693
616.17189693
616.17189693
616.17189693
616.17189693
616.17189693
616.17189693
616.17189693
616.17189693
616.17189693
616.17189693
616.17189693
616.17189693
616.17189693
616.17189693
616.17189693
616.17189693
616.17189693
616.17189693
616.17189693
616.17189693
616.17189693
616.17189693
616.17189693
616.17189693
616.17189693
616.17189693
616.17189693
616.17189693
616.17189693
616.17189693
616.17189693
616.17189693
616.17189693
616.17189693
616.17189693
616.17189693
616.17189693
616.17189693
616.17189693
616.17189693
616.17189693
616.17189693
616.17189693
616.17189693
616.17189693
616.17189693
616.17189693
616.17189693
616.17189693
616.17189693
616.17189693
616.17189693
616.17189693
616.17189693
616.17189693
616.17189693
616.17189693
616.17189693
616.17189693
616.17189693
616.17189693
616.17189693
616.17189693
616.17189693
616.17189693
616.17189693
616.17189693
616.17189693
616.17189693
616.17189693
616.17189693
616.17189693
616.17189693
616.17189693
616.17189693
616.17189693
616.17189693
616.17189693
616.17189693
616.17189693
616.17189693
616.17189693
616.17189693
616.17189693
616.17189693
616.17189693
616.17189693
616.17189693
616.17189693
616.17189693
616.17189693
616.17189693
616.17189693
616.17189693
616.17189693
616.17189693
616.17189693
616.17189693
616.17189693
616.17189693
616.17189693
616.17189693
616.17189693
616.17189693
616.17189693
616.17189693
616.17189693
616.17189693
616.17189693
616.17189693
616.17189693
616.17189693
616.17189693
616.17189693
616.17189693
616.17189693
616.17189693
616.17189693
616.17189693
616.17189693
616.17189693
616.17189693
616.17189693
616.17189693
616.17189693
616.17189693
616.17189693
616.17189693
616.17189693
616.17189693
616.17189693
616.17189693
616.17189693
616.17189693
616.17189693
616.17189693
616.17189693
616.17189693
616.17189693
616.17189693
616.17189693
616.17189693
616.17189693
616.17189693
616.17189693
616.17189693
616.17189693
616.17189693
616.17189693
616.17189693
616.17189693
616.17189693
616.17189693
616.17189693
616.17189693
616.17189693
616.17189693
616.17189693
616.17189693
616.17189693
616.17189693
616.17189693
616.17189693
616.17189693
616.17189693
616.17189693
616.17189693
616.17189693
616.17189693
616.17189693
616.17189693
616.17189693
616.17189693
616.17189693
616.17189693
616.17189693
616.17189693
616.17189693
616.17189693
616.17189693
616.17189693
616.17189693
616.17189693
616.17189693
616.17189693
616.17189693
616.17189693
616.17189693
616.17189693
616.17189693
616.17189693
616.17189693
616.17189693
616.17189693
616.17189693
616.17189693
616.17189693
616.17189693
616.17189693
616.17189693
616.17189693
616.17189693
616.17189693
616.17189693
616.17189693
616.17189693
616.17189693
616.17189693
616.17189693
616.17189693
616.17189693
616.17189693
616.17189693
616.17189693
616.17189693
616.17189693
616.17189693
616.17189693
616.17189693
616.17189693
616.17189693
616.17189693
616.17189693
616.17189693
616.17189693
616.17189693
616.17189693
616.17189693
616.17189693
616.17189693
616.17189693
616.17189693
616.17189693
616.17189693
616.17189693
616.17189693
616.17189693
616.17189693
616.17189693
616.17189693
616.17189693
616.17189693
616.17189693
616.17189693
616.17189693
616.17189693
616.17189693
616.17189693
616.17189693
616.17189693
616.17189693
616.17189693
616.17189693
616.17189693
616.17189693
616.17189693
616.17189693
616.17189693
616.17189693
616.17189693
616.17189693
616.17189693
616.17189693
616.17189693
616.17189693
616.17189693
616.17189693
616.17189693
616.17189693
616.17189693
616.17189693
616.17189693
616.17189693
616.17189693
616.17189693
616.17189693
616.17189693
616.17189693
616.17189693
616.17189693
616.17189693
616.17189693
616.17189693
616.17189693
616.17189693
616.17189693
616.17189693
616.17189693
616.17189693
616.17189693
616.17189693
616.17189693
616.17189693
616.17189693
616.17189693
616.17189693
616.17189693
616.17189693
616.17189693
616.17189693
616.17189693
616.17189693
616.17189693
616.17189693
616.17189693
616.17189693
616.17189693
616.17189693
616.17189693
616.17189693
616.17189693
616.17189693
616.17189693
616.17189693
616.17189693
616.17189693
616.17189693
616.17189693
616.17189693
616.17189693
616.17189693
616.17189693
616.17189693
616.17189693
616.17189693
616.17189693
616.17189693
616.17189693
616.17189693
616.17189693
616.17189693
616.17189693
616.17189693
616.17189693
616.17189693
616.17189693
616.17189693
616.17189693
616.17189693
616.17189693
616.17189693
616.17189693
616.17189693
616.17189693
616.17189693
616.17189693
616.17189693
616.17189693
616.17189693
616.17189693
616.17189693
616.17189693
616.17189693
616.17189693
616.17189693
616.17189693
616.17189693
616.17189693
616.17189693
616.17189693
616.17189693
616.17189693
616.17189693
616.17189693
616.17189693
616.17189693
616.17189693
616.17189693
616.17189693
616.17189693
616.17189693
616.17189693
616.17189693
616.17189693
616.17189693
616.17189693
616.17189693
616.17189693
616.17189693
616.17189693
616.17189693
616.17189693
616.17189693
616.17189693
616.17189693
616.17189693
616.17189693
616.17189693
616.17189693
616.17189693
616.17189693
616.17189693
616.17189693
616.17189693
616.17189693
616.17189693
616.17189693
616.17189693
616.17189693
616.17189693
616.17189693
616.17189693
616.17189693
616.17189693
616.17189693
616.17189693
616.17189693
616.17189693
616.17189693
616.17189693
616.17189693
616.17189693
616.17189693
616.17189693
616.17189693
616.010616437
616.010616437
616.010616437
616.010616437
616.010616437
616.010616437
616.010616437
616.010616437
616.010616437
616.010616437
616.010616437
616.010616437
616.010616437
616.010616437
616.010616437
616.010616437
616.010616437
616.010616437
616.010616437
616.010616437
616.010616437
616.010616437
616.010616437
616.010616437
616.010616437
616.010616437
616.010616437
616.010616437
616.010616437
616.010616437
616.010616437
614.757528107
614.757528107
614.757528107
614.757528107
614.757528107
614.757528107
614.757528107
614.757528107
614.757528107
614.757528107
614.757528107
614.757528107
614.757528107
614.757528107
614.757528107
614.757528107
614.757528107
614.757528107
614.757528107
614.757528107
614.757528107
614.757528107
614.757528107
614.757528107
614.757528107
614.757528107
614.757528107
614.757528107
614.757528107
614.757528107
614.757528107
614.757528107
614.757528107
614.757528107
614.757528107
614.757528107
614.757528107
614.757528107
614.757528107
614.757528107
614.757528107
614.757528107
614.757528107
614.757528107
614.757528107
614.757528107
614.757528107
614.757528107
614.757528107
614.757528107
614.757528107
614.757528107
614.757528107
614.757528107
614.757528107
614.757528107
614.757528107
614.757528107
614.757528107
614.757528107
614.757528107
614.757528107
614.757528107
614.757528107
614.757528107
614.757528107
614.757528107
614.757528107
614.757528107
614.757528107
614.757528107
614.757528107
614.757528107
614.757528107
614.757528107
614.757528107
614.757528107
614.757528107
614.757528107
614.757528107
614.757528107
614.757528107
614.757528107
614.757528107
614.757528107
614.757528107
614.757528107
614.757528107
614.757528107
614.757528107
614.757528107
614.757528107
614.757528107
614.757528107
614.757528107
614.757528107
614.757528107
614.757528107
614.757528107
614.757528107
614.757528107
614.757528107
614.757528107
614.757528107
614.757528107
614.757528107
614.757528107
614.757528107
614.757528107
614.757528107
614.757528107
614.757528107
614.757528107
614.757528107
614.757528107
614.757528107
614.757528107
614.757528107
614.757528107
614.757528107
614.757528107
614.757528107
614.757528107
614.757528107
614.757528107
614.757528107
614.757528107
614.757528107
614.757528107
614.757528107
614.757528107
614.757528107
614.757528107
614.757528107
614.757528107
614.757528107
614.757528107
614.757528107
614.757528107
614.757528107
614.757528107
614.757528107
614.757528107
614.757528107
614.757528107
614.757528107
614.757528107
614.757528107
614.757528107
614.757528107
614.757528107
614.757528107
614.757528107
614.757528107
614.757528107
614.757528107
614.757528107
614.757528107
614.757528107
614.757528107
614.757528107
614.757528107
614.757528107
614.757528107
614.757528107
614.757528107
614.757528107
614.757528107
613.73003839
613.73003839
613.73003839
613.73003839
613.73003839
613.73003839
613.73003839
613.73003839
613.73003839
613.73003839
613.73003839
613.73003839
613.73003839
613.73003839
613.73003839
613.73003839
613.73003839
613.73003839
613.73003839
613.73003839
613.73003839
613.73003839
613.73003839
613.73003839
613.73003839
613.73003839
613.73003839
612.435697542
612.435697542
612.435697542
612.435697542
612.435697542
612.435697542
612.435697542
612.435697542
612.435697542
612.435697542
612.435697542
612.435697542
612.435697542
612.435697542
612.435697542
612.435697542
612.435697542
612.435697542
612.435697542
612.435697542
612.435697542
612.435697542
612.435697542
612.435697542
612.435697542
612.435697542
612.435697542
612.435697542
612.435697542
612.435697542
612.435697542
612.435697542
612.435697542
612.435697542
612.435697542
612.435697542
612.435697542
612.435697542
612.435697542
612.435697542
612.435697542
612.435697542
612.435697542
612.435697542
612.435697542
612.435697542
612.435697542
612.435697542
612.435697542
612.435697542
612.435697542
612.435697542
612.435697542
612.435697542
612.435697542
612.435697542
612.435697542
612.435697542
612.435697542
612.435697542
612.435697542
612.435697542
612.435697542
612.435697542
612.435697542
612.435697542
612.435697542
612.435697542
612.435697542
612.435697542
612.435697542
612.435697542
612.435697542
612.435697542
612.435697542
612.435697542
612.435697542
612.435697542
612.435697542
612.435697542
612.435697542
612.435697542
612.435697542
612.435697542
612.435697542
612.435697542
612.435697542
612.435697542
612.435697542
612.435697542
612.435697542
612.435697542
612.435697542
612.435697542
612.435697542
612.435697542
612.435697542
612.435697542
612.435697542
612.435697542
612.435697542
612.435697542
612.435697542
612.435697542
612.435697542
612.435697542
612.435697542
612.435697542
612.435697542
612.435697542
612.435697542
612.435697542
612.435697542
612.435697542
612.435697542
612.435697542
612.435697542
612.435697542
612.435697542
612.435697542
605.768397305
605.768397305
605.768397305
605.768397305
605.768397305
605.768397305
605.768397305
605.768397305
605.768397305
605.768397305
605.768397305
605.768397305
605.768397305
605.768397305
605.768397305
605.768397305
605.768397305
605.768397305
605.768397305
605.768397305
604.295703121
604.295703121
604.295703121
604.295703121
604.295703121
604.295703121
604.295703121
604.295703121
604.295703121
604.295703121
604.295703121
604.295703121
604.295703121
604.295703121
604.295703121
604.295703121
604.295703121
604.295703121
604.295703121
604.295703121
604.295703121
604.295703121
604.295703121
604.295703121
604.295703121
604.295703121
601.454835907
601.454835907
601.454835907
601.454835907
601.454835907
601.454835907
601.454835907
601.454835907
601.454835907
601.454835907
601.454835907
601.454835907
601.454835907
601.454835907
601.454835907
601.454835907
601.454835907
601.454835907
601.454835907
601.454835907
601.454835907
601.454835907
601.454835907
601.454835907
601.454835907
601.454835907
601.454835907
601.454835907
601.454835907
601.454835907
601.454835907
601.454835907
601.454835907
601.454835907
601.454835907
601.454835907
601.454835907
601.454835907
601.454835907
601.454835907
601.454835907
601.454835907
601.454835907
601.454835907
601.454835907
601.454835907
601.454835907
601.454835907
601.454835907
601.454835907
601.454835907
601.454835907
601.454835907
601.454835907
601.454835907
601.454835907
601.454835907
601.454835907
601.454835907
601.454835907
601.454835907
601.454835907
601.454835907
601.454835907
601.454835907
601.454835907
601.454835907
601.454835907
601.454835907
601.454835907
601.454835907
601.454835907
601.454835907
601.454835907
601.454835907
601.454835907
601.454835907
601.454835907
601.454835907
601.454835907
601.454835907
601.454835907
601.454835907
601.454835907
601.454835907
601.454835907
601.454835907
601.454835907
601.454835907
601.454835907
601.454835907
601.454835907
601.454835907
601.454835907
601.454835907
601.454835907
601.454835907
601.454835907
601.454835907
601.454835907
601.454835907
601.454835907
601.454835907
601.454835907
601.454835907
601.454835907
601.454835907
601.454835907
601.454835907
601.454835907
601.454835907
601.454835907
601.454835907
601.454835907
601.454835907
601.454835907
601.454835907
601.454835907
601.454835907
601.454835907
601.454835907
601.454835907
601.454835907
601.454835907
601.454835907
601.454835907
601.454835907
601.454835907
601.454835907
601.454835907
601.454835907
601.454835907
601.454835907
601.454835907
601.454835907
601.454835907
601.454835907
601.454835907
601.454835907
601.454835907
601.454835907
601.454835907
601.454835907
601.454835907
601.454835907
601.454835907
601.454835907
601.454835907
601.454835907
601.454835907
601.454835907
601.454835907
601.454835907
601.454835907
601.454835907
601.454835907
601.454835907
601.454835907
601.454835907
601.454835907
601.454835907
601.454835907
601.454835907
601.454835907
601.454835907
601.454835907
601.454835907
601.454835907
601.454835907
601.454835907
601.454835907
601.454835907
601.454835907
601.454835907
601.454835907
601.454835907
601.454835907
601.454835907
601.454835907
601.454835907
601.454835907
601.454835907
601.454835907
601.454835907
601.454835907
601.454835907
601.454835907
601.454835907
601.454835907
601.454835907
601.454835907
601.454835907
601.454835907
601.454835907
601.454835907
601.454835907
601.454835907
601.454835907
601.454835907
601.454835907
601.454835907
601.454835907
601.454835907
601.454835907
601.454835907
601.454835907
601.454835907
601.454835907
601.454835907
601.454835907
601.454835907
601.454835907
601.454835907
601.454835907
601.454835907
601.454835907
601.454835907
601.454835907
601.454835907
601.454835907
601.454835907
601.454835907
601.454835907
601.454835907
601.454835907
601.454835907
601.454835907
601.454835907
601.454835907
601.454835907
601.454835907
601.454835907
601.454835907
601.454835907
601.454835907
601.454835907
601.454835907
601.454835907
601.454835907
601.454835907
601.454835907
601.454835907
601.454835907
601.454835907
601.454835907
601.454835907
601.454835907
601.454835907
601.454835907
601.454835907
601.454835907
601.454835907
601.454835907
601.454835907
601.454835907
601.454835907
601.454835907
601.454835907
601.454835907
601.454835907
601.454835907
601.454835907
601.454835907
601.454835907
601.454835907
601.454835907
601.454835907
601.454835907
601.454835907
601.454835907
601.454835907
601.454835907
601.454835907
601.454835907
601.454835907
601.454835907
601.454835907
601.454835907
601.454835907
601.454835907
601.454835907
601.454835907
601.454835907
601.454835907
601.454835907
601.454835907
601.454835907
601.454835907
601.454835907
601.454835907
601.454835907
601.454835907
601.454835907
601.454835907
601.454835907
601.454835907
601.454835907
601.454835907
601.454835907
601.454835907
601.454835907
601.454835907
601.454835907
601.454835907
601.454835907
601.454835907
601.454835907
601.454835907
601.454835907
601.454835907
601.454835907
601.454835907
601.454835907
601.454835907
601.454835907
601.454835907
601.454835907
601.454835907
601.454835907
601.454835907
601.454835907
601.454835907
601.454835907
