1655.72964097
1655.72964097
1655.72964097
1641.77934317
1641.77934317
1641.77934317
1620.47397185
1596.81940155
1544.16262481
1525.57662291
1499.41891621
1499.41891621
1491.88400587
1479.03821975
1479.03821975
1479.03821975
1479.03821975
1479.03821975
1479.03821975
1479.03821975
1453.75465081
1453.75465081
1453.75465081
1453.75465081
1453.75465081
1444.60562296
1416.48913817
1416.48913817
1416.48913817
1416.48913817
1398.74988594
1391.22972107
1379.85239642
1379.85239642
1379.85239642
1379.85239642
1379.85239642
1379.85239642
1379.85239642
1379.85239642
1374.5641866
1358.77674751
1358.77674751
1358.77674751
1358.77674751
1358.77674751
1358.77674751
1358.77674751
1358.77674751
1358.77674751
1358.77674751
1358.77674751
1358.77674751
1358.77674751
1358.77674751
1358.77674751
1358.77674751
1358.77674751
1358.77674751
1358.77674751
1358.77674751
1358.77674751
1329.47028097
1329.47028097
1326.86229672
1324.04613424
1324.04613424
1324.04613424
1324.04613424
1324.04613424
1324.04613424
1324.04613424
1324.04613424
1324.04613424
1324.04613424
1324.04613424
1324.04613424
1324.04613424
1324.04613424
1324.04613424
1324.04613424
1324.04613424
1315.85314782
1315.85314782
1315.85314782
1315.85314782
1315.85314782
1314.08641979
1266.24574052
1266.24574052
1266.24574052
1266.24574052
1242.40465275
1213.52166297
1190.41845202
1190.41845202
1190.41845202
1185.54635997
1185.54635997
1185.54635997
1185.54635997
1185.54635997
1185.54635997
1177.77977142
1177.77977142
1177.77977142
1176.09861137
1169.36803145
1169.36803145
1169.36803145
1158.49083872
1158.49083872
1158.49083872
1158.49083872
1158.49083872
1152.19730099
1152.19730099
1152.19730099
1152.19730099
1152.19730099
1152.19730099
1152.19730099
1152.19730099
1152.19730099
1141.61694934
1141.61694934
1141.61694934
1141.61694934
1141.61694934
1141.61694934
1141.61694934
1141.61694934
1141.61694934
1141.61694934
1141.61694934
1141.61694934
1141.61694934
1141.61694934
1141.61694934
1141.61694934
1137.72498555
1137.72498555
1137.72498555
1137.72498555
1137.72498555
1137.72498555
1137.72498555
1137.72498555
1137.72498555
1137.72498555
1137.72498555
1137.72498555
1137.72498555
1137.72498555
1137.72498555
1137.72498555
1102.81120257
1102.81120257
1102.81120257
1102.81120257
1102.81120257
1102.81120257
1090.87623827
1090.87623827
1090.87623827
1090.87623827
1090.87623827
1090.87623827
1087.09125119
1087.09125119
1084.0831237
1084.0831237
1084.0831237
1084.0831237
1084.0831237
1084.0831237
1084.0831237
1084.0831237
1084.0831237
1084.0831237
1084.0831237
1084.0831237
1077.94275055
1077.94275055
1077.94275055
1077.94275055
1077.94275055
1077.94275055
1077.94275055
1071.26736822
1071.26736822
1071.26736822
1071.26736822
1071.26736822
1071.26736822
1069.99683865
1069.99683865
1069.99683865
1069.99683865
1069.99683865
1069.99683865
1069.99683865
1069.99683865
1069.99683865
1068.63982474
1068.63982474
1068.63982474
1062.99493121
1062.99493121
1062.99493121
1062.99493121
1062.24974867
1062.24974867
1062.24974867
1062.20670416
1062.20670416
1062.20670416
1062.20670416
1062.20670416
1062.20670416
1062.20670416
1062.20670416
1062.20670416
1062.20670416
1062.20670416
1062.20670416
1062.20670416
1062.20670416
1062.20670416
1062.20670416
1062.20670416
1062.20670416
1062.20670416
1062.20670416
1060.55476421
1060.55476421
1051.37123272
1043.706938
1043.706938
1043.706938
1043.706938
1040.75726335
1040.75726335
1040.75726335
1040.75726335
1019.84911305
1019.84911305
1019.84911305
1017.15114182
1017.15114182
1012.57790856
1012.57790856
1012.57790856
1012.57790856
1012.57790856
1012.57790856
1012.57790856
1012.57790856
1012.57790856
1012.57790856
1012.57790856
1012.57790856
1012.57790856
1002.61835314
1002.61835314
1001.43362022
1001.43362022
1001.43362022
1001.43362022
1001.43362022
1001.43362022
1001.43362022
1001.43362022
1001.43362022
1001.43362022
1001.43362022
1001.43362022
1001.43362022
1001.43362022
1001.43362022
1001.43362022
1001.43362022
1001.43362022
1001.43362022
1001.43362022
1001.43362022
1001.43362022
1001.43362022
1001.43362022
1001.43362022
1001.43362022
1000.43220523
1000.43220523
1000.43220523
1000.43220523
1000.43220523
1000.43220523
1000.43220523
1000.43220523
1000.43220523
1000.43220523
1000.43220523
1000.43220523
1000.43220523
1000.43220523
1000.43220523
1000.43220523
1000.43220523
1000.43220523
1000.43220523
1000.43220523
1000.43220523
1000.43220523
1000.43220523
1000.43220523
1000.43220523
1000.43220523
1000.43220523
1000.43220523
1000.43220523
1000.43220523
1000.43220523
1000.43220523
1000.43220523
1000.43220523
1000.43220523
1000.43220523
1000.43220523
1000.43220523
1000.43220523
1000.43220523
1000.43220523
1000.43220523
1000.43220523
1000.43220523
1000.43220523
1000.43220523
1000.43220523
1000.43220523
1000.43220523
1000.43220523
1000.43220523
1000.43220523
1000.43220523
1000.43220523
1000.43220523
1000.43220523
1000.43220523
1000.43220523
1000.43220523
1000.43220523
1000.43220523
1000.43220523
1000.43220523
1000.43220523
1000.43220523
1000.43220523
1000.43220523
1000.43220523
1000.43220523
1000.43220523
1000.43220523
1000.43220523
1000.43220523
1000.43220523
1000.43220523
1000.43220523
1000.43220523
1000.43220523
1000.43220523
1000.43220523
1000.43220523
1000.43220523
1000.43220523
1000.43220523
1000.43220523
1000.43220523
1000.43220523
1000.43220523
1000.43220523
1000.43220523
1000.43220523
1000.43220523
1000.43220523
1000.43220523
1000.43220523
1000.43220523
1000.43220523
1000.43220523
1000.43220523
1000.43220523
966.073820352
957.672065145
957.672065145
957.672065145
957.672065145
954.987092271
954.987092271
945.116527447
945.116527447
945.116527447
945.116527447
945.116527447
945.116527447
936.388160276
936.388160276
936.388160276
936.388160276
936.388160276
936.388160276
936.388160276
936.388160276
936.388160276
936.388160276
936.388160276
936.388160276
936.388160276
936.388160276
936.388160276
922.362090671
922.362090671
922.362090671
922.362090671
922.362090671
922.362090671
922.362090671
922.362090671
922.362090671
922.362090671
922.362090671
922.362090671
922.362090671
922.362090671
922.362090671
922.362090671
922.362090671
922.362090671
922.362090671
922.362090671
922.362090671
922.362090671
922.362090671
922.362090671
922.362090671
909.509958153
909.509958153
909.509958153
909.509958153
909.509958153
899.700583265
899.700583265
899.700583265
899.700583265
899.700583265
893.42011866
893.42011866
887.189497039
884.568454494
884.568454494
884.568454494
884.568454494
884.568454494
884.568454494
884.568454494
884.568454494
884.568454494
884.568454494
884.568454494
884.568454494
884.523008325
884.523008325
884.523008325
884.523008325
884.523008325
884.523008325
884.523008325
884.523008325
884.523008325
884.523008325
878.591452534
878.591452534
878.591452534
878.591452534
878.591452534
878.591452534
878.591452534
878.591452534
878.591452534
878.591452534
875.795071673
875.795071673
875.795071673
875.795071673
875.795071673
875.795071673
875.795071673
875.795071673
875.795071673
875.795071673
875.795071673
875.795071673
875.795071673
875.795071673
875.795071673
875.795071673
875.795071673
875.795071673
875.795071673
875.795071673
875.795071673
875.795071673
875.795071673
875.795071673
875.795071673
875.795071673
875.795071673
875.375914865
875.375914865
875.375914865
875.375914865
875.375914865
875.375914865
875.375914865
875.375914865
865.882833437
865.882833437
865.882833437
865.882833437
865.882833437
865.882833437
865.882833437
865.882833437
865.882833437
865.882833437
865.882833437
865.882833437
865.882833437
865.882833437
865.882833437
865.882833437
865.882833437
865.882833437
865.882833437
865.882833437
865.882833437
865.882833437
865.882833437
865.882833437
865.882833437
865.882833437
865.882833437
865.882833437
865.882833437
865.882833437
865.882833437
865.882833437
865.882833437
865.882833437
865.882833437
865.882833437
865.882833437
865.882833437
865.882833437
854.308524543
854.308524543
854.308524543
854.308524543
854.308524543
854.308524543
854.308524543
854.308524543
854.308524543
854.308524543
854.308524543
854.308524543
854.308524543
854.308524543
854.308524543
854.308524543
854.308524543
854.308524543
854.308524543
854.308524543
853.309469741
853.309469741
853.309469741
853.309469741
853.309469741
853.309469741
853.309469741
853.309469741
853.309469741
853.309469741
853.309469741
853.309469741
853.309469741
853.309469741
853.309469741
853.309469741
853.309469741
853.309469741
853.309469741
853.309469741
853.309469741
853.309469741
853.309469741
853.309469741
853.309469741
853.309469741
853.309469741
853.309469741
853.309469741
853.309469741
853.309469741
853.309469741
853.309469741
853.309469741
853.309469741
853.309469741
853.309469741
853.309469741
853.309469741
853.309469741
853.309469741
853.309469741
853.309469741
853.309469741
853.309469741
853.309469741
853.309469741
853.309469741
853.309469741
853.309469741
853.309469741
853.309469741
853.309469741
853.309469741
853.309469741
853.309469741
853.309469741
853.309469741
853.309469741
853.309469741
853.309469741
853.309469741
853.309469741
853.309469741
853.309469741
853.309469741
853.309469741
853.309469741
853.309469741
853.309469741
853.309469741
853.309469741
853.309469741
853.309469741
853.309469741
853.309469741
853.309469741
853.309469741
853.309469741
853.309469741
853.309469741
853.309469741
853.309469741
853.309469741
853.309469741
853.309469741
853.309469741
848.844578461
848.844578461
848.844578461
848.844578461
848.844578461
843.01067517
843.01067517
843.01067517
843.01067517
843.01067517
843.01067517
843.01067517
843.01067517
843.01067517
843.01067517
843.01067517
843.01067517
843.01067517
843.01067517
843.01067517
843.01067517
843.01067517
843.01067517
843.01067517
843.01067517
843.01067517
843.01067517
843.01067517
843.01067517
843.01067517
839.822081274
839.822081274
839.822081274
839.822081274
839.822081274
839.822081274
839.822081274
839.822081274
839.822081274
839.822081274
838.441253916
838.441253916
838.441253916
838.441253916
838.441253916
838.441253916
838.441253916
838.441253916
838.441253916
837.074031205
837.074031205
837.074031205
837.074031205
837.074031205
837.074031205
837.074031205
837.074031205
837.074031205
837.074031205
837.074031205
837.074031205
837.074031205
837.074031205
837.074031205
837.074031205
837.074031205
837.074031205
837.074031205
837.074031205
837.074031205
837.074031205
837.074031205
837.074031205
837.074031205
837.074031205
837.074031205
837.074031205
832.690573088
832.690573088
832.690573088
832.690573088
832.690573088
832.690573088
832.690573088
832.690573088
832.690573088
832.690573088
832.690573088
832.690573088
832.690573088
832.690573088
832.690573088
832.690573088
832.690573088
832.690573088
832.690573088
832.690573088
832.690573088
832.690573088
832.690573088
832.690573088
832.690573088
832.690573088
832.690573088
832.690573088
832.690573088
832.690573088
832.690573088
832.690573088
832.690573088
832.690573088
832.690573088
832.690573088
832.690573088
832.690573088
832.690573088
832.690573088
832.690573088
832.690573088
832.690573088
832.690573088
832.690573088
832.690573088
832.690573088
832.690573088
832.690573088
832.690573088
828.68270437
828.68270437
828.68270437
828.68270437
828.68270437
828.68270437
828.68270437
828.68270437
828.68270437
828.68270437
828.68270437
828.68270437
827.112756063
827.112756063
827.112756063
816.674000116
816.674000116
816.674000116
816.674000116
816.674000116
816.674000116
816.674000116
816.674000116
816.674000116
816.674000116
816.674000116
816.674000116
816.674000116
816.674000116
816.674000116
816.674000116
816.674000116
816.674000116
816.674000116
816.674000116
816.674000116
816.674000116
816.674000116
816.674000116
816.674000116
816.674000116
816.674000116
814.303881839
814.303881839
814.303881839
814.303881839
814.303881839
814.303881839
814.303881839
814.303881839
814.303881839
814.303881839
814.303881839
814.303881839
814.303881839
814.303881839
814.303881839
814.303881839
814.303881839
814.303881839
814.303881839
814.303881839
814.303881839
814.303881839
814.303881839
814.303881839
814.303881839
814.303881839
814.303881839
814.303881839
814.303881839
814.303881839
814.303881839
814.303881839
814.303881839
814.303881839
814.303881839
814.303881839
814.303881839
813.701493874
813.701493874
813.701493874
813.701493874
813.701493874
813.701493874
813.701493874
813.701493874
813.701493874
813.701493874
813.701493874
813.701493874
813.701493874
813.701493874
813.701493874
813.701493874
813.701493874
813.701493874
813.701493874
813.701493874
813.701493874
813.701493874
813.701493874
813.701493874
813.701493874
813.701493874
813.701493874
813.701493874
813.701493874
813.701493874
813.701493874
813.701493874
813.701493874
813.701493874
813.701493874
813.701493874
813.701493874
813.701493874
813.701493874
813.701493874
813.701493874
813.701493874
809.225006932
809.225006932
809.225006932
809.225006932
809.225006932
809.225006932
809.225006932
809.225006932
809.225006932
809.225006932
809.225006932
809.225006932
809.225006932
809.225006932
809.225006932
809.225006932
809.225006932
809.225006932
809.225006932
809.225006932
809.225006932
809.225006932
809.225006932
809.225006932
809.225006932
809.225006932
809.225006932
809.225006932
809.225006932
809.225006932
809.225006932
809.225006932
809.225006932
809.225006932
809.225006932
809.225006932
809.225006932
809.225006932
809.225006932
809.225006932
809.225006932
809.225006932
809.225006932
809.225006932
809.225006932
809.225006932
809.225006932
809.225006932
809.225006932
809.225006932
809.225006932
809.225006932
809.225006932
809.225006932
809.225006932
809.225006932
809.225006932
809.225006932
809.225006932
809.225006932
809.225006932
809.225006932
809.225006932
809.225006932
809.225006932
809.225006932
809.225006932
809.225006932
809.225006932
809.225006932
809.225006932
809.225006932
809.225006932
809.225006932
809.225006932
809.225006932
809.225006932
809.225006932
809.225006932
809.225006932
809.225006932
809.225006932
809.225006932
809.225006932
809.225006932
809.225006932
809.225006932
809.225006932
809.225006932
809.225006932
809.225006932
809.225006932
809.225006932
809.225006932
809.225006932
809.225006932
809.225006932
809.225006932
809.225006932
809.225006932
809.225006932
809.225006932
809.225006932
809.225006932
809.225006932
809.225006932
809.225006932
809.225006932
809.225006932
809.225006932
809.225006932
809.225006932
809.225006932
809.225006932
809.225006932
809.225006932
809.225006932
809.225006932
809.225006932
809.225006932
809.225006932
809.225006932
809.225006932
809.225006932
809.225006932
805.547981976
805.547981976
805.547981976
805.547981976
805.547981976
805.547981976
805.547981976
805.547981976
805.547981976
805.547981976
805.547981976
805.547981976
805.547981976
805.547981976
805.547981976
805.547981976
805.547981976
805.547981976
805.547981976
805.547981976
805.547981976
805.547981976
805.547981976
805.547981976
805.547981976
805.547981976
805.547981976
805.547981976
805.547981976
805.547981976
805.547981976
805.547981976
805.547981976
805.547981976
805.547981976
805.547981976
805.547981976
805.547981976
805.547981976
805.547981976
805.547981976
805.547981976
805.547981976
805.547981976
805.547981976
804.733927799
804.733927799
804.733927799
804.733927799
804.733927799
804.733927799
798.974096691
798.974096691
798.974096691
798.974096691
798.974096691
798.974096691
798.974096691
798.974096691
798.974096691
798.974096691
798.974096691
798.974096691
798.974096691
798.974096691
798.974096691
798.974096691
798.974096691
798.974096691
798.974096691
798.974096691
798.974096691
798.974096691
798.974096691
798.974096691
798.974096691
798.974096691
798.974096691
798.974096691
798.974096691
798.974096691
798.974096691
798.974096691
798.974096691
798.974096691
798.069151122
798.069151122
798.069151122
798.069151122
798.069151122
798.069151122
798.069151122
798.069151122
798.069151122
798.069151122
798.069151122
798.069151122
798.069151122
798.069151122
780.547926266
780.547926266
780.547926266
780.547926266
780.547926266
780.547926266
780.547926266
780.547926266
780.547926266
780.547926266
780.547926266
780.547926266
780.547926266
780.547926266
776.339084248
776.339084248
776.339084248
776.339084248
776.339084248
776.339084248
776.339084248
776.339084248
776.339084248
776.339084248
776.339084248
776.339084248
776.339084248
776.339084248
776.339084248
776.339084248
776.339084248
776.339084248
776.339084248
776.339084248
776.339084248
776.339084248
776.339084248
776.339084248
776.339084248
776.339084248
776.339084248
776.339084248
776.339084248
776.339084248
776.339084248
776.339084248
776.339084248
776.339084248
776.339084248
776.339084248
776.339084248
776.339084248
776.339084248
776.339084248
776.339084248
776.339084248
776.339084248
776.339084248
776.339084248
776.339084248
776.339084248
776.339084248
776.339084248
776.339084248
776.339084248
776.339084248
776.339084248
776.339084248
776.339084248
776.339084248
776.339084248
776.339084248
776.339084248
776.339084248
776.339084248
776.339084248
776.339084248
776.339084248
776.339084248
776.339084248
776.339084248
776.339084248
770.748017636
770.748017636
770.748017636
770.748017636
770.748017636
770.748017636
770.748017636
770.748017636
770.748017636
770.748017636
770.748017636
770.748017636
770.748017636
770.748017636
770.748017636
770.748017636
770.748017636
770.748017636
770.748017636
770.748017636
770.748017636
770.748017636
770.748017636
770.748017636
770.748017636
770.748017636
770.748017636
770.748017636
770.748017636
770.748017636
770.748017636
770.748017636
770.748017636
770.748017636
770.748017636
770.748017636
770.748017636
770.748017636
770.748017636
770.748017636
770.748017636
770.748017636
770.748017636
770.748017636
770.748017636
770.748017636
769.305742106
769.305742106
769.305742106
769.305742106
769.305742106
769.305742106
769.305742106
769.305742106
769.305742106
769.305742106
769.305742106
769.305742106
769.305742106
769.305742106
769.305742106
769.305742106
769.305742106
769.305742106
769.305742106
769.305742106
769.305742106
769.305742106
769.305742106
769.305742106
769.305742106
769.305742106
769.305742106
769.305742106
769.305742106
769.305742106
769.305742106
769.305742106
769.305742106
769.305742106
769.305742106
769.305742106
769.305742106
769.305742106
769.305742106
769.305742106
769.305742106
769.305742106
769.305742106
769.305742106
769.305742106
769.305742106
769.305742106
769.305742106
769.305742106
769.305742106
769.305742106
769.305742106
769.305742106
769.305742106
769.305742106
769.305742106
769.305742106
769.305742106
769.305742106
769.305742106
769.305742106
769.305742106
769.305742106
769.305742106
769.305742106
769.305742106
769.305742106
769.305742106
769.305742106
769.305742106
769.305742106
769.305742106
769.305742106
769.305742106
769.305742106
769.305742106
769.305742106
769.305742106
769.305742106
769.305742106
769.305742106
769.305742106
769.305742106
769.305742106
769.305742106
769.305742106
769.305742106
769.305742106
769.305742106
769.305742106
769.305742106
769.305742106
769.305742106
769.305742106
769.305742106
769.305742106
769.305742106
769.305742106
769.305742106
769.305742106
769.305742106
769.305742106
769.305742106
769.305742106
769.305742106
769.305742106
769.305742106
769.305742106
769.305742106
769.305742106
769.305742106
769.305742106
769.305742106
769.305742106
769.305742106
769.305742106
769.305742106
769.305742106
769.305742106
769.305742106
769.305742106
769.305742106
769.305742106
769.305742106
769.305742106
769.305742106
769.305742106
769.305742106
769.305742106
769.305742106
769.305742106
769.305742106
769.305742106
769.305742106
769.305742106
769.305742106
769.305742106
769.305742106
769.305742106
769.305742106
769.305742106
769.305742106
769.305742106
769.305742106
769.305742106
769.305742106
769.305742106
769.305742106
769.305742106
757.113579968
757.113579968
757.113579968
757.113579968
757.113579968
757.113579968
757.113579968
746.394421364
746.394421364
746.394421364
746.394421364
746.394421364
746.394421364
746.394421364
746.394421364
746.394421364
746.394421364
746.394421364
746.394421364
746.394421364
746.394421364
746.394421364
746.394421364
746.394421364
746.394421364
746.394421364
746.394421364
746.394421364
746.394421364
746.394421364
746.394421364
746.394421364
746.394421364
746.394421364
746.394421364
746.394421364
746.394421364
746.394421364
746.394421364
746.394421364
746.394421364
746.394421364
746.394421364
746.394421364
746.394421364
746.394421364
746.394421364
746.394421364
746.394421364
746.394421364
746.394421364
746.394421364
746.394421364
746.394421364
746.394421364
746.394421364
746.394421364
746.394421364
746.394421364
746.394421364
746.394421364
746.394421364
746.394421364
746.394421364
746.394421364
746.394421364
746.394421364
746.394421364
746.394421364
746.394421364
746.394421364
746.394421364
746.394421364
746.394421364
746.394421364
746.394421364
746.394421364
746.394421364
746.394421364
746.394421364
746.394421364
746.394421364
746.394421364
746.394421364
746.394421364
746.394421364
746.394421364
746.394421364
746.394421364
746.394421364
746.394421364
746.394421364
746.394421364
746.394421364
746.394421364
746.394421364
746.394421364
746.394421364
746.394421364
746.394421364
746.394421364
746.394421364
746.394421364
746.394421364
746.394421364
746.394421364
746.394421364
746.394421364
746.394421364
746.394421364
746.394421364
746.394421364
746.394421364
746.394421364
746.394421364
746.394421364
746.394421364
746.394421364
746.394421364
746.394421364
746.394421364
746.394421364
746.394421364
746.394421364
746.394421364
746.394421364
746.394421364
746.394421364
746.394421364
746.394421364
746.394421364
746.394421364
746.394421364
746.394421364
746.394421364
746.394421364
745.664033334
745.664033334
745.664033334
745.664033334
745.664033334
745.664033334
745.664033334
745.664033334
745.664033334
745.664033334
745.664033334
745.664033334
745.664033334
745.664033334
745.664033334
745.664033334
745.664033334
745.664033334
745.664033334
745.664033334
745.664033334
745.664033334
745.664033334
745.664033334
745.664033334
745.664033334
745.664033334
745.664033334
745.664033334
745.664033334
745.664033334
745.664033334
745.664033334
745.664033334
745.664033334
745.664033334
745.664033334
745.664033334
745.664033334
745.664033334
745.664033334
745.664033334
745.664033334
738.828672698
738.828672698
738.828672698
738.828672698
738.828672698
738.828672698
738.828672698
738.828672698
738.828672698
738.828672698
738.828672698
738.828672698
738.828672698
738.828672698
738.828672698
738.828672698
738.828672698
738.828672698
738.828672698
738.828672698
738.828672698
738.828672698
738.828672698
738.828672698
738.828672698
738.828672698
738.828672698
738.828672698
738.828672698
738.828672698
738.828672698
738.828672698
738.828672698
738.828672698
738.828672698
738.828672698
738.828672698
738.828672698
738.828672698
738.828672698
738.828672698
738.828672698
738.828672698
738.828672698
738.828672698
738.828672698
738.828672698
738.828672698
738.584382672
725.130371708
725.130371708
725.130371708
725.130371708
725.130371708
725.130371708
725.130371708
725.130371708
725.130371708
725.130371708
725.130371708
725.130371708
725.130371708
725.130371708
725.130371708
725.130371708
725.130371708
725.130371708
725.130371708
725.130371708
725.130371708
725.130371708
725.130371708
725.130371708
725.130371708
725.130371708
725.130371708
725.130371708
725.130371708
713.83416205
713.83416205
713.83416205
713.83416205
713.83416205
713.83416205
713.83416205
713.83416205
713.83416205
713.83416205
713.83416205
713.83416205
713.83416205
713.83416205
713.83416205
713.83416205
713.83416205
713.83416205
713.83416205
713.83416205
713.83416205
713.83416205
713.83416205
713.83416205
713.83416205
713.83416205
713.83416205
713.83416205
713.83416205
713.83416205
713.83416205
713.83416205
713.83416205
713.83416205
713.83416205
713.83416205
713.83416205
713.83416205
713.83416205
713.83416205
713.83416205
713.83416205
713.83416205
713.83416205
713.83416205
713.83416205
713.83416205
713.83416205
713.83416205
713.83416205
713.83416205
713.83416205
713.83416205
713.83416205
713.83416205
713.83416205
713.83416205
710.587021103
710.587021103
710.587021103
710.587021103
710.587021103
710.587021103
710.587021103
710.587021103
710.587021103
710.587021103
710.587021103
710.587021103
710.587021103
710.587021103
710.587021103
710.587021103
710.587021103
710.587021103
710.587021103
710.587021103
710.587021103
710.587021103
710.587021103
710.587021103
710.587021103
710.587021103
710.587021103
710.587021103
710.587021103
710.587021103
710.587021103
710.587021103
710.587021103
710.587021103
710.587021103
710.587021103
710.587021103
710.587021103
710.587021103
710.587021103
710.587021103
710.587021103
710.587021103
710.587021103
710.587021103
710.587021103
710.587021103
710.587021103
710.587021103
710.587021103
710.587021103
710.587021103
710.587021103
710.587021103
710.587021103
710.587021103
710.587021103
710.587021103
710.587021103
710.587021103
710.587021103
710.587021103
710.587021103
710.587021103
710.587021103
710.587021103
710.587021103
710.587021103
710.587021103
710.587021103
710.587021103
710.587021103
710.587021103
710.587021103
710.587021103
710.587021103
710.587021103
710.587021103
710.587021103
710.587021103
710.587021103
710.587021103
710.587021103
710.587021103
710.587021103
710.587021103
710.587021103
710.587021103
710.587021103
710.587021103
710.587021103
709.157759619
709.157759619
709.157759619
709.157759619
709.157759619
709.157759619
709.157759619
709.157759619
709.157759619
709.157759619
709.157759619
709.157759619
709.157759619
708.509665175
708.509665175
708.509665175
708.509665175
708.509665175
706.907551676
706.907551676
706.907551676
706.907551676
706.907551676
706.907551676
706.907551676
706.907551676
706.907551676
706.907551676
706.907551676
706.907551676
706.907551676
706.907551676
706.907551676
706.907551676
706.907551676
706.907551676
706.907551676
706.907551676
706.907551676
706.907551676
706.907551676
706.907551676
706.907551676
706.907551676
706.907551676
706.907551676
706.907551676
706.907551676
706.907551676
706.907551676
706.907551676
706.907551676
706.907551676
706.907551676
706.907551676
706.907551676
706.907551676
706.907551676
706.907551676
706.907551676
706.907551676
706.907551676
699.917542799
699.917542799
699.917542799
699.917542799
699.917542799
699.917542799
699.917542799
699.917542799
699.917542799
699.917542799
699.917542799
699.917542799
699.917542799
699.917542799
699.917542799
699.917542799
699.917542799
699.917542799
699.917542799
699.917542799
699.917542799
699.917542799
699.917542799
699.917542799
699.917542799
699.917542799
699.917542799
699.917542799
699.917542799
699.917542799
699.917542799
699.917542799
699.917542799
699.917542799
699.917542799
699.917542799
699.917542799
699.917542799
699.917542799
699.917542799
699.917542799
699.917542799
699.917542799
699.917542799
699.917542799
699.917542799
699.917542799
699.917542799
699.917542799
699.917542799
699.917542799
699.917542799
699.917542799
699.917542799
699.917542799
699.917542799
699.917542799
699.917542799
699.917542799
699.917542799
699.917542799
699.917542799
699.917542799
699.917542799
699.917542799
699.917542799
699.917542799
699.917542799
699.917542799
699.917542799
699.917542799
699.917542799
699.917542799
699.917542799
699.917542799
699.917542799
699.917542799
699.917542799
699.917542799
699.917542799
699.917542799
699.917542799
699.917542799
699.917542799
699.917542799
699.917542799
699.917542799
699.917542799
699.917542799
699.917542799
699.917542799
699.917542799
699.917542799
699.917542799
699.917542799
699.917542799
699.917542799
699.917542799
699.917542799
699.917542799
699.917542799
699.917542799
699.917542799
699.917542799
699.917542799
699.917542799
699.917542799
699.917542799
699.917542799
699.917542799
699.917542799
699.917542799
699.917542799
699.917542799
699.917542799
699.917542799
699.917542799
699.917542799
699.917542799
699.917542799
699.917542799
699.917542799
699.917542799
699.917542799
699.917542799
699.917542799
699.917542799
699.917542799
699.917542799
699.917542799
699.917542799
699.917542799
699.917542799
699.917542799
699.917542799
699.917542799
699.917542799
699.917542799
699.917542799
699.917542799
699.917542799
699.917542799
699.917542799
699.917542799
699.917542799
699.917542799
699.917542799
699.917542799
699.917542799
699.917542799
699.917542799
699.917542799
699.917542799
699.917542799
699.917542799
699.917542799
699.917542799
699.917542799
699.917542799
699.917542799
699.917542799
699.917542799
699.917542799
699.917542799
699.917542799
699.917542799
699.917542799
699.917542799
699.917542799
699.917542799
699.917542799
699.917542799
699.917542799
699.917542799
699.917542799
699.917542799
699.917542799
699.917542799
699.917542799
699.917542799
699.917542799
699.917542799
699.917542799
699.917542799
699.917542799
699.917542799
699.917542799
699.917542799
699.917542799
699.917542799
699.917542799
699.917542799
699.917542799
699.917542799
699.917542799
699.917542799
699.917542799
699.917542799
699.917542799
699.917542799
699.917542799
699.917542799
699.917542799
699.917542799
699.917542799
699.917542799
699.917542799
699.917542799
699.917542799
699.917542799
699.917542799
699.917542799
699.917542799
699.917542799
699.917542799
699.917542799
699.917542799
699.917542799
699.917542799
699.917542799
699.917542799
699.917542799
699.917542799
699.917542799
699.917542799
699.917542799
699.917542799
699.917542799
699.917542799
699.917542799
699.917542799
699.917542799
699.917542799
699.917542799
699.917542799
699.917542799
699.917542799
699.917542799
699.917542799
699.917542799
699.917542799
699.917542799
699.917542799
699.917542799
699.917542799
699.917542799
699.917542799
699.917542799
699.917542799
699.917542799
699.917542799
699.917542799
699.917542799
699.917542799
699.917542799
699.917542799
699.917542799
699.917542799
699.917542799
699.917542799
699.917542799
699.917542799
699.917542799
699.917542799
699.917542799
699.917542799
699.917542799
699.917542799
699.917542799
699.917542799
699.917542799
699.917542799
699.917542799
699.917542799
699.917542799
699.917542799
699.917542799
699.629048869
699.629048869
699.629048869
699.629048869
699.629048869
699.629048869
699.629048869
698.270472467
698.270472467
698.270472467
698.270472467
698.270472467
698.270472467
698.270472467
698.270472467
698.270472467
698.270472467
698.270472467
698.270472467
698.270472467
698.270472467
698.270472467
698.270472467
698.270472467
698.270472467
698.270472467
698.270472467
698.270472467
698.270472467
698.270472467
698.270472467
698.270472467
698.270472467
698.270472467
698.270472467
698.270472467
698.270472467
698.270472467
698.270472467
698.270472467
698.270472467
698.270472467
698.270472467
698.270472467
698.270472467
698.270472467
698.270472467
698.270472467
698.270472467
698.270472467
698.270472467
698.270472467
698.270472467
698.270472467
698.270472467
698.270472467
698.270472467
698.270472467
698.270472467
698.270472467
698.270472467
698.270472467
698.270472467
698.270472467
698.270472467
698.270472467
698.270472467
698.270472467
690.553665723
690.553665723
690.553665723
690.553665723
690.553665723
690.553665723
690.553665723
690.553665723
690.553665723
690.553665723
690.553665723
690.553665723
690.553665723
690.553665723
690.553665723
690.553665723
690.553665723
690.553665723
690.553665723
690.553665723
690.553665723
690.553665723
690.553665723
690.553665723
690.553665723
690.553665723
690.553665723
690.553665723
690.553665723
690.553665723
690.553665723
690.553665723
690.553665723
690.553665723
690.553665723
690.553665723
690.553665723
690.553665723
690.553665723
690.553665723
690.553665723
690.553665723
690.553665723
690.553665723
690.553665723
690.553665723
690.553665723
690.553665723
690.553665723
690.553665723
690.553665723
690.553665723
690.553665723
690.553665723
690.553665723
690.553665723
690.553665723
690.553665723
690.553665723
690.553665723
690.553665723
690.553665723
690.553665723
690.553665723
690.553665723
690.553665723
690.553665723
690.553665723
690.553665723
690.553665723
690.553665723
690.553665723
690.553665723
690.553665723
690.553665723
690.553665723
690.553665723
690.553665723
690.553665723
690.553665723
690.553665723
690.553665723
685.206723951
685.206723951
685.206723951
685.206723951
685.206723951
685.206723951
685.206723951
685.206723951
685.206723951
685.206723951
685.206723951
685.206723951
685.206723951
685.206723951
685.206723951
685.206723951
685.206723951
685.206723951
685.206723951
685.206723951
685.206723951
685.206723951
685.206723951
685.206723951
679.32112189
679.32112189
679.32112189
679.32112189
679.32112189
679.32112189
679.32112189
679.32112189
679.32112189
679.32112189
679.32112189
679.32112189
679.32112189
679.32112189
679.32112189
679.32112189
679.32112189
679.32112189
679.32112189
679.32112189
679.32112189
679.32112189
679.32112189
679.32112189
679.32112189
679.32112189
679.32112189
679.32112189
679.32112189
679.32112189
679.32112189
679.32112189
679.32112189
679.32112189
679.32112189
679.32112189
679.32112189
679.32112189
679.32112189
679.32112189
679.32112189
679.32112189
679.32112189
679.32112189
679.32112189
679.32112189
679.32112189
679.32112189
679.32112189
679.32112189
679.32112189
679.32112189
679.32112189
679.32112189
679.32112189
677.134681882
677.134681882
677.134681882
677.134681882
677.134681882
677.134681882
677.134681882
677.134681882
677.134681882
677.134681882
677.134681882
677.134681882
677.134681882
677.134681882
677.134681882
677.134681882
677.134681882
677.134681882
677.134681882
677.134681882
677.134681882
677.134681882
677.134681882
677.134681882
677.134681882
677.134681882
677.134681882
677.134681882
677.134681882
677.134681882
677.134681882
677.134681882
677.134681882
677.134681882
677.134681882
677.134681882
677.134681882
677.134681882
677.134681882
677.134681882
677.134681882
677.134681882
677.134681882
677.134681882
677.134681882
677.134681882
677.134681882
677.134681882
677.134681882
677.134681882
677.134681882
677.134681882
677.134681882
677.134681882
677.134681882
677.134681882
677.134681882
677.134681882
677.134681882
677.134681882
677.134681882
677.134681882
677.134681882
677.134681882
677.134681882
677.134681882
677.134681882
677.134681882
677.134681882
677.134681882
677.134681882
677.134681882
677.134681882
677.134681882
677.134681882
677.134681882
677.134681882
677.134681882
677.134681882
677.134681882
677.134681882
677.134681882
677.134681882
677.134681882
677.134681882
677.134681882
677.134681882
677.134681882
677.134681882
677.134681882
677.134681882
677.134681882
671.798345339
671.798345339
671.798345339
671.798345339
671.798345339
671.798345339
671.798345339
671.798345339
671.798345339
671.798345339
671.798345339
671.798345339
671.798345339
671.798345339
671.798345339
671.798345339
671.798345339
671.798345339
671.798345339
671.798345339
671.798345339
671.798345339
671.798345339
671.798345339
671.798345339
671.798345339
671.798345339
671.798345339
671.798345339
663.608213188
663.608213188
663.608213188
663.608213188
663.608213188
663.608213188
663.608213188
663.608213188
663.608213188
663.608213188
663.608213188
663.608213188
663.608213188
663.608213188
663.608213188
663.608213188
663.608213188
663.608213188
663.608213188
663.608213188
663.608213188
663.608213188
663.608213188
663.608213188
663.608213188
663.608213188
663.608213188
663.608213188
663.608213188
663.608213188
663.608213188
663.608213188
663.608213188
663.608213188
663.608213188
663.608213188
663.608213188
663.608213188
663.608213188
663.608213188
663.608213188
663.608213188
663.608213188
663.608213188
663.608213188
663.608213188
663.608213188
663.608213188
663.608213188
663.608213188
663.608213188
663.608213188
663.608213188
663.608213188
663.608213188
663.608213188
663.608213188
663.608213188
663.608213188
663.608213188
663.608213188
663.608213188
663.608213188
663.608213188
663.608213188
663.608213188
663.608213188
663.608213188
663.608213188
663.608213188
663.608213188
663.608213188
663.608213188
663.608213188
663.608213188
663.608213188
663.608213188
663.608213188
663.608213188
663.608213188
663.608213188
663.608213188
639.172283921
639.172283921
639.172283921
639.172283921
639.172283921
639.172283921
639.172283921
639.172283921
639.172283921
639.172283921
639.172283921
639.172283921
639.172283921
639.172283921
639.172283921
639.172283921
639.172283921
639.172283921
639.172283921
639.172283921
639.172283921
636.972896249
636.972896249
636.972896249
636.972896249
636.972896249
636.972896249
636.972896249
636.972896249
636.972896249
636.972896249
636.972896249
636.972896249
636.972896249
636.972896249
636.972896249
636.972896249
636.972896249
636.972896249
636.972896249
636.972896249
636.972896249
636.972896249
636.972896249
636.972896249
636.972896249
636.972896249
636.972896249
636.972896249
636.972896249
636.972896249
633.610581151
633.610581151
633.610581151
633.610581151
633.610581151
633.610581151
633.610581151
633.610581151
633.610581151
633.610581151
633.610581151
633.610581151
633.610581151
633.610581151
633.610581151
633.610581151
633.610581151
633.610581151
633.610581151
633.610581151
633.610581151
633.610581151
633.610581151
633.610581151
633.610581151
633.610581151
633.610581151
633.610581151
633.610581151
633.610581151
633.610581151
633.610581151
633.610581151
633.610581151
633.610581151
633.610581151
633.610581151
633.610581151
633.610581151
633.610581151
633.610581151
633.610581151
633.610581151
633.610581151
633.610581151
633.610581151
633.610581151
633.610581151
633.610581151
633.610581151
633.610581151
633.610581151
633.610581151
633.610581151
633.610581151
633.610581151
633.610581151
633.610581151
633.610581151
633.610581151
633.610581151
633.610581151
633.610581151
633.610581151
633.610581151
633.610581151
633.610581151
633.610581151
633.610581151
633.610581151
633.610581151
633.610581151
633.610581151
633.610581151
633.610581151
633.610581151
633.610581151
633.610581151
633.610581151
633.610581151
633.610581151
633.610581151
633.610581151
633.610581151
633.610581151
633.610581151
633.610581151
633.610581151
633.610581151
633.610581151
633.610581151
633.610581151
633.610581151
633.610581151
633.610581151
633.610581151
633.610581151
633.610581151
633.610581151
633.610581151
633.610581151
633.610581151
633.610581151
633.610581151
633.610581151
633.610581151
633.610581151
633.610581151
633.610581151
633.610581151
633.610581151
633.610581151
633.610581151
633.610581151
633.610581151
633.610581151
633.610581151
633.610581151
633.610581151
633.610581151
633.610581151
633.610581151
633.610581151
633.610581151
633.610581151
633.610581151
633.610581151
633.610581151
633.610581151
633.610581151
633.610581151
633.610581151
633.610581151
633.610581151
633.610581151
633.610581151
633.610581151
633.610581151
633.610581151
633.610581151
633.610581151
633.610581151
633.610581151
633.610581151
633.610581151
633.610581151
633.610581151
633.610581151
633.610581151
633.610581151
633.610581151
633.610581151
633.610581151
633.610581151
633.610581151
633.610581151
633.610581151
633.610581151
633.610581151
633.610581151
633.610581151
633.610581151
633.610581151
633.610581151
633.610581151
633.610581151
633.610581151
633.610581151
633.610581151
633.610581151
633.610581151
633.610581151
633.610581151
633.610581151
633.610581151
633.610581151
633.610581151
633.610581151
633.610581151
633.610581151
633.610581151
633.610581151
633.610581151
633.610581151
633.610581151
633.610581151
633.610581151
633.610581151
633.610581151
633.610581151
633.610581151
633.610581151
633.610581151
633.610581151
633.610581151
633.610581151
633.610581151
633.610581151
633.610581151
633.610581151
633.610581151
633.610581151
633.610581151
633.610581151
633.610581151
633.610581151
633.610581151
633.610581151
633.610581151
633.610581151
633.610581151
633.610581151
633.610581151
633.610581151
633.610581151
633.610581151
633.610581151
633.610581151
633.610581151
633.610581151
633.610581151
633.610581151
633.610581151
633.610581151
633.610581151
633.610581151
633.610581151
633.610581151
633.610581151
633.610581151
633.610581151
633.610581151
633.610581151
633.610581151
633.610581151
633.610581151
633.610581151
633.610581151
633.610581151
633.610581151
633.610581151
633.610581151
633.610581151
633.610581151
633.610581151
633.610581151
633.610581151
633.610581151
633.610581151
633.610581151
633.610581151
633.610581151
633.610581151
633.610581151
633.610581151
633.610581151
633.610581151
633.610581151
633.610581151
633.610581151
633.610581151
633.610581151
633.610581151
633.610581151
633.610581151
633.610581151
633.610581151
633.610581151
633.610581151
633.610581151
633.610581151
633.610581151
633.610581151
633.610581151
633.610581151
633.610581151
633.610581151
633.610581151
633.610581151
633.610581151
633.610581151
633.610581151
633.610581151
633.610581151
633.610581151
633.610581151
633.610581151
633.610581151
633.610581151
633.610581151
633.610581151
633.610581151
633.610581151
633.610581151
633.610581151
633.610581151
633.610581151
633.610581151
633.610581151
633.610581151
633.610581151
633.610581151
633.610581151
633.610581151
633.610581151
633.610581151
633.610581151
633.610581151
633.610581151
633.610581151
633.610581151
633.610581151
633.610581151
633.610581151
633.610581151
633.610581151
633.610581151
633.610581151
633.610581151
633.610581151
633.610581151
633.610581151
633.610581151
633.610581151
633.610581151
633.610581151
633.610581151
633.610581151
633.610581151
633.610581151
633.610581151
633.610581151
633.610581151
633.610581151
633.610581151
633.610581151
633.610581151
633.610581151
633.610581151
633.610581151
633.610581151
633.610581151
633.610581151
633.610581151
633.610581151
633.610581151
633.610581151
633.610581151
633.610581151
633.610581151
633.610581151
633.610581151
633.610581151
633.610581151
633.610581151
633.610581151
633.610581151
633.610581151
633.610581151
633.610581151
633.610581151
633.610581151
633.610581151
633.610581151
633.610581151
633.610581151
633.610581151
633.610581151
633.610581151
632.873094846
632.873094846
632.873094846
632.873094846
632.873094846
632.873094846
632.873094846
632.873094846
632.873094846
632.873094846
632.873094846
632.873094846
632.873094846
632.873094846
632.873094846
632.873094846
632.873094846
632.873094846
632.873094846
632.873094846
632.873094846
632.873094846
632.873094846
632.873094846
632.873094846
632.873094846
632.873094846
632.873094846
632.873094846
632.873094846
632.873094846
632.873094846
632.873094846
632.873094846
632.873094846
632.873094846
632.873094846
632.873094846
632.873094846
632.873094846
632.873094846
632.873094846
632.873094846
632.873094846
632.873094846
632.873094846
632.873094846
632.873094846
632.873094846
632.873094846
632.873094846
632.873094846
632.873094846
632.873094846
632.873094846
632.873094846
632.873094846
632.873094846
632.873094846
632.873094846
632.873094846
632.873094846
632.873094846
632.873094846
632.873094846
632.873094846
632.873094846
632.873094846
632.873094846
632.873094846
632.873094846
632.873094846
632.873094846
632.873094846
632.873094846
632.873094846
632.873094846
632.873094846
632.873094846
632.873094846
632.873094846
632.873094846
632.873094846
632.873094846
632.873094846
632.873094846
632.873094846
632.873094846
632.873094846
632.873094846
632.873094846
632.873094846
632.873094846
632.873094846
632.873094846
632.873094846
632.873094846
632.873094846
632.873094846
632.873094846
632.873094846
632.873094846
632.873094846
632.873094846
632.873094846
632.873094846
632.873094846
632.873094846
632.873094846
632.873094846
632.873094846
632.873094846
632.873094846
632.873094846
632.873094846
632.873094846
632.873094846
632.873094846
632.873094846
632.873094846
632.873094846
632.873094846
632.873094846
632.873094846
632.873094846
632.873094846
632.873094846
632.873094846
632.873094846
632.873094846
632.873094846
632.873094846
632.873094846
632.873094846
632.873094846
632.873094846
632.873094846
632.873094846
632.873094846
632.873094846
632.873094846
632.873094846
632.873094846
632.873094846
632.873094846
632.873094846
632.873094846
632.873094846
632.873094846
632.873094846
632.873094846
632.873094846
632.873094846
632.873094846
632.873094846
632.873094846
632.873094846
632.873094846
632.873094846
632.873094846
632.873094846
632.873094846
632.873094846
632.873094846
632.873094846
632.873094846
632.873094846
632.873094846
632.873094846
632.873094846
632.873094846
632.873094846
632.873094846
632.873094846
632.873094846
632.873094846
632.873094846
632.873094846
632.873094846
632.873094846
632.873094846
632.873094846
632.873094846
632.873094846
632.873094846
632.873094846
632.873094846
632.873094846
632.873094846
632.873094846
632.873094846
632.873094846
632.873094846
632.873094846
632.873094846
632.873094846
632.873094846
632.873094846
632.873094846
632.873094846
632.873094846
632.873094846
632.873094846
632.873094846
632.873094846
632.873094846
632.873094846
632.873094846
632.873094846
632.873094846
632.873094846
632.873094846
632.873094846
632.873094846
632.873094846
632.873094846
632.873094846
632.873094846
632.873094846
632.873094846
632.873094846
632.873094846
624.170971206
624.170971206
624.170971206
624.170971206
624.170971206
624.170971206
624.170971206
624.170971206
624.170971206
624.170971206
624.170971206
624.170971206
624.170971206
624.170971206
624.170971206
624.170971206
624.170971206
624.170971206
624.170971206
624.170971206
624.170971206
624.170971206
624.170971206
624.170971206
624.170971206
624.170971206
624.170971206
624.170971206
624.170971206
624.170971206
624.170971206
624.170971206
624.170971206
624.170971206
624.170971206
624.170971206
624.170971206
624.170971206
624.170971206
624.170971206
624.170971206
624.170971206
624.170971206
624.170971206
624.170971206
624.170971206
624.170971206
624.170971206
624.170971206
624.170971206
624.170971206
624.170971206
624.170971206
624.170971206
624.170971206
624.170971206
624.170971206
624.170971206
624.170971206
624.170971206
624.170971206
624.170971206
624.170971206
624.170971206
624.170971206
624.170971206
624.170971206
624.170971206
624.170971206
624.170971206
624.170971206
624.170971206
624.170971206
624.170971206
624.170971206
624.170971206
624.170971206
624.170971206
624.170971206
624.170971206
624.170971206
624.170971206
624.170971206
624.170971206
624.170971206
624.170971206
624.170971206
624.170971206
624.170971206
624.170971206
624.170971206
624.170971206
624.170971206
624.170971206
624.170971206
624.170971206
624.170971206
624.170971206
624.170971206
624.170971206
624.170971206
624.170971206
624.170971206
624.170971206
624.170971206
624.170971206
624.170971206
624.170971206
624.170971206
624.170971206
624.170971206
624.170971206
624.170971206
624.170971206
624.170971206
624.170971206
624.170971206
624.170971206
624.170971206
624.170971206
624.170971206
624.170971206
624.170971206
624.170971206
624.170971206
624.170971206
624.170971206
624.170971206
624.170971206
624.170971206
624.170971206
624.170971206
624.170971206
624.170971206
624.170971206
624.170971206
624.170971206
624.170971206
624.170971206
624.170971206
624.170971206
624.170971206
624.170971206
624.170971206
624.170971206
624.170971206
624.170971206
624.170971206
624.170971206
624.170971206
624.170971206
624.170971206
624.170971206
624.170971206
624.170971206
624.170971206
624.170971206
624.170971206
624.170971206
624.170971206
624.170971206
624.170971206
624.170971206
624.170971206
624.170971206
624.170971206
624.170971206
624.170971206
624.170971206
624.170971206
624.170971206
624.170971206
624.170971206
624.170971206
624.170971206
624.170971206
624.170971206
624.170971206
624.170971206
624.170971206
624.170971206
624.170971206
624.170971206
624.170971206
624.170971206
624.170971206
624.170971206
624.170971206
624.170971206
624.170971206
624.170971206
624.170971206
624.170971206
624.170971206
624.170971206
624.170971206
624.170971206
624.170971206
624.170971206
624.170971206
624.170971206
624.170971206
624.170971206
624.170971206
624.170971206
624.170971206
624.170971206
624.170971206
624.170971206
624.170971206
624.170971206
624.170971206
624.170971206
624.170971206
624.170971206
624.170971206
624.170971206
624.170971206
624.170971206
624.170971206
624.170971206
624.170971206
624.170971206
624.170971206
624.170971206
624.170971206
624.170971206
624.170971206
624.170971206
624.170971206
624.170971206
624.170971206
624.170971206
624.170971206
624.170971206
624.170971206
624.170971206
624.170971206
624.170971206
624.170971206
624.170971206
624.170971206
624.170971206
624.170971206
624.170971206
624.170971206
624.170971206
624.170971206
624.170971206
624.170971206
624.170971206
624.170971206
624.170971206
624.170971206
624.170971206
624.170971206
624.170971206
624.170971206
624.170971206
624.170971206
624.170971206
624.170971206
624.170971206
624.170971206
624.170971206
624.170971206
624.170971206
624.170971206
624.170971206
624.170971206
624.170971206
624.170971206
624.170971206
624.170971206
624.170971206
624.170971206
624.170971206
624.170971206
624.170971206
624.170971206
624.170971206
624.170971206
624.170971206
624.170971206
624.170971206
624.170971206
624.170971206
624.170971206
624.170971206
624.170971206
624.170971206
624.170971206
624.170971206
624.170971206
624.170971206
624.170971206
624.170971206
624.170971206
624.170971206
624.170971206
624.170971206
624.170971206
624.170971206
624.170971206
624.170971206
624.170971206
624.170971206
624.170971206
624.170971206
624.170971206
624.170971206
624.170971206
624.170971206
624.170971206
624.170971206
624.170971206
624.170971206
624.170971206
624.170971206
624.170971206
624.170971206
624.170971206
624.170971206
624.170971206
624.170971206
624.170971206
624.170971206
624.170971206
624.170971206
624.170971206
624.170971206
624.170971206
624.170971206
624.170971206
624.170971206
624.170971206
624.170971206
624.170971206
624.170971206
624.170971206
624.170971206
624.170971206
624.170971206
624.170971206
624.170971206
624.170971206
624.170971206
624.170971206
624.170971206
624.170971206
624.170971206
624.170971206
624.170971206
624.170971206
624.170971206
624.170971206
624.170971206
624.170971206
624.170971206
624.170971206
624.170971206
624.170971206
624.170971206
624.170971206
624.170971206
624.170971206
624.170971206
624.170971206
624.170971206
624.170971206
624.170971206
624.170971206
624.170971206
624.170971206
624.170971206
624.170971206
624.170971206
624.170971206
624.170971206
624.170971206
624.170971206
624.170971206
624.170971206
624.170971206
624.170971206
624.170971206
624.170971206
624.170971206
624.170971206
624.170971206
624.170971206
624.170971206
624.170971206
624.170971206
620.418992395
620.418992395
620.418992395
620.418992395
620.418992395
620.418992395
620.418992395
620.418992395
620.418992395
620.418992395
620.418992395
620.418992395
620.418992395
620.418992395
620.418992395
620.418992395
620.418992395
620.418992395
620.418992395
620.418992395
620.418992395
620.418992395
620.418992395
620.418992395
620.418992395
620.418992395
620.418992395
620.418992395
620.418992395
620.418992395
620.418992395
620.418992395
620.418992395
620.418992395
620.418992395
620.418992395
620.418992395
620.418992395
620.418992395
620.418992395
620.418992395
620.418992395
620.418992395
620.418992395
620.418992395
620.418992395
620.418992395
620.418992395
620.418992395
620.418992395
620.418992395
620.418992395
620.418992395
620.418992395
620.418992395
620.418992395
620.418992395
620.418992395
620.418992395
620.418992395
620.418992395
620.418992395
620.418992395
620.418992395
620.418992395
620.418992395
620.418992395
620.418992395
620.418992395
620.418992395
620.418992395
620.418992395
620.418992395
620.418992395
620.418992395
620.418992395
620.418992395
620.418992395
620.418992395
620.418992395
620.418992395
620.418992395
620.418992395
620.418992395
620.418992395
620.418992395
620.418992395
620.418992395
620.418992395
620.418992395
620.418992395
620.418992395
620.418992395
620.418992395
620.418992395
620.418992395
620.418992395
620.418992395
620.418992395
620.418992395
620.418992395
620.418992395
620.418992395
620.418992395
620.418992395
620.418992395
620.418992395
620.418992395
620.418992395
620.418992395
620.418992395
620.418992395
620.418992395
620.418992395
620.418992395
620.418992395
620.418992395
620.418992395
620.418992395
620.418992395
620.418992395
620.418992395
620.418992395
620.418992395
620.418992395
620.418992395
620.418992395
620.418992395
620.418992395
620.418992395
620.418992395
620.418992395
620.418992395
620.418992395
620.418992395
620.418992395
620.418992395
620.418992395
620.418992395
620.418992395
620.418992395
620.418992395
620.418992395
620.418992395
620.418992395
620.418992395
620.418992395
620.418992395
620.418992395
620.418992395
620.418992395
620.418992395
620.418992395
620.418992395
620.418992395
620.418992395
620.418992395
620.418992395
620.418992395
620.418992395
620.418992395
620.418992395
620.418992395
620.418992395
620.418992395
620.418992395
620.418992395
620.418992395
620.418992395
620.418992395
620.418992395
620.418992395
620.418992395
620.418992395
620.418992395
620.418992395
620.418992395
620.418992395
620.418992395
620.418992395
620.418992395
620.418992395
620.418992395
620.418992395
620.418992395
620.418992395
620.418992395
620.418992395
620.418992395
620.418992395
620.418992395
620.418992395
620.418992395
620.418992395
620.418992395
620.418992395
620.418992395
620.418992395
620.418992395
620.418992395
620.418992395
620.418992395
620.418992395
620.418992395
620.418992395
620.418992395
620.418992395
620.418992395
620.418992395
620.418992395
620.418992395
620.418992395
620.418992395
620.418992395
620.418992395
620.418992395
620.418992395
620.418992395
620.418992395
620.418992395
620.418992395
620.418992395
620.418992395
620.418992395
620.418992395
620.418992395
620.418992395
620.418992395
620.418992395
620.418992395
620.418992395
620.418992395
620.418992395
620.418992395
620.418992395
620.418992395
620.418992395
620.418992395
620.418992395
620.418992395
620.418992395
620.418992395
620.418992395
620.418992395
620.418992395
620.418992395
620.418992395
620.418992395
620.418992395
620.418992395
620.418992395
620.418992395
620.418992395
620.418992395
620.418992395
620.418992395
620.418992395
620.418992395
620.418992395
620.418992395
620.418992395
620.418992395
620.418992395
620.418992395
620.418992395
620.418992395
620.418992395
620.418992395
620.418992395
620.418992395
620.418992395
620.418992395
620.418992395
620.418992395
620.418992395
620.418992395
620.418992395
620.418992395
620.418992395
620.418992395
620.418992395
620.418992395
620.418992395
620.418992395
620.418992395
620.418992395
620.418992395
620.418992395
620.418992395
620.418992395
620.418992395
620.418992395
620.418992395
620.418992395
620.418992395
620.418992395
618.862302905
618.862302905
618.862302905
618.862302905
618.862302905
618.862302905
618.862302905
618.862302905
618.862302905
618.862302905
618.862302905
618.862302905
618.862302905
618.862302905
618.862302905
618.862302905
618.862302905
618.862302905
618.862302905
618.862302905
618.862302905
618.862302905
618.862302905
618.862302905
618.862302905
618.862302905
618.862302905
618.862302905
618.862302905
618.862302905
618.862302905
618.862302905
618.862302905
618.862302905
618.862302905
618.862302905
618.862302905
618.862302905
618.862302905
618.862302905
618.862302905
618.862302905
618.862302905
618.862302905
618.862302905
618.862302905
618.862302905
618.862302905
618.862302905
618.862302905
618.862302905
618.862302905
618.862302905
618.862302905
618.862302905
618.862302905
618.862302905
618.862302905
618.862302905
618.862302905
618.862302905
618.862302905
618.862302905
618.862302905
618.862302905
618.862302905
618.862302905
618.862302905
618.862302905
618.862302905
618.862302905
618.862302905
618.862302905
618.862302905
618.862302905
618.862302905
618.862302905
618.862302905
618.862302905
618.862302905
618.862302905
618.862302905
618.862302905
618.862302905
618.862302905
618.862302905
618.862302905
618.862302905
618.862302905
618.862302905
618.862302905
618.862302905
618.862302905
618.862302905
618.862302905
618.862302905
618.862302905
618.862302905
618.862302905
618.862302905
618.862302905
618.862302905
618.862302905
618.862302905
618.862302905
618.862302905
618.862302905
618.862302905
618.862302905
618.862302905
618.862302905
618.862302905
618.862302905
618.862302905
618.862302905
618.862302905
618.862302905
618.862302905
618.862302905
618.862302905
618.862302905
618.862302905
618.862302905
618.862302905
618.862302905
618.862302905
618.862302905
618.862302905
618.862302905
618.862302905
618.862302905
618.862302905
618.862302905
618.862302905
618.862302905
618.862302905
618.862302905
618.862302905
618.862302905
618.862302905
618.862302905
618.862302905
618.862302905
618.862302905
618.862302905
618.862302905
618.862302905
618.862302905
618.862302905
618.862302905
618.862302905
618.862302905
618.862302905
618.862302905
618.862302905
618.862302905
618.862302905
618.862302905
618.862302905
618.862302905
618.862302905
618.862302905
618.862302905
618.862302905
618.862302905
618.862302905
618.862302905
618.862302905
618.862302905
618.862302905
618.862302905
618.862302905
618.862302905
618.862302905
618.862302905
618.862302905
618.862302905
618.862302905
618.862302905
618.862302905
618.862302905
618.862302905
618.862302905
618.090245816
618.090245816
618.090245816
618.090245816
618.090245816
618.090245816
618.090245816
618.090245816
618.090245816
618.090245816
618.090245816
618.090245816
618.090245816
618.090245816
618.090245816
618.090245816
618.090245816
618.090245816
618.090245816
618.090245816
618.090245816
618.090245816
618.090245816
618.090245816
618.090245816
618.090245816
618.090245816
618.090245816
618.090245816
618.090245816
618.090245816
618.090245816
618.090245816
618.090245816
618.090245816
618.090245816
618.090245816
618.090245816
618.090245816
618.090245816
618.090245816
618.090245816
618.090245816
618.090245816
618.090245816
618.090245816
618.090245816
618.090245816
618.090245816
618.090245816
618.090245816
618.090245816
618.090245816
618.090245816
618.090245816
618.090245816
618.090245816
618.090245816
618.090245816
618.090245816
618.090245816
618.090245816
618.090245816
618.090245816
618.090245816
618.090245816
618.090245816
618.090245816
618.090245816
618.090245816
618.090245816
618.090245816
618.090245816
618.090245816
618.090245816
618.090245816
618.090245816
618.090245816
618.090245816
618.090245816
618.090245816
618.090245816
618.090245816
618.090245816
618.090245816
618.090245816
618.090245816
618.090245816
618.090245816
618.090245816
617.500750476
617.500750476
617.500750476
617.500750476
617.500750476
617.500750476
617.500750476
617.500750476
617.500750476
617.500750476
617.500750476
617.500750476
617.500750476
617.500750476
617.500750476
617.500750476
617.500750476
617.500750476
617.500750476
617.500750476
617.500750476
617.500750476
617.500750476
617.500750476
617.500750476
617.500750476
617.500750476
617.500750476
617.500750476
617.500750476
617.500750476
617.500750476
617.500750476
617.500750476
617.500750476
617.500750476
617.500750476
617.500750476
617.500750476
617.500750476
617.500750476
617.500750476
617.500750476
617.500750476
617.500750476
617.500750476
617.500750476
617.500750476
617.500750476
617.500750476
617.500750476
617.500750476
617.500750476
617.500750476
617.500750476
617.500750476
617.500750476
617.500750476
617.500750476
617.500750476
617.500750476
617.500750476
617.500750476
617.500750476
617.500750476
617.500750476
617.500750476
617.500750476
617.500750476
617.500750476
617.500750476
617.500750476
617.500750476
617.500750476
617.500750476
617.500750476
617.500750476
617.500750476
617.500750476
617.500750476
617.500750476
617.500750476
617.500750476
617.500750476
617.500750476
617.500750476
617.500750476
617.500750476
617.500750476
617.500750476
617.500750476
617.500750476
617.500750476
617.500750476
617.500750476
617.500750476
617.500750476
617.500750476
617.500750476
617.500750476
617.500750476
617.500750476
617.500750476
617.500750476
617.500750476
617.500750476
617.500750476
617.500750476
617.500750476
617.500750476
617.500750476
617.500750476
617.500750476
617.500750476
617.500750476
617.500750476
617.500750476
617.500750476
617.500750476
617.500750476
617.500750476
617.500750476
617.500750476
617.500750476
617.500750476
617.500750476
617.500750476
617.500750476
617.500750476
617.500750476
617.500750476
617.500750476
617.500750476
617.500750476
617.500750476
617.500750476
617.500750476
617.500750476
617.500750476
617.500750476
617.500750476
617.500750476
617.500750476
617.500750476
617.500750476
617.500750476
617.500750476
617.500750476
617.500750476
617.500750476
617.500750476
617.500750476
617.500750476
617.500750476
617.500750476
617.500750476
617.500750476
617.500750476
617.500750476
617.500750476
617.500750476
617.500750476
617.500750476
617.500750476
617.500750476
617.500750476
617.500750476
617.500750476
617.500750476
617.500750476
617.500750476
617.500750476
617.500750476
617.500750476
617.500750476
617.500750476
617.500750476
617.500750476
617.500750476
617.500750476
617.500750476
617.500750476
617.500750476
617.500750476
617.500750476
617.500750476
617.500750476
617.500750476
617.500750476
617.500750476
617.500750476
617.500750476
617.500750476
617.500750476
617.500750476
617.500750476
617.500750476
617.500750476
617.500750476
617.500750476
617.500750476
617.500750476
617.500750476
617.500750476
617.500750476
617.500750476
617.500750476
617.500750476
617.500750476
617.500750476
617.500750476
617.500750476
617.500750476
617.500750476
617.500750476
617.500750476
617.500750476
617.500750476
617.500750476
617.500750476
617.500750476
617.500750476
617.500750476
617.500750476
617.500750476
617.500750476
617.500750476
617.500750476
617.500750476
617.500750476
617.500750476
617.500750476
617.500750476
617.500750476
617.500750476
617.500750476
617.500750476
617.500750476
617.500750476
617.500750476
617.500750476
617.500750476
617.500750476
617.500750476
617.500750476
617.500750476
617.500750476
617.500750476
617.500750476
617.500750476
617.500750476
617.500750476
617.500750476
617.500750476
617.500750476
617.500750476
617.500750476
617.500750476
617.500750476
617.500750476
617.500750476
617.500750476
617.500750476
617.500750476
617.500750476
617.500750476
617.500750476
617.500750476
617.500750476
617.500750476
617.500750476
617.500750476
617.500750476
617.500750476
617.500750476
617.500750476
617.500750476
617.500750476
617.500750476
617.500750476
617.500750476
617.500750476
617.500750476
617.500750476
617.500750476
617.500750476
617.500750476
617.500750476
617.500750476
617.500750476
617.500750476
617.500750476
617.500750476
617.500750476
617.500750476
617.500750476
617.500750476
617.500750476
617.500750476
617.500750476
617.500750476
617.500750476
617.500750476
617.500750476
617.500750476
617.500750476
617.500750476
617.500750476
617.500750476
617.500750476
617.500750476
617.500750476
617.500750476
617.500750476
617.500750476
617.500750476
617.500750476
617.500750476
617.500750476
617.500750476
617.500750476
617.500750476
617.500750476
617.500750476
617.500750476
617.500750476
617.500750476
617.500750476
617.500750476
617.500750476
617.500750476
617.500750476
617.500750476
617.500750476
617.500750476
617.500750476
617.500750476
617.500750476
617.500750476
617.500750476
617.500750476
617.500750476
617.500750476
617.500750476
617.500750476
617.500750476
617.500750476
617.500750476
617.500750476
617.500750476
617.500750476
617.500750476
617.500750476
617.500750476
617.500750476
617.500750476
617.500750476
617.500750476
617.500750476
617.500750476
617.500750476
617.500750476
617.500750476
617.500750476
617.500750476
617.500750476
617.500750476
617.500750476
617.500750476
617.500750476
617.500750476
617.500750476
617.500750476
617.500750476
617.500750476
617.500750476
617.500750476
617.500750476
617.500750476
617.500750476
617.500750476
617.500750476
617.500750476
617.500750476
617.500750476
617.500750476
617.500750476
617.500750476
617.500750476
617.500750476
617.500750476
617.500750476
617.500750476
617.500750476
617.500750476
617.500750476
617.500750476
617.500750476
617.500750476
617.500750476
617.500750476
617.500750476
617.500750476
617.500750476
617.500750476
617.500750476
617.500750476
617.500750476
617.500750476
617.500750476
617.500750476
617.500750476
617.500750476
617.500750476
617.500750476
617.500750476
617.500750476
617.500750476
617.500750476
617.500750476
617.500750476
617.500750476
617.500750476
617.500750476
617.500750476
617.500750476
617.500750476
617.500750476
617.500750476
617.500750476
617.500750476
617.500750476
617.500750476
617.500750476
617.500750476
617.500750476
617.500750476
617.500750476
617.500750476
617.500750476
617.500750476
617.500750476
617.500750476
617.500750476
617.500750476
617.500750476
617.500750476
617.500750476
617.500750476
617.500750476
617.500750476
617.500750476
617.500750476
617.500750476
617.500750476
617.500750476
617.500750476
617.500750476
617.500750476
617.500750476
617.500750476
617.500750476
617.500750476
617.500750476
617.500750476
617.500750476
617.500750476
617.500750476
617.500750476
617.500750476
617.500750476
617.500750476
617.500750476
617.500750476
617.500750476
617.500750476
617.500750476
617.500750476
617.500750476
617.500750476
617.500750476
617.500750476
617.500750476
617.500750476
617.500750476
617.500750476
617.500750476
617.500750476
617.500750476
617.500750476
617.500750476
617.500750476
617.500750476
617.500750476
617.500750476
617.500750476
617.500750476
617.500750476
617.500750476
617.500750476
617.500750476
617.500750476
617.500750476
617.500750476
617.500750476
617.500750476
617.500750476
617.500750476
617.500750476
617.500750476
617.500750476
617.500750476
617.500750476
617.500750476
617.500750476
617.500750476
617.500750476
617.500750476
617.500750476
617.500750476
617.500750476
617.500750476
617.500750476
617.500750476
617.500750476
617.500750476
617.500750476
617.500750476
617.500750476
617.500750476
617.500750476
617.500750476
617.500750476
617.500750476
617.500750476
617.500750476
617.500750476
617.500750476
617.500750476
617.500750476
617.500750476
617.500750476
617.500750476
617.500750476
617.500750476
617.500750476
617.500750476
617.500750476
617.500750476
617.500750476
617.500750476
617.500750476
617.500750476
617.500750476
617.500750476
617.500750476
617.500750476
617.500750476
617.500750476
617.500750476
617.500750476
617.500750476
617.500750476
617.500750476
617.500750476
617.500750476
617.500750476
617.500750476
617.500750476
617.500750476
617.500750476
617.500750476
617.500750476
617.500750476
617.500750476
617.500750476
617.500750476
617.500750476
617.500750476
617.500750476
617.500750476
617.500750476
617.500750476
617.500750476
617.500750476
617.500750476
617.500750476
617.500750476
617.500750476
617.500750476
617.500750476
617.500750476
617.500750476
617.500750476
617.500750476
617.500750476
617.500750476
617.500750476
617.500750476
617.500750476
617.500750476
617.500750476
617.500750476
617.500750476
617.500750476
617.500750476
617.500750476
617.500750476
617.500750476
617.500750476
617.500750476
617.500750476
617.500750476
617.500750476
617.500750476
617.500750476
617.500750476
617.500750476
617.500750476
617.500750476
617.500750476
617.500750476
617.500750476
617.500750476
617.500750476
617.500750476
617.500750476
617.500750476
617.500750476
617.500750476
617.500750476
617.500750476
617.500750476
617.500750476
617.500750476
617.500750476
617.500750476
617.500750476
617.500750476
617.500750476
617.500750476
617.500750476
617.500750476
617.500750476
617.500750476
617.500750476
617.500750476
617.500750476
617.500750476
617.500750476
617.500750476
617.500750476
617.500750476
617.500750476
617.500750476
617.500750476
617.500750476
617.500750476
617.500750476
617.500750476
617.500750476
617.500750476
617.500750476
617.500750476
617.500750476
617.500750476
617.500750476
617.500750476
617.500750476
617.500750476
617.500750476
617.500750476
617.500750476
617.500750476
617.500750476
617.500750476
617.500750476
617.500750476
617.500750476
617.500750476
617.500750476
617.500750476
617.500750476
617.500750476
617.500750476
617.500750476
617.500750476
617.500750476
617.500750476
617.500750476
617.500750476
617.500750476
617.500750476
617.500750476
617.500750476
617.500750476
617.500750476
617.500750476
617.500750476
617.500750476
617.500750476
617.500750476
617.500750476
617.500750476
617.500750476
617.500750476
617.500750476
617.500750476
617.500750476
617.500750476
617.500750476
617.500750476
617.500750476
617.500750476
617.500750476
617.500750476
617.500750476
617.500750476
617.500750476
617.500750476
617.500750476
617.500750476
617.500750476
617.500750476
617.500750476
617.500750476
617.500750476
617.500750476
617.500750476
617.500750476
617.500750476
617.500750476
617.500750476
617.500750476
617.500750476
617.500750476
617.500750476
617.500750476
617.500750476
617.500750476
617.500750476
617.500750476
617.500750476
617.500750476
617.500750476
617.500750476
617.500750476
617.500750476
617.500750476
617.500750476
617.500750476
617.500750476
617.500750476
617.500750476
617.500750476
617.500750476
617.500750476
617.500750476
617.500750476
617.500750476
617.500750476
617.500750476
617.500750476
617.500750476
617.500750476
617.500750476
617.500750476
617.500750476
617.500750476
617.500750476
617.500750476
617.500750476
617.500750476
617.500750476
617.500750476
617.500750476
617.500750476
617.500750476
617.500750476
617.500750476
617.500750476
617.500750476
617.500750476
617.500750476
617.500750476
617.500750476
617.500750476
617.500750476
617.500750476
617.500750476
617.500750476
617.500750476
617.500750476
617.500750476
617.500750476
617.500750476
617.500750476
617.500750476
617.500750476
617.500750476
