1658.14849486
1593.88888114
1574.22941035
1544.08903339
1537.0121391
1519.22210151
1519.22210151
1519.22210151
1503.39864191
1503.39864191
1498.44733742
1498.44733742
1498.44733742
1498.44733742
1451.70044565
1451.70044565
1439.33542946
1439.33542946
1439.33542946
1412.59106068
1408.6982594
1376.86022768
1376.86022768
1376.86022768
1365.14768877
1365.14768877
1362.71800754
1304.1290334
1279.90650375
1279.90650375
1279.90650375
1279.90650375
1263.46331591
1263.46331591
1236.37622012
1225.64368615
1225.64368615
1225.64368615
1225.64368615
1225.64368615
1225.64368615
1215.01818519
1215.01818519
1195.68737414
1195.68737414
1170.32386463
1170.32386463
1170.32386463
1170.32386463
1170.32386463
1170.32386463
1170.32386463
1170.32386463
1170.32386463
1170.32386463
1170.32386463
1168.63749987
1168.63749987
1168.63749987
1168.63749987
1168.63749987
1168.63749987
1168.63749987
1168.63749987
1168.63749987
1168.63749987
1168.63749987
1168.63749987
1168.63749987
1168.63749987
1168.63749987
1168.63749987
1168.63749987
1168.63749987
1168.63749987
1168.63749987
1168.63749987
1168.63749987
1168.63749987
1168.63749987
1168.63749987
1168.63749987
1168.63749987
1160.42899888
1160.42899888
1160.42899888
1160.42899888
1160.42899888
1160.42899888
1160.42899888
1160.42899888
1160.42899888
1160.42899888
1160.42899888
1160.42899888
1160.42899888
1160.42899888
1152.68720736
1152.68720736
1152.68720736
1152.68720736
1152.68720736
1130.45725501
1130.45725501
1130.45725501
1130.45725501
1130.45725501
1130.45725501
1130.45725501
1130.45725501
1130.45725501
1130.45725501
1130.45725501
1130.45725501
1130.45725501
1130.45725501
1130.45725501
1124.47380284
1124.47380284
1124.47380284
1112.63416671
1112.63416671
1095.59817908
1095.59817908
1091.89274612
1091.89274612
1091.89274612
1091.89274612
1091.89274612
1091.89274612
1091.89274612
1091.89274612
1091.89274612
1091.89274612
1091.89274612
1091.89274612
1091.89274612
1091.89274612
1091.89274612
1091.89274612
1091.89274612
1091.89274612
1091.89274612
1091.89274612
1079.2901387
1057.11241506
1057.11241506
1057.11241506
1057.11241506
1057.11241506
1057.11241506
1057.11241506
1057.11241506
1057.11241506
1057.11241506
1057.11241506
1057.11241506
1057.11241506
1057.11241506
1057.11241506
1057.11241506
1057.11241506
1022.09981096
1022.09981096
1022.09981096
1022.09981096
1022.09981096
1022.09981096
1022.09981096
1022.09981096
1022.09981096
1022.09981096
1022.09981096
1022.09981096
1021.22047787
1021.22047787
1021.22047787
1021.22047787
1021.22047787
1021.22047787
1021.22047787
1021.22047787
1021.22047787
1021.22047787
1021.22047787
1021.22047787
1021.22047787
1021.22047787
1021.22047787
1021.22047787
1021.22047787
1021.22047787
1021.22047787
1021.22047787
1021.22047787
1021.22047787
1021.22047787
1021.22047787
1020.60672224
1020.60672224
1020.60672224
1020.60672224
1020.60672224
1020.60672224
1020.60672224
1020.60672224
1020.60672224
1020.60672224
1020.60672224
1020.60672224
1020.60672224
1020.60672224
1020.60672224
1020.60672224
1020.60672224
1020.60672224
1020.60672224
1020.60672224
1020.60672224
1020.60672224
1020.60672224
991.715505881
991.715505881
991.715505881
991.715505881
991.715505881
991.715505881
991.715505881
991.715505881
991.715505881
991.715505881
991.715505881
991.715505881
991.715505881
991.715505881
990.308616317
990.308616317
990.308616317
990.308616317
990.308616317
990.308616317
990.308616317
990.308616317
990.308616317
990.308616317
990.308616317
988.576234803
988.576234803
988.576234803
988.576234803
980.624118295
980.624118295
980.624118295
980.624118295
980.624118295
980.624118295
973.94885883
973.94885883
973.94885883
973.94885883
973.94885883
973.94885883
973.94885883
973.94885883
973.94885883
973.94885883
973.94885883
973.94885883
973.94885883
973.94885883
973.94885883
973.94885883
973.94885883
973.94885883
973.94885883
973.94885883
973.94885883
973.94885883
973.94885883
973.94885883
973.94885883
973.94885883
973.94885883
973.94885883
973.94885883
973.94885883
973.94885883
973.94885883
973.94885883
973.94885883
973.94885883
973.94885883
972.512083444
972.512083444
972.512083444
972.512083444
972.512083444
972.512083444
972.512083444
972.512083444
972.512083444
972.512083444
972.512083444
972.512083444
970.21552332
970.21552332
970.21552332
970.21552332
970.21552332
970.21552332
970.21552332
970.21552332
970.21552332
970.21552332
970.21552332
970.075942589
970.075942589
970.075942589
970.075942589
970.075942589
970.075942589
970.075942589
970.075942589
970.075942589
970.075942589
970.075942589
970.075942589
959.584019553
959.584019553
959.584019553
959.584019553
959.584019553
959.584019553
959.584019553
959.584019553
959.584019553
954.650164481
954.650164481
954.650164481
954.650164481
954.650164481
954.650164481
954.650164481
939.977661936
939.977661936
939.977661936
939.977661936
939.977661936
939.977661936
939.977661936
939.977661936
921.794024203
921.794024203
921.794024203
921.794024203
921.794024203
921.794024203
921.794024203
921.794024203
921.794024203
921.794024203
921.682915019
912.618754523
912.618754523
912.618754523
912.618754523
912.618754523
912.618754523
912.618754523
912.618754523
912.618754523
912.618754523
912.618754523
912.618754523
912.618754523
912.618754523
898.073408323
898.073408323
891.56686922
891.56686922
891.56686922
891.56686922
891.56686922
891.56686922
891.56686922
891.56686922
891.56686922
891.56686922
891.56686922
891.56686922
891.56686922
891.56686922
891.56686922
891.56686922
891.56686922
891.56686922
891.56686922
891.56686922
891.56686922
891.56686922
891.56686922
891.56686922
891.56686922
891.56686922
891.56686922
891.56686922
891.56686922
891.56686922
891.56686922
891.56686922
891.56686922
891.56686922
891.56686922
891.56686922
891.56686922
891.56686922
891.56686922
891.56686922
891.56686922
891.56686922
891.56686922
891.56686922
887.637484992
887.637484992
887.637484992
885.14224544
885.14224544
885.14224544
885.14224544
885.14224544
885.14224544
885.14224544
885.14224544
885.14224544
885.14224544
885.14224544
885.14224544
885.14224544
885.14224544
885.14224544
885.14224544
885.14224544
885.14224544
885.14224544
885.14224544
885.14224544
885.14224544
885.14224544
885.14224544
885.14224544
885.14224544
885.14224544
885.14224544
885.14224544
885.14224544
882.428000335
882.428000335
882.428000335
882.428000335
882.428000335
882.428000335
882.428000335
882.428000335
882.428000335
882.428000335
882.428000335
882.428000335
882.428000335
882.428000335
882.428000335
882.428000335
882.428000335
882.428000335
882.428000335
882.428000335
882.428000335
882.428000335
882.428000335
882.428000335
882.428000335
882.428000335
882.428000335
882.428000335
882.428000335
882.428000335
882.428000335
882.428000335
882.428000335
882.428000335
882.428000335
882.428000335
882.428000335
882.428000335
882.428000335
882.428000335
882.428000335
882.428000335
882.428000335
882.428000335
882.428000335
882.428000335
882.428000335
882.428000335
882.428000335
882.428000335
882.428000335
882.428000335
882.428000335
882.428000335
882.428000335
882.428000335
882.428000335
882.428000335
882.428000335
882.428000335
882.428000335
882.428000335
882.428000335
882.428000335
876.592838546
876.592838546
876.592838546
876.592838546
876.592838546
876.592838546
876.592838546
876.592838546
876.592838546
876.592838546
876.592838546
876.592838546
876.592838546
876.592838546
876.592838546
876.592838546
876.592838546
876.592838546
876.592838546
876.592838546
876.592838546
876.592838546
876.592838546
876.592838546
876.592838546
876.592838546
876.592838546
876.592838546
876.592838546
876.592838546
876.592838546
876.592838546
876.592838546
876.592838546
876.592838546
876.592838546
876.592838546
876.592838546
876.592838546
876.592838546
876.592838546
876.592838546
876.592838546
876.592838546
876.592838546
876.592838546
876.592838546
876.592838546
876.592838546
876.592838546
876.592838546
876.592838546
876.592838546
876.592838546
876.592838546
876.592838546
876.592838546
876.592838546
876.592838546
876.592838546
876.592838546
876.592838546
876.592838546
876.592838546
876.592838546
876.592838546
876.592838546
876.592838546
876.592838546
876.592838546
876.592838546
876.592838546
876.592838546
876.592838546
876.592838546
876.592838546
876.592838546
876.592838546
876.592838546
876.592838546
876.592838546
876.592838546
876.592838546
876.592838546
876.592838546
876.592838546
876.592838546
876.592838546
876.592838546
876.592838546
876.592838546
876.592838546
876.592838546
876.592838546
861.698744765
861.698744765
861.698744765
861.698744765
861.698744765
861.698744765
861.698744765
861.698744765
861.698744765
861.698744765
860.967416366
860.967416366
860.967416366
860.967416366
860.967416366
860.967416366
860.967416366
860.967416366
860.967416366
860.967416366
860.967416366
860.967416366
860.967416366
860.967416366
860.967416366
860.967416366
860.967416366
860.967416366
860.967416366
860.967416366
860.967416366
860.967416366
860.967416366
860.967416366
860.967416366
860.967416366
860.967416366
860.967416366
860.967416366
860.967416366
860.967416366
860.967416366
860.967416366
860.967416366
860.967416366
860.967416366
860.967416366
860.967416366
860.967416366
860.967416366
860.967416366
860.967416366
860.967416366
860.967416366
860.967416366
860.967416366
860.967416366
860.967416366
860.967416366
860.967416366
860.967416366
860.967416366
860.967416366
860.967416366
860.967416366
858.618713488
858.618713488
858.618713488
858.618713488
858.618713488
858.618713488
858.618713488
858.618713488
858.618713488
858.618713488
858.618713488
858.618713488
858.618713488
858.618713488
858.618713488
858.618713488
858.618713488
858.618713488
858.618713488
858.618713488
858.618713488
858.618713488
858.618713488
858.618713488
858.618713488
858.618713488
858.618713488
852.554419932
852.439186358
852.439186358
852.439186358
852.439186358
852.439186358
852.439186358
852.439186358
846.448754115
846.448754115
846.448754115
846.448754115
846.448754115
846.448754115
846.448754115
846.448754115
846.448754115
846.448754115
846.448754115
846.448754115
846.448754115
846.448754115
846.448754115
846.448754115
846.448754115
846.448754115
846.448754115
846.448754115
846.448754115
846.448754115
838.622790379
838.622790379
838.622790379
838.622790379
838.622790379
838.622790379
838.622790379
838.622790379
838.622790379
838.622790379
838.622790379
838.622790379
838.622790379
838.622790379
838.622790379
838.622790379
838.622790379
838.622790379
838.622790379
838.622790379
838.622790379
838.622790379
838.622790379
838.622790379
838.622790379
838.622790379
838.622790379
838.622790379
838.622790379
838.622790379
838.622790379
838.622790379
838.622790379
838.622790379
835.768802009
835.768802009
835.768802009
835.768802009
835.768802009
835.768802009
835.768802009
835.768802009
835.768802009
835.768802009
835.768802009
835.768802009
835.768802009
835.768802009
835.768802009
835.768802009
835.768802009
835.768802009
835.768802009
835.768802009
835.768802009
835.768802009
835.768802009
835.768802009
835.768802009
835.768802009
835.768802009
835.768802009
835.768802009
835.768802009
835.768802009
835.768802009
835.768802009
835.768802009
835.768802009
835.768802009
835.768802009
835.768802009
835.768802009
835.768802009
835.768802009
835.768802009
835.768802009
835.768802009
835.768802009
835.768802009
835.768802009
835.768802009
835.768802009
835.768802009
835.768802009
835.768802009
835.768802009
835.768802009
835.768802009
834.463030117
834.463030117
834.463030117
834.463030117
827.572470098
827.572470098
827.572470098
827.572470098
827.572470098
827.572470098
827.572470098
827.572470098
827.572470098
827.572470098
827.572470098
827.572470098
827.572470098
827.572470098
827.572470098
827.572470098
827.572470098
827.572470098
827.572470098
827.572470098
827.572470098
827.572470098
827.572470098
827.572470098
827.572470098
827.572470098
827.572470098
827.572470098
827.572470098
827.572470098
827.572470098
827.572470098
827.572470098
827.572470098
827.572470098
827.572470098
827.572470098
827.572470098
827.572470098
827.572470098
827.572470098
827.572470098
827.572470098
827.572470098
827.572470098
827.572470098
827.572470098
827.572470098
827.572470098
827.572470098
827.572470098
827.572470098
827.572470098
827.572470098
827.572470098
827.572470098
827.572470098
827.572470098
827.572470098
827.572470098
827.572470098
827.572470098
827.572470098
827.572470098
827.572470098
827.572470098
827.572470098
827.572470098
827.572470098
827.572470098
827.572470098
827.572470098
827.572470098
827.572470098
827.572470098
827.572470098
827.572470098
827.572470098
827.572470098
827.572470098
827.572470098
827.572470098
827.572470098
827.572470098
827.572470098
827.572470098
827.572470098
827.572470098
827.572470098
827.572470098
827.572470098
827.572470098
827.572470098
827.572470098
827.572470098
827.572470098
827.572470098
827.572470098
827.572470098
827.572470098
827.572470098
827.572470098
827.572470098
827.572470098
827.572470098
827.572470098
827.572470098
827.572470098
827.572470098
827.572470098
827.572470098
827.572470098
827.572470098
827.572470098
827.572470098
827.572470098
827.572470098
827.572470098
827.572470098
827.572470098
827.572470098
827.572470098
827.572470098
827.572470098
827.572470098
827.572470098
827.572470098
827.572470098
827.572470098
827.572470098
827.572470098
827.572470098
827.572470098
827.572470098
827.572470098
827.572470098
827.572470098
827.572470098
827.572470098
827.572470098
827.572470098
827.572470098
827.572470098
827.572470098
827.572470098
827.572470098
827.572470098
827.572470098
827.572470098
827.572470098
827.572470098
827.572470098
827.572470098
827.572470098
827.572470098
827.572470098
827.572470098
827.572470098
827.572470098
827.572470098
827.572470098
827.572470098
827.572470098
827.572470098
827.572470098
827.572470098
827.572470098
827.572470098
827.572470098
827.572470098
827.572470098
827.572470098
827.572470098
827.572470098
827.572470098
827.572470098
827.572470098
827.572470098
827.572470098
827.572470098
827.572470098
827.572470098
827.572470098
827.572470098
827.572470098
827.572470098
827.572470098
827.572470098
827.572470098
827.572470098
827.572470098
827.572470098
827.572470098
827.572470098
827.572470098
827.572470098
827.572470098
809.761761609
809.761761609
809.761761609
809.761761609
809.761761609
809.761761609
809.761761609
809.761761609
809.761761609
809.761761609
809.761761609
809.761761609
809.761761609
809.761761609
809.761761609
809.761761609
803.962761969
802.558529315
802.410446764
802.410446764
802.410446764
802.410446764
802.410446764
802.410446764
802.410446764
802.410446764
802.410446764
802.410446764
802.250653684
802.250653684
802.250653684
802.250653684
802.250653684
802.250653684
802.250653684
802.250653684
802.250653684
802.250653684
802.250653684
802.250653684
802.250653684
802.250653684
802.250653684
802.250653684
802.250653684
802.250653684
802.250653684
802.250653684
802.250653684
802.250653684
802.250653684
802.250653684
802.250653684
802.250653684
802.250653684
802.250653684
802.250653684
802.250653684
802.250653684
802.250653684
802.250653684
802.250653684
802.250653684
802.250653684
802.250653684
802.250653684
802.250653684
802.250653684
796.385380096
796.385380096
796.385380096
796.385380096
796.385380096
796.385380096
796.385380096
796.385380096
796.385380096
796.385380096
796.385380096
796.385380096
796.385380096
796.385380096
791.957071653
791.957071653
791.957071653
791.957071653
791.957071653
791.957071653
791.957071653
791.957071653
791.957071653
791.957071653
791.957071653
791.957071653
791.957071653
791.957071653
791.957071653
791.957071653
791.957071653
791.957071653
791.957071653
791.957071653
791.957071653
791.957071653
791.957071653
791.957071653
791.957071653
791.957071653
791.957071653
791.957071653
791.957071653
791.957071653
791.957071653
791.957071653
791.957071653
791.957071653
791.957071653
791.957071653
791.957071653
791.957071653
791.957071653
791.957071653
791.957071653
791.957071653
791.957071653
791.957071653
791.957071653
791.957071653
791.957071653
791.957071653
791.957071653
791.957071653
791.957071653
791.957071653
791.957071653
791.957071653
791.957071653
791.957071653
791.957071653
791.957071653
791.957071653
791.957071653
791.957071653
791.957071653
791.957071653
791.957071653
791.957071653
791.957071653
791.957071653
791.957071653
791.957071653
791.957071653
791.957071653
791.957071653
791.957071653
791.957071653
791.957071653
791.957071653
791.957071653
791.957071653
791.957071653
791.957071653
791.957071653
791.957071653
791.957071653
791.957071653
791.957071653
791.957071653
791.957071653
791.957071653
791.957071653
791.957071653
791.957071653
791.957071653
791.957071653
791.957071653
791.957071653
791.957071653
791.957071653
791.957071653
791.957071653
791.957071653
791.957071653
791.957071653
791.957071653
791.957071653
791.957071653
791.957071653
791.957071653
791.957071653
791.957071653
791.957071653
791.957071653
791.957071653
791.957071653
791.957071653
791.957071653
791.957071653
785.457227932
785.457227932
785.457227932
785.457227932
785.457227932
785.457227932
785.457227932
785.457227932
785.457227932
785.457227932
785.457227932
785.457227932
785.457227932
785.457227932
785.457227932
785.457227932
785.457227932
785.457227932
785.457227932
780.403937904
780.403937904
780.403937904
780.403937904
780.403937904
780.403937904
780.403937904
780.403937904
780.403937904
780.403937904
780.403937904
777.685231305
777.685231305
777.685231305
777.685231305
777.685231305
777.685231305
777.685231305
777.685231305
777.685231305
773.440354362
773.440354362
773.440354362
773.440354362
773.440354362
773.440354362
773.440354362
773.440354362
773.440354362
773.440354362
773.440354362
773.440354362
773.440354362
773.440354362
773.440354362
773.440354362
773.440354362
773.440354362
773.440354362
773.440354362
773.440354362
773.440354362
773.440354362
773.440354362
773.440354362
773.440354362
773.440354362
773.440354362
773.440354362
773.440354362
773.440354362
773.440354362
773.440354362
773.440354362
773.440354362
773.440354362
773.440354362
773.440354362
773.440354362
773.440354362
773.440354362
773.440354362
773.440354362
773.440354362
773.440354362
769.978277322
769.978277322
769.978277322
769.978277322
769.978277322
769.978277322
769.978277322
769.978277322
763.400227963
763.400227963
763.400227963
763.400227963
763.400227963
763.400227963
763.400227963
763.400227963
763.400227963
763.400227963
763.400227963
763.400227963
763.400227963
763.400227963
763.400227963
763.400227963
762.203343473
762.203343473
762.203343473
762.203343473
762.203343473
762.203343473
762.203343473
762.203343473
762.203343473
762.203343473
762.203343473
762.203343473
762.203343473
762.203343473
762.203343473
762.203343473
762.203343473
762.203343473
762.203343473
762.203343473
762.203343473
762.203343473
762.203343473
762.203343473
762.203343473
762.203343473
762.203343473
762.203343473
762.203343473
762.203343473
762.203343473
757.686756672
757.686756672
757.686756672
757.686756672
757.686756672
757.686756672
757.686756672
757.686756672
757.686756672
757.686756672
757.686756672
757.686756672
757.686756672
757.686756672
757.686756672
757.686756672
757.686756672
757.686756672
757.686756672
757.686756672
757.686756672
757.686756672
757.686756672
757.686756672
753.994571238
753.994571238
753.994571238
753.994571238
753.994571238
753.994571238
753.994571238
753.994571238
753.994571238
753.994571238
753.994571238
753.994571238
753.994571238
753.994571238
753.994571238
753.994571238
753.994571238
753.994571238
753.994571238
753.994571238
753.994571238
753.994571238
753.994571238
753.994571238
753.994571238
753.994571238
753.994571238
753.994571238
753.994571238
753.994571238
753.994571238
753.994571238
753.994571238
753.994571238
753.994571238
753.994571238
753.994571238
753.994571238
753.994571238
753.994571238
753.994571238
753.994571238
753.994571238
753.994571238
753.994571238
753.994571238
753.994571238
753.994571238
753.994571238
753.994571238
753.994571238
753.994571238
753.994571238
753.994571238
753.994571238
753.994571238
753.994571238
753.994571238
753.994571238
753.994571238
753.994571238
753.994571238
753.994571238
753.994571238
753.994571238
753.994571238
753.994571238
753.994571238
753.994571238
753.994571238
753.994571238
753.994571238
753.994571238
753.994571238
753.994571238
753.994571238
753.994571238
753.994571238
753.994571238
753.994571238
753.994571238
753.994571238
753.994571238
753.994571238
753.994571238
752.316456919
752.316456919
752.316456919
752.316456919
752.316456919
752.316456919
752.316456919
752.316456919
752.316456919
752.316456919
752.316456919
752.316456919
752.316456919
752.316456919
752.316456919
752.316456919
752.316456919
749.971968421
749.971968421
749.971968421
749.971968421
746.714970657
746.714970657
746.714970657
746.714970657
746.714970657
746.714970657
746.714970657
746.714970657
746.714970657
746.714970657
746.714970657
746.714970657
744.092580494
744.092580494
744.092580494
744.092580494
744.092580494
744.092580494
744.092580494
744.092580494
744.092580494
744.092580494
744.092580494
744.092580494
744.092580494
744.092580494
744.092580494
744.092580494
744.092580494
744.092580494
744.092580494
744.092580494
744.092580494
744.092580494
744.092580494
744.092580494
744.092580494
744.092580494
744.092580494
744.092580494
744.092580494
744.092580494
744.092580494
744.092580494
744.092580494
744.092580494
744.092580494
744.092580494
744.092580494
744.092580494
744.092580494
744.092580494
744.092580494
744.092580494
744.092580494
744.092580494
744.092580494
744.092580494
744.092580494
744.092580494
744.092580494
744.092580494
744.092580494
744.092580494
744.092580494
744.092580494
744.092580494
744.092580494
744.092580494
744.092580494
744.092580494
744.092580494
744.092580494
744.092580494
744.092580494
744.092580494
744.092580494
744.092580494
744.092580494
744.092580494
744.092580494
744.092580494
744.092580494
744.092580494
744.092580494
744.092580494
744.092580494
744.092580494
744.092580494
744.092580494
744.092580494
744.092580494
744.092580494
744.092580494
744.092580494
744.092580494
744.092580494
744.092580494
744.092580494
744.092580494
744.092580494
737.651456364
737.651456364
737.651456364
737.651456364
737.651456364
737.651456364
732.329707161
716.077943748
716.077943748
716.077943748
716.077943748
716.077943748
716.077943748
716.077943748
716.077943748
716.077943748
716.077943748
716.077943748
716.077943748
716.077943748
716.077943748
716.077943748
716.077943748
716.077943748
716.077943748
716.077943748
716.077943748
716.077943748
716.077943748
716.077943748
716.077943748
716.077943748
716.077943748
716.077943748
716.077943748
716.077943748
716.077943748
716.077943748
716.077943748
716.077943748
716.077943748
716.077943748
716.077943748
716.077943748
716.077943748
716.077943748
716.077943748
716.077943748
716.077943748
716.077943748
716.077943748
716.077943748
716.077943748
716.077943748
716.077943748
716.077943748
716.077943748
716.077943748
715.142691756
715.142691756
715.142691756
715.142691756
715.142691756
715.142691756
715.142691756
715.142691756
715.142691756
715.142691756
715.142691756
715.142691756
715.142691756
715.142691756
715.142691756
715.142691756
715.142691756
715.142691756
715.142691756
715.142691756
715.142691756
715.142691756
709.467313355
709.467313355
709.467313355
709.467313355
709.467313355
709.467313355
709.467313355
709.467313355
709.467313355
709.467313355
709.467313355
709.467313355
709.467313355
709.467313355
709.467313355
709.467313355
709.467313355
709.467313355
709.467313355
709.467313355
709.467313355
709.467313355
709.467313355
709.467313355
709.467313355
709.467313355
709.467313355
709.467313355
709.467313355
709.467313355
709.467313355
703.976301592
703.976301592
703.976301592
703.976301592
703.976301592
703.976301592
703.976301592
703.976301592
703.976301592
703.976301592
703.976301592
703.976301592
703.976301592
703.976301592
703.976301592
703.976301592
703.976301592
703.976301592
703.976301592
703.976301592
703.976301592
703.976301592
703.976301592
703.976301592
703.976301592
703.976301592
703.976301592
703.976301592
703.976301592
703.976301592
703.976301592
703.976301592
703.976301592
703.976301592
703.976301592
703.976301592
703.976301592
703.976301592
703.976301592
703.976301592
703.976301592
703.976301592
703.976301592
703.976301592
703.976301592
703.976301592
703.976301592
703.976301592
703.976301592
703.976301592
703.976301592
703.976301592
703.976301592
703.976301592
703.976301592
703.976301592
703.976301592
703.976301592
703.976301592
703.976301592
703.976301592
703.976301592
703.976301592
703.976301592
703.976301592
703.976301592
703.976301592
703.976301592
703.976301592
703.976301592
703.976301592
703.976301592
703.976301592
703.976301592
703.976301592
703.976301592
703.976301592
703.976301592
703.976301592
703.976301592
703.976301592
703.976301592
703.976301592
703.976301592
703.976301592
703.976301592
703.976301592
703.976301592
703.976301592
703.976301592
703.976301592
703.976301592
703.976301592
703.976301592
703.976301592
703.976301592
703.976301592
703.976301592
696.584390384
696.584390384
696.584390384
696.584390384
696.584390384
696.584390384
696.584390384
696.584390384
696.584390384
696.584390384
696.584390384
696.584390384
696.584390384
696.584390384
696.584390384
696.584390384
696.584390384
696.584390384
696.584390384
696.584390384
696.584390384
696.584390384
696.584390384
696.584390384
696.584390384
696.584390384
696.584390384
696.584390384
696.584390384
696.584390384
696.584390384
696.584390384
696.584390384
696.584390384
696.584390384
696.584390384
696.584390384
696.584390384
696.584390384
696.584390384
696.584390384
696.584390384
696.584390384
696.584390384
696.584390384
696.584390384
696.584390384
696.584390384
696.584390384
696.584390384
696.584390384
696.584390384
696.584390384
696.584390384
696.584390384
696.584390384
696.584390384
696.584390384
696.584390384
696.584390384
696.584390384
696.584390384
696.584390384
696.584390384
696.584390384
696.584390384
696.584390384
696.584390384
696.584390384
696.584390384
696.584390384
696.584390384
696.584390384
696.584390384
696.584390384
696.584390384
696.584390384
696.584390384
696.584390384
696.584390384
696.584390384
696.584390384
696.584390384
696.584390384
696.584390384
696.584390384
696.584390384
696.584390384
696.584390384
696.584390384
696.584390384
696.584390384
692.540225897
692.540225897
692.540225897
692.540225897
692.540225897
692.540225897
692.540225897
692.540225897
692.540225897
692.540225897
692.540225897
692.540225897
692.540225897
692.540225897
692.540225897
692.540225897
692.540225897
692.540225897
692.540225897
692.540225897
692.540225897
692.540225897
691.674853114
691.674853114
691.674853114
691.674853114
691.674853114
691.674853114
691.674853114
691.674853114
691.674853114
691.674853114
691.674853114
691.674853114
691.674853114
691.674853114
691.674853114
691.674853114
691.674853114
691.674853114
691.674853114
691.674853114
691.674853114
691.674853114
691.674853114
691.674853114
691.674853114
691.674853114
691.674853114
691.674853114
691.674853114
691.674853114
691.674853114
691.674853114
691.674853114
691.674853114
691.674853114
691.674853114
691.674853114
691.674853114
691.674853114
691.674853114
691.674853114
691.674853114
691.674853114
691.674853114
691.674853114
691.674853114
691.674853114
691.674853114
691.674853114
691.674853114
691.674853114
688.416428259
688.416428259
688.416428259
688.416428259
688.416428259
688.416428259
688.416428259
688.416428259
688.416428259
688.416428259
688.416428259
688.416428259
688.416428259
688.416428259
688.416428259
688.416428259
688.416428259
688.416428259
688.416428259
688.416428259
688.416428259
688.416428259
688.416428259
688.416428259
688.416428259
688.416428259
688.416428259
688.416428259
688.416428259
688.416428259
688.416428259
688.416428259
688.416428259
688.416428259
688.416428259
688.416428259
688.416428259
688.416428259
688.416428259
688.416428259
688.416428259
688.416428259
688.416428259
688.416428259
688.416428259
688.416428259
688.416428259
688.416428259
688.416428259
688.416428259
688.416428259
688.416428259
688.416428259
688.416428259
688.416428259
688.416428259
688.416428259
688.416428259
688.416428259
688.416428259
688.416428259
688.416428259
688.416428259
688.416428259
688.416428259
688.416428259
688.416428259
688.416428259
688.416428259
688.416428259
688.416428259
688.416428259
688.416428259
688.416428259
688.416428259
688.416428259
688.416428259
688.416428259
688.416428259
688.416428259
688.416428259
688.416428259
688.416428259
688.416428259
688.416428259
684.785286619
684.785286619
684.785286619
683.595228817
683.595228817
683.595228817
683.595228817
683.595228817
683.595228817
683.595228817
683.595228817
683.595228817
683.595228817
683.595228817
683.595228817
683.595228817
683.595228817
683.595228817
683.595228817
683.595228817
683.595228817
683.595228817
683.595228817
683.595228817
683.595228817
683.595228817
683.595228817
683.595228817
683.595228817
683.595228817
683.595228817
683.595228817
683.595228817
683.595228817
683.595228817
683.595228817
683.595228817
683.595228817
683.595228817
683.595228817
683.595228817
683.595228817
683.595228817
683.595228817
683.595228817
683.595228817
683.595228817
683.595228817
683.595228817
683.595228817
683.595228817
683.595228817
683.595228817
683.595228817
683.595228817
683.595228817
683.595228817
683.595228817
683.595228817
683.595228817
683.595228817
683.595228817
683.595228817
683.595228817
683.595228817
683.595228817
683.595228817
683.595228817
683.595228817
683.595228817
683.595228817
683.595228817
683.595228817
683.595228817
683.595228817
683.595228817
683.595228817
683.595228817
683.595228817
683.595228817
683.595228817
683.595228817
683.595228817
683.595228817
683.595228817
683.595228817
683.595228817
683.595228817
683.595228817
683.595228817
683.595228817
683.595228817
683.595228817
683.595228817
683.595228817
683.595228817
683.595228817
683.595228817
683.595228817
683.595228817
683.595228817
683.595228817
683.595228817
683.595228817
683.595228817
683.595228817
683.595228817
683.595228817
683.595228817
683.595228817
683.595228817
683.595228817
683.595228817
683.595228817
683.595228817
683.595228817
683.595228817
683.595228817
683.595228817
683.595228817
683.595228817
683.595228817
683.595228817
683.595228817
683.595228817
683.595228817
683.595228817
683.595228817
683.595228817
683.595228817
683.595228817
683.595228817
683.595228817
683.595228817
683.595228817
683.595228817
683.595228817
683.595228817
683.595228817
683.595228817
683.595228817
683.595228817
683.595228817
683.595228817
683.595228817
683.595228817
683.595228817
683.595228817
683.595228817
683.595228817
683.595228817
683.595228817
683.595228817
683.595228817
680.196699556
680.196699556
680.196699556
680.196699556
680.196699556
680.196699556
680.196699556
680.196699556
680.196699556
680.196699556
680.196699556
680.196699556
680.196699556
680.196699556
680.196699556
680.196699556
680.196699556
680.196699556
680.196699556
680.196699556
680.196699556
680.196699556
680.196699556
680.196699556
680.196699556
680.196699556
680.196699556
680.196699556
680.196699556
680.196699556
680.196699556
680.196699556
680.196699556
680.196699556
680.196699556
680.196699556
680.196699556
680.196699556
680.196699556
680.196699556
680.196699556
680.196699556
680.196699556
680.196699556
680.196699556
680.196699556
680.196699556
680.196699556
680.196699556
680.196699556
680.196699556
680.196699556
680.196699556
680.196699556
680.196699556
680.196699556
680.196699556
680.196699556
680.196699556
680.196699556
680.196699556
680.196699556
680.196699556
680.196699556
680.196699556
680.196699556
680.196699556
680.196699556
680.196699556
680.196699556
680.196699556
680.196699556
680.196699556
680.196699556
680.196699556
680.196699556
680.196699556
680.196699556
680.196699556
680.196699556
680.196699556
680.196699556
680.196699556
680.196699556
680.196699556
680.196699556
680.196699556
680.196699556
680.196699556
680.196699556
680.196699556
680.196699556
680.196699556
680.196699556
680.196699556
680.196699556
680.196699556
680.196699556
680.196699556
680.196699556
680.196699556
680.196699556
680.196699556
680.196699556
680.196699556
680.196699556
680.196699556
680.196699556
680.196699556
680.196699556
680.196699556
680.196699556
680.196699556
680.196699556
680.196699556
680.196699556
680.196699556
680.196699556
680.196699556
680.196699556
680.196699556
680.196699556
680.196699556
680.196699556
680.196699556
680.196699556
680.196699556
680.196699556
680.196699556
680.196699556
680.196699556
680.196699556
680.196699556
680.196699556
680.196699556
680.196699556
680.196699556
680.196699556
680.196699556
680.196699556
680.196699556
680.196699556
680.196699556
680.196699556
680.196699556
680.196699556
680.196699556
680.196699556
680.196699556
680.196699556
680.196699556
680.196699556
680.196699556
680.196699556
680.196699556
680.196699556
680.196699556
680.196699556
680.196699556
680.196699556
680.196699556
680.196699556
680.196699556
680.196699556
680.196699556
680.196699556
680.196699556
680.196699556
680.196699556
680.196699556
680.196699556
680.196699556
680.196699556
680.196699556
680.196699556
680.196699556
680.196699556
680.196699556
680.196699556
680.196699556
680.196699556
680.196699556
680.196699556
680.196699556
680.196699556
680.196699556
680.196699556
680.196699556
680.196699556
680.196699556
680.196699556
680.196699556
680.196699556
680.196699556
680.196699556
680.196699556
680.196699556
680.196699556
680.196699556
680.196699556
680.196699556
680.196699556
680.196699556
680.196699556
680.196699556
680.196699556
680.196699556
680.196699556
680.196699556
680.196699556
680.196699556
680.196699556
680.196699556
680.196699556
680.196699556
680.196699556
680.196699556
680.196699556
680.196699556
680.196699556
680.196699556
680.196699556
680.196699556
680.196699556
680.196699556
680.196699556
680.196699556
680.196699556
680.196699556
680.196699556
680.196699556
680.196699556
680.196699556
680.196699556
680.196699556
680.196699556
680.196699556
680.196699556
680.196699556
680.196699556
680.196699556
680.196699556
680.196699556
680.196699556
680.196699556
680.196699556
680.196699556
680.196699556
680.196699556
680.196699556
680.196699556
680.196699556
680.196699556
680.196699556
680.196699556
680.196699556
680.196699556
680.196699556
680.196699556
680.196699556
680.196699556
680.196699556
680.196699556
680.196699556
680.196699556
680.196699556
680.196699556
680.196699556
680.196699556
680.196699556
680.196699556
680.196699556
680.196699556
680.196699556
680.196699556
680.196699556
680.196699556
680.196699556
680.196699556
680.196699556
680.196699556
680.196699556
680.196699556
680.196699556
680.196699556
680.196699556
680.196699556
680.196699556
680.196699556
680.196699556
680.196699556
680.196699556
680.196699556
680.196699556
680.196699556
680.196699556
680.196699556
680.196699556
680.196699556
680.196699556
680.196699556
680.196699556
680.196699556
680.196699556
680.196699556
680.196699556
680.196699556
680.196699556
680.196699556
680.196699556
680.196699556
680.196699556
680.196699556
680.196699556
680.196699556
680.196699556
680.196699556
680.196699556
676.477265604
676.477265604
676.477265604
676.477265604
676.477265604
676.477265604
676.477265604
676.477265604
676.477265604
676.477265604
676.477265604
676.477265604
676.477265604
676.477265604
676.477265604
676.477265604
676.477265604
676.477265604
676.477265604
676.477265604
676.477265604
676.477265604
676.477265604
676.477265604
676.477265604
676.477265604
676.477265604
676.477265604
676.477265604
676.477265604
676.477265604
676.477265604
676.477265604
676.477265604
676.477265604
676.477265604
676.477265604
676.477265604
676.477265604
676.477265604
676.477265604
676.477265604
676.477265604
676.477265604
676.477265604
676.477265604
676.477265604
676.477265604
676.477265604
676.477265604
676.477265604
676.477265604
676.477265604
676.477265604
676.477265604
676.477265604
676.477265604
676.477265604
676.477265604
676.477265604
676.477265604
676.477265604
676.477265604
676.477265604
676.477265604
676.477265604
676.477265604
676.477265604
676.477265604
676.477265604
676.477265604
676.477265604
676.477265604
676.477265604
676.477265604
676.477265604
676.477265604
676.477265604
676.477265604
676.477265604
676.477265604
676.477265604
676.477265604
676.477265604
676.477265604
676.477265604
676.477265604
676.477265604
676.477265604
676.477265604
676.477265604
676.477265604
676.477265604
676.477265604
676.477265604
676.477265604
676.477265604
676.477265604
676.477265604
676.477265604
676.477265604
676.477265604
676.477265604
676.477265604
676.477265604
676.477265604
676.477265604
676.477265604
676.477265604
676.477265604
676.477265604
676.477265604
676.477265604
676.477265604
676.477265604
676.477265604
676.477265604
676.477265604
676.477265604
676.477265604
676.477265604
676.477265604
676.477265604
676.477265604
676.477265604
676.477265604
676.477265604
676.477265604
676.477265604
676.477265604
676.477265604
676.477265604
676.477265604
676.477265604
676.477265604
676.477265604
676.477265604
676.477265604
676.477265604
676.477265604
676.477265604
676.477265604
676.477265604
676.477265604
676.477265604
676.477265604
676.477265604
676.477265604
676.477265604
676.477265604
676.477265604
676.477265604
676.477265604
676.477265604
676.477265604
676.477265604
676.477265604
676.477265604
676.477265604
676.477265604
676.477265604
676.477265604
676.477265604
676.477265604
676.477265604
676.477265604
676.477265604
676.477265604
676.477265604
676.477265604
676.477265604
676.477265604
676.477265604
676.477265604
676.477265604
676.477265604
676.477265604
676.477265604
676.477265604
676.477265604
676.477265604
676.477265604
676.477265604
676.477265604
676.477265604
676.477265604
676.477265604
676.477265604
676.477265604
676.477265604
676.477265604
676.477265604
676.477265604
674.11700654
674.11700654
674.11700654
674.11700654
674.11700654
674.11700654
674.11700654
674.11700654
674.11700654
674.11700654
674.11700654
674.11700654
674.11700654
674.11700654
674.11700654
674.11700654
674.11700654
674.11700654
674.11700654
674.11700654
674.11700654
674.11700654
674.11700654
674.11700654
674.11700654
674.11700654
674.11700654
674.11700654
674.11700654
674.11700654
674.11700654
674.11700654
674.11700654
674.11700654
674.11700654
674.11700654
674.11700654
674.11700654
674.11700654
674.11700654
674.11700654
674.11700654
674.11700654
674.11700654
674.11700654
674.11700654
674.11700654
674.11700654
674.11700654
674.11700654
674.11700654
674.11700654
674.11700654
674.11700654
674.11700654
674.11700654
674.11700654
674.11700654
674.11700654
674.11700654
674.11700654
674.11700654
674.11700654
674.11700654
674.11700654
674.11700654
674.11700654
674.11700654
674.11700654
674.11700654
674.11700654
673.420383248
673.420383248
673.420383248
673.420383248
673.420383248
673.420383248
673.420383248
673.420383248
673.420383248
673.420383248
673.420383248
673.420383248
673.420383248
673.420383248
673.420383248
673.420383248
673.420383248
673.420383248
673.420383248
673.420383248
673.420383248
673.420383248
673.420383248
673.420383248
673.420383248
673.420383248
673.420383248
673.420383248
673.420383248
673.420383248
673.420383248
673.420383248
673.420383248
673.420383248
673.420383248
673.420383248
673.420383248
673.420383248
673.420383248
673.420383248
673.420383248
673.420383248
673.420383248
673.420383248
673.420383248
673.420383248
673.420383248
673.420383248
673.420383248
673.420383248
673.420383248
673.420383248
673.420383248
673.420383248
673.420383248
673.420383248
673.420383248
673.420383248
673.420383248
673.420383248
673.420383248
673.420383248
673.420383248
673.420383248
673.420383248
673.420383248
673.420383248
673.420383248
673.420383248
673.420383248
673.420383248
673.420383248
673.420383248
673.420383248
673.420383248
673.420383248
673.420383248
673.420383248
673.420383248
673.420383248
673.420383248
673.420383248
673.420383248
673.420383248
673.420383248
673.420383248
673.420383248
673.420383248
673.420383248
673.420383248
673.420383248
673.420383248
673.420383248
673.420383248
673.420383248
673.420383248
673.420383248
673.420383248
673.420383248
673.420383248
673.420383248
673.420383248
673.420383248
673.420383248
673.420383248
673.420383248
673.420383248
673.420383248
673.420383248
673.420383248
673.420383248
673.420383248
673.420383248
673.420383248
673.420383248
673.420383248
673.420383248
673.420383248
673.420383248
673.420383248
673.420383248
673.420383248
673.420383248
673.420383248
673.420383248
673.420383248
673.420383248
673.420383248
673.420383248
673.420383248
673.420383248
673.420383248
673.420383248
673.420383248
673.420383248
673.420383248
673.420383248
673.420383248
673.420383248
673.420383248
673.420383248
673.420383248
673.420383248
673.420383248
673.420383248
673.420383248
673.420383248
673.420383248
673.420383248
673.420383248
673.420383248
673.420383248
673.420383248
673.420383248
673.420383248
673.420383248
673.420383248
673.420383248
673.420383248
673.420383248
673.420383248
673.420383248
673.420383248
673.420383248
673.420383248
673.420383248
673.420383248
673.420383248
673.420383248
673.420383248
673.420383248
673.420383248
673.420383248
673.420383248
673.420383248
673.420383248
673.420383248
673.420383248
673.420383248
673.420383248
673.420383248
673.420383248
673.420383248
673.420383248
673.420383248
673.420383248
673.420383248
673.420383248
673.420383248
673.420383248
667.897738086
667.897738086
667.897738086
667.897738086
667.897738086
667.897738086
667.897738086
667.897738086
666.127062511
666.127062511
666.127062511
666.127062511
666.127062511
666.127062511
666.127062511
666.127062511
666.127062511
666.127062511
666.127062511
666.127062511
666.127062511
666.127062511
666.127062511
666.127062511
666.127062511
666.127062511
666.127062511
666.127062511
666.127062511
666.127062511
666.127062511
666.127062511
666.127062511
666.127062511
666.127062511
666.127062511
666.127062511
666.127062511
666.127062511
666.127062511
666.127062511
666.127062511
666.127062511
666.127062511
666.127062511
666.127062511
666.127062511
666.127062511
666.127062511
666.127062511
666.127062511
666.127062511
666.127062511
666.127062511
666.127062511
666.127062511
666.127062511
666.127062511
666.127062511
666.127062511
666.127062511
666.127062511
666.127062511
666.127062511
666.127062511
666.127062511
666.127062511
666.127062511
666.127062511
666.127062511
666.127062511
666.127062511
666.127062511
666.127062511
666.127062511
666.127062511
666.127062511
666.127062511
666.127062511
666.127062511
666.127062511
666.127062511
666.127062511
666.127062511
666.127062511
666.127062511
666.127062511
666.127062511
666.127062511
666.127062511
666.127062511
666.127062511
666.127062511
666.127062511
666.127062511
666.127062511
666.127062511
666.127062511
666.127062511
666.127062511
666.127062511
666.127062511
666.127062511
666.127062511
666.127062511
666.127062511
666.127062511
666.127062511
666.127062511
666.127062511
666.127062511
666.127062511
666.127062511
666.127062511
666.127062511
666.127062511
666.127062511
666.127062511
666.127062511
666.127062511
666.127062511
666.127062511
666.127062511
666.127062511
666.127062511
666.127062511
666.127062511
666.127062511
666.127062511
666.127062511
666.127062511
666.127062511
666.127062511
666.127062511
666.127062511
666.127062511
666.127062511
666.127062511
666.127062511
666.127062511
666.127062511
666.127062511
666.127062511
666.127062511
666.127062511
666.127062511
666.127062511
666.127062511
666.127062511
666.127062511
666.127062511
666.127062511
666.127062511
666.127062511
666.127062511
666.127062511
666.127062511
666.127062511
666.127062511
666.127062511
666.127062511
666.127062511
666.127062511
666.127062511
666.127062511
666.127062511
666.127062511
666.127062511
666.127062511
666.127062511
666.127062511
666.127062511
666.127062511
666.127062511
666.127062511
666.127062511
666.127062511
666.127062511
666.127062511
666.127062511
666.127062511
666.127062511
666.127062511
666.127062511
666.127062511
666.127062511
666.127062511
666.127062511
666.127062511
666.127062511
666.127062511
666.127062511
666.127062511
666.127062511
666.127062511
666.127062511
666.127062511
666.127062511
666.127062511
666.127062511
666.127062511
666.127062511
666.127062511
666.127062511
666.127062511
666.127062511
666.127062511
666.127062511
666.127062511
666.127062511
666.127062511
666.127062511
666.127062511
666.127062511
666.127062511
666.127062511
666.127062511
666.127062511
666.127062511
666.127062511
666.127062511
666.127062511
666.127062511
666.127062511
666.127062511
666.127062511
666.127062511
666.127062511
666.127062511
666.127062511
666.127062511
666.127062511
666.127062511
666.127062511
666.127062511
666.127062511
666.127062511
666.127062511
666.127062511
666.127062511
666.127062511
666.127062511
666.127062511
666.127062511
666.127062511
666.127062511
666.127062511
666.127062511
666.127062511
666.127062511
666.127062511
666.127062511
666.127062511
666.127062511
666.127062511
666.127062511
666.127062511
666.127062511
666.127062511
666.127062511
666.127062511
666.127062511
666.127062511
666.127062511
666.127062511
666.127062511
666.127062511
666.127062511
666.127062511
666.127062511
666.127062511
666.127062511
666.127062511
666.127062511
666.127062511
666.127062511
666.127062511
666.127062511
666.127062511
666.127062511
666.127062511
666.127062511
666.127062511
666.127062511
666.127062511
666.127062511
666.127062511
666.127062511
666.127062511
666.127062511
666.127062511
666.127062511
666.127062511
666.127062511
666.127062511
666.127062511
666.127062511
666.127062511
666.127062511
666.127062511
666.127062511
666.127062511
666.127062511
666.127062511
666.127062511
666.127062511
666.127062511
666.127062511
666.127062511
666.127062511
666.127062511
666.127062511
666.127062511
666.127062511
666.127062511
666.127062511
666.127062511
666.127062511
666.127062511
666.127062511
666.127062511
666.127062511
666.127062511
666.127062511
666.127062511
666.127062511
666.127062511
666.127062511
666.127062511
666.127062511
666.127062511
666.127062511
666.127062511
666.127062511
666.127062511
666.127062511
666.127062511
666.127062511
666.127062511
666.127062511
666.127062511
666.127062511
666.127062511
666.127062511
666.127062511
666.127062511
666.127062511
666.127062511
666.127062511
666.127062511
666.068872628
666.068872628
666.068872628
666.068872628
666.068872628
666.068872628
666.068872628
666.068872628
666.068872628
666.068872628
666.068872628
666.068872628
666.068872628
666.068872628
666.068872628
666.068872628
666.068872628
666.068872628
666.068872628
666.068872628
666.068872628
666.068872628
666.068872628
666.068872628
666.068872628
666.068872628
666.068872628
666.068872628
666.068872628
666.068872628
666.068872628
666.068872628
666.068872628
666.068872628
666.068872628
666.068872628
666.068872628
666.068872628
666.068872628
666.068872628
666.068872628
666.068872628
666.068872628
666.068872628
666.068872628
666.068872628
666.068872628
666.068872628
666.068872628
666.068872628
666.068872628
666.068872628
666.068872628
666.068872628
666.068872628
666.068872628
666.068872628
666.068872628
666.068872628
666.068872628
666.068872628
666.068872628
666.068872628
666.068872628
666.068872628
666.068872628
666.068872628
666.068872628
666.068872628
666.068872628
666.068872628
666.068872628
666.068872628
666.068872628
666.068872628
666.068872628
666.068872628
666.068872628
666.068872628
666.068872628
666.068872628
666.068872628
666.068872628
666.068872628
666.068872628
666.068872628
666.068872628
666.068872628
666.068872628
666.068872628
666.068872628
666.068872628
666.068872628
666.068872628
666.068872628
666.068872628
666.068872628
666.068872628
666.068872628
666.068872628
666.068872628
666.068872628
666.068872628
666.068872628
666.068872628
666.068872628
666.068872628
666.068872628
663.749781844
663.749781844
663.749781844
663.749781844
663.749781844
663.749781844
663.749781844
663.749781844
663.749781844
663.749781844
663.749781844
663.749781844
663.749781844
663.749781844
663.749781844
663.749781844
663.749781844
663.749781844
663.749781844
663.749781844
663.749781844
663.749781844
663.749781844
663.749781844
663.749781844
663.749781844
663.749781844
663.749781844
663.749781844
663.749781844
663.749781844
663.749781844
663.749781844
663.749781844
663.749781844
663.749781844
663.749781844
663.749781844
663.749781844
663.749781844
663.749781844
663.749781844
663.749781844
663.749781844
663.749781844
663.749781844
663.749781844
663.749781844
663.749781844
663.749781844
663.749781844
663.749781844
663.749781844
663.749781844
663.749781844
663.749781844
663.749781844
663.749781844
663.749781844
663.749781844
663.749781844
663.749781844
663.749781844
663.749781844
663.749781844
663.749781844
663.749781844
663.749781844
663.749781844
663.749781844
663.749781844
663.749781844
663.749781844
663.749781844
663.749781844
663.749781844
663.749781844
663.749781844
663.749781844
663.749781844
663.749781844
663.749781844
663.749781844
663.749781844
663.749781844
663.749781844
663.749781844
663.749781844
663.749781844
663.749781844
663.749781844
663.749781844
663.749781844
663.749781844
663.749781844
663.749781844
663.749781844
663.749781844
663.749781844
663.749781844
663.749781844
663.749781844
663.749781844
663.749781844
663.749781844
663.749781844
663.749781844
663.749781844
663.749781844
663.749781844
663.749781844
663.749781844
663.749781844
663.749781844
663.749781844
663.749781844
663.749781844
663.749781844
663.749781844
663.749781844
663.749781844
663.749781844
663.749781844
663.749781844
663.749781844
663.749781844
663.749781844
663.749781844
663.749781844
663.749781844
662.378797432
662.378797432
662.378797432
662.378797432
662.378797432
662.378797432
662.378797432
662.378797432
662.177282671
662.177282671
662.177282671
662.177282671
662.177282671
662.177282671
662.177282671
662.177282671
662.177282671
662.177282671
662.177282671
662.177282671
662.177282671
662.177282671
662.177282671
662.177282671
662.177282671
662.177282671
662.177282671
662.177282671
662.177282671
662.177282671
662.177282671
662.177282671
662.177282671
662.177282671
662.177282671
662.177282671
662.177282671
662.177282671
662.177282671
662.177282671
662.177282671
662.177282671
662.177282671
662.177282671
662.177282671
662.177282671
662.177282671
662.177282671
662.177282671
662.177282671
662.177282671
662.177282671
662.177282671
662.177282671
662.177282671
662.177282671
662.177282671
662.177282671
662.177282671
662.177282671
662.177282671
662.177282671
662.177282671
662.177282671
662.177282671
662.177282671
662.177282671
662.177282671
661.573320497
661.573320497
661.573320497
661.573320497
661.573320497
661.573320497
661.573320497
661.573320497
661.573320497
661.573320497
661.573320497
661.573320497
661.573320497
661.573320497
661.573320497
661.573320497
661.573320497
661.573320497
661.573320497
661.573320497
661.573320497
661.573320497
661.573320497
661.573320497
661.573320497
661.573320497
661.573320497
661.573320497
661.573320497
661.573320497
661.573320497
661.573320497
661.573320497
661.573320497
661.573320497
661.573320497
661.573320497
661.573320497
661.573320497
661.573320497
661.573320497
661.573320497
661.573320497
661.573320497
661.573320497
661.573320497
661.573320497
661.573320497
661.573320497
661.573320497
661.573320497
661.573320497
661.573320497
661.573320497
661.573320497
661.573320497
661.573320497
661.573320497
661.573320497
661.573320497
661.573320497
661.573320497
661.573320497
661.573320497
661.573320497
661.573320497
661.573320497
661.573320497
661.573320497
661.573320497
661.573320497
661.573320497
661.573320497
661.573320497
661.573320497
661.573320497
661.573320497
661.573320497
661.573320497
661.573320497
661.573320497
661.573320497
661.573320497
661.573320497
661.573320497
661.573320497
661.573320497
661.573320497
661.573320497
661.573320497
661.573320497
661.573320497
661.573320497
661.573320497
661.573320497
661.573320497
661.573320497
661.573320497
661.573320497
661.573320497
661.573320497
661.573320497
661.573320497
661.573320497
661.573320497
661.573320497
661.573320497
661.573320497
661.573320497
661.573320497
661.573320497
661.573320497
661.573320497
661.573320497
661.573320497
661.573320497
661.573320497
661.573320497
661.573320497
661.573320497
661.573320497
661.573320497
661.573320497
661.573320497
661.573320497
661.573320497
661.573320497
661.573320497
661.573320497
661.573320497
661.573320497
661.573320497
661.573320497
661.573320497
661.573320497
661.573320497
661.573320497
661.573320497
661.573320497
661.573320497
661.573320497
661.573320497
661.573320497
661.573320497
661.573320497
661.573320497
661.573320497
661.573320497
661.573320497
661.573320497
661.573320497
661.573320497
661.573320497
661.573320497
661.573320497
661.573320497
661.573320497
661.573320497
661.573320497
661.573320497
661.573320497
661.573320497
661.573320497
661.573320497
661.573320497
661.573320497
661.573320497
661.573320497
661.573320497
661.573320497
661.573320497
661.573320497
661.573320497
661.573320497
661.573320497
661.573320497
661.573320497
661.573320497
661.573320497
661.573320497
661.573320497
661.573320497
661.573320497
661.573320497
661.573320497
661.573320497
661.573320497
661.573320497
661.573320497
661.573320497
661.573320497
661.573320497
661.573320497
661.573320497
661.573320497
661.573320497
661.573320497
661.573320497
661.573320497
661.573320497
661.573320497
661.573320497
661.573320497
661.573320497
661.573320497
661.573320497
661.573320497
661.573320497
661.573320497
661.573320497
661.573320497
661.573320497
661.573320497
661.573320497
661.573320497
661.573320497
661.573320497
661.573320497
661.573320497
661.573320497
661.573320497
661.573320497
661.573320497
661.573320497
661.573320497
661.573320497
661.573320497
661.573320497
661.573320497
661.573320497
661.573320497
661.573320497
661.573320497
661.573320497
661.573320497
661.573320497
661.573320497
661.573320497
661.573320497
661.573320497
661.573320497
661.573320497
661.573320497
661.573320497
661.573320497
661.573320497
661.573320497
661.573320497
661.573320497
661.573320497
661.573320497
661.573320497
661.573320497
661.573320497
658.101344536
658.101344536
658.101344536
658.101344536
658.101344536
658.101344536
658.101344536
658.101344536
658.101344536
658.101344536
658.101344536
658.101344536
658.101344536
658.101344536
658.101344536
658.101344536
658.101344536
658.101344536
658.101344536
658.101344536
658.101344536
658.101344536
658.101344536
658.101344536
658.101344536
658.101344536
658.101344536
658.101344536
658.101344536
658.101344536
658.101344536
658.101344536
658.101344536
658.101344536
658.101344536
658.101344536
658.101344536
658.101344536
658.101344536
658.101344536
658.101344536
658.101344536
658.101344536
658.101344536
658.101344536
658.101344536
658.101344536
658.101344536
658.101344536
658.101344536
658.101344536
658.101344536
658.101344536
658.101344536
658.101344536
658.101344536
658.101344536
658.101344536
658.101344536
658.101344536
658.101344536
658.101344536
658.101344536
658.101344536
658.101344536
658.101344536
658.101344536
658.101344536
658.101344536
658.101344536
658.101344536
658.101344536
658.101344536
658.101344536
658.101344536
658.101344536
658.101344536
658.101344536
658.101344536
658.101344536
658.101344536
658.101344536
658.101344536
658.101344536
658.101344536
658.101344536
658.101344536
658.101344536
658.101344536
658.101344536
658.101344536
658.101344536
658.101344536
658.101344536
658.101344536
658.101344536
658.101344536
658.101344536
658.101344536
658.101344536
658.101344536
658.101344536
658.101344536
658.101344536
658.101344536
658.101344536
658.101344536
658.101344536
658.101344536
658.101344536
658.101344536
658.101344536
658.101344536
658.101344536
658.101344536
658.101344536
658.101344536
658.101344536
658.101344536
658.101344536
658.101344536
658.101344536
658.101344536
658.101344536
658.101344536
658.101344536
658.101344536
658.101344536
658.101344536
658.101344536
658.101344536
658.101344536
658.101344536
658.101344536
658.101344536
658.101344536
658.101344536
658.101344536
658.101344536
658.101344536
658.101344536
658.101344536
658.101344536
658.101344536
658.101344536
658.101344536
658.101344536
658.101344536
658.101344536
658.101344536
658.101344536
658.101344536
658.101344536
658.101344536
658.101344536
658.101344536
658.101344536
658.101344536
658.101344536
658.101344536
658.101344536
658.101344536
658.101344536
658.101344536
658.101344536
658.101344536
658.101344536
658.101344536
658.101344536
658.101344536
658.101344536
658.101344536
658.101344536
658.101344536
658.101344536
658.101344536
658.101344536
658.101344536
658.101344536
658.101344536
658.101344536
658.101344536
658.101344536
658.101344536
658.101344536
655.429650988
655.429650988
655.429650988
655.429650988
655.429650988
655.429650988
655.429650988
655.429650988
655.429650988
655.429650988
655.429650988
655.429650988
655.429650988
655.429650988
655.429650988
655.429650988
655.429650988
655.429650988
655.429650988
655.429650988
655.429650988
655.429650988
655.429650988
655.429650988
655.429650988
655.429650988
655.429650988
655.429650988
655.429650988
655.429650988
655.429650988
655.429650988
655.429650988
655.429650988
655.429650988
655.429650988
655.429650988
655.429650988
655.429650988
655.429650988
655.429650988
655.429650988
655.429650988
655.429650988
655.429650988
655.429650988
655.429650988
655.429650988
655.429650988
655.429650988
655.429650988
655.429650988
655.429650988
655.429650988
655.429650988
655.429650988
655.429650988
655.429650988
655.429650988
655.429650988
655.429650988
655.429650988
655.429650988
655.429650988
655.429650988
655.429650988
655.429650988
655.429650988
655.429650988
655.429650988
655.429650988
655.429650988
655.429650988
655.429650988
655.429650988
655.429650988
655.429650988
655.429650988
655.429650988
655.429650988
655.429650988
655.429650988
655.429650988
655.429650988
655.429650988
655.429650988
655.429650988
655.429650988
655.429650988
655.429650988
655.429650988
655.429650988
655.429650988
655.429650988
655.429650988
655.429650988
655.429650988
655.429650988
655.429650988
655.429650988
655.429650988
655.429650988
655.429650988
655.429650988
655.429650988
655.429650988
655.429650988
655.429650988
655.429650988
655.429650988
655.429650988
655.429650988
655.429650988
655.429650988
655.429650988
655.429650988
655.429650988
655.429650988
655.429650988
655.429650988
655.429650988
655.429650988
655.429650988
655.429650988
655.429650988
655.429650988
655.429650988
655.429650988
655.429650988
655.429650988
655.429650988
655.429650988
655.429650988
655.429650988
655.429650988
655.429650988
655.429650988
655.429650988
655.429650988
649.190525501
649.190525501
649.190525501
649.190525501
649.190525501
649.190525501
649.190525501
649.190525501
649.190525501
649.190525501
649.190525501
649.190525501
649.190525501
649.190525501
649.190525501
649.190525501
649.190525501
649.190525501
649.190525501
649.190525501
649.190525501
649.190525501
649.190525501
649.190525501
649.190525501
649.190525501
649.190525501
649.190525501
649.190525501
649.190525501
649.190525501
649.190525501
649.190525501
649.190525501
649.190525501
649.190525501
649.190525501
649.190525501
649.190525501
649.190525501
649.190525501
649.190525501
649.190525501
649.190525501
649.190525501
649.190525501
649.190525501
649.190525501
649.190525501
649.190525501
649.190525501
649.190525501
649.190525501
649.190525501
649.190525501
649.190525501
649.190525501
649.190525501
649.190525501
649.190525501
649.190525501
649.190525501
649.190525501
649.190525501
649.190525501
649.190525501
649.190525501
649.190525501
649.190525501
649.190525501
649.190525501
649.190525501
649.190525501
649.190525501
649.190525501
649.190525501
649.190525501
649.190525501
649.190525501
649.190525501
649.190525501
649.190525501
649.190525501
649.190525501
649.190525501
649.190525501
649.190525501
649.190525501
649.190525501
649.190525501
649.190525501
649.190525501
649.190525501
649.190525501
649.190525501
649.190525501
649.190525501
649.190525501
649.190525501
649.190525501
649.190525501
649.190525501
649.190525501
649.190525501
649.190525501
649.190525501
649.190525501
649.190525501
649.190525501
649.190525501
649.190525501
649.190525501
649.190525501
649.190525501
649.190525501
649.190525501
649.190525501
649.190525501
649.190525501
649.190525501
649.190525501
649.190525501
649.190525501
649.190525501
649.190525501
649.190525501
649.190525501
649.190525501
649.190525501
649.190525501
649.190525501
649.190525501
649.190525501
649.190525501
649.190525501
649.190525501
649.190525501
649.190525501
649.190525501
649.190525501
649.190525501
649.190525501
649.190525501
649.190525501
649.190525501
649.190525501
649.190525501
649.190525501
649.190525501
649.190525501
649.190525501
649.190525501
649.190525501
649.190525501
649.190525501
649.190525501
649.190525501
649.190525501
649.190525501
649.190525501
649.190525501
649.190525501
649.190525501
649.190525501
649.190525501
649.190525501
649.190525501
649.190525501
649.190525501
649.190525501
649.190525501
649.190525501
649.190525501
649.190525501
649.190525501
649.190525501
648.429452831
648.429452831
648.429452831
648.429452831
648.429452831
648.429452831
648.429452831
648.429452831
648.429452831
648.429452831
648.429452831
648.429452831
648.429452831
648.429452831
648.429452831
648.429452831
648.429452831
648.429452831
648.429452831
648.429452831
648.429452831
648.429452831
648.429452831
648.429452831
648.429452831
648.429452831
648.429452831
648.429452831
648.429452831
648.429452831
648.429452831
648.429452831
648.429452831
648.429452831
648.429452831
648.429452831
648.429452831
648.429452831
648.429452831
648.429452831
648.429452831
648.429452831
648.429452831
648.429452831
648.429452831
648.429452831
648.429452831
648.429452831
648.429452831
648.429452831
648.429452831
648.429452831
648.429452831
648.429452831
648.429452831
648.429452831
648.429452831
648.429452831
648.429452831
648.429452831
648.429452831
648.429452831
648.429452831
648.429452831
648.429452831
648.429452831
648.429452831
648.429452831
648.429452831
648.429452831
648.429452831
648.429452831
648.429452831
648.429452831
648.429452831
648.429452831
648.429452831
648.429452831
648.429452831
648.429452831
648.429452831
648.429452831
648.429452831
648.429452831
648.429452831
648.429452831
648.429452831
648.429452831
648.429452831
648.429452831
648.429452831
648.429452831
648.429452831
648.429452831
648.429452831
648.429452831
648.429452831
648.429452831
648.429452831
648.429452831
648.429452831
648.429452831
648.429452831
648.429452831
648.429452831
648.429452831
648.429452831
648.429452831
648.429452831
648.429452831
648.429452831
648.429452831
648.429452831
648.429452831
648.429452831
648.429452831
648.429452831
648.429452831
648.429452831
648.429452831
648.429452831
648.429452831
648.429452831
648.429452831
648.429452831
648.429452831
648.429452831
648.429452831
648.429452831
648.429452831
648.429452831
648.429452831
648.429452831
648.429452831
648.429452831
648.429452831
648.429452831
648.429452831
648.429452831
648.429452831
648.429452831
648.429452831
648.429452831
648.429452831
648.429452831
648.429452831
648.429452831
648.429452831
648.429452831
648.429452831
648.429452831
648.429452831
648.429452831
648.429452831
648.429452831
648.429452831
648.429452831
648.429452831
648.429452831
648.429452831
648.429452831
648.429452831
648.429452831
648.429452831
648.429452831
648.429452831
648.429452831
648.429452831
648.429452831
648.429452831
648.429452831
648.429452831
648.429452831
648.429452831
648.429452831
648.429452831
648.429452831
648.429452831
648.429452831
648.429452831
648.429452831
648.429452831
648.429452831
648.429452831
648.429452831
648.429452831
648.429452831
648.429452831
645.794260142
645.794260142
645.794260142
645.794260142
645.794260142
645.794260142
645.794260142
645.794260142
645.794260142
645.794260142
645.794260142
645.794260142
645.794260142
645.794260142
645.794260142
645.794260142
645.794260142
645.794260142
645.794260142
645.794260142
645.794260142
645.794260142
645.794260142
645.794260142
645.794260142
645.794260142
645.794260142
645.794260142
645.794260142
645.794260142
645.794260142
645.794260142
645.794260142
645.794260142
645.794260142
645.794260142
645.794260142
645.794260142
645.794260142
645.794260142
645.794260142
645.794260142
645.794260142
645.794260142
645.794260142
645.794260142
645.794260142
645.794260142
645.794260142
645.794260142
645.794260142
645.794260142
645.794260142
645.794260142
645.794260142
645.794260142
645.794260142
645.794260142
645.794260142
645.794260142
645.794260142
645.794260142
645.794260142
645.794260142
645.794260142
645.794260142
645.794260142
645.794260142
645.794260142
645.794260142
645.794260142
645.794260142
645.794260142
645.794260142
645.794260142
645.794260142
645.794260142
645.794260142
645.794260142
645.794260142
645.794260142
645.794260142
645.794260142
645.794260142
645.794260142
645.794260142
645.794260142
645.794260142
645.794260142
645.794260142
645.794260142
645.794260142
645.794260142
645.794260142
645.794260142
645.794260142
645.794260142
645.794260142
645.794260142
645.794260142
645.794260142
645.794260142
645.794260142
645.794260142
644.186833815
644.186833815
644.186833815
644.186833815
644.186833815
644.186833815
644.186833815
644.186833815
644.186833815
644.186833815
644.186833815
644.186833815
644.186833815
644.186833815
644.186833815
644.186833815
644.186833815
644.186833815
644.186833815
644.186833815
644.186833815
644.186833815
644.186833815
644.186833815
644.186833815
644.186833815
644.186833815
644.186833815
644.186833815
644.186833815
644.186833815
644.186833815
644.186833815
644.186833815
642.225725911
642.225725911
642.225725911
642.225725911
642.225725911
642.225725911
642.225725911
642.225725911
642.225725911
642.225725911
642.225725911
642.225725911
642.225725911
642.225725911
642.225725911
642.225725911
642.225725911
642.225725911
642.225725911
642.225725911
642.225725911
642.225725911
642.225725911
642.225725911
642.225725911
642.225725911
642.225725911
642.225725911
642.225725911
642.225725911
642.225725911
642.225725911
642.225725911
642.225725911
642.225725911
642.225725911
642.225725911
642.225725911
642.225725911
642.225725911
642.225725911
642.225725911
642.225725911
642.225725911
642.225725911
642.225725911
642.225725911
642.225725911
642.225725911
642.225725911
642.225725911
642.225725911
642.225725911
642.225725911
642.225725911
642.225725911
642.225725911
642.225725911
642.225725911
642.225725911
642.225725911
642.225725911
642.225725911
642.225725911
642.225725911
642.225725911
642.225725911
642.225725911
642.225725911
642.225725911
642.225725911
642.225725911
642.225725911
642.225725911
642.225725911
642.225725911
642.225725911
642.225725911
642.225725911
642.225725911
642.225725911
642.225725911
642.225725911
642.225725911
642.225725911
642.225725911
642.225725911
642.225725911
642.225725911
642.225725911
642.225725911
642.225725911
642.225725911
642.225725911
642.225725911
642.225725911
642.225725911
642.225725911
642.225725911
642.225725911
642.225725911
642.225725911
642.225725911
642.225725911
642.225725911
642.225725911
642.225725911
642.225725911
642.225725911
642.225725911
642.225725911
642.225725911
642.225725911
642.225725911
642.225725911
642.225725911
642.225725911
642.225725911
642.225725911
642.225725911
642.225725911
642.225725911
642.225725911
642.225725911
642.225725911
642.225725911
642.225725911
642.225725911
642.225725911
642.225725911
642.225725911
642.225725911
642.225725911
642.225725911
642.225725911
642.225725911
642.225725911
642.225725911
642.225725911
642.225725911
642.225725911
642.225725911
642.225725911
642.225725911
642.225725911
642.225725911
642.225725911
642.225725911
642.225725911
642.225725911
642.225725911
642.225725911
642.225725911
642.225725911
642.225725911
642.225725911
642.225725911
642.225725911
642.225725911
642.225725911
642.225725911
642.225725911
642.225725911
642.225725911
642.225725911
642.225725911
642.225725911
642.225725911
642.225725911
642.225725911
642.225725911
642.225725911
642.225725911
642.225725911
642.225725911
642.225725911
642.225725911
642.225725911
642.225725911
642.225725911
642.225725911
642.225725911
642.225725911
642.225725911
642.225725911
642.225725911
642.225725911
642.225725911
642.225725911
642.225725911
642.225725911
642.225725911
642.225725911
642.225725911
642.225725911
642.225725911
642.225725911
642.225725911
642.225725911
642.225725911
642.225725911
642.225725911
642.225725911
642.225725911
642.225725911
642.225725911
642.225725911
642.225725911
642.225725911
642.225725911
642.225725911
642.225725911
642.225725911
642.225725911
642.225725911
642.225725911
642.225725911
642.225725911
642.225725911
642.225725911
642.225725911
642.225725911
642.225725911
642.225725911
642.225725911
642.225725911
642.225725911
642.225725911
642.225725911
642.225725911
642.225725911
642.225725911
642.225725911
642.225725911
642.225725911
642.225725911
642.225725911
642.225725911
642.225725911
642.225725911
642.225725911
642.225725911
642.225725911
642.225725911
642.225725911
642.225725911
642.225725911
642.225725911
642.225725911
642.225725911
642.225725911
642.225725911
642.225725911
642.225725911
642.225725911
642.225725911
642.225725911
642.225725911
642.225725911
642.225725911
642.225725911
642.225725911
642.225725911
642.225725911
642.225725911
642.225725911
642.225725911
642.225725911
642.225725911
642.225725911
642.225725911
642.225725911
642.225725911
642.225725911
642.225725911
642.225725911
642.225725911
642.225725911
642.225725911
642.225725911
642.225725911
642.225725911
642.225725911
642.225725911
642.225725911
642.225725911
