1688.42469175
1688.42469175
1686.01364946
1682.57331026
1654.69007684
1654.69007684
1652.71705559
1652.71705559
1652.71705559
1652.71705559
1652.71705559
1627.11186768
1627.11186768
1610.50923785
1610.50923785
1610.50923785
1546.83838423
1546.83838423
1546.83838423
1546.83838423
1505.30453101
1505.30453101
1502.00275227
1502.00275227
1502.00275227
1502.00275227
1502.00275227
1501.54714591
1501.54714591
1501.54714591
1501.54714591
1460.19155252
1460.19155252
1460.19155252
1460.19155252
1458.81967024
1458.81967024
1458.81967024
1458.81967024
1437.91971707
1437.91971707
1437.91971707
1433.74089894
1433.74089894
1433.74089894
1433.74089894
1433.74089894
1433.74089894
1433.74089894
1421.57161836
1421.57161836
1374.18488474
1374.18488474
1374.18488474
1314.77298734
1314.77298734
1314.77298734
1306.25618348
1306.25618348
1306.25618348
1306.25618348
1306.25618348
1297.48528697
1297.48528697
1297.48528697
1293.00381813
1293.00381813
1293.00381813
1291.8746075
1256.24715774
1256.24715774
1256.24715774
1256.24715774
1196.33886094
1196.33886094
1196.33886094
1188.89984657
1188.89984657
1178.89320971
1178.89320971
1178.89320971
1178.89320971
1178.89320971
1178.89320971
1178.89320971
1168.31309927
1168.31309927
1168.31309927
1168.31309927
1168.31309927
1168.31309927
1162.3317162
1162.3317162
1162.3317162
1162.3317162
1162.3317162
1162.3317162
1162.3317162
1162.3317162
1122.6987558
1122.6987558
1122.6987558
1122.6987558
1122.6987558
1122.6987558
1122.6987558
1122.6987558
1122.6987558
1122.6987558
1122.6987558
1115.7846329
1115.7846329
1115.7846329
1115.7846329
1115.7846329
1115.7846329
1115.7846329
1115.7846329
1115.7846329
1115.7846329
1115.7846329
1115.7846329
1115.7846329
1115.7846329
1115.7846329
1115.7846329
1114.58947017
1114.58947017
1114.58947017
1114.4844121
1114.4844121
1114.4844121
1114.4844121
1114.4844121
1114.4844121
1114.4844121
1114.4844121
1114.4844121
1114.4844121
1114.4844121
1114.4844121
1114.4844121
1114.4844121
1114.4844121
1114.4844121
1114.4844121
1114.4844121
1114.4844121
1114.4844121
1114.4844121
1114.4844121
1114.4844121
1112.38457542
1112.38457542
1112.38457542
1112.38457542
1112.38457542
1109.16383468
1109.16383468
1109.16383468
1109.16383468
1109.16383468
1109.16383468
1109.16383468
1109.16383468
1109.16383468
1109.16383468
1109.16383468
1109.16383468
1109.16383468
1109.16383468
1109.16383468
1109.16383468
1109.16383468
1109.16383468
1109.16383468
1109.16383468
1109.16383468
1109.16383468
1109.16383468
1109.16383468
1109.16383468
1109.16383468
1109.16383468
1109.16383468
1104.57133156
1104.57133156
1104.57133156
1104.57133156
1104.57133156
1104.57133156
1104.57133156
1104.57133156
1104.57133156
1104.57133156
1104.57133156
1104.57133156
1104.57133156
1104.57133156
1104.57133156
1104.57133156
1104.57133156
1104.57133156
1104.57133156
1104.57133156
1101.17319998
1101.17319998
1101.17319998
1101.17319998
1101.17319998
1101.17319998
1101.17319998
1101.17319998
1101.17319998
1101.17319998
1101.17319998
1101.17319998
1101.17319998
1099.67692973
1099.67692973
1099.67692973
1099.67692973
1099.67692973
1099.67692973
1099.67692973
1099.67692973
1099.67692973
1099.67692973
1082.66951969
1082.66951969
1082.66951969
1082.66951969
1082.66951969
1082.66951969
1081.6969033
1076.57401455
1069.95618923
1069.95618923
1054.52931244
1054.52931244
1054.52931244
1054.52931244
1054.52931244
1054.52931244
1054.52931244
1054.52931244
1054.52931244
1054.52931244
1054.52931244
1054.52931244
1054.52931244
1054.52931244
1054.52931244
1054.52931244
1054.52931244
1046.28465681
1046.28465681
1040.69848757
1040.69848757
1040.69848757
1040.69848757
1040.69848757
1040.69848757
1038.92271368
1038.92271368
1038.92271368
1038.92271368
1038.92271368
1038.92271368
1038.92271368
1038.92271368
1038.92271368
1038.92271368
1023.54850445
1023.54850445
1023.54850445
1023.54850445
1023.54850445
1023.54850445
1023.54850445
1023.54850445
1023.54850445
1023.54850445
1023.54850445
1023.54850445
1023.54850445
1023.54850445
1023.54850445
1023.54850445
1023.54850445
1023.54850445
1023.54850445
1023.54850445
1023.54850445
1023.54850445
1023.54850445
1023.54850445
1023.54850445
1023.54850445
1014.14650604
1014.14650604
1014.14650604
1013.71612159
1013.71612159
1013.71612159
1013.71612159
1013.71612159
1013.71612159
1013.71612159
1013.71612159
1013.71612159
1013.71612159
1013.71612159
1013.71612159
1013.71612159
1013.71612159
1013.71612159
1013.71612159
1013.71612159
1013.71612159
1013.71612159
1013.71612159
1013.71612159
1013.71612159
1013.71612159
1013.71612159
1013.71612159
1013.71612159
1013.71612159
1013.71612159
1013.71612159
1013.71612159
1001.92271413
1001.92271413
1001.92271413
1001.92271413
1001.92271413
1001.92271413
1001.92271413
1001.92271413
1001.92271413
1001.92271413
1001.92271413
1001.92271413
1001.92271413
1001.92271413
999.963818438
999.963818438
999.963818438
999.630004886
999.630004886
998.106586607
998.106586607
998.106586607
998.106586607
998.106586607
998.106586607
998.106586607
992.457748726
992.457748726
992.457748726
992.457748726
992.457748726
992.457748726
992.457748726
992.457748726
990.296465394
990.296465394
984.858369067
984.858369067
984.858369067
984.858369067
984.858369067
984.858369067
975.674574566
975.674574566
975.674574566
975.674574566
970.926797381
970.926797381
970.926797381
970.926797381
970.926797381
970.926797381
970.926797381
970.926797381
970.926797381
970.926797381
967.708890481
967.708890481
964.305641655
964.305641655
964.305641655
964.305641655
964.305641655
964.305641655
964.305641655
964.305641655
964.305641655
964.305641655
948.561928683
948.561928683
948.561928683
948.561928683
948.561928683
948.561928683
948.561928683
948.561928683
948.561928683
948.561928683
948.561928683
948.561928683
948.561928683
948.561928683
948.561928683
948.561928683
948.561928683
948.561928683
948.561928683
948.561928683
948.561928683
948.561928683
948.561928683
948.561928683
948.561928683
948.561928683
948.561928683
948.561928683
948.561928683
948.561928683
948.561928683
948.561928683
948.561928683
948.561928683
948.561928683
948.561928683
948.561928683
948.561928683
948.561928683
948.561928683
948.561928683
944.225275095
944.225275095
944.225275095
944.225275095
944.225275095
944.225275095
944.225275095
944.225275095
944.225275095
944.225275095
944.225275095
944.225275095
944.225275095
944.225275095
944.225275095
942.227161669
933.676174688
933.676174688
933.676174688
933.676174688
933.676174688
933.676174688
933.676174688
933.676174688
933.676174688
933.676174688
933.676174688
933.676174688
933.676174688
933.676174688
933.676174688
933.676174688
933.676174688
933.676174688
933.676174688
933.676174688
933.676174688
933.676174688
933.676174688
933.676174688
933.676174688
933.676174688
933.676174688
933.676174688
933.676174688
933.676174688
933.676174688
933.676174688
933.676174688
933.676174688
933.676174688
933.676174688
933.676174688
933.676174688
933.676174688
933.676174688
933.676174688
933.676174688
933.676174688
933.676174688
933.676174688
933.676174688
933.676174688
933.676174688
933.676174688
933.676174688
933.676174688
933.676174688
933.676174688
933.676174688
913.351894387
913.351894387
913.351894387
913.351894387
913.351894387
913.351894387
913.351894387
913.351894387
913.351894387
910.856839102
910.856839102
910.856839102
910.856839102
910.856839102
910.856839102
910.856839102
910.856839102
910.856839102
910.856839102
910.856839102
910.856839102
910.856839102
910.856839102
910.856839102
910.856839102
910.856839102
910.856839102
910.856839102
910.856839102
910.856839102
910.856839102
910.856839102
910.856839102
910.856839102
910.856839102
910.856839102
910.856839102
910.856839102
910.856839102
910.856839102
910.856839102
910.856839102
910.856839102
910.856839102
910.856839102
910.856839102
910.856839102
910.856839102
910.856839102
910.856839102
910.856839102
910.856839102
910.856839102
910.856839102
910.856839102
910.856839102
910.856839102
910.856839102
910.856839102
910.856839102
910.856839102
910.856839102
903.058508828
903.058508828
903.058508828
903.058508828
903.058508828
903.058508828
903.058508828
903.058508828
903.058508828
903.058508828
903.058508828
903.058508828
903.058508828
903.058508828
903.058508828
903.058508828
903.058508828
903.058508828
903.058508828
903.058508828
903.058508828
903.058508828
896.911455167
896.911455167
896.911455167
896.911455167
896.911455167
896.911455167
896.911455167
896.911455167
896.911455167
896.911455167
896.911455167
896.911455167
896.911455167
896.911455167
896.911455167
894.292962087
894.292962087
894.292962087
894.292962087
894.292962087
894.292962087
894.292962087
894.292962087
894.292962087
865.521708615
865.521708615
865.521708615
865.521708615
865.521708615
865.521708615
861.137509762
861.137509762
861.137509762
861.137509762
861.137509762
861.137509762
861.137509762
861.137509762
861.137509762
861.137509762
861.137509762
861.137509762
861.137509762
861.137509762
861.137509762
861.137509762
861.137509762
861.137509762
861.137509762
861.137509762
861.137509762
861.137509762
861.137509762
861.137509762
861.137509762
861.137509762
861.137509762
861.137509762
861.137509762
861.137509762
861.137509762
861.137509762
861.137509762
861.137509762
861.137509762
861.137509762
861.137509762
861.137509762
861.137509762
861.137509762
861.137509762
861.137509762
861.137509762
861.137509762
861.137509762
861.137509762
861.137509762
861.137509762
861.137509762
861.137509762
861.137509762
861.137509762
861.137509762
861.137509762
861.137509762
861.137509762
861.137509762
861.137509762
861.137509762
855.449983117
855.449983117
855.449983117
855.449983117
855.449983117
855.449983117
855.449983117
855.449983117
855.449983117
855.449983117
855.449983117
855.449983117
855.449983117
855.449983117
855.449983117
855.449983117
855.449983117
855.449983117
855.449983117
855.449983117
855.449983117
855.449983117
855.449983117
855.449983117
855.449983117
855.449983117
855.449983117
855.449983117
854.350024047
854.350024047
854.350024047
854.350024047
854.350024047
854.350024047
854.350024047
854.350024047
854.350024047
854.350024047
854.350024047
854.350024047
854.350024047
854.350024047
854.350024047
854.350024047
854.350024047
854.350024047
854.350024047
854.350024047
854.350024047
854.350024047
854.350024047
854.350024047
854.350024047
854.350024047
854.350024047
854.350024047
854.350024047
854.350024047
854.350024047
854.350024047
854.350024047
854.350024047
854.350024047
854.350024047
854.350024047
853.290898801
853.290898801
853.290898801
853.290898801
853.290898801
853.290898801
853.290898801
853.290898801
853.290898801
853.290898801
853.290898801
853.290898801
853.290898801
853.290898801
853.290898801
853.290898801
853.290898801
853.290898801
853.290898801
853.290898801
853.290898801
853.290898801
853.290898801
853.290898801
853.290898801
853.290898801
853.290898801
853.290898801
853.290898801
853.290898801
853.290898801
853.290898801
853.290898801
852.841632001
852.841632001
852.841632001
852.841632001
852.841632001
852.841632001
852.841632001
852.841632001
852.841632001
852.841632001
849.06640283
849.06640283
849.06640283
849.06640283
849.06640283
849.06640283
849.06640283
849.06640283
849.06640283
849.06640283
849.06640283
849.06640283
849.06640283
849.06640283
849.06640283
849.06640283
849.06640283
849.06640283
849.06640283
849.06640283
849.06640283
849.06640283
849.06640283
849.06640283
849.06640283
849.06640283
849.06640283
849.06640283
849.06640283
849.06640283
849.06640283
849.06640283
849.06640283
849.06640283
849.06640283
849.06640283
849.06640283
849.06640283
849.06640283
849.06640283
849.06640283
849.06640283
849.06640283
849.06640283
849.06640283
849.06640283
849.06640283
849.06640283
849.06640283
845.54798396
845.54798396
845.54798396
845.54798396
845.54798396
845.54798396
845.54798396
845.54798396
845.54798396
845.54798396
845.54798396
845.54798396
845.54798396
845.54798396
845.54798396
845.54798396
845.54798396
845.54798396
845.54798396
845.54798396
845.54798396
845.54798396
845.54798396
845.54798396
845.54798396
845.54798396
845.54798396
845.54798396
845.54798396
845.54798396
845.54798396
845.54798396
845.54798396
845.54798396
845.54798396
845.54798396
845.54798396
845.54798396
845.54798396
845.54798396
845.54798396
845.54798396
845.54798396
845.54798396
845.54798396
845.54798396
845.54798396
845.54798396
845.54798396
845.54798396
845.54798396
845.54798396
845.54798396
845.54798396
845.54798396
845.54798396
845.54798396
845.54798396
845.54798396
845.54798396
845.54798396
845.54798396
845.54798396
845.54798396
845.54798396
845.54798396
845.54798396
845.54798396
836.597905269
836.597905269
836.597905269
836.597905269
836.597905269
836.597905269
836.597905269
836.597905269
836.597905269
836.597905269
836.597905269
836.597905269
836.597905269
836.597905269
836.597905269
836.597905269
836.597905269
836.597905269
836.597905269
836.149098095
836.149098095
836.149098095
836.149098095
836.149098095
836.149098095
836.149098095
836.149098095
836.149098095
836.149098095
836.149098095
836.149098095
836.149098095
836.149098095
836.149098095
836.149098095
836.149098095
836.149098095
836.149098095
836.149098095
836.149098095
836.149098095
836.149098095
836.149098095
836.149098095
836.149098095
836.149098095
836.149098095
836.149098095
836.149098095
836.149098095
836.149098095
836.149098095
836.149098095
826.376749282
826.376749282
826.376749282
825.120982945
825.120982945
825.120982945
825.120982945
825.120982945
825.120982945
825.120982945
825.120982945
825.120982945
825.120982945
825.120982945
825.120982945
825.120982945
825.120982945
825.120982945
825.120982945
825.120982945
825.120982945
825.120982945
825.120982945
825.120982945
825.120982945
825.120982945
825.120982945
825.120982945
825.120982945
825.120982945
825.120982945
803.839594654
803.839594654
803.839594654
803.839594654
803.839594654
803.839594654
803.839594654
803.839594654
803.839594654
803.839594654
803.839594654
803.839594654
803.839594654
803.839594654
803.839594654
803.839594654
803.839594654
800.210812261
800.210812261
800.210812261
800.210812261
800.210812261
795.211450008
795.211450008
795.211450008
795.211450008
795.211450008
795.211450008
795.211450008
795.211450008
795.211450008
795.211450008
795.211450008
795.211450008
795.211450008
795.211450008
795.211450008
795.211450008
795.211450008
795.211450008
795.211450008
795.211450008
795.211450008
795.211450008
795.211450008
795.211450008
795.211450008
795.211450008
795.211450008
778.132832284
778.132832284
778.132832284
778.132832284
778.132832284
778.132832284
778.132832284
778.132832284
778.132832284
778.132832284
778.132832284
778.132832284
778.132832284
778.132832284
778.132832284
778.132832284
778.132832284
778.132832284
778.132832284
778.132832284
778.132832284
778.132832284
764.434948336
764.434948336
764.434948336
764.434948336
764.434948336
764.434948336
761.200275206
761.200275206
761.200275206
761.200275206
761.200275206
761.200275206
761.200275206
761.200275206
761.200275206
761.200275206
761.200275206
761.200275206
761.200275206
761.200275206
761.200275206
761.200275206
761.200275206
761.200275206
761.200275206
761.200275206
761.200275206
761.200275206
761.200275206
761.200275206
761.200275206
761.200275206
761.200275206
761.200275206
761.200275206
761.200275206
761.200275206
761.200275206
761.200275206
761.200275206
761.200275206
761.200275206
761.200275206
761.007120409
761.007120409
761.007120409
761.007120409
761.007120409
761.007120409
761.007120409
761.007120409
761.007120409
761.007120409
761.007120409
761.007120409
761.007120409
761.007120409
761.007120409
761.007120409
761.007120409
761.007120409
761.007120409
761.007120409
761.007120409
761.007120409
761.007120409
761.007120409
761.007120409
761.007120409
761.007120409
761.007120409
761.007120409
761.007120409
761.007120409
761.007120409
761.007120409
761.007120409
761.007120409
761.007120409
761.007120409
761.007120409
761.007120409
761.007120409
761.007120409
761.007120409
761.007120409
761.007120409
761.007120409
761.007120409
761.007120409
761.007120409
761.007120409
761.007120409
761.007120409
761.007120409
761.007120409
761.007120409
761.007120409
761.007120409
761.007120409
761.007120409
761.007120409
761.007120409
761.007120409
761.007120409
761.007120409
761.007120409
761.007120409
761.007120409
761.007120409
761.007120409
761.007120409
761.007120409
761.007120409
761.007120409
761.007120409
761.007120409
761.007120409
761.007120409
761.007120409
761.007120409
761.007120409
761.007120409
761.007120409
761.007120409
761.007120409
761.007120409
761.007120409
761.007120409
761.007120409
761.007120409
761.007120409
761.007120409
761.007120409
761.007120409
761.007120409
761.007120409
761.007120409
761.007120409
761.007120409
761.007120409
761.007120409
761.007120409
761.007120409
761.007120409
761.007120409
761.007120409
761.007120409
761.007120409
761.007120409
761.007120409
761.007120409
761.007120409
761.007120409
761.007120409
761.007120409
761.007120409
761.007120409
761.007120409
761.007120409
761.007120409
761.007120409
761.007120409
761.007120409
761.007120409
761.007120409
761.007120409
761.007120409
761.007120409
759.65068754
759.65068754
759.65068754
759.65068754
759.65068754
759.65068754
759.65068754
759.65068754
759.65068754
759.65068754
759.65068754
759.65068754
759.65068754
759.65068754
759.65068754
759.65068754
759.65068754
759.65068754
759.65068754
759.65068754
759.65068754
759.65068754
759.65068754
759.65068754
759.65068754
759.65068754
759.65068754
759.65068754
759.65068754
759.65068754
759.65068754
759.65068754
759.65068754
759.65068754
759.65068754
759.65068754
759.65068754
759.65068754
759.65068754
759.65068754
759.65068754
759.65068754
759.65068754
759.65068754
759.65068754
759.65068754
758.692337073
758.692337073
758.692337073
758.692337073
758.692337073
758.692337073
758.692337073
758.692337073
758.692337073
758.692337073
758.692337073
758.692337073
758.692337073
758.692337073
758.692337073
758.692337073
758.692337073
758.692337073
758.692337073
758.692337073
758.692337073
758.692337073
758.692337073
758.692337073
758.692337073
758.692337073
758.692337073
758.692337073
758.692337073
758.692337073
758.692337073
758.692337073
758.692337073
758.692337073
758.692337073
758.692337073
758.692337073
758.692337073
758.692337073
754.78616661
754.78616661
754.78616661
754.78616661
754.78616661
754.78616661
754.78616661
754.78616661
754.78616661
754.78616661
754.78616661
754.78616661
754.78616661
754.78616661
754.78616661
754.78616661
754.78616661
754.78616661
754.78616661
754.78616661
754.78616661
754.78616661
754.78616661
754.78616661
754.78616661
754.78616661
754.78616661
754.78616661
754.78616661
754.78616661
754.78616661
754.78616661
754.78616661
754.78616661
754.78616661
754.78616661
754.78616661
754.78616661
754.78616661
754.78616661
754.78616661
754.78616661
754.78616661
754.78616661
754.78616661
754.78616661
754.78616661
754.78616661
754.78616661
754.78616661
754.78616661
754.78616661
754.78616661
754.78616661
754.78616661
754.78616661
754.78616661
754.78616661
754.78616661
754.78616661
754.78616661
754.78616661
754.78616661
754.78616661
720.673564993
720.673564993
720.673564993
720.673564993
720.673564993
720.673564993
720.673564993
720.673564993
720.673564993
720.673564993
720.673564993
720.673564993
720.673564993
720.673564993
720.673564993
720.673564993
720.673564993
720.673564993
720.673564993
720.673564993
720.673564993
720.673564993
720.673564993
720.673564993
720.673564993
720.673564993
720.673564993
720.673564993
720.673564993
720.673564993
720.673564993
720.673564993
720.673564993
720.673564993
720.673564993
720.673564993
720.673564993
720.673564993
720.673564993
720.673564993
720.673564993
720.673564993
720.673564993
720.673564993
720.673564993
720.673564993
720.673564993
720.673564993
720.673564993
720.673564993
720.673564993
720.673564993
720.673564993
720.673564993
720.673564993
720.673564993
720.673564993
720.673564993
720.673564993
720.673564993
720.673564993
720.673564993
720.673564993
720.673564993
720.673564993
720.673564993
720.673564993
720.673564993
720.673564993
720.673564993
720.673564993
720.673564993
720.673564993
720.673564993
720.673564993
720.673564993
720.673564993
720.673564993
720.673564993
720.673564993
720.673564993
720.673564993
720.673564993
720.673564993
720.673564993
720.673564993
720.673564993
720.673564993
720.673564993
720.673564993
720.673564993
720.673564993
720.673564993
720.673564993
720.673564993
720.673564993
720.673564993
720.673564993
720.673564993
720.673564993
720.673564993
720.673564993
720.673564993
720.673564993
719.045686153
719.045686153
719.045686153
719.045686153
719.045686153
719.045686153
719.045686153
719.045686153
719.045686153
719.045686153
719.045686153
719.045686153
719.045686153
719.045686153
719.045686153
719.045686153
719.045686153
719.045686153
719.045686153
719.045686153
719.045686153
719.045686153
719.045686153
719.045686153
719.045686153
719.045686153
719.045686153
711.931045306
711.931045306
711.931045306
711.931045306
711.931045306
711.931045306
711.931045306
711.931045306
711.931045306
711.931045306
711.931045306
711.931045306
711.931045306
711.931045306
711.931045306
711.931045306
711.931045306
711.931045306
711.931045306
711.931045306
711.931045306
711.931045306
711.931045306
711.931045306
711.931045306
711.931045306
711.931045306
711.931045306
711.931045306
711.931045306
711.931045306
711.931045306
711.931045306
711.931045306
711.931045306
711.931045306
711.931045306
711.931045306
711.931045306
711.931045306
711.931045306
711.931045306
711.931045306
711.931045306
711.931045306
711.931045306
711.931045306
711.931045306
711.931045306
711.931045306
711.931045306
711.931045306
711.931045306
711.931045306
711.931045306
711.931045306
711.931045306
711.931045306
711.931045306
711.931045306
711.931045306
711.931045306
711.931045306
711.931045306
711.931045306
711.931045306
711.931045306
711.931045306
711.931045306
711.931045306
711.931045306
711.931045306
711.931045306
711.931045306
711.931045306
711.931045306
711.931045306
711.931045306
711.931045306
711.931045306
711.931045306
711.931045306
711.931045306
711.931045306
711.931045306
711.931045306
711.931045306
711.931045306
711.931045306
711.931045306
711.931045306
711.931045306
711.931045306
711.931045306
711.931045306
711.931045306
711.931045306
711.931045306
711.931045306
711.931045306
711.931045306
711.931045306
711.931045306
711.931045306
711.931045306
711.931045306
711.931045306
711.931045306
711.931045306
711.931045306
711.931045306
711.931045306
711.931045306
711.931045306
711.931045306
711.931045306
711.931045306
711.931045306
711.931045306
711.931045306
711.931045306
711.931045306
711.931045306
711.931045306
711.931045306
711.931045306
711.931045306
711.931045306
711.931045306
711.931045306
711.931045306
711.931045306
711.931045306
711.931045306
701.928170691
701.928170691
701.928170691
701.928170691
701.928170691
701.928170691
701.928170691
701.928170691
698.575814829
698.575814829
698.575814829
698.575814829
698.575814829
698.575814829
698.575814829
698.575814829
698.575814829
698.575814829
698.575814829
698.575814829
698.575814829
698.575814829
698.575814829
698.575814829
698.575814829
698.575814829
698.575814829
698.575814829
698.575814829
698.575814829
698.575814829
698.575814829
698.575814829
698.575814829
698.575814829
698.575814829
698.575814829
698.575814829
698.575814829
698.575814829
698.575814829
698.575814829
698.575814829
698.575814829
698.575814829
698.575814829
698.575814829
698.575814829
698.575814829
698.575814829
698.575814829
698.575814829
698.575814829
698.575814829
698.575814829
698.575814829
698.575814829
698.575814829
698.575814829
698.575814829
698.575814829
698.575814829
698.575814829
698.575814829
698.575814829
698.575814829
698.575814829
698.575814829
698.575814829
698.575814829
698.575814829
698.575814829
698.575814829
698.575814829
698.575814829
698.575814829
698.575814829
698.575814829
698.575814829
698.575814829
698.575814829
698.575814829
698.575814829
698.575814829
698.575814829
694.387407274
694.387407274
694.387407274
694.387407274
694.387407274
694.387407274
694.387407274
694.387407274
694.387407274
694.387407274
694.387407274
694.387407274
694.387407274
694.387407274
694.387407274
694.387407274
694.387407274
694.387407274
694.387407274
694.387407274
694.387407274
694.387407274
694.387407274
694.387407274
694.387407274
694.387407274
694.387407274
694.387407274
694.387407274
694.387407274
694.387407274
694.387407274
694.387407274
694.387407274
694.387407274
694.387407274
694.387407274
694.387407274
694.387407274
694.387407274
694.387407274
694.387407274
694.387407274
694.387407274
694.387407274
694.387407274
694.387407274
694.387407274
694.387407274
694.387407274
694.387407274
694.387407274
694.387407274
694.387407274
694.387407274
694.387407274
694.387407274
694.387407274
694.387407274
694.387407274
694.387407274
694.387407274
694.387407274
694.387407274
694.387407274
694.387407274
694.387407274
694.387407274
694.387407274
694.387407274
694.387407274
694.387407274
694.387407274
694.387407274
694.387407274
694.387407274
694.387407274
694.387407274
694.387407274
694.387407274
694.387407274
694.387407274
694.387407274
694.387407274
694.387407274
694.387407274
694.387407274
694.387407274
694.387407274
694.387407274
694.387407274
694.387407274
694.387407274
694.387407274
694.387407274
694.387407274
694.387407274
694.387407274
694.387407274
694.387407274
694.387407274
694.387407274
694.387407274
694.387407274
694.387407274
694.387407274
694.387407274
694.387407274
694.387407274
694.387407274
694.387407274
694.387407274
694.387407274
694.387407274
694.387407274
694.387407274
694.387407274
694.387407274
694.387407274
694.387407274
694.387407274
694.387407274
694.387407274
694.387407274
694.387407274
694.387407274
694.387407274
694.387407274
694.387407274
694.387407274
694.387407274
694.387407274
694.387407274
694.387407274
694.387407274
694.387407274
694.387407274
694.387407274
694.387407274
694.387407274
694.387407274
694.387407274
694.387407274
694.387407274
694.387407274
694.387407274
694.387407274
694.387407274
694.387407274
694.387407274
694.387407274
694.387407274
694.387407274
694.387407274
694.387407274
685.326297699
685.326297699
685.326297699
685.326297699
685.326297699
685.326297699
685.326297699
685.326297699
685.326297699
685.326297699
685.326297699
685.326297699
685.326297699
685.326297699
685.326297699
685.326297699
685.326297699
685.326297699
685.326297699
685.326297699
685.326297699
685.326297699
685.326297699
685.326297699
685.326297699
685.326297699
685.326297699
685.326297699
685.326297699
685.326297699
685.326297699
685.326297699
685.326297699
685.326297699
685.326297699
685.326297699
685.326297699
685.326297699
685.326297699
685.326297699
685.326297699
685.326297699
685.326297699
685.326297699
685.326297699
685.326297699
685.326297699
685.326297699
685.326297699
685.326297699
685.326297699
685.326297699
685.326297699
685.326297699
685.326297699
685.326297699
685.326297699
685.326297699
685.326297699
685.326297699
685.326297699
685.326297699
685.326297699
685.326297699
685.326297699
685.326297699
685.326297699
685.326297699
685.326297699
685.326297699
685.326297699
685.326297699
685.326297699
685.326297699
685.326297699
685.326297699
685.326297699
685.326297699
685.326297699
685.326297699
685.326297699
685.326297699
685.326297699
685.326297699
685.326297699
685.326297699
685.326297699
685.326297699
685.326297699
685.326297699
685.326297699
685.326297699
685.326297699
685.326297699
685.326297699
685.326297699
685.326297699
685.326297699
685.326297699
685.326297699
685.326297699
685.326297699
685.326297699
685.326297699
685.326297699
685.326297699
685.326297699
685.326297699
685.326297699
685.326297699
685.326297699
685.326297699
685.326297699
685.326297699
685.326297699
685.326297699
685.326297699
685.326297699
685.326297699
685.326297699
685.103995459
685.103995459
685.103995459
685.103995459
685.103995459
685.103995459
685.103995459
685.103995459
685.103995459
685.103995459
685.103995459
685.103995459
685.103995459
685.103995459
685.103995459
685.103995459
685.103995459
685.103995459
685.103995459
685.103995459
685.103995459
685.103995459
685.103995459
685.103995459
685.103995459
685.103995459
685.103995459
685.103995459
685.103995459
685.103995459
685.103995459
685.103995459
685.103995459
685.103995459
685.103995459
685.103995459
685.103995459
685.103995459
685.103995459
685.103995459
685.103995459
685.103995459
685.103995459
685.103995459
685.103995459
685.103995459
685.103995459
685.103995459
685.103995459
685.103995459
685.103995459
685.103995459
685.103995459
685.103995459
685.103995459
685.103995459
685.103995459
685.103995459
685.103995459
685.103995459
685.103995459
685.103995459
685.103995459
685.103995459
685.103995459
685.103995459
685.103995459
685.103995459
685.103995459
685.103995459
685.103995459
685.103995459
685.103995459
685.103995459
685.103995459
685.103995459
685.103995459
685.103995459
685.103995459
685.103995459
685.103995459
685.103995459
685.103995459
685.103995459
685.103995459
685.103995459
685.103995459
685.103995459
685.103995459
685.103995459
685.103995459
685.103995459
685.103995459
685.103995459
685.103995459
685.103995459
685.103995459
685.103995459
685.103995459
685.103995459
685.103995459
685.103995459
685.103995459
685.103995459
685.103995459
685.103995459
675.297741823
675.297741823
675.297741823
675.297741823
675.297741823
675.297741823
675.297741823
675.297741823
675.297741823
675.297741823
675.297741823
675.297741823
675.297741823
675.297741823
675.297741823
675.297741823
675.297741823
675.297741823
675.297741823
675.297741823
675.297741823
675.297741823
675.297741823
675.297741823
675.297741823
675.297741823
675.297741823
675.297741823
675.297741823
675.297741823
675.297741823
675.297741823
675.297741823
675.297741823
675.297741823
675.297741823
675.297741823
675.297741823
675.297741823
675.297741823
675.297741823
675.297741823
675.297741823
675.297741823
675.297741823
675.297741823
675.297741823
675.297741823
675.297741823
675.297741823
675.297741823
675.297741823
675.297741823
675.297741823
675.297741823
675.297741823
675.297741823
675.297741823
675.297741823
675.297741823
675.297741823
675.297741823
675.297741823
675.297741823
675.297741823
675.297741823
675.297741823
675.297741823
675.297741823
675.297741823
675.297741823
675.297741823
675.297741823
675.297741823
675.297741823
675.297741823
675.297741823
675.297741823
675.297741823
675.297741823
675.297741823
675.297741823
675.297741823
675.297741823
675.297741823
675.297741823
675.297741823
675.297741823
675.297741823
675.297741823
675.297741823
675.297741823
675.297741823
675.297741823
675.297741823
675.297741823
675.297741823
675.297741823
675.297741823
675.297741823
675.297741823
675.297741823
675.297741823
675.297741823
675.297741823
675.297741823
675.297741823
675.297741823
675.297741823
675.297741823
675.297741823
675.297741823
675.297741823
675.297741823
675.297741823
675.297741823
675.297741823
675.297741823
675.297741823
675.297741823
675.297741823
675.297741823
675.297741823
675.297741823
675.297741823
675.297741823
675.297741823
675.297741823
675.297741823
675.297741823
675.297741823
675.297741823
675.297741823
675.297741823
675.297741823
675.297741823
675.297741823
675.297741823
675.297741823
675.297741823
675.297741823
675.297741823
675.297741823
671.268053727
671.268053727
671.268053727
671.268053727
671.268053727
671.268053727
671.268053727
671.268053727
671.268053727
671.268053727
671.268053727
671.268053727
671.268053727
671.268053727
671.268053727
671.268053727
671.268053727
671.268053727
671.268053727
671.268053727
671.268053727
671.268053727
671.268053727
671.268053727
671.268053727
671.268053727
671.268053727
671.268053727
671.268053727
671.268053727
671.268053727
671.268053727
671.268053727
671.268053727
671.268053727
671.268053727
671.268053727
671.268053727
671.268053727
671.268053727
671.268053727
671.268053727
671.268053727
671.268053727
671.268053727
671.268053727
671.268053727
671.268053727
671.268053727
671.268053727
671.268053727
671.268053727
671.268053727
671.268053727
671.268053727
671.268053727
671.268053727
671.268053727
671.268053727
671.268053727
671.268053727
671.268053727
671.268053727
671.268053727
671.268053727
671.268053727
671.268053727
671.268053727
671.268053727
671.268053727
671.268053727
671.268053727
671.268053727
671.268053727
671.268053727
671.268053727
671.268053727
671.268053727
671.268053727
671.268053727
671.268053727
671.268053727
671.268053727
671.268053727
671.268053727
671.268053727
671.268053727
671.268053727
671.268053727
671.268053727
671.268053727
671.268053727
671.268053727
671.268053727
671.268053727
671.268053727
671.268053727
671.268053727
671.268053727
671.268053727
671.268053727
671.268053727
670.291345909
670.291345909
670.291345909
670.291345909
670.291345909
670.291345909
670.291345909
670.291345909
670.291345909
670.291345909
670.291345909
670.291345909
670.291345909
670.291345909
670.291345909
670.291345909
670.291345909
670.291345909
670.291345909
670.291345909
670.291345909
670.291345909
670.291345909
670.291345909
670.291345909
670.291345909
670.291345909
670.291345909
670.291345909
670.291345909
670.291345909
670.291345909
670.291345909
670.291345909
670.291345909
670.291345909
670.291345909
670.291345909
670.291345909
670.291345909
670.291345909
670.291345909
670.291345909
670.291345909
670.291345909
670.291345909
670.291345909
670.291345909
670.291345909
670.291345909
670.291345909
670.291345909
667.096369684
667.096369684
667.096369684
667.096369684
667.096369684
667.096369684
667.096369684
667.096369684
667.096369684
667.096369684
667.096369684
667.096369684
667.096369684
667.096369684
667.096369684
667.096369684
667.096369684
667.096369684
667.096369684
667.096369684
667.096369684
667.096369684
667.096369684
667.096369684
667.096369684
667.096369684
667.096369684
667.096369684
667.096369684
667.096369684
667.096369684
667.096369684
667.096369684
667.096369684
667.096369684
667.096369684
667.096369684
667.096369684
667.096369684
667.096369684
667.096369684
667.096369684
667.096369684
667.096369684
667.096369684
667.096369684
667.096369684
667.096369684
667.096369684
667.096369684
667.096369684
667.096369684
667.096369684
667.096369684
667.096369684
667.096369684
667.096369684
667.096369684
667.096369684
667.096369684
667.096369684
667.096369684
667.096369684
667.096369684
667.096369684
667.096369684
667.096369684
667.096369684
667.096369684
667.096369684
667.096369684
667.096369684
667.096369684
667.096369684
667.096369684
667.096369684
667.096369684
667.096369684
667.096369684
667.096369684
667.096369684
667.096369684
667.096369684
667.096369684
667.096369684
667.096369684
667.096369684
667.096369684
667.096369684
667.096369684
667.096369684
667.096369684
667.096369684
667.096369684
667.096369684
667.096369684
667.096369684
667.096369684
667.096369684
667.096369684
667.096369684
667.096369684
667.096369684
667.096369684
667.096369684
667.096369684
667.096369684
667.096369684
667.096369684
667.096369684
667.096369684
667.096369684
667.096369684
667.096369684
667.096369684
667.096369684
667.096369684
667.096369684
667.096369684
667.096369684
667.096369684
667.096369684
667.096369684
667.096369684
667.096369684
667.096369684
667.096369684
667.096369684
667.096369684
667.096369684
667.096369684
667.096369684
667.096369684
667.096369684
667.096369684
667.096369684
667.096369684
667.096369684
667.096369684
667.096369684
667.096369684
667.096369684
667.096369684
667.096369684
667.096369684
667.096369684
667.096369684
667.096369684
667.096369684
667.096369684
667.096369684
667.096369684
667.096369684
667.096369684
667.096369684
667.096369684
667.096369684
667.096369684
667.096369684
667.096369684
667.096369684
667.096369684
667.096369684
667.096369684
667.096369684
667.096369684
667.096369684
667.096369684
667.096369684
667.096369684
667.096369684
667.096369684
667.096369684
667.096369684
667.096369684
667.096369684
667.096369684
667.096369684
667.096369684
667.096369684
667.096369684
667.096369684
667.096369684
667.096369684
667.096369684
667.096369684
667.096369684
667.096369684
667.096369684
667.096369684
667.096369684
667.096369684
667.096369684
667.096369684
667.096369684
667.096369684
667.096369684
667.096369684
667.096369684
667.096369684
667.096369684
667.096369684
667.096369684
667.096369684
667.096369684
667.096369684
667.096369684
667.096369684
667.096369684
667.096369684
667.096369684
667.096369684
667.096369684
667.096369684
667.096369684
667.096369684
667.096369684
667.096369684
667.096369684
667.096369684
667.096369684
667.096369684
667.096369684
667.096369684
667.096369684
667.096369684
667.096369684
667.096369684
667.096369684
667.096369684
667.096369684
667.096369684
667.096369684
667.096369684
667.096369684
667.096369684
667.096369684
667.096369684
667.096369684
667.096369684
667.096369684
667.096369684
667.096369684
667.096369684
667.096369684
667.096369684
667.096369684
667.096369684
667.096369684
667.096369684
667.096369684
667.096369684
667.096369684
667.096369684
667.096369684
667.096369684
667.096369684
667.096369684
667.096369684
667.096369684
667.096369684
667.096369684
667.096369684
667.096369684
667.096369684
667.096369684
667.096369684
667.096369684
667.096369684
667.096369684
667.096369684
667.096369684
667.096369684
667.096369684
667.096369684
667.096369684
667.096369684
667.096369684
667.096369684
667.096369684
667.096369684
667.096369684
667.096369684
667.096369684
667.096369684
667.096369684
667.096369684
667.096369684
667.096369684
667.096369684
667.096369684
667.096369684
667.096369684
667.096369684
667.096369684
667.096369684
667.096369684
667.096369684
667.096369684
667.096369684
667.096369684
667.096369684
667.096369684
667.096369684
667.096369684
667.096369684
667.096369684
667.096369684
667.096369684
667.096369684
667.096369684
667.096369684
667.096369684
667.096369684
667.096369684
667.096369684
667.096369684
667.096369684
667.096369684
667.096369684
667.096369684
667.096369684
667.096369684
667.096369684
667.096369684
667.096369684
667.096369684
667.096369684
667.096369684
667.096369684
667.096369684
667.096369684
667.096369684
667.096369684
667.096369684
667.096369684
667.096369684
667.096369684
667.096369684
667.096369684
667.096369684
667.096369684
667.096369684
667.096369684
667.096369684
667.096369684
667.096369684
667.096369684
667.096369684
667.096369684
667.096369684
667.096369684
667.096369684
667.096369684
667.096369684
667.096369684
667.096369684
667.096369684
667.096369684
667.096369684
667.096369684
667.096369684
667.096369684
667.096369684
667.096369684
667.096369684
667.096369684
667.096369684
667.096369684
667.096369684
667.096369684
667.096369684
667.096369684
667.096369684
667.096369684
667.096369684
667.096369684
667.096369684
667.096369684
667.096369684
667.096369684
667.096369684
667.096369684
667.096369684
667.096369684
667.096369684
667.096369684
667.096369684
667.096369684
667.096369684
667.096369684
667.096369684
667.096369684
667.096369684
667.096369684
667.096369684
667.096369684
667.096369684
667.096369684
667.096369684
667.096369684
667.096369684
667.096369684
667.096369684
667.096369684
667.096369684
667.096369684
667.096369684
667.096369684
667.096369684
667.096369684
667.096369684
667.096369684
667.096369684
667.096369684
667.096369684
667.096369684
667.096369684
667.096369684
667.096369684
667.096369684
667.096369684
667.096369684
667.096369684
667.096369684
667.096369684
667.096369684
667.096369684
667.096369684
667.096369684
667.096369684
667.096369684
667.096369684
667.096369684
667.096369684
667.096369684
667.096369684
667.096369684
667.096369684
667.096369684
667.096369684
667.096369684
667.096369684
667.096369684
667.096369684
667.096369684
667.096369684
667.096369684
667.096369684
667.096369684
667.096369684
667.096369684
667.096369684
667.096369684
667.096369684
667.096369684
667.096369684
667.096369684
667.096369684
667.096369684
667.096369684
667.096369684
667.096369684
667.096369684
667.096369684
667.096369684
667.096369684
667.096369684
667.096369684
667.096369684
667.096369684
667.096369684
667.096369684
667.096369684
667.096369684
667.096369684
667.096369684
667.096369684
667.096369684
667.096369684
667.096369684
667.096369684
667.096369684
667.096369684
667.096369684
667.096369684
667.096369684
667.096369684
667.096369684
667.096369684
667.096369684
667.096369684
667.096369684
667.096369684
667.096369684
667.096369684
667.096369684
667.096369684
667.096369684
667.096369684
667.096369684
667.096369684
667.096369684
667.096369684
667.096369684
667.096369684
667.096369684
667.096369684
667.096369684
667.096369684
667.096369684
667.096369684
667.096369684
667.096369684
667.096369684
667.096369684
667.096369684
667.096369684
667.096369684
667.096369684
667.096369684
667.096369684
667.096369684
667.096369684
667.096369684
667.096369684
667.096369684
667.096369684
667.096369684
667.096369684
667.096369684
667.096369684
667.096369684
667.096369684
667.096369684
667.096369684
667.096369684
667.096369684
667.096369684
667.096369684
667.096369684
667.096369684
667.096369684
667.096369684
667.096369684
667.096369684
667.096369684
667.096369684
667.096369684
667.096369684
667.096369684
667.096369684
667.096369684
667.096369684
667.096369684
667.096369684
667.096369684
667.096369684
667.096369684
667.096369684
667.096369684
667.096369684
667.096369684
667.096369684
667.096369684
667.096369684
667.096369684
667.096369684
667.096369684
667.096369684
667.096369684
667.096369684
667.096369684
667.096369684
667.096369684
667.096369684
667.096369684
667.096369684
667.096369684
667.096369684
667.096369684
667.096369684
667.096369684
667.096369684
667.096369684
667.096369684
667.096369684
667.096369684
667.096369684
667.096369684
667.096369684
667.096369684
667.096369684
667.096369684
667.096369684
667.096369684
667.096369684
667.096369684
667.096369684
667.096369684
666.53400982
666.53400982
666.53400982
666.53400982
666.53400982
666.53400982
666.53400982
666.53400982
666.53400982
666.53400982
666.53400982
666.53400982
666.53400982
666.53400982
666.53400982
666.53400982
666.53400982
666.53400982
666.53400982
666.53400982
666.53400982
666.53400982
666.53400982
666.53400982
666.53400982
666.53400982
666.53400982
666.53400982
666.53400982
666.53400982
666.53400982
666.53400982
666.53400982
666.53400982
666.53400982
666.53400982
666.53400982
666.53400982
666.53400982
666.53400982
666.53400982
666.53400982
666.53400982
666.53400982
666.53400982
666.53400982
666.53400982
666.53400982
666.53400982
666.53400982
666.53400982
666.53400982
666.53400982
666.53400982
666.53400982
666.53400982
666.53400982
666.53400982
666.53400982
666.53400982
666.53400982
666.53400982
666.53400982
666.53400982
666.53400982
666.53400982
666.53400982
666.53400982
666.53400982
666.53400982
666.53400982
666.53400982
666.53400982
666.53400982
666.53400982
666.53400982
666.53400982
666.53400982
666.53400982
666.53400982
666.53400982
666.53400982
666.53400982
666.53400982
666.53400982
666.53400982
666.53400982
666.53400982
666.53400982
666.53400982
666.53400982
666.53400982
666.53400982
666.53400982
666.53400982
666.53400982
666.53400982
666.53400982
666.53400982
666.53400982
666.53400982
666.53400982
666.53400982
666.53400982
666.53400982
666.53400982
666.53400982
666.53400982
666.53400982
666.53400982
666.53400982
666.53400982
666.53400982
666.53400982
666.53400982
666.53400982
666.53400982
666.53400982
666.53400982
666.53400982
666.53400982
666.53400982
666.53400982
666.53400982
666.53400982
666.53400982
666.53400982
666.53400982
666.53400982
666.53400982
666.53400982
666.53400982
666.53400982
666.53400982
666.53400982
666.53400982
666.53400982
666.53400982
661.269434005
661.269434005
661.269434005
661.269434005
661.269434005
661.269434005
661.269434005
661.269434005
661.269434005
661.269434005
661.269434005
661.269434005
661.269434005
661.269434005
661.269434005
661.269434005
661.269434005
661.269434005
661.269434005
661.269434005
661.269434005
661.269434005
661.269434005
661.269434005
661.269434005
661.269434005
661.269434005
661.269434005
661.269434005
661.269434005
661.269434005
661.269434005
661.269434005
661.269434005
661.269434005
661.269434005
661.269434005
661.269434005
661.269434005
661.269434005
661.269434005
661.269434005
661.269434005
661.269434005
661.269434005
661.269434005
661.269434005
661.269434005
661.269434005
661.269434005
661.269434005
661.269434005
661.269434005
661.269434005
661.269434005
661.269434005
661.269434005
661.269434005
661.269434005
661.269434005
661.269434005
661.269434005
661.269434005
661.269434005
661.269434005
658.267251968
658.267251968
658.267251968
658.267251968
658.267251968
658.267251968
658.267251968
658.267251968
658.267251968
658.267251968
658.267251968
658.267251968
658.267251968
658.267251968
658.267251968
658.267251968
658.267251968
658.267251968
658.267251968
658.267251968
658.267251968
658.267251968
658.267251968
658.267251968
658.267251968
658.267251968
658.267251968
658.267251968
658.267251968
658.267251968
658.267251968
658.267251968
658.267251968
658.267251968
658.267251968
658.267251968
658.267251968
658.267251968
658.267251968
658.267251968
658.267251968
658.267251968
658.267251968
658.267251968
658.267251968
658.038148071
658.038148071
658.038148071
658.038148071
658.038148071
658.038148071
658.038148071
658.038148071
658.038148071
658.038148071
658.038148071
658.038148071
658.038148071
658.038148071
658.038148071
658.038148071
658.038148071
658.038148071
658.038148071
658.038148071
658.038148071
658.038148071
658.038148071
658.038148071
658.038148071
658.038148071
658.038148071
658.038148071
658.038148071
658.038148071
658.038148071
658.038148071
658.038148071
658.038148071
658.038148071
658.038148071
658.038148071
658.038148071
658.038148071
658.038148071
658.038148071
658.038148071
658.038148071
658.038148071
658.038148071
658.038148071
658.038148071
658.038148071
658.038148071
658.038148071
658.038148071
658.038148071
658.038148071
658.038148071
658.038148071
658.038148071
658.038148071
658.038148071
658.038148071
658.038148071
658.038148071
658.038148071
658.038148071
658.038148071
658.038148071
658.038148071
658.038148071
658.038148071
658.038148071
658.038148071
658.038148071
658.038148071
658.038148071
647.12721834
647.12721834
647.12721834
647.12721834
647.12721834
647.12721834
647.12721834
647.12721834
647.12721834
647.12721834
647.12721834
647.12721834
647.12721834
647.12721834
647.12721834
647.12721834
647.12721834
647.12721834
647.12721834
647.12721834
647.12721834
647.12721834
647.12721834
647.12721834
647.12721834
647.12721834
647.12721834
647.12721834
647.12721834
647.12721834
647.12721834
647.12721834
647.12721834
647.12721834
647.12721834
647.12721834
647.12721834
647.12721834
647.12721834
647.12721834
647.12721834
647.12721834
647.12721834
647.12721834
647.12721834
647.12721834
647.12721834
647.12721834
647.12721834
647.12721834
647.12721834
647.12721834
647.12721834
647.12721834
647.12721834
647.12721834
647.12721834
647.12721834
647.12721834
647.12721834
647.12721834
647.12721834
647.12721834
647.12721834
647.12721834
647.12721834
647.12721834
647.12721834
647.12721834
647.12721834
647.12721834
647.12721834
647.12721834
647.12721834
647.12721834
647.12721834
647.12721834
647.12721834
647.12721834
647.12721834
647.12721834
647.12721834
647.12721834
647.12721834
647.12721834
647.12721834
647.12721834
647.12721834
647.12721834
647.12721834
647.12721834
647.12721834
647.12721834
647.12721834
647.12721834
647.12721834
647.12721834
647.12721834
647.12721834
647.12721834
647.12721834
647.12721834
647.12721834
647.12721834
647.12721834
647.12721834
647.12721834
647.12721834
647.12721834
639.377522687
639.377522687
639.377522687
639.377522687
639.377522687
639.377522687
639.377522687
639.377522687
639.377522687
639.377522687
639.377522687
639.377522687
639.377522687
639.377522687
639.377522687
639.377522687
639.377522687
639.377522687
639.377522687
639.377522687
639.377522687
639.377522687
639.377522687
639.377522687
639.377522687
639.377522687
639.377522687
639.377522687
639.377522687
639.377522687
639.377522687
639.377522687
639.377522687
639.377522687
639.377522687
639.377522687
639.377522687
639.377522687
639.377522687
639.377522687
639.377522687
639.377522687
639.377522687
639.377522687
639.377522687
639.377522687
639.377522687
639.377522687
639.377522687
639.377522687
639.377522687
639.377522687
639.377522687
639.377522687
639.377522687
639.377522687
639.377522687
639.377522687
639.377522687
639.377522687
639.377522687
639.377522687
639.377522687
639.377522687
639.377522687
639.377522687
639.377522687
639.377522687
639.377522687
639.377522687
639.377522687
639.377522687
639.377522687
639.377522687
639.377522687
639.377522687
639.377522687
639.377522687
639.377522687
639.162049969
639.162049969
639.162049969
639.162049969
639.162049969
639.162049969
639.162049969
639.162049969
639.162049969
639.162049969
639.162049969
639.162049969
639.162049969
639.162049969
639.162049969
639.162049969
639.162049969
639.162049969
639.162049969
639.162049969
639.162049969
639.162049969
639.162049969
639.162049969
639.162049969
639.162049969
639.162049969
639.162049969
639.162049969
639.162049969
639.162049969
639.162049969
639.162049969
639.162049969
620.200204386
620.200204386
620.200204386
620.200204386
620.200204386
620.200204386
620.200204386
620.200204386
620.200204386
620.200204386
620.200204386
620.200204386
620.200204386
620.200204386
620.200204386
620.200204386
620.200204386
620.200204386
620.200204386
620.200204386
620.200204386
620.200204386
620.200204386
620.200204386
620.200204386
620.200204386
620.200204386
620.200204386
620.200204386
620.200204386
620.200204386
620.200204386
620.200204386
620.200204386
620.200204386
620.200204386
620.200204386
620.200204386
620.200204386
620.200204386
620.200204386
620.200204386
620.200204386
620.200204386
620.200204386
620.200204386
620.200204386
620.200204386
620.200204386
620.200204386
620.200204386
620.200204386
620.200204386
620.200204386
620.200204386
620.200204386
620.200204386
620.200204386
620.200204386
620.200204386
620.200204386
620.200204386
620.200204386
620.200204386
620.200204386
620.200204386
620.200204386
620.200204386
620.200204386
620.200204386
618.31177525
618.31177525
618.31177525
609.432166486
609.432166486
609.432166486
609.432166486
609.432166486
609.432166486
609.432166486
609.432166486
609.432166486
609.432166486
609.432166486
609.432166486
609.432166486
609.432166486
609.432166486
609.432166486
609.432166486
609.432166486
609.432166486
609.432166486
609.432166486
609.432166486
609.432166486
609.432166486
609.432166486
609.432166486
601.673940335
601.673940335
601.673940335
601.673940335
601.673940335
601.673940335
601.673940335
601.673940335
601.673940335
601.673940335
601.673940335
601.673940335
601.673940335
601.673940335
601.673940335
601.673940335
600.524638558
600.524638558
600.524638558
600.524638558
600.524638558
600.524638558
600.524638558
600.524638558
600.524638558
600.524638558
600.524638558
600.524638558
600.524638558
600.524638558
600.524638558
600.524638558
600.524638558
600.524638558
598.609502516
598.609502516
598.609502516
598.609502516
598.609502516
598.609502516
598.609502516
598.609502516
598.609502516
598.609502516
598.609502516
598.609502516
598.609502516
598.609502516
598.609502516
598.609502516
598.609502516
598.609502516
598.609502516
598.609502516
598.609502516
598.609502516
598.609502516
598.609502516
598.609502516
598.609502516
598.609502516
598.609502516
598.609502516
598.609502516
598.609502516
598.609502516
598.609502516
598.609502516
598.609502516
598.609502516
598.609502516
598.609502516
598.609502516
598.609502516
598.609502516
598.609502516
598.609502516
598.609502516
598.609502516
598.609502516
598.609502516
598.609502516
598.609502516
598.609502516
598.609502516
598.609502516
598.609502516
598.609502516
598.609502516
598.609502516
598.609502516
598.609502516
598.609502516
598.609502516
598.609502516
598.609502516
598.609502516
598.609502516
598.609502516
598.609502516
598.609502516
598.609502516
598.609502516
598.609502516
598.609502516
598.609502516
598.609502516
598.609502516
598.609502516
598.609502516
598.609502516
598.609502516
598.609502516
598.609502516
598.609502516
594.781727667
594.781727667
594.781727667
594.781727667
594.781727667
594.781727667
594.781727667
594.781727667
594.781727667
594.781727667
594.781727667
594.781727667
594.781727667
594.781727667
594.781727667
594.781727667
594.781727667
594.781727667
594.781727667
594.781727667
594.781727667
594.781727667
594.781727667
594.781727667
594.781727667
594.781727667
594.781727667
594.781727667
594.781727667
594.781727667
594.781727667
594.781727667
594.781727667
594.781727667
594.781727667
594.781727667
594.781727667
594.781727667
594.781727667
594.781727667
594.781727667
594.781727667
585.396789386
585.396789386
585.396789386
585.396789386
585.396789386
585.396789386
585.396789386
585.396789386
585.396789386
585.396789386
585.396789386
585.396789386
585.396789386
585.396789386
585.396789386
585.396789386
585.396789386
585.396789386
585.396789386
585.396789386
585.396789386
585.396789386
585.396789386
585.396789386
585.396789386
585.396789386
585.396789386
585.396789386
585.396789386
585.396789386
585.396789386
585.396789386
585.396789386
585.396789386
585.396789386
585.396789386
585.396789386
585.396789386
585.396789386
585.396789386
585.396789386
585.396789386
585.396789386
585.396789386
585.396789386
585.396789386
585.396789386
585.396789386
585.396789386
585.396789386
585.396789386
585.396789386
585.396789386
585.396789386
585.396789386
585.396789386
585.396789386
585.396789386
585.396789386
585.396789386
585.396789386
585.396789386
585.396789386
585.396789386
585.396789386
585.396789386
585.396789386
585.396789386
585.396789386
585.396789386
585.396789386
585.396789386
585.396789386
585.396789386
585.396789386
585.396789386
585.396789386
585.396789386
585.396789386
585.396789386
585.396789386
585.396789386
585.396789386
585.396789386
585.396789386
585.396789386
585.396789386
585.396789386
585.396789386
585.396789386
585.396789386
585.396789386
585.396789386
585.396789386
585.396789386
585.396789386
585.396789386
585.396789386
585.396789386
585.396789386
585.396789386
585.396789386
585.396789386
585.396789386
585.396789386
585.396789386
585.396789386
585.396789386
585.396789386
585.396789386
585.396789386
585.396789386
585.396789386
585.396789386
585.396789386
585.396789386
585.396789386
585.396789386
585.396789386
585.396789386
585.396789386
585.396789386
585.396789386
585.396789386
585.396789386
585.396789386
585.396789386
585.396789386
585.396789386
585.396789386
585.396789386
585.396789386
585.396789386
585.396789386
585.396789386
585.396789386
585.396789386
585.396789386
585.396789386
585.396789386
585.396789386
585.396789386
585.396789386
585.396789386
585.396789386
585.396789386
585.396789386
585.396789386
585.396789386
585.396789386
585.396789386
585.396789386
585.396789386
585.396789386
585.396789386
585.396789386
585.396789386
585.396789386
585.396789386
585.396789386
585.396789386
585.396789386
585.396789386
585.396789386
585.396789386
585.396789386
585.396789386
585.396789386
585.396789386
585.396789386
585.396789386
585.396789386
585.396789386
585.396789386
585.396789386
585.396789386
585.396789386
585.396789386
585.396789386
585.396789386
585.396789386
585.396789386
585.396789386
585.396789386
585.396789386
585.396789386
585.396789386
585.396789386
585.396789386
585.396789386
585.396789386
585.396789386
585.396789386
585.396789386
585.396789386
585.396789386
585.396789386
585.396789386
585.396789386
585.396789386
585.396789386
585.396789386
585.396789386
585.396789386
585.396789386
585.396789386
585.396789386
585.396789386
585.396789386
585.396789386
585.396789386
585.396789386
585.396789386
585.396789386
585.396789386
585.396789386
585.396789386
585.396789386
585.396789386
585.396789386
585.396789386
585.396789386
585.396789386
585.396789386
585.396789386
585.396789386
585.396789386
585.396789386
585.396789386
585.396789386
585.396789386
585.396789386
585.396789386
585.396789386
585.396789386
585.396789386
585.396789386
585.396789386
585.396789386
585.396789386
579.256032718
579.256032718
579.256032718
579.256032718
579.256032718
579.256032718
579.256032718
579.256032718
579.256032718
579.256032718
579.256032718
579.256032718
579.256032718
579.256032718
579.256032718
579.256032718
579.256032718
579.256032718
579.256032718
579.256032718
579.256032718
579.256032718
579.256032718
579.256032718
579.256032718
579.256032718
579.256032718
579.256032718
579.256032718
579.256032718
579.256032718
579.256032718
579.256032718
579.256032718
579.256032718
579.256032718
579.256032718
579.256032718
579.256032718
579.256032718
579.256032718
579.256032718
579.256032718
579.256032718
579.256032718
579.256032718
579.256032718
579.256032718
579.256032718
579.256032718
579.256032718
579.256032718
579.256032718
579.256032718
579.256032718
579.256032718
579.256032718
579.256032718
579.256032718
579.256032718
579.256032718
579.256032718
579.256032718
579.256032718
579.256032718
579.256032718
579.256032718
579.256032718
579.256032718
579.256032718
579.256032718
579.256032718
579.256032718
579.256032718
579.256032718
579.256032718
579.256032718
579.256032718
579.256032718
579.256032718
579.256032718
579.256032718
579.256032718
579.256032718
579.256032718
579.256032718
579.256032718
579.256032718
579.256032718
579.256032718
579.256032718
579.256032718
579.256032718
579.256032718
579.256032718
579.256032718
579.256032718
579.256032718
579.256032718
579.256032718
579.256032718
579.256032718
579.256032718
579.256032718
579.256032718
579.256032718
579.256032718
579.256032718
579.256032718
579.256032718
579.256032718
579.256032718
579.256032718
579.256032718
579.256032718
579.256032718
579.256032718
579.256032718
579.256032718
579.256032718
579.256032718
579.256032718
579.256032718
579.256032718
579.256032718
579.256032718
579.256032718
579.256032718
579.256032718
579.256032718
579.256032718
579.256032718
579.256032718
579.256032718
579.256032718
579.256032718
579.256032718
579.256032718
579.256032718
579.256032718
579.256032718
579.256032718
579.256032718
579.256032718
579.256032718
579.256032718
579.256032718
579.256032718
579.256032718
579.256032718
579.256032718
579.256032718
579.256032718
579.256032718
579.256032718
579.256032718
579.256032718
579.256032718
579.256032718
579.256032718
579.256032718
579.256032718
579.256032718
579.256032718
579.256032718
579.256032718
579.256032718
579.256032718
579.256032718
579.256032718
579.256032718
579.256032718
579.256032718
579.256032718
579.256032718
579.256032718
579.256032718
579.256032718
579.256032718
579.256032718
579.256032718
579.256032718
579.256032718
579.256032718
579.256032718
579.256032718
579.256032718
579.256032718
579.256032718
579.256032718
579.256032718
579.256032718
579.256032718
579.256032718
579.256032718
579.256032718
579.256032718
579.256032718
579.256032718
579.256032718
579.256032718
579.256032718
579.256032718
579.256032718
579.256032718
579.256032718
579.256032718
579.256032718
579.256032718
579.256032718
579.256032718
579.256032718
579.256032718
579.256032718
579.256032718
579.256032718
579.256032718
579.256032718
579.256032718
579.256032718
579.256032718
579.256032718
579.256032718
579.256032718
579.256032718
579.256032718
579.256032718
579.256032718
579.256032718
579.256032718
579.256032718
579.256032718
579.256032718
579.256032718
579.256032718
579.256032718
579.256032718
579.256032718
579.256032718
579.256032718
579.256032718
579.256032718
579.256032718
579.256032718
579.256032718
579.256032718
579.256032718
579.256032718
579.256032718
579.256032718
579.256032718
579.256032718
579.256032718
579.256032718
579.256032718
579.256032718
579.256032718
579.256032718
579.256032718
579.256032718
579.256032718
579.256032718
579.256032718
579.256032718
579.256032718
579.256032718
579.256032718
579.256032718
579.256032718
579.256032718
579.256032718
579.256032718
579.256032718
579.256032718
579.256032718
579.256032718
579.256032718
579.256032718
579.256032718
579.256032718
579.256032718
579.256032718
579.256032718
579.256032718
579.256032718
579.256032718
579.256032718
579.256032718
579.256032718
579.256032718
579.256032718
579.256032718
579.256032718
579.256032718
579.256032718
579.256032718
579.256032718
579.256032718
579.256032718
579.256032718
579.256032718
579.256032718
579.256032718
579.256032718
579.256032718
579.256032718
579.256032718
579.256032718
579.256032718
579.256032718
579.256032718
579.256032718
579.256032718
579.256032718
579.256032718
579.256032718
579.256032718
579.256032718
579.256032718
579.256032718
579.256032718
579.256032718
579.256032718
579.256032718
579.256032718
579.256032718
579.256032718
579.256032718
579.256032718
579.256032718
579.256032718
579.256032718
579.256032718
579.256032718
579.256032718
579.256032718
579.256032718
579.256032718
579.256032718
579.256032718
579.256032718
579.256032718
579.256032718
579.256032718
579.256032718
579.256032718
579.256032718
579.256032718
579.256032718
579.256032718
579.256032718
579.256032718
579.256032718
579.256032718
579.256032718
579.256032718
579.256032718
579.256032718
579.256032718
579.256032718
579.256032718
579.256032718
579.256032718
579.256032718
579.256032718
579.256032718
579.256032718
579.256032718
579.256032718
579.256032718
579.256032718
579.256032718
579.256032718
579.256032718
579.256032718
579.256032718
579.256032718
579.256032718
579.256032718
579.256032718
579.256032718
579.256032718
579.256032718
579.256032718
579.256032718
579.256032718
579.256032718
579.256032718
579.256032718
579.256032718
579.256032718
579.256032718
579.256032718
579.256032718
579.256032718
579.256032718
579.256032718
579.256032718
579.256032718
579.256032718
579.256032718
579.256032718
579.256032718
579.256032718
579.256032718
579.256032718
579.256032718
579.256032718
579.256032718
579.256032718
579.256032718
579.256032718
579.256032718
579.256032718
579.256032718
579.256032718
579.256032718
579.256032718
579.256032718
579.256032718
579.256032718
579.256032718
579.256032718
579.256032718
579.256032718
579.256032718
579.256032718
579.256032718
579.256032718
579.256032718
579.256032718
579.256032718
579.256032718
579.256032718
579.256032718
579.256032718
579.256032718
579.256032718
579.256032718
579.256032718
579.256032718
579.256032718
579.256032718
579.256032718
579.256032718
579.256032718
579.256032718
579.256032718
579.256032718
579.256032718
579.256032718
579.256032718
579.256032718
579.256032718
579.256032718
579.256032718
579.256032718
579.256032718
579.256032718
579.256032718
579.256032718
579.256032718
579.256032718
579.256032718
579.256032718
579.256032718
579.256032718
579.256032718
579.256032718
579.256032718
579.256032718
579.256032718
579.256032718
579.256032718
579.256032718
579.256032718
579.256032718
579.256032718
579.256032718
576.209385265
576.209385265
576.209385265
576.209385265
576.209385265
576.209385265
576.209385265
576.209385265
576.209385265
576.209385265
576.209385265
576.209385265
576.209385265
576.209385265
576.209385265
576.209385265
576.209385265
576.209385265
576.209385265
576.209385265
576.209385265
576.209385265
576.209385265
576.209385265
576.209385265
576.209385265
576.209385265
576.209385265
576.209385265
576.209385265
576.209385265
576.209385265
576.209385265
576.209385265
576.209385265
576.209385265
576.209385265
576.209385265
576.209385265
576.209385265
576.209385265
576.209385265
576.209385265
576.209385265
576.209385265
576.209385265
576.209385265
576.209385265
576.209385265
576.209385265
576.209385265
576.209385265
576.209385265
576.209385265
576.209385265
576.209385265
576.209385265
576.209385265
576.209385265
576.209385265
576.209385265
576.209385265
576.209385265
576.209385265
576.209385265
576.209385265
576.209385265
576.209385265
576.209385265
576.209385265
576.209385265
576.209385265
576.209385265
576.209385265
576.209385265
576.209385265
576.209385265
576.209385265
576.209385265
576.209385265
576.209385265
576.209385265
576.209385265
576.209385265
576.209385265
576.209385265
576.209385265
576.209385265
576.209385265
576.209385265
576.209385265
576.209385265
576.209385265
576.209385265
576.209385265
576.209385265
576.209385265
576.209385265
576.209385265
576.209385265
576.209385265
576.209385265
576.209385265
576.209385265
576.209385265
576.209385265
576.209385265
576.209385265
576.209385265
576.209385265
576.209385265
576.209385265
576.209385265
576.209385265
576.209385265
576.209385265
576.209385265
576.209385265
576.209385265
576.209385265
576.209385265
576.209385265
576.209385265
576.209385265
576.209385265
576.209385265
576.209385265
576.209385265
576.209385265
576.209385265
576.209385265
576.209385265
576.209385265
576.209385265
576.209385265
576.209385265
576.209385265
576.209385265
576.209385265
576.209385265
576.209385265
576.209385265
576.209385265
576.209385265
576.209385265
576.209385265
576.209385265
576.209385265
576.209385265
576.209385265
576.209385265
576.209385265
576.209385265
576.209385265
576.209385265
576.209385265
576.209385265
576.209385265
576.209385265
576.209385265
576.209385265
576.209385265
576.209385265
576.209385265
576.209385265
576.209385265
576.209385265
576.209385265
576.209385265
576.209385265
576.209385265
576.209385265
576.209385265
576.209385265
576.209385265
576.209385265
576.209385265
576.209385265
576.209385265
576.209385265
576.209385265
576.209385265
576.209385265
576.209385265
576.209385265
576.209385265
576.209385265
576.209385265
576.209385265
576.209385265
576.209385265
576.209385265
576.209385265
576.209385265
576.209385265
576.209385265
576.209385265
576.209385265
576.209385265
576.209385265
576.209385265
576.209385265
576.209385265
576.209385265
576.209385265
576.209385265
576.209385265
576.209385265
576.209385265
576.209385265
576.209385265
576.209385265
576.209385265
576.209385265
576.209385265
576.209385265
576.209385265
576.209385265
576.209385265
576.209385265
576.209385265
576.209385265
576.209385265
576.209385265
576.209385265
576.209385265
576.209385265
576.209385265
576.209385265
576.209385265
576.209385265
576.209385265
576.209385265
576.209385265
576.209385265
576.209385265
576.209385265
576.209385265
576.209385265
576.209385265
576.209385265
576.209385265
576.209385265
576.209385265
576.209385265
576.209385265
576.209385265
576.209385265
576.209385265
576.209385265
576.209385265
576.209385265
576.209385265
576.209385265
576.209385265
576.209385265
576.209385265
576.209385265
576.209385265
576.209385265
576.209385265
576.209385265
576.209385265
576.209385265
576.209385265
576.209385265
576.209385265
576.209385265
576.209385265
576.209385265
576.209385265
576.209385265
576.209385265
576.209385265
576.209385265
576.209385265
576.209385265
576.209385265
576.209385265
576.209385265
576.209385265
576.209385265
576.209385265
576.209385265
576.209385265
576.209385265
576.209385265
576.209385265
576.209385265
576.209385265
576.209385265
576.209385265
576.209385265
576.209385265
576.209385265
576.209385265
576.209385265
576.209385265
576.209385265
576.209385265
576.209385265
576.209385265
576.209385265
576.209385265
576.209385265
576.209385265
576.209385265
576.209385265
576.209385265
576.209385265
576.209385265
576.209385265
576.209385265
576.209385265
576.209385265
576.209385265
576.209385265
576.209385265
576.209385265
576.209385265
576.209385265
576.209385265
576.209385265
576.209385265
576.209385265
576.209385265
576.209385265
576.209385265
576.209385265
576.209385265
576.209385265
576.209385265
576.209385265
576.209385265
576.209385265
576.209385265
576.209385265
576.209385265
576.209385265
576.209385265
576.209385265
576.209385265
576.209385265
576.209385265
576.209385265
576.209385265
576.209385265
576.209385265
576.209385265
576.209385265
576.209385265
576.209385265
576.209385265
576.209385265
576.209385265
576.209385265
576.209385265
576.209385265
576.209385265
576.209385265
576.209385265
576.209385265
576.209385265
576.209385265
576.209385265
576.209385265
576.209385265
576.209385265
576.209385265
576.209385265
576.209385265
576.209385265
576.209385265
576.209385265
576.209385265
576.209385265
576.209385265
576.209385265
576.209385265
576.209385265
576.209385265
576.209385265
576.209385265
576.209385265
576.209385265
576.209385265
576.209385265
576.209385265
576.209385265
576.209385265
576.209385265
576.209385265
576.209385265
576.209385265
576.209385265
576.209385265
576.209385265
576.209385265
576.209385265
576.209385265
576.209385265
576.209385265
576.209385265
576.209385265
576.209385265
576.209385265
576.209385265
576.209385265
576.209385265
576.209385265
576.209385265
576.209385265
576.209385265
576.209385265
576.209385265
576.209385265
576.209385265
576.209385265
576.209385265
576.209385265
576.209385265
576.209385265
576.209385265
576.209385265
576.209385265
576.209385265
576.209385265
576.209385265
576.209385265
576.209385265
576.209385265
576.209385265
576.209385265
576.209385265
576.209385265
576.209385265
576.209385265
576.209385265
576.209385265
576.209385265
576.209385265
576.209385265
576.209385265
576.209385265
576.209385265
576.209385265
576.209385265
576.209385265
576.209385265
576.209385265
576.209385265
576.209385265
576.209385265
576.209385265
576.209385265
576.209385265
576.209385265
576.209385265
576.209385265
576.209385265
576.209385265
576.209385265
576.209385265
576.209385265
576.209385265
576.209385265
576.209385265
576.209385265
576.209385265
576.209385265
576.209385265
576.209385265
