1602.60752697
1602.60752697
1589.64005368
1545.38407985
1545.38407985
1545.38407985
1511.66635953
1511.66635953
1511.66635953
1511.66635953
1458.75405699
1458.75405699
1458.75405699
1458.75405699
1458.75405699
1413.36028827
1413.36028827
1413.36028827
1413.36028827
1413.36028827
1413.36028827
1413.36028827
1409.19544821
1409.19544821
1409.19544821
1409.19544821
1406.57301451
1396.41987386
1396.41987386
1396.41987386
1396.41987386
1396.41987386
1396.41987386
1396.41987386
1396.41987386
1396.41987386
1396.41987386
1396.41987386
1396.41987386
1391.89556331
1391.89556331
1390.25892427
1384.20334891
1384.20334891
1384.20334891
1384.20334891
1372.28579458
1372.28579458
1367.16369567
1367.16369567
1367.16369567
1350.8333037
1350.8333037
1350.8333037
1350.8333037
1329.76715624
1318.03730031
1291.24533207
1291.24533207
1239.47895159
1239.47895159
1239.47895159
1239.47895159
1239.47895159
1239.47895159
1239.47895159
1239.47895159
1239.47895159
1239.47895159
1234.3945857
1225.21301277
1225.21301277
1225.21301277
1225.21301277
1225.21301277
1225.21301277
1225.21301277
1225.21301277
1214.48680844
1214.48680844
1214.48680844
1214.48680844
1214.48680844
1214.48680844
1214.48680844
1214.48680844
1214.48680844
1214.48680844
1214.48680844
1214.48680844
1212.75575286
1212.75575286
1212.75575286
1212.75575286
1212.75575286
1212.75575286
1212.75575286
1151.82835408
1151.82835408
1151.82835408
1151.82835408
1151.82835408
1151.82835408
1151.82835408
1151.82835408
1147.75912548
1139.89938072
1139.89938072
1139.89938072
1139.89938072
1133.29321175
1133.29321175
1133.29321175
1133.29321175
1133.29321175
1133.29321175
1133.29321175
1133.29321175
1120.9064519
1120.9064519
1120.9064519
1120.9064519
1120.9064519
1120.9064519
1113.71137894
1113.62570792
1113.62570792
1113.62570792
1113.62570792
1113.62570792
1113.62570792
1113.62570792
1113.62570792
1113.62570792
1113.62570792
1109.52245342
1109.52245342
1109.52245342
1109.52245342
1109.52245342
1108.1252348
1108.1252348
1108.1252348
1108.1252348
1108.1252348
1108.1252348
1108.1252348
1108.1252348
1108.1252348
1107.59807122
1107.59807122
1107.59807122
1107.59807122
1107.59807122
1107.59807122
1107.53194496
1105.37314478
1105.37314478
1105.37314478
1105.37314478
1105.37314478
1105.37314478
1105.37314478
1105.37314478
1105.37314478
1105.37314478
1105.37314478
1105.37314478
1105.37314478
1105.37314478
1105.37314478
1105.37314478
1105.37314478
1105.37314478
1105.37314478
1105.37314478
1105.37314478
1105.37314478
1105.37314478
1105.37314478
1105.37314478
1104.6592293
1104.6592293
1104.6592293
1104.6592293
1104.6592293
1104.6592293
1101.43686468
1101.43686468
1101.43686468
1101.43686468
1081.15938731
1081.15938731
1081.15938731
1081.15938731
1081.15938731
1081.15938731
1081.15938731
1072.75502822
1072.75502822
1072.75502822
1072.75502822
1072.75502822
1072.75502822
1072.75502822
1072.75502822
1072.75502822
1072.75502822
1072.75502822
1072.75502822
1072.75502822
1072.75502822
1072.75502822
1071.2526053
1071.2526053
1071.2526053
1071.2526053
1041.30415462
1041.30415462
1041.30415462
1036.34436989
1036.34436989
1036.34436989
1026.22287587
1026.22287587
1026.22287587
1025.96176714
1025.96176714
1025.96176714
1019.5781059
1019.5781059
1019.5781059
1019.5781059
1019.5781059
1019.5781059
1019.5781059
1019.5781059
1019.5781059
978.953321541
978.953321541
978.953321541
958.411182548
958.411182548
957.05199785
957.05199785
957.05199785
957.05199785
957.05199785
957.05199785
957.05199785
957.05199785
957.05199785
957.05199785
957.05199785
957.05199785
957.05199785
957.05199785
957.05199785
957.05199785
956.366879263
956.366879263
956.366879263
956.366879263
956.366879263
956.366879263
956.366879263
956.366879263
937.599376334
937.599376334
937.599376334
937.599376334
937.599376334
937.599376334
937.599376334
937.599376334
937.599376334
937.599376334
937.599376334
931.347488003
931.347488003
931.347488003
931.347488003
931.347488003
931.347488003
931.347488003
931.347488003
931.347488003
929.652365065
929.652365065
929.652365065
929.652365065
929.652365065
929.652365065
929.652365065
929.652365065
929.652365065
929.652365065
929.652365065
929.652365065
926.327929315
926.327929315
926.327929315
926.327929315
922.252678827
922.252678827
922.252678827
922.252678827
922.252678827
922.252678827
922.252678827
922.252678827
922.252678827
922.252678827
922.252678827
922.252678827
922.252678827
922.252678827
922.252678827
922.252678827
922.252678827
922.252678827
922.252678827
922.252678827
922.252678827
922.252678827
922.252678827
922.252678827
922.252678827
922.252678827
922.252678827
922.252678827
922.252678827
922.252678827
922.252678827
922.252678827
917.981480454
917.981480454
917.981480454
917.981480454
917.981480454
917.981480454
917.981480454
917.981480454
917.981480454
917.981480454
917.981480454
917.981480454
917.981480454
917.981480454
917.981480454
917.981480454
917.981480454
917.981480454
917.981480454
917.981480454
917.981480454
917.981480454
917.981480454
917.981480454
917.981480454
917.981480454
917.981480454
909.05177148
909.05177148
909.05177148
909.05177148
909.05177148
909.05177148
909.05177148
909.05177148
909.05177148
909.05177148
909.05177148
909.05177148
909.05177148
892.879596054
892.879596054
892.879596054
892.879596054
892.879596054
892.879596054
892.879596054
892.879596054
892.879596054
892.879596054
892.879596054
892.879596054
892.879596054
892.879596054
892.879596054
892.879596054
892.879596054
892.879596054
892.879596054
892.879596054
892.879596054
892.879596054
892.879596054
892.879596054
892.879596054
892.879596054
892.879596054
892.879596054
892.879596054
892.879596054
892.879596054
892.879596054
892.879596054
892.879596054
892.879596054
892.879596054
892.879596054
892.879596054
892.879596054
892.879596054
892.879596054
892.879596054
892.879596054
892.879596054
892.879596054
892.879596054
892.879596054
892.879596054
892.879596054
892.879596054
892.879596054
892.879596054
892.879596054
892.879596054
892.879596054
892.879596054
892.879596054
892.879596054
892.879596054
892.879596054
892.879596054
892.879596054
888.321619405
888.321619405
888.321619405
888.321619405
888.321619405
888.321619405
888.321619405
888.321619405
888.321619405
888.321619405
888.321619405
888.321619405
888.321619405
888.321619405
887.298751301
887.298751301
887.298751301
887.298751301
887.298751301
887.298751301
887.298751301
887.298751301
887.298751301
887.298751301
885.5124891
885.5124891
885.5124891
885.5124891
885.5124891
885.5124891
885.5124891
885.5124891
885.5124891
885.5124891
885.5124891
885.5124891
885.5124891
885.5124891
885.5124891
885.5124891
885.5124891
885.5124891
885.5124891
885.5124891
885.5124891
885.5124891
885.5124891
885.5124891
885.5124891
885.5124891
885.5124891
885.5124891
881.152147078
881.152147078
881.152147078
881.152147078
881.152147078
881.152147078
881.152147078
881.152147078
881.152147078
881.152147078
881.152147078
881.152147078
881.152147078
881.152147078
881.152147078
881.152147078
867.088762559
867.088762559
867.088762559
867.088762559
867.088762559
867.088762559
848.586911089
848.586911089
848.586911089
848.586911089
848.586911089
848.586911089
848.586911089
848.586911089
848.586911089
848.586911089
848.586911089
848.586911089
848.586911089
848.586911089
848.586911089
848.586911089
848.586911089
848.586911089
848.586911089
848.586911089
848.586911089
848.586911089
833.897329214
833.897329214
833.897329214
833.897329214
833.897329214
833.897329214
833.897329214
833.897329214
833.897329214
833.897329214
833.897329214
833.897329214
833.897329214
833.897329214
833.897329214
833.897329214
833.897329214
833.897329214
833.897329214
833.897329214
833.897329214
833.897329214
833.897329214
833.897329214
833.897329214
833.897329214
833.897329214
833.897329214
833.897329214
833.897329214
833.897329214
833.897329214
833.897329214
833.897329214
833.897329214
833.897329214
833.897329214
833.897329214
833.897329214
833.897329214
833.897329214
833.897329214
833.897329214
833.897329214
833.897329214
833.897329214
833.897329214
833.897329214
833.897329214
833.897329214
833.897329214
833.897329214
833.897329214
833.897329214
833.897329214
833.897329214
833.897329214
833.897329214
833.897329214
833.897329214
833.897329214
833.897329214
833.897329214
833.897329214
833.897329214
833.897329214
833.897329214
833.897329214
833.897329214
833.897329214
833.897329214
833.897329214
833.897329214
833.897329214
833.897329214
833.897329214
833.897329214
833.897329214
833.897329214
833.897329214
833.897329214
833.897329214
833.897329214
833.897329214
833.897329214
833.897329214
833.897329214
833.897329214
833.897329214
833.897329214
833.897329214
833.897329214
833.897329214
833.897329214
833.897329214
833.897329214
833.897329214
833.897329214
833.897329214
833.897329214
833.897329214
833.897329214
833.897329214
833.897329214
833.897329214
833.897329214
833.897329214
833.897329214
833.897329214
833.897329214
833.897329214
833.897329214
833.897329214
833.897329214
833.897329214
833.897329214
833.897329214
833.897329214
833.897329214
833.897329214
833.897329214
833.897329214
833.897329214
833.897329214
833.897329214
833.897329214
833.897329214
833.897329214
833.897329214
833.897329214
833.897329214
833.897329214
833.897329214
833.897329214
833.897329214
833.897329214
833.897329214
833.897329214
833.897329214
833.897329214
833.897329214
833.897329214
833.897329214
833.897329214
833.897329214
833.897329214
833.897329214
833.897329214
833.897329214
833.897329214
833.897329214
833.897329214
833.897329214
833.897329214
833.897329214
833.897329214
833.897329214
833.897329214
833.897329214
833.897329214
833.897329214
833.897329214
833.897329214
833.897329214
833.897329214
833.897329214
833.897329214
833.897329214
833.897329214
833.897329214
833.897329214
833.897329214
833.897329214
833.897329214
833.897329214
833.897329214
833.897329214
833.897329214
833.897329214
833.897329214
833.897329214
833.897329214
833.897329214
833.897329214
833.897329214
833.897329214
833.897329214
833.897329214
833.897329214
833.897329214
833.897329214
833.897329214
833.897329214
833.897329214
833.897329214
833.897329214
833.897329214
833.897329214
833.897329214
833.897329214
833.897329214
833.897329214
833.897329214
833.897329214
833.897329214
833.897329214
833.897329214
833.897329214
833.630910526
833.630910526
833.630910526
833.630910526
833.630910526
833.630910526
833.630910526
833.630910526
833.630910526
833.630910526
833.630910526
833.630910526
833.630910526
833.630910526
833.630910526
833.630910526
833.630910526
833.630910526
833.630910526
833.630910526
833.630910526
833.630910526
833.630910526
833.630910526
833.630910526
833.630910526
833.255637767
833.255637767
833.255637767
833.255637767
833.255637767
833.255637767
833.255637767
833.255637767
833.255637767
833.255637767
833.255637767
833.255637767
833.255637767
833.255637767
833.255637767
829.090129953
829.090129953
829.090129953
829.090129953
829.090129953
829.090129953
829.090129953
829.090129953
829.090129953
829.090129953
829.090129953
829.090129953
829.090129953
829.090129953
829.090129953
829.090129953
829.090129953
829.090129953
829.090129953
829.090129953
829.090129953
829.090129953
829.090129953
829.090129953
829.090129953
829.090129953
829.090129953
829.090129953
829.090129953
829.090129953
829.090129953
829.090129953
829.090129953
829.090129953
829.090129953
829.090129953
829.090129953
829.090129953
829.090129953
829.090129953
829.090129953
829.090129953
829.090129953
829.090129953
829.090129953
829.090129953
829.090129953
829.090129953
829.090129953
829.090129953
829.090129953
829.090129953
829.090129953
829.090129953
829.090129953
829.090129953
829.090129953
829.090129953
829.090129953
829.090129953
829.090129953
829.090129953
829.090129953
829.090129953
829.090129953
829.090129953
829.090129953
829.090129953
829.090129953
829.090129953
829.090129953
829.090129953
829.090129953
829.090129953
829.090129953
829.090129953
829.090129953
829.090129953
829.090129953
829.090129953
829.090129953
829.090129953
829.090129953
829.090129953
829.090129953
829.090129953
829.090129953
829.090129953
829.090129953
829.090129953
829.090129953
829.090129953
829.090129953
829.090129953
829.090129953
829.090129953
829.090129953
829.090129953
829.090129953
822.949373286
822.949373286
822.949373286
822.949373286
822.949373286
822.949373286
822.949373286
822.949373286
822.949373286
822.949373286
822.949373286
822.949373286
822.949373286
806.850725218
806.850725218
806.850725218
806.850725218
806.850725218
806.850725218
806.850725218
806.850725218
806.850725218
806.850725218
806.850725218
806.850725218
806.850725218
806.850725218
806.850725218
806.850725218
806.850725218
806.850725218
806.850725218
800.537679532
800.537679532
800.537679532
800.537679532
800.537679532
800.537679532
800.537679532
800.537679532
800.537679532
800.537679532
800.537679532
800.537679532
800.537679532
800.537679532
800.537679532
800.537679532
800.537679532
800.537679532
800.537679532
800.537679532
800.537679532
800.537679532
788.648920922
787.533451232
787.533451232
787.533451232
787.533451232
787.533451232
787.533451232
787.533451232
787.533451232
787.533451232
787.533451232
787.533451232
787.533451232
787.533451232
787.533451232
787.533451232
787.533451232
787.533451232
787.533451232
787.533451232
787.533451232
787.533451232
787.533451232
787.533451232
787.533451232
787.533451232
787.533451232
787.533451232
787.533451232
787.533451232
787.533451232
787.533451232
787.533451232
787.533451232
787.533451232
787.533451232
787.533451232
787.533451232
787.533451232
787.533451232
787.533451232
787.533451232
787.533451232
787.533451232
787.533451232
787.533451232
787.533451232
787.533451232
787.533451232
783.592255647
783.592255647
783.592255647
783.592255647
783.592255647
783.592255647
783.592255647
783.592255647
783.592255647
783.592255647
783.592255647
783.592255647
783.592255647
783.592255647
783.592255647
783.592255647
783.592255647
783.592255647
783.592255647
783.592255647
783.592255647
783.592255647
783.592255647
783.592255647
783.592255647
783.592255647
783.592255647
783.592255647
783.592255647
783.592255647
783.592255647
783.592255647
783.592255647
783.592255647
783.592255647
783.592255647
783.592255647
783.592255647
783.592255647
783.592255647
783.592255647
783.592255647
783.592255647
783.592255647
783.592255647
783.592255647
783.592255647
783.592255647
783.592255647
783.592255647
783.592255647
783.592255647
783.592255647
783.592255647
783.592255647
783.592255647
783.592255647
783.592255647
783.592255647
783.592255647
783.592255647
783.592255647
783.592255647
783.592255647
783.592255647
783.592255647
783.592255647
783.592255647
783.592255647
783.592255647
783.592255647
783.592255647
783.592255647
783.592255647
783.592255647
783.592255647
783.592255647
783.592255647
783.592255647
783.592255647
783.592255647
783.592255647
783.592255647
783.592255647
783.592255647
783.592255647
783.592255647
783.592255647
783.592255647
783.592255647
783.592255647
783.592255647
783.592255647
783.592255647
783.592255647
783.592255647
783.592255647
783.592255647
783.592255647
783.592255647
783.592255647
783.592255647
783.592255647
783.592255647
783.592255647
783.592255647
783.592255647
783.592255647
783.592255647
783.592255647
783.592255647
783.592255647
783.592255647
783.592255647
783.592255647
783.592255647
783.592255647
783.592255647
783.592255647
783.592255647
783.592255647
783.592255647
783.592255647
783.592255647
783.592255647
783.592255647
783.592255647
783.592255647
783.592255647
783.592255647
783.592255647
783.592255647
783.592255647
783.592255647
783.592255647
783.592255647
783.592255647
783.592255647
783.592255647
783.592255647
783.592255647
783.592255647
783.592255647
783.592255647
783.592255647
783.592255647
783.592255647
783.592255647
783.592255647
783.592255647
783.592255647
783.592255647
783.592255647
783.592255647
783.592255647
783.592255647
783.592255647
783.592255647
783.592255647
783.592255647
783.592255647
783.592255647
783.592255647
783.592255647
783.592255647
783.592255647
783.592255647
783.592255647
783.592255647
783.592255647
783.592255647
783.592255647
783.592255647
783.592255647
783.592255647
783.592255647
783.592255647
783.592255647
783.592255647
783.592255647
783.592255647
783.592255647
783.592255647
783.592255647
783.592255647
783.592255647
783.592255647
783.592255647
783.592255647
783.592255647
783.592255647
783.592255647
783.592255647
783.592255647
783.592255647
783.592255647
783.592255647
783.592255647
783.592255647
783.592255647
783.592255647
783.592255647
783.592255647
783.592255647
783.592255647
783.592255647
783.592255647
783.592255647
783.592255647
783.592255647
783.592255647
783.592255647
783.592255647
783.592255647
783.592255647
783.592255647
783.592255647
783.592255647
783.592255647
783.592255647
783.592255647
783.592255647
783.592255647
783.592255647
783.592255647
783.592255647
783.592255647
783.592255647
783.592255647
783.592255647
783.592255647
783.592255647
783.592255647
783.592255647
783.592255647
783.592255647
783.592255647
783.592255647
783.592255647
783.592255647
783.592255647
783.592255647
783.592255647
783.592255647
783.592255647
783.592255647
783.592255647
783.592255647
783.592255647
783.592255647
783.592255647
783.592255647
783.592255647
783.592255647
783.592255647
783.592255647
783.592255647
783.592255647
783.592255647
783.592255647
783.592255647
783.592255647
783.592255647
783.592255647
783.592255647
783.592255647
783.592255647
783.592255647
783.592255647
783.592255647
783.592255647
783.592255647
783.592255647
783.592255647
783.592255647
783.592255647
783.592255647
783.592255647
783.592255647
783.592255647
783.592255647
783.592255647
783.592255647
783.592255647
783.592255647
783.592255647
780.292027027
780.292027027
780.292027027
780.292027027
780.292027027
780.292027027
780.292027027
780.292027027
780.292027027
780.292027027
780.292027027
780.292027027
780.292027027
780.292027027
780.292027027
780.292027027
780.292027027
780.292027027
780.292027027
780.292027027
780.292027027
780.292027027
780.292027027
780.292027027
780.292027027
780.292027027
780.292027027
780.292027027
780.292027027
780.292027027
780.292027027
780.292027027
780.292027027
780.292027027
780.292027027
780.292027027
780.292027027
780.292027027
780.292027027
780.292027027
780.292027027
780.292027027
780.292027027
780.292027027
780.292027027
780.292027027
780.292027027
780.292027027
780.292027027
780.292027027
780.292027027
780.292027027
780.292027027
780.292027027
780.292027027
780.292027027
780.292027027
780.292027027
780.292027027
780.292027027
780.292027027
780.292027027
780.292027027
780.292027027
780.292027027
780.292027027
780.292027027
780.292027027
780.292027027
780.292027027
780.292027027
780.292027027
780.292027027
780.292027027
780.292027027
780.292027027
780.292027027
780.292027027
780.292027027
780.292027027
780.292027027
780.292027027
780.292027027
780.292027027
780.292027027
780.292027027
780.292027027
780.292027027
780.292027027
780.292027027
780.292027027
780.292027027
780.292027027
780.292027027
780.292027027
780.292027027
780.292027027
780.292027027
780.292027027
780.292027027
780.292027027
780.292027027
780.292027027
780.292027027
780.292027027
780.292027027
780.292027027
780.292027027
780.292027027
780.292027027
780.292027027
780.292027027
780.292027027
780.292027027
780.292027027
780.292027027
780.292027027
780.292027027
780.292027027
780.292027027
780.292027027
780.292027027
780.292027027
780.292027027
780.292027027
780.292027027
780.292027027
780.292027027
780.292027027
780.292027027
780.292027027
780.292027027
780.292027027
780.292027027
780.292027027
780.292027027
780.292027027
780.292027027
780.292027027
780.292027027
780.292027027
780.292027027
780.292027027
780.292027027
780.292027027
780.292027027
780.292027027
780.292027027
780.292027027
780.292027027
780.292027027
780.292027027
780.292027027
780.292027027
780.292027027
780.292027027
780.292027027
780.292027027
780.292027027
780.292027027
780.292027027
780.292027027
780.292027027
780.292027027
780.292027027
780.292027027
780.292027027
780.292027027
780.292027027
780.292027027
780.292027027
780.292027027
780.292027027
780.292027027
780.292027027
780.292027027
780.292027027
780.292027027
780.292027027
780.292027027
780.292027027
780.292027027
780.292027027
780.292027027
780.292027027
780.292027027
780.292027027
780.292027027
780.292027027
780.292027027
780.292027027
780.292027027
780.292027027
780.292027027
780.292027027
780.292027027
780.292027027
780.292027027
780.292027027
780.292027027
780.292027027
780.292027027
780.292027027
780.292027027
780.292027027
780.292027027
780.292027027
780.292027027
780.292027027
780.292027027
780.292027027
780.292027027
780.292027027
780.292027027
780.292027027
780.292027027
780.292027027
780.292027027
780.292027027
780.292027027
780.292027027
780.292027027
780.292027027
780.292027027
780.292027027
780.292027027
780.292027027
780.292027027
780.292027027
780.292027027
780.292027027
780.292027027
780.292027027
780.292027027
780.292027027
780.292027027
771.187181874
771.187181874
771.187181874
771.187181874
771.187181874
771.187181874
771.187181874
771.187181874
771.187181874
771.187181874
771.187181874
771.187181874
771.187181874
771.187181874
771.187181874
771.187181874
771.187181874
771.187181874
771.187181874
771.187181874
771.187181874
771.187181874
771.187181874
771.187181874
771.187181874
771.187181874
771.187181874
771.187181874
771.187181874
771.187181874
771.187181874
771.187181874
771.187181874
771.187181874
771.187181874
771.187181874
771.187181874
771.187181874
771.187181874
771.187181874
771.187181874
771.187181874
771.187181874
771.187181874
771.187181874
771.187181874
771.187181874
771.187181874
771.187181874
771.187181874
771.187181874
771.187181874
771.187181874
771.187181874
771.187181874
771.187181874
771.187181874
771.187181874
771.187181874
771.187181874
771.187181874
771.187181874
771.187181874
771.187181874
771.187181874
771.187181874
771.187181874
771.187181874
771.187181874
771.187181874
771.187181874
771.187181874
758.592039641
758.592039641
758.592039641
758.592039641
758.592039641
758.592039641
758.592039641
758.592039641
758.592039641
758.592039641
758.592039641
758.592039641
758.592039641
758.592039641
758.592039641
758.592039641
758.592039641
758.592039641
758.592039641
758.592039641
758.592039641
758.592039641
758.592039641
758.592039641
758.592039641
758.592039641
758.592039641
758.592039641
758.592039641
758.592039641
758.592039641
758.592039641
758.592039641
758.592039641
758.592039641
758.592039641
758.592039641
758.592039641
758.592039641
758.592039641
758.592039641
758.592039641
758.592039641
758.592039641
758.592039641
758.592039641
758.592039641
758.592039641
758.592039641
758.592039641
758.592039641
758.592039641
758.592039641
758.592039641
758.592039641
758.592039641
758.592039641
758.592039641
758.592039641
758.592039641
758.592039641
758.592039641
758.592039641
758.592039641
758.592039641
758.592039641
758.592039641
758.592039641
758.592039641
758.592039641
758.592039641
753.447984065
753.447984065
753.447984065
753.447984065
753.447984065
753.447984065
753.447984065
753.447984065
753.447984065
753.447984065
753.447984065
753.447984065
753.447984065
753.447984065
753.447984065
753.447984065
753.447984065
753.447984065
753.447984065
753.447984065
753.447984065
753.447984065
753.447984065
753.447984065
753.447984065
753.447984065
753.447984065
753.447984065
753.447984065
753.447984065
753.447984065
753.447984065
753.447984065
753.447984065
753.447984065
753.447984065
753.447984065
753.447984065
753.447984065
753.447984065
753.447984065
753.447984065
753.447984065
753.447984065
753.447984065
753.447984065
753.447984065
753.447984065
753.447984065
753.447984065
753.447984065
753.447984065
753.447984065
753.447984065
753.447984065
753.447984065
753.447984065
753.447984065
753.447984065
753.447984065
753.447984065
753.447984065
753.447984065
753.447984065
753.447984065
753.447984065
753.447984065
753.447984065
753.447984065
753.447984065
753.447984065
753.447984065
753.447984065
753.447984065
753.447984065
753.447984065
753.447984065
753.447984065
753.447984065
753.447984065
753.447984065
753.447984065
753.447984065
753.447984065
753.447984065
753.447984065
753.447984065
753.447984065
753.447984065
753.447984065
753.447984065
753.447984065
753.447984065
753.447984065
753.447984065
753.447984065
753.447984065
753.447984065
753.447984065
753.447984065
753.447984065
753.447984065
753.447984065
753.447984065
753.447984065
753.447984065
753.447984065
747.669569327
747.669569327
747.669569327
747.669569327
747.669569327
747.669569327
747.669569327
747.669569327
747.669569327
747.669569327
747.669569327
747.669569327
747.669569327
747.669569327
747.669569327
747.669569327
747.669569327
747.669569327
747.669569327
747.669569327
747.669569327
747.669569327
747.669569327
745.571559039
745.571559039
745.571559039
745.571559039
745.571559039
745.571559039
745.571559039
745.571559039
745.571559039
745.571559039
745.571559039
745.571559039
745.571559039
745.571559039
745.571559039
745.571559039
745.571559039
745.571559039
745.571559039
745.571559039
745.571559039
745.571559039
745.571559039
745.571559039
745.571559039
745.571559039
745.571559039
745.571559039
745.571559039
745.571559039
745.571559039
745.571559039
745.571559039
745.571559039
745.571559039
745.571559039
745.571559039
745.571559039
745.571559039
745.571559039
745.571559039
745.571559039
745.571559039
745.571559039
745.571559039
745.571559039
745.571559039
745.571559039
745.571559039
745.571559039
745.571559039
745.571559039
745.571559039
745.571559039
745.571559039
745.571559039
745.571559039
745.571559039
745.571559039
745.571559039
745.571559039
745.571559039
745.571559039
745.571559039
745.571559039
745.571559039
745.571559039
745.571559039
745.571559039
745.571559039
745.571559039
745.571559039
745.571559039
745.571559039
745.571559039
745.571559039
741.836462924
741.836462924
741.836462924
741.836462924
741.836462924
741.836462924
741.836462924
741.836462924
741.836462924
741.836462924
741.836462924
741.836462924
741.836462924
741.836462924
741.836462924
741.836462924
741.836462924
741.836462924
741.836462924
741.836462924
741.836462924
741.836462924
741.836462924
741.836462924
741.836462924
741.836462924
741.836462924
741.836462924
741.836462924
741.836462924
741.836462924
741.836462924
741.836462924
741.836462924
741.836462924
741.759994051
741.759994051
741.759994051
741.759994051
741.759994051
741.759994051
741.759994051
741.759994051
741.759994051
741.759994051
741.759994051
741.759994051
741.759994051
741.759994051
741.759994051
741.759994051
741.759994051
741.759994051
741.759994051
741.759994051
741.759994051
741.759994051
741.759994051
741.759994051
741.759994051
740.894621268
740.894621268
740.894621268
740.894621268
740.894621268
740.894621268
740.894621268
740.894621268
740.894621268
740.894621268
740.894621268
740.894621268
740.894621268
740.894621268
740.894621268
740.894621268
740.894621268
740.894621268
740.894621268
740.894621268
740.894621268
740.894621268
740.894621268
740.894621268
740.894621268
740.894621268
740.894621268
740.894621268
740.894621268
740.894621268
740.894621268
740.894621268
740.894621268
740.894621268
740.894621268
740.894621268
740.894621268
740.894621268
740.894621268
740.894621268
740.894621268
740.894621268
740.894621268
740.894621268
740.894621268
740.894621268
740.894621268
740.894621268
740.894621268
740.894621268
740.894621268
740.894621268
740.894621268
740.894621268
740.894621268
740.894621268
740.894621268
740.894621268
740.894621268
740.894621268
740.894621268
740.894621268
740.829285474
740.829285474
740.829285474
740.829285474
740.829285474
740.829285474
740.829285474
740.829285474
740.829285474
740.829285474
740.829285474
740.829285474
740.829285474
740.829285474
740.829285474
740.829285474
740.829285474
740.829285474
740.829285474
740.829285474
740.829285474
740.829285474
740.829285474
740.829285474
740.829285474
740.829285474
740.829285474
740.829285474
740.829285474
740.829285474
740.829285474
740.829285474
740.829285474
740.829285474
740.829285474
740.829285474
740.829285474
740.829285474
740.829285474
732.70075733
732.70075733
732.70075733
732.70075733
732.70075733
732.70075733
732.70075733
732.70075733
732.70075733
732.70075733
732.70075733
732.70075733
732.70075733
732.70075733
732.70075733
732.70075733
732.70075733
732.70075733
732.70075733
732.70075733
732.70075733
732.70075733
732.70075733
732.70075733
732.70075733
732.70075733
732.70075733
732.70075733
732.70075733
732.70075733
732.70075733
732.70075733
732.70075733
732.70075733
732.70075733
732.70075733
732.70075733
732.70075733
732.70075733
732.70075733
732.70075733
732.70075733
732.70075733
732.70075733
732.70075733
732.70075733
732.70075733
732.70075733
732.70075733
724.52385922
724.52385922
724.52385922
724.52385922
724.52385922
724.52385922
724.52385922
724.52385922
724.52385922
724.52385922
724.52385922
724.52385922
724.52385922
724.52385922
724.52385922
724.52385922
724.52385922
724.52385922
724.52385922
724.52385922
724.52385922
724.52385922
724.52385922
724.52385922
724.52385922
724.52385922
724.52385922
724.52385922
724.52385922
724.52385922
724.52385922
724.52385922
724.52385922
724.52385922
724.52385922
724.52385922
724.52385922
724.52385922
724.52385922
724.52385922
724.52385922
724.52385922
724.52385922
724.52385922
724.52385922
724.52385922
724.52385922
724.52385922
724.52385922
724.52385922
724.52385922
724.52385922
724.52385922
724.52385922
724.52385922
724.52385922
724.52385922
724.52385922
724.52385922
724.52385922
724.52385922
724.52385922
724.52385922
724.52385922
724.52385922
724.52385922
724.52385922
724.52385922
724.52385922
724.52385922
724.52385922
724.52385922
724.52385922
724.52385922
724.52385922
724.52385922
724.52385922
724.52385922
724.52385922
724.52385922
724.52385922
724.52385922
724.52385922
724.52385922
724.52385922
724.52385922
724.52385922
724.52385922
724.52385922
724.52385922
724.52385922
724.52385922
724.52385922
724.52385922
724.52385922
724.52385922
724.52385922
724.52385922
724.52385922
724.52385922
724.52385922
724.52385922
724.52385922
724.52385922
724.52385922
724.52385922
724.52385922
724.52385922
724.52385922
724.52385922
724.52385922
724.52385922
724.52385922
724.52385922
724.52385922
724.52385922
724.52385922
724.52385922
724.52385922
724.52385922
724.52385922
724.52385922
724.52385922
724.52385922
724.52385922
724.52385922
724.52385922
724.52385922
724.52385922
724.52385922
724.52385922
724.52385922
724.52385922
724.52385922
724.52385922
724.52385922
724.52385922
724.52385922
724.52385922
724.52385922
724.52385922
724.52385922
724.52385922
724.52385922
724.52385922
724.52385922
724.52385922
724.52385922
724.52385922
724.52385922
724.52385922
724.52385922
724.52385922
724.52385922
724.52385922
724.52385922
724.52385922
724.52385922
724.52385922
724.52385922
724.52385922
724.52385922
724.52385922
724.52385922
724.52385922
724.52385922
724.52385922
724.52385922
724.52385922
724.52385922
724.52385922
724.52385922
724.52385922
724.52385922
724.52385922
724.52385922
724.52385922
724.52385922
724.52385922
724.52385922
724.52385922
724.52385922
724.52385922
724.52385922
724.52385922
724.52385922
724.52385922
724.52385922
724.52385922
724.52385922
724.52385922
724.52385922
724.52385922
724.52385922
724.52385922
724.52385922
724.52385922
724.52385922
724.52385922
724.52385922
724.52385922
724.52385922
724.52385922
724.52385922
724.52385922
724.52385922
724.52385922
724.52385922
724.52385922
724.52385922
724.52385922
716.78015176
716.78015176
716.78015176
716.78015176
716.78015176
716.78015176
716.78015176
716.78015176
716.78015176
716.78015176
716.78015176
716.78015176
716.78015176
716.78015176
716.78015176
716.78015176
716.78015176
716.78015176
716.78015176
716.78015176
716.78015176
716.78015176
716.78015176
716.78015176
716.78015176
716.78015176
716.78015176
716.78015176
716.78015176
716.78015176
716.78015176
716.78015176
716.78015176
716.78015176
716.78015176
716.78015176
716.78015176
716.78015176
716.78015176
716.78015176
716.78015176
716.78015176
716.78015176
716.78015176
716.78015176
716.78015176
716.78015176
716.78015176
716.78015176
716.78015176
716.78015176
716.78015176
716.78015176
716.78015176
716.78015176
716.78015176
716.78015176
716.78015176
716.78015176
716.78015176
716.78015176
716.78015176
716.78015176
716.78015176
716.78015176
716.78015176
716.78015176
716.78015176
716.78015176
716.78015176
716.78015176
716.78015176
716.78015176
716.78015176
716.78015176
716.78015176
716.78015176
716.78015176
716.78015176
716.78015176
716.78015176
716.78015176
716.78015176
716.78015176
716.78015176
716.78015176
716.78015176
716.78015176
716.78015176
716.78015176
716.78015176
716.78015176
716.78015176
716.78015176
716.78015176
716.78015176
716.78015176
716.78015176
716.78015176
716.78015176
716.78015176
716.78015176
716.78015176
716.78015176
716.78015176
716.78015176
716.78015176
716.78015176
716.78015176
716.78015176
716.78015176
716.78015176
716.78015176
716.78015176
716.78015176
716.78015176
716.78015176
716.433791146
716.433791146
716.433791146
716.433791146
716.433791146
716.433791146
716.433791146
716.433791146
716.433791146
716.433791146
716.433791146
716.433791146
716.433791146
716.433791146
716.433791146
716.433791146
716.433791146
716.433791146
716.433791146
716.433791146
716.433791146
716.433791146
716.433791146
716.433791146
716.433791146
716.433791146
716.433791146
716.433791146
716.433791146
716.433791146
716.433791146
716.433791146
716.433791146
716.433791146
716.433791146
716.433791146
716.433791146
716.433791146
716.433791146
716.433791146
703.943023447
703.943023447
703.943023447
703.943023447
703.943023447
703.943023447
703.943023447
703.943023447
703.943023447
703.943023447
703.943023447
703.943023447
703.943023447
703.943023447
703.943023447
703.943023447
703.943023447
703.943023447
703.943023447
703.943023447
703.943023447
703.943023447
703.943023447
703.943023447
703.943023447
703.943023447
703.943023447
703.943023447
703.943023447
703.943023447
703.943023447
703.943023447
703.943023447
703.943023447
703.943023447
703.943023447
703.943023447
703.943023447
703.943023447
703.943023447
703.943023447
703.943023447
703.943023447
703.943023447
703.943023447
703.943023447
703.943023447
703.943023447
703.943023447
703.943023447
703.943023447
703.943023447
703.943023447
703.943023447
703.943023447
703.943023447
703.943023447
703.943023447
703.943023447
703.943023447
703.943023447
703.943023447
703.943023447
703.943023447
703.943023447
703.943023447
703.943023447
703.943023447
703.943023447
703.943023447
703.943023447
703.943023447
703.943023447
703.943023447
703.943023447
703.943023447
703.943023447
703.943023447
703.943023447
703.943023447
703.943023447
703.943023447
703.943023447
703.943023447
703.943023447
703.943023447
703.943023447
703.943023447
703.943023447
703.943023447
703.943023447
703.943023447
703.943023447
703.943023447
703.943023447
703.943023447
703.943023447
703.943023447
703.943023447
703.943023447
703.943023447
703.943023447
703.943023447
703.943023447
703.943023447
703.943023447
703.943023447
703.943023447
703.943023447
703.943023447
703.943023447
703.943023447
703.943023447
703.943023447
703.943023447
703.943023447
703.943023447
703.943023447
703.943023447
703.943023447
703.943023447
703.943023447
703.943023447
703.943023447
703.943023447
703.943023447
703.943023447
703.943023447
703.943023447
703.943023447
703.943023447
703.943023447
703.943023447
703.943023447
703.943023447
703.943023447
703.943023447
703.943023447
703.943023447
703.943023447
703.943023447
703.943023447
703.943023447
703.943023447
703.943023447
703.943023447
703.943023447
703.943023447
703.943023447
703.943023447
703.943023447
703.943023447
703.943023447
703.943023447
703.943023447
703.943023447
703.943023447
703.943023447
703.943023447
703.943023447
703.943023447
703.943023447
703.943023447
703.943023447
703.943023447
703.943023447
703.943023447
703.943023447
703.943023447
703.943023447
703.943023447
703.943023447
703.943023447
703.943023447
703.943023447
703.943023447
703.943023447
703.943023447
703.943023447
703.943023447
703.943023447
703.943023447
703.943023447
703.943023447
703.943023447
703.943023447
703.943023447
703.943023447
703.943023447
703.943023447
703.943023447
703.943023447
703.943023447
703.943023447
703.943023447
703.943023447
703.943023447
703.943023447
703.943023447
703.943023447
703.943023447
703.943023447
703.943023447
703.943023447
703.943023447
703.943023447
703.943023447
703.943023447
703.943023447
703.943023447
703.943023447
703.943023447
703.943023447
703.943023447
703.943023447
703.943023447
703.943023447
703.943023447
703.943023447
703.943023447
703.943023447
703.943023447
703.943023447
703.943023447
703.943023447
703.943023447
703.943023447
703.943023447
703.943023447
703.943023447
703.943023447
703.943023447
703.943023447
703.943023447
703.943023447
703.943023447
703.943023447
703.943023447
703.943023447
703.943023447
703.943023447
703.943023447
703.943023447
703.943023447
703.943023447
703.943023447
703.943023447
703.943023447
703.943023447
703.943023447
703.943023447
703.943023447
703.943023447
703.943023447
703.943023447
703.943023447
703.943023447
703.943023447
703.943023447
703.943023447
703.943023447
703.943023447
703.943023447
703.943023447
703.943023447
703.943023447
703.943023447
703.943023447
703.943023447
703.943023447
703.943023447
703.943023447
703.943023447
703.943023447
703.943023447
703.943023447
703.943023447
703.943023447
703.943023447
703.943023447
703.943023447
703.943023447
703.943023447
703.943023447
703.943023447
703.943023447
703.943023447
703.943023447
703.943023447
703.943023447
703.943023447
703.943023447
703.943023447
703.943023447
703.943023447
703.943023447
703.943023447
703.943023447
703.943023447
703.943023447
703.943023447
703.943023447
703.943023447
703.943023447
703.943023447
703.943023447
703.943023447
703.943023447
703.943023447
703.943023447
703.943023447
703.943023447
703.943023447
703.943023447
703.943023447
703.943023447
703.943023447
703.943023447
703.943023447
703.943023447
703.943023447
703.943023447
703.943023447
703.943023447
703.943023447
703.943023447
703.943023447
703.943023447
703.943023447
703.943023447
703.943023447
703.943023447
703.943023447
703.943023447
703.943023447
703.943023447
703.943023447
703.943023447
703.943023447
703.943023447
703.943023447
703.943023447
703.943023447
703.943023447
703.943023447
703.943023447
703.943023447
703.943023447
703.943023447
703.943023447
703.943023447
703.943023447
703.943023447
703.943023447
703.943023447
703.943023447
703.943023447
703.943023447
703.943023447
703.943023447
703.943023447
703.943023447
703.943023447
703.943023447
703.943023447
703.943023447
703.943023447
703.943023447
703.943023447
703.943023447
703.943023447
703.943023447
703.943023447
703.943023447
703.943023447
703.943023447
703.943023447
703.943023447
703.943023447
703.943023447
703.943023447
703.943023447
703.943023447
703.943023447
703.943023447
703.943023447
703.943023447
703.943023447
703.943023447
703.943023447
703.943023447
703.943023447
703.943023447
703.943023447
703.943023447
703.943023447
703.943023447
703.943023447
703.943023447
703.943023447
703.943023447
703.943023447
703.943023447
703.943023447
703.943023447
703.943023447
703.943023447
703.943023447
703.943023447
703.943023447
703.943023447
703.943023447
703.943023447
703.943023447
703.943023447
703.943023447
703.943023447
703.943023447
703.943023447
703.943023447
703.943023447
703.943023447
703.943023447
703.943023447
703.943023447
703.943023447
703.943023447
703.943023447
703.943023447
703.943023447
703.943023447
703.943023447
703.943023447
703.943023447
703.943023447
703.943023447
703.943023447
703.943023447
703.943023447
703.943023447
703.943023447
703.943023447
703.943023447
703.943023447
703.943023447
703.943023447
703.943023447
703.943023447
703.943023447
703.943023447
703.943023447
703.943023447
703.943023447
703.943023447
703.943023447
703.943023447
703.943023447
703.943023447
703.943023447
703.943023447
703.943023447
703.943023447
703.943023447
703.943023447
703.943023447
703.943023447
703.943023447
703.943023447
703.943023447
703.943023447
703.943023447
703.943023447
703.943023447
703.943023447
703.943023447
703.943023447
703.943023447
703.943023447
703.943023447
703.943023447
703.943023447
703.943023447
703.943023447
703.943023447
703.943023447
703.943023447
703.943023447
703.943023447
703.943023447
703.943023447
701.769918748
701.769918748
701.769918748
701.769918748
701.769918748
701.769918748
701.769918748
701.769918748
701.769918748
701.769918748
701.769918748
701.769918748
701.769918748
701.769918748
701.769918748
701.769918748
701.769918748
701.769918748
701.769918748
701.769918748
701.769918748
701.769918748
701.769918748
701.769918748
701.769918748
701.769918748
701.769918748
701.769918748
701.769918748
701.769918748
701.769918748
701.769918748
701.769918748
701.769918748
701.769918748
701.769918748
701.769918748
701.769918748
701.426805629
701.426805629
701.426805629
701.426805629
701.426805629
701.426805629
701.426805629
701.426805629
701.426805629
701.426805629
701.426805629
701.426805629
701.426805629
701.426805629
701.426805629
701.426805629
701.426805629
701.426805629
701.426805629
701.426805629
701.426805629
701.426805629
701.426805629
701.426805629
701.426805629
701.426805629
701.426805629
701.426805629
701.426805629
701.426805629
701.426805629
701.426805629
701.426805629
701.426805629
701.426805629
701.426805629
701.426805629
701.426805629
701.426805629
701.426805629
701.426805629
701.426805629
701.426805629
701.426805629
701.426805629
701.426805629
701.426805629
701.426805629
701.426805629
701.426805629
701.426805629
701.426805629
701.426805629
701.426805629
701.426805629
701.426805629
701.426805629
701.426805629
701.426805629
701.426805629
701.426805629
701.426805629
701.426805629
701.426805629
701.426805629
701.426805629
701.426805629
701.426805629
701.426805629
701.426805629
701.426805629
701.426805629
701.426805629
701.426805629
701.426805629
701.426805629
701.426805629
701.426805629
701.426805629
701.426805629
701.426805629
701.426805629
701.426805629
701.426805629
701.426805629
701.426805629
701.426805629
701.426805629
701.426805629
701.426805629
701.426805629
701.426805629
701.426805629
701.426805629
701.426805629
701.426805629
701.426805629
701.426805629
701.426805629
701.426805629
701.426805629
701.426805629
701.426805629
701.426805629
701.426805629
701.426805629
701.426805629
701.426805629
701.426805629
701.426805629
701.426805629
701.426805629
701.426805629
701.426805629
701.426805629
701.426805629
701.426805629
701.426805629
701.426805629
701.426805629
701.426805629
701.426805629
701.426805629
701.426805629
701.426805629
701.426805629
701.426805629
701.426805629
701.426805629
701.426805629
701.426805629
701.426805629
701.426805629
701.426805629
701.426805629
701.426805629
701.426805629
701.426805629
701.426805629
701.426805629
701.426805629
701.426805629
701.426805629
701.426805629
701.426805629
701.426805629
701.426805629
701.426805629
701.426805629
701.426805629
701.426805629
701.426805629
701.426805629
701.426805629
701.426805629
701.426805629
701.426805629
701.426805629
701.426805629
701.426805629
701.426805629
701.426805629
701.426805629
701.426805629
701.426805629
701.426805629
701.426805629
701.426805629
701.426805629
701.426805629
701.426805629
701.426805629
701.426805629
701.426805629
701.426805629
701.426805629
701.426805629
701.426805629
701.426805629
701.426805629
701.426805629
701.426805629
701.426805629
701.426805629
701.426805629
701.426805629
701.426805629
701.426805629
701.426805629
701.426805629
701.426805629
701.426805629
701.426805629
701.426805629
701.426805629
701.426805629
701.426805629
701.426805629
701.426805629
701.426805629
701.426805629
701.426805629
701.426805629
701.426805629
701.426805629
701.426805629
701.426805629
701.426805629
701.426805629
701.426805629
701.426805629
701.426805629
701.426805629
701.426805629
701.426805629
701.426805629
701.426805629
701.426805629
701.426805629
701.426805629
701.426805629
701.426805629
701.426805629
701.426805629
701.426805629
701.426805629
701.426805629
701.426805629
701.426805629
701.426805629
701.426805629
701.426805629
701.426805629
701.426805629
701.426805629
701.426805629
701.426805629
701.426805629
701.426805629
701.426805629
701.426805629
701.426805629
701.426805629
701.426805629
701.426805629
701.426805629
701.426805629
701.426805629
701.426805629
701.426805629
701.426805629
701.426805629
701.426805629
701.426805629
701.426805629
701.426805629
701.426805629
701.426805629
701.426805629
701.426805629
701.426805629
701.426805629
701.426805629
701.426805629
701.426805629
701.426805629
701.426805629
701.426805629
701.426805629
701.426805629
701.426805629
701.426805629
701.426805629
701.426805629
701.426805629
701.426805629
701.426805629
701.426805629
701.426805629
701.426805629
701.426805629
701.426805629
701.426805629
701.426805629
701.426805629
701.426805629
701.426805629
701.426805629
701.426805629
701.426805629
701.426805629
701.426805629
701.426805629
701.426805629
701.426805629
701.426805629
701.426805629
701.426805629
701.426805629
701.426805629
701.426805629
701.426805629
701.426805629
701.426805629
701.426805629
701.426805629
701.426805629
701.426805629
701.426805629
701.426805629
701.426805629
701.426805629
701.426805629
701.426805629
701.426805629
701.426805629
701.426805629
701.426805629
701.426805629
701.426805629
701.426805629
701.426805629
701.426805629
701.426805629
701.426805629
701.426805629
701.426805629
701.426805629
701.426805629
701.426805629
701.426805629
701.426805629
701.426805629
701.426805629
701.426805629
701.426805629
701.426805629
701.426805629
701.426805629
701.426805629
701.426805629
701.426805629
701.426805629
701.426805629
701.426805629
701.426805629
701.426805629
701.426805629
701.426805629
701.426805629
701.426805629
701.426805629
701.426805629
701.426805629
701.426805629
701.426805629
701.426805629
701.426805629
701.426805629
701.426805629
701.426805629
701.426805629
701.426805629
701.426805629
701.426805629
701.426805629
701.426805629
701.426805629
701.426805629
701.426805629
701.426805629
701.426805629
701.426805629
701.426805629
701.426805629
701.426805629
701.426805629
701.426805629
701.426805629
701.426805629
701.426805629
701.426805629
701.426805629
701.426805629
701.426805629
701.426805629
701.426805629
701.426805629
701.426805629
701.426805629
701.426805629
701.426805629
701.426805629
701.426805629
701.426805629
701.426805629
701.426805629
701.426805629
701.426805629
701.426805629
701.426805629
701.426805629
701.426805629
701.426805629
701.426805629
701.426805629
701.426805629
701.426805629
701.426805629
701.426805629
701.426805629
701.426805629
701.426805629
701.426805629
701.426805629
701.426805629
701.426805629
701.426805629
701.426805629
701.426805629
701.426805629
701.426805629
701.426805629
701.426805629
701.426805629
701.426805629
701.426805629
701.426805629
701.426805629
701.426805629
701.426805629
701.426805629
701.426805629
701.426805629
701.426805629
701.426805629
701.426805629
701.426805629
701.426805629
701.426805629
701.426805629
701.426805629
701.426805629
701.426805629
701.426805629
701.426805629
701.426805629
701.426805629
701.426805629
701.426805629
701.426805629
701.426805629
701.426805629
701.426805629
701.426805629
701.426805629
701.426805629
701.426805629
701.426805629
701.426805629
701.426805629
701.426805629
701.426805629
701.426805629
701.426805629
701.426805629
701.426805629
701.426805629
701.426805629
701.426805629
701.426805629
701.426805629
701.426805629
701.426805629
701.426805629
701.426805629
701.426805629
701.426805629
701.426805629
701.426805629
701.426805629
701.426805629
701.426805629
701.426805629
701.426805629
701.426805629
701.426805629
701.426805629
701.426805629
701.426805629
701.426805629
701.426805629
701.426805629
701.426805629
701.426805629
701.426805629
701.426805629
701.426805629
701.426805629
701.426805629
701.426805629
701.426805629
701.426805629
701.426805629
701.426805629
701.426805629
701.426805629
701.426805629
701.426805629
701.426805629
701.426805629
701.426805629
701.426805629
701.426805629
701.426805629
701.426805629
701.426805629
701.426805629
701.426805629
701.426805629
701.426805629
701.426805629
701.426805629
701.426805629
701.426805629
701.426805629
701.426805629
701.426805629
701.426805629
701.426805629
701.426805629
701.426805629
701.426805629
701.426805629
701.426805629
701.426805629
701.426805629
701.426805629
701.426805629
701.426805629
701.426805629
701.426805629
701.426805629
701.426805629
701.426805629
701.426805629
701.426805629
701.426805629
701.426805629
701.426805629
701.426805629
701.426805629
701.426805629
701.426805629
701.426805629
701.426805629
701.426805629
701.426805629
701.426805629
701.426805629
701.426805629
701.426805629
701.426805629
701.426805629
701.426805629
701.426805629
701.426805629
701.426805629
701.426805629
701.426805629
701.426805629
701.426805629
701.426805629
701.426805629
701.426805629
701.426805629
701.426805629
701.426805629
700.302806304
700.302806304
700.302806304
700.302806304
700.302806304
700.302806304
700.302806304
700.302806304
700.302806304
700.302806304
700.302806304
700.302806304
700.302806304
700.302806304
700.302806304
700.302806304
700.302806304
700.302806304
700.302806304
700.302806304
700.302806304
700.302806304
700.302806304
700.302806304
700.302806304
700.302806304
700.302806304
700.302806304
700.302806304
700.302806304
700.302806304
700.302806304
700.302806304
700.302806304
700.302806304
700.302806304
700.302806304
700.302806304
700.302806304
700.302806304
700.302806304
700.302806304
700.302806304
700.302806304
700.302806304
700.302806304
700.302806304
700.302806304
700.302806304
700.302806304
700.302806304
700.302806304
700.302806304
700.302806304
700.302806304
700.302806304
700.302806304
700.302806304
700.302806304
700.302806304
700.302806304
700.302806304
700.302806304
700.302806304
700.302806304
700.302806304
700.302806304
700.302806304
700.302806304
700.302806304
700.302806304
700.302806304
700.302806304
700.302806304
700.302806304
700.302806304
700.302806304
700.302806304
700.302806304
700.302806304
700.302806304
700.302806304
700.302806304
700.302806304
700.302806304
700.302806304
700.302806304
700.302806304
700.302806304
700.302806304
700.302806304
700.302806304
700.302806304
700.302806304
700.302806304
700.302806304
700.302806304
700.302806304
700.302806304
700.302806304
700.302806304
700.302806304
700.302806304
700.302806304
700.302806304
700.302806304
700.302806304
700.302806304
700.302806304
700.302806304
700.302806304
700.302806304
700.302806304
700.302806304
700.302806304
700.302806304
700.302806304
700.302806304
700.302806304
700.302806304
700.302806304
700.302806304
700.302806304
700.302806304
700.302806304
700.302806304
700.302806304
700.302806304
700.302806304
700.302806304
697.878629809
697.878629809
697.878629809
697.878629809
697.878629809
697.878629809
697.878629809
697.878629809
697.878629809
697.878629809
697.878629809
697.878629809
697.878629809
697.878629809
697.878629809
697.878629809
697.878629809
697.878629809
697.878629809
697.878629809
697.878629809
697.878629809
697.878629809
697.878629809
697.878629809
697.878629809
697.878629809
697.878629809
697.878629809
697.878629809
697.878629809
697.878629809
697.878629809
697.878629809
697.878629809
697.878629809
697.878629809
697.878629809
697.878629809
697.878629809
693.195548208
693.195548208
693.195548208
693.195548208
693.195548208
693.195548208
693.195548208
693.195548208
693.195548208
693.195548208
693.195548208
693.195548208
693.195548208
693.195548208
693.195548208
693.195548208
693.195548208
693.195548208
693.195548208
693.195548208
693.195548208
693.195548208
693.195548208
693.195548208
693.195548208
693.195548208
693.195548208
693.195548208
693.195548208
693.195548208
693.195548208
693.195548208
693.195548208
693.195548208
693.195548208
693.195548208
693.195548208
693.195548208
693.195548208
693.195548208
693.195548208
693.195548208
693.195548208
693.195548208
693.195548208
693.195548208
693.195548208
693.195548208
693.195548208
693.195548208
693.195548208
693.195548208
693.195548208
693.195548208
693.195548208
693.195548208
693.195548208
693.195548208
693.195548208
693.195548208
693.195548208
693.195548208
693.195548208
693.195548208
693.195548208
693.195548208
693.195548208
693.195548208
693.195548208
693.195548208
693.195548208
693.195548208
693.195548208
693.195548208
693.195548208
693.195548208
693.195548208
693.195548208
693.195548208
693.195548208
693.195548208
693.195548208
693.195548208
693.195548208
693.195548208
693.195548208
693.195548208
693.195548208
693.195548208
693.195548208
693.195548208
693.195548208
693.195548208
693.195548208
693.195548208
693.195548208
693.195548208
693.195548208
693.195548208
693.195548208
693.195548208
693.195548208
693.195548208
693.195548208
693.195548208
693.195548208
693.195548208
693.195548208
693.195548208
693.195548208
693.195548208
693.195548208
693.195548208
693.195548208
693.195548208
693.195548208
693.195548208
693.195548208
693.195548208
693.195548208
693.195548208
693.195548208
693.195548208
693.195548208
693.195548208
693.195548208
693.195548208
693.195548208
693.195548208
693.195548208
693.195548208
693.195548208
693.195548208
693.195548208
693.195548208
693.195548208
693.195548208
693.195548208
693.195548208
693.195548208
693.195548208
693.195548208
693.195548208
693.195548208
693.195548208
693.195548208
693.195548208
693.195548208
693.195548208
693.195548208
693.195548208
693.195548208
693.195548208
693.195548208
693.195548208
693.195548208
693.195548208
693.195548208
693.195548208
693.195548208
693.195548208
693.195548208
693.195548208
693.195548208
693.195548208
693.195548208
693.195548208
693.195548208
693.195548208
693.195548208
693.195548208
693.195548208
693.195548208
693.195548208
693.195548208
693.195548208
693.195548208
693.195548208
693.195548208
693.195548208
693.195548208
693.195548208
693.195548208
693.195548208
693.195548208
693.195548208
693.195548208
693.195548208
693.195548208
691.551973075
691.551973075
691.551973075
691.551973075
691.551973075
691.551973075
691.551973075
691.551973075
691.551973075
691.551973075
691.551973075
691.551973075
691.551973075
691.551973075
691.551973075
691.551973075
691.551973075
691.551973075
691.551973075
691.551973075
691.551973075
691.551973075
691.551973075
691.551973075
691.551973075
691.551973075
691.551973075
691.551973075
691.551973075
691.551973075
691.551973075
691.551973075
691.551973075
691.551973075
691.551973075
691.551973075
691.551973075
691.551973075
691.551973075
691.551973075
691.551973075
691.551973075
691.551973075
691.551973075
691.551973075
691.551973075
691.551973075
691.551973075
691.551973075
691.551973075
691.551973075
691.551973075
691.551973075
691.551973075
691.551973075
691.551973075
691.551973075
691.551973075
691.551973075
691.551973075
691.551973075
691.551973075
691.551973075
691.551973075
691.551973075
691.551973075
691.551973075
691.551973075
691.551973075
691.551973075
691.551973075
691.551973075
691.551973075
691.551973075
691.551973075
691.551973075
691.551973075
691.551973075
691.551973075
691.551973075
691.551973075
691.551973075
691.551973075
691.551973075
691.551973075
691.551973075
691.551973075
691.551973075
691.551973075
691.551973075
691.551973075
691.551973075
691.551973075
691.551973075
691.551973075
691.551973075
691.551973075
691.551973075
691.551973075
691.551973075
691.551973075
691.551973075
691.551973075
691.551973075
691.551973075
691.551973075
691.551973075
691.551973075
691.551973075
691.551973075
691.551973075
691.551973075
691.551973075
691.551973075
691.551973075
691.551973075
691.551973075
691.551973075
691.551973075
691.551973075
691.551973075
691.551973075
691.551973075
691.551973075
691.551973075
691.551973075
691.551973075
691.551973075
691.551973075
691.551973075
691.551973075
691.551973075
691.551973075
691.551973075
691.551973075
691.551973075
691.551973075
691.551973075
691.551973075
691.551973075
691.551973075
691.551973075
691.551973075
691.551973075
691.551973075
691.551973075
691.551973075
691.551973075
691.551973075
691.551973075
691.551973075
691.551973075
691.551973075
691.551973075
691.551973075
691.551973075
691.551973075
691.551973075
691.551973075
691.551973075
691.551973075
691.551973075
691.551973075
691.551973075
691.551973075
691.551973075
691.551973075
691.551973075
691.551973075
691.551973075
691.551973075
691.551973075
691.551973075
691.551973075
691.551973075
691.551973075
691.551973075
691.551973075
691.551973075
691.551973075
691.551973075
691.551973075
691.551973075
691.551973075
691.551973075
691.551973075
691.551973075
691.551973075
691.551973075
691.551973075
691.551973075
691.551973075
691.551973075
691.551973075
691.551973075
691.551973075
691.551973075
691.551973075
691.551973075
691.551973075
691.551973075
691.551973075
691.551973075
691.551973075
691.551973075
691.551973075
691.551973075
691.551973075
691.551973075
691.551973075
691.551973075
691.551973075
691.551973075
691.551973075
691.551973075
691.551973075
691.551973075
691.551973075
691.551973075
691.551973075
691.551973075
691.551973075
691.551973075
691.551973075
691.551973075
691.551973075
691.551973075
691.551973075
691.551973075
691.551973075
691.551973075
691.551973075
691.551973075
691.551973075
691.551973075
691.551973075
691.551973075
691.551973075
691.551973075
691.551973075
691.551973075
691.551973075
691.551973075
691.551973075
691.551973075
691.551973075
691.551973075
691.551973075
691.551973075
691.551973075
691.551973075
691.551973075
691.551973075
691.551973075
689.783058946
689.783058946
689.783058946
689.783058946
689.783058946
689.783058946
689.783058946
689.783058946
689.783058946
689.783058946
689.783058946
689.783058946
689.783058946
689.783058946
689.783058946
689.783058946
689.783058946
689.783058946
689.783058946
689.783058946
689.783058946
689.783058946
689.783058946
689.783058946
689.783058946
689.783058946
689.783058946
689.783058946
689.783058946
689.783058946
689.783058946
689.783058946
689.783058946
689.783058946
689.783058946
689.783058946
689.783058946
689.783058946
689.783058946
689.783058946
689.783058946
689.783058946
689.783058946
689.783058946
689.783058946
689.783058946
689.783058946
689.783058946
689.783058946
689.783058946
689.783058946
689.783058946
689.783058946
689.783058946
689.783058946
689.783058946
689.783058946
689.783058946
689.783058946
689.783058946
689.783058946
689.783058946
689.783058946
689.783058946
689.783058946
689.783058946
689.783058946
689.783058946
689.783058946
689.783058946
689.783058946
689.783058946
689.783058946
689.783058946
689.783058946
689.783058946
689.783058946
689.783058946
689.783058946
689.783058946
689.783058946
684.870311516
684.870311516
684.870311516
684.870311516
684.870311516
684.870311516
684.870311516
684.870311516
684.870311516
684.870311516
684.870311516
684.870311516
684.870311516
684.870311516
684.870311516
684.870311516
684.870311516
684.870311516
684.870311516
684.870311516
684.870311516
684.870311516
684.870311516
684.870311516
684.870311516
684.870311516
684.870311516
684.870311516
684.870311516
684.870311516
684.870311516
684.870311516
684.870311516
684.870311516
684.870311516
684.870311516
684.870311516
684.870311516
684.870311516
684.870311516
684.870311516
684.870311516
684.870311516
684.870311516
684.870311516
684.870311516
684.870311516
684.870311516
684.870311516
684.870311516
684.870311516
684.870311516
684.870311516
684.870311516
684.870311516
684.870311516
684.870311516
684.870311516
684.870311516
684.870311516
684.870311516
684.870311516
684.870311516
684.870311516
684.870311516
684.870311516
684.870311516
684.870311516
684.870311516
684.870311516
684.870311516
684.870311516
684.870311516
684.870311516
684.870311516
684.870311516
684.870311516
684.870311516
684.870311516
684.870311516
684.870311516
684.870311516
684.870311516
684.870311516
684.870311516
684.870311516
684.870311516
684.870311516
684.870311516
684.870311516
684.870311516
684.870311516
684.870311516
684.870311516
684.870311516
684.870311516
684.870311516
684.870311516
684.870311516
684.870311516
684.870311516
684.870311516
684.870311516
684.870311516
684.870311516
684.870311516
684.870311516
684.870311516
684.870311516
684.870311516
684.870311516
684.870311516
684.870311516
684.870311516
684.870311516
684.870311516
684.870311516
684.870311516
684.870311516
684.870311516
684.870311516
684.870311516
684.870311516
684.870311516
684.870311516
684.870311516
684.870311516
684.870311516
684.870311516
684.870311516
684.870311516
684.870311516
684.870311516
684.870311516
684.870311516
684.870311516
684.870311516
684.870311516
684.870311516
684.870311516
684.870311516
684.870311516
684.870311516
684.870311516
684.870311516
684.870311516
684.870311516
684.870311516
684.870311516
684.870311516
684.870311516
684.870311516
684.870311516
684.870311516
684.870311516
684.870311516
684.870311516
684.870311516
684.870311516
684.870311516
684.870311516
684.870311516
684.870311516
684.870311516
684.870311516
684.870311516
684.870311516
684.870311516
684.870311516
684.870311516
684.870311516
684.870311516
684.870311516
684.870311516
684.870311516
684.870311516
684.870311516
684.870311516
684.870311516
684.870311516
684.870311516
684.870311516
684.870311516
684.870311516
684.870311516
684.870311516
684.870311516
684.870311516
684.870311516
684.870311516
684.870311516
684.870311516
684.870311516
684.870311516
684.870311516
684.870311516
684.870311516
684.870311516
684.870311516
684.870311516
684.870311516
684.870311516
684.870311516
684.870311516
684.870311516
684.870311516
684.870311516
684.870311516
684.870311516
684.870311516
684.870311516
684.870311516
684.870311516
684.870311516
684.870311516
684.870311516
684.870311516
684.870311516
684.870311516
684.870311516
684.870311516
684.870311516
684.870311516
684.870311516
684.870311516
684.870311516
684.870311516
684.870311516
684.870311516
684.870311516
684.870311516
684.870311516
684.870311516
684.870311516
684.870311516
684.870311516
684.870311516
684.870311516
684.870311516
684.870311516
684.870311516
684.870311516
684.870311516
684.870311516
684.870311516
684.870311516
684.870311516
684.870311516
684.870311516
684.870311516
684.870311516
684.870311516
684.870311516
684.870311516
684.870311516
684.870311516
684.870311516
684.870311516
684.870311516
684.870311516
684.870311516
684.870311516
684.870311516
684.870311516
684.870311516
684.870311516
684.870311516
684.870311516
684.870311516
684.870311516
684.870311516
684.870311516
684.870311516
684.870311516
684.870311516
683.270209089
683.270209089
683.270209089
683.270209089
683.270209089
683.270209089
683.270209089
683.270209089
683.270209089
683.270209089
683.270209089
683.270209089
683.270209089
683.270209089
683.270209089
683.270209089
683.270209089
683.270209089
683.270209089
683.270209089
683.270209089
683.270209089
683.270209089
683.270209089
683.270209089
683.270209089
683.270209089
683.270209089
683.270209089
681.92253702
681.92253702
681.92253702
681.92253702
681.92253702
681.92253702
681.92253702
681.92253702
681.92253702
681.92253702
681.92253702
681.92253702
681.92253702
681.92253702
681.92253702
681.92253702
681.92253702
681.92253702
681.92253702
681.92253702
681.92253702
681.92253702
681.92253702
681.92253702
681.92253702
681.92253702
681.92253702
681.92253702
681.92253702
681.92253702
681.92253702
681.92253702
681.92253702
681.92253702
681.92253702
681.92253702
681.92253702
681.92253702
681.92253702
681.92253702
681.92253702
681.92253702
681.92253702
681.92253702
681.92253702
681.92253702
681.92253702
681.92253702
681.92253702
681.92253702
681.92253702
681.92253702
681.92253702
681.92253702
681.92253702
681.92253702
681.92253702
681.92253702
681.92253702
681.92253702
681.92253702
681.92253702
681.92253702
681.92253702
681.92253702
681.92253702
681.92253702
681.92253702
681.92253702
681.92253702
681.92253702
681.92253702
681.92253702
681.92253702
681.92253702
681.92253702
681.92253702
681.92253702
681.92253702
681.92253702
681.92253702
681.92253702
681.92253702
681.92253702
681.92253702
681.92253702
681.92253702
681.92253702
681.92253702
681.92253702
681.92253702
681.92253702
681.92253702
681.92253702
681.92253702
681.92253702
681.92253702
681.92253702
681.92253702
681.92253702
681.92253702
681.92253702
681.92253702
681.92253702
681.92253702
681.92253702
681.92253702
681.92253702
681.92253702
681.92253702
681.92253702
681.92253702
681.92253702
681.92253702
681.92253702
681.92253702
681.92253702
681.92253702
681.92253702
681.92253702
681.92253702
681.92253702
681.92253702
681.92253702
681.92253702
681.92253702
681.92253702
681.92253702
681.92253702
681.92253702
681.92253702
681.92253702
681.92253702
681.92253702
681.92253702
681.92253702
681.92253702
681.92253702
681.92253702
681.92253702
681.92253702
681.92253702
681.92253702
681.92253702
681.92253702
681.92253702
681.92253702
681.92253702
681.92253702
681.92253702
681.92253702
681.92253702
681.92253702
681.92253702
681.92253702
681.92253702
681.92253702
681.92253702
681.92253702
681.92253702
681.92253702
681.92253702
681.92253702
681.92253702
681.92253702
681.92253702
681.92253702
681.92253702
681.92253702
681.92253702
681.92253702
681.92253702
681.92253702
681.92253702
681.92253702
681.92253702
681.92253702
681.92253702
681.92253702
681.92253702
681.92253702
681.92253702
681.92253702
681.92253702
681.92253702
681.92253702
681.92253702
681.92253702
681.92253702
681.92253702
681.92253702
681.92253702
681.92253702
681.92253702
681.92253702
681.92253702
681.92253702
681.92253702
681.92253702
681.92253702
681.92253702
681.92253702
681.92253702
681.92253702
681.92253702
681.92253702
681.92253702
681.92253702
681.92253702
681.92253702
681.92253702
681.92253702
681.92253702
681.92253702
681.92253702
681.92253702
681.92253702
681.92253702
681.92253702
681.92253702
681.92253702
681.92253702
681.92253702
681.92253702
681.92253702
681.92253702
681.92253702
681.92253702
681.92253702
681.92253702
681.92253702
681.92253702
681.92253702
681.92253702
681.92253702
681.92253702
681.92253702
681.92253702
681.92253702
681.92253702
681.92253702
681.92253702
681.92253702
681.92253702
681.92253702
681.92253702
681.92253702
681.92253702
681.92253702
681.92253702
681.92253702
681.92253702
681.92253702
681.92253702
681.92253702
681.92253702
681.92253702
681.92253702
681.92253702
681.92253702
681.92253702
681.92253702
681.92253702
681.92253702
681.92253702
681.92253702
681.92253702
681.92253702
681.92253702
681.92253702
681.92253702
681.92253702
681.92253702
681.92253702
681.92253702
681.92253702
681.92253702
681.92253702
681.92253702
681.92253702
681.92253702
681.92253702
681.92253702
681.92253702
681.92253702
681.92253702
681.92253702
681.92253702
681.92253702
681.92253702
681.92253702
681.92253702
681.92253702
681.92253702
681.92253702
681.92253702
681.92253702
681.92253702
681.92253702
681.92253702
681.92253702
681.92253702
681.92253702
681.92253702
681.92253702
681.92253702
681.92253702
681.92253702
681.92253702
681.92253702
681.92253702
681.92253702
681.92253702
681.92253702
681.92253702
681.92253702
681.92253702
681.92253702
681.92253702
681.92253702
681.92253702
681.92253702
681.92253702
681.92253702
681.92253702
681.92253702
681.92253702
681.92253702
681.92253702
681.92253702
681.92253702
681.92253702
681.92253702
681.92253702
681.92253702
681.92253702
681.92253702
681.92253702
681.92253702
681.92253702
681.92253702
681.92253702
681.92253702
681.92253702
681.92253702
681.92253702
681.92253702
681.92253702
681.92253702
681.92253702
681.92253702
681.92253702
681.92253702
681.92253702
681.92253702
681.92253702
681.92253702
681.92253702
681.92253702
681.92253702
681.92253702
681.92253702
681.92253702
681.92253702
681.92253702
681.92253702
681.92253702
681.92253702
681.92253702
681.92253702
681.92253702
681.92253702
681.92253702
681.92253702
681.92253702
681.92253702
681.92253702
681.92253702
681.92253702
681.92253702
681.92253702
681.92253702
681.92253702
675.828966248
675.828966248
675.828966248
675.828966248
675.828966248
675.828966248
675.828966248
675.828966248
675.828966248
675.828966248
675.828966248
675.828966248
675.828966248
675.828966248
675.828966248
675.828966248
675.828966248
675.828966248
675.828966248
675.828966248
675.828966248
675.828966248
668.233848072
668.233848072
668.233848072
668.233848072
668.233848072
668.233848072
668.233848072
668.233848072
668.233848072
668.233848072
668.233848072
668.233848072
668.233848072
668.233848072
668.233848072
668.233848072
668.233848072
668.233848072
668.233848072
668.233848072
668.233848072
668.233848072
668.233848072
668.233848072
668.233848072
668.233848072
668.233848072
668.233848072
668.233848072
668.233848072
668.233848072
668.233848072
668.233848072
668.233848072
668.233848072
668.233848072
668.233848072
668.233848072
668.233848072
668.233848072
668.233848072
668.233848072
668.233848072
668.233848072
668.233848072
668.233848072
668.233848072
668.233848072
668.233848072
668.233848072
668.233848072
668.233848072
668.233848072
668.233848072
668.233848072
668.233848072
668.233848072
668.233848072
