1624.64615932
1593.1617989
1593.1617989
1589.7758958
1589.7758958
1578.82666172
1578.82666172
1578.82666172
1578.82666172
1578.82666172
1578.82666172
1546.30758504
1542.64776559
1531.07478728
1483.81650898
1483.81650898
1483.81650898
1445.24721115
1438.36518145
1403.60458603
1403.60458603
1403.60458603
1377.94839434
1377.94839434
1377.94839434
1377.94839434
1377.94839434
1362.86829265
1327.4416034
1327.4416034
1327.4416034
1311.99879364
1311.99879364
1297.36973295
1297.36973295
1266.93913715
1262.86460558
1254.03396916
1254.03396916
1254.03396916
1254.03396916
1253.03921045
1253.03921045
1253.03921045
1253.03921045
1253.03921045
1253.03921045
1253.03921045
1253.03921045
1253.03921045
1204.35003111
1204.35003111
1201.0109684
1201.0109684
1201.0109684
1201.0109684
1201.0109684
1201.0109684
1201.0109684
1201.0109684
1201.0109684
1201.0109684
1201.0109684
1201.0109684
1192.92070619
1192.92070619
1192.92070619
1192.92070619
1192.92070619
1192.92070619
1175.61313247
1175.61313247
1175.61313247
1175.61313247
1144.40500164
1144.40500164
1144.40500164
1144.40500164
1144.40500164
1144.40500164
1144.40500164
1144.40500164
1143.21928969
1143.21928969
1143.21928969
1143.21928969
1143.21928969
1143.21928969
1133.1857945
1133.1857945
1133.1857945
1133.1857945
1133.1857945
1133.1857945
1133.1857945
1133.1857945
1133.1857945
1133.1857945
1133.1857945
1133.1857945
1133.1857945
1133.1857945
1133.1857945
1105.50080206
1105.50080206
1105.50080206
1105.50080206
1105.50080206
1101.22111611
1091.42390682
1091.42390682
1091.42390682
1091.42390682
1091.42390682
1091.42390682
1091.42390682
1091.42390682
1091.42390682
1091.42390682
1091.42390682
1091.42390682
1091.42390682
1091.42390682
1091.42390682
1091.42390682
1091.42390682
1091.42390682
1091.42390682
1091.42390682
1091.42390682
1091.42390682
1091.42390682
1091.42390682
1091.42390682
1091.42390682
1091.42390682
1091.42390682
1091.42390682
1087.73564069
1087.73564069
1087.73564069
1087.73564069
1087.73564069
1087.73564069
1087.73564069
1087.73564069
1087.73564069
1087.73564069
1087.73564069
1087.73564069
1087.73564069
1087.73564069
1087.73564069
1087.73564069
1087.73564069
1087.73564069
1060.3347223
1060.3347223
1060.3347223
1060.3347223
1060.3347223
1060.3347223
1060.3347223
1060.3347223
1060.3347223
1060.3347223
1060.3347223
1060.3347223
1060.3347223
1060.3347223
1060.3347223
1060.3347223
1060.16232575
1060.16232575
1060.16232575
1060.16232575
1060.16232575
1060.16232575
1060.16232575
1060.16232575
1060.16232575
1060.16232575
1060.16232575
1060.16232575
1060.16232575
1060.16232575
1060.16232575
1060.16232575
1060.16232575
1060.16232575
1060.16232575
1060.16232575
1060.16232575
1060.16232575
1060.16232575
1060.16232575
1060.16232575
1060.16232575
1060.16232575
1050.90883927
1050.90883927
1050.90883927
1050.90883927
1050.90883927
1050.90883927
1050.90883927
1050.90883927
1050.90883927
1050.90883927
1050.90883927
1050.90883927
1050.90883927
1050.90883927
1050.90883927
1050.90883927
1050.90883927
1050.90883927
1050.90883927
1050.90883927
1050.90883927
1050.90883927
1050.90883927
1049.45870084
1049.45870084
1049.45870084
1048.68666635
1048.68666635
1048.68666635
1048.68666635
1048.68666635
1048.68666635
1048.68666635
1048.68666635
1048.68666635
1047.11655325
1047.11655325
1047.11655325
1047.11655325
1047.11655325
1042.98264058
1042.98264058
1042.98264058
1042.98264058
1042.98264058
1042.98264058
1036.30529
1036.30529
1036.30529
1036.30529
1036.30529
1036.30529
1018.20312977
1018.20312977
1018.20312977
1018.20312977
1018.20312977
1018.20312977
1004.81948293
1003.18807401
1003.18807401
1003.18807401
1003.18807401
1003.18807401
1003.18807401
1003.18807401
1003.12591048
1003.12591048
1003.12591048
1003.12591048
1003.12591048
1003.12591048
1003.12591048
1003.12591048
976.636371957
976.636371957
976.636371957
976.636371957
976.636371957
976.636371957
976.636371957
976.636371957
976.636371957
976.636371957
976.636371957
976.636371957
973.993865129
973.656018061
973.656018061
973.656018061
973.656018061
973.656018061
973.656018061
973.656018061
973.656018061
973.656018061
973.656018061
973.656018061
973.656018061
973.656018061
973.656018061
973.656018061
912.650326739
912.650326739
912.650326739
912.650326739
912.650326739
912.650326739
912.650326739
912.650326739
912.650326739
912.650326739
906.026190969
906.026190969
906.026190969
906.026190969
906.026190969
906.026190969
906.026190969
906.026190969
906.026190969
905.800946705
905.800946705
905.800946705
905.800946705
905.800946705
905.800946705
905.800946705
905.800946705
905.800946705
905.800946705
905.800946705
905.800946705
905.800946705
905.800946705
905.800946705
905.800946705
905.800946705
905.800946705
905.800946705
905.800946705
905.800946705
905.800946705
905.800946705
905.800946705
905.800946705
905.800946705
905.800946705
905.800946705
905.800946705
905.800946705
905.800946705
905.800946705
905.800946705
905.800946705
905.800946705
903.473847637
903.473847637
903.473847637
903.473847637
903.473847637
903.473847637
903.473847637
903.473847637
903.473847637
903.473847637
903.473847637
903.473847637
903.473847637
903.473847637
903.473847637
903.473847637
903.473847637
903.473847637
903.473847637
903.473847637
903.473847637
903.473847637
903.473847637
903.473847637
903.473847637
903.473847637
903.473847637
903.473847637
903.473847637
903.473847637
903.473847637
903.473847637
903.473847637
903.473847637
903.473847637
903.473847637
903.473847637
903.473847637
903.473847637
903.473847637
903.473847637
903.473847637
903.473847637
903.473847637
901.69548661
898.696399847
898.696399847
898.696399847
898.696399847
898.696399847
898.696399847
898.696399847
898.696399847
898.696399847
898.696399847
898.696399847
898.696399847
898.696399847
898.696399847
894.025373051
894.025373051
894.025373051
894.025373051
894.025373051
894.025373051
894.025373051
894.025373051
894.025373051
894.025373051
894.025373051
894.025373051
894.025373051
894.025373051
894.025373051
894.025373051
894.025373051
894.025373051
894.025373051
894.025373051
894.025373051
894.025373051
894.025373051
894.025373051
894.025373051
894.025373051
894.025373051
894.025373051
894.025373051
893.011398033
893.011398033
891.5075072
891.5075072
891.5075072
883.802944187
883.802944187
883.802944187
883.802944187
883.802944187
874.227199457
874.227199457
874.227199457
874.227199457
874.227199457
874.227199457
874.227199457
874.227199457
874.227199457
871.809280396
871.809280396
871.809280396
871.809280396
871.809280396
871.809280396
871.809280396
871.809280396
871.809280396
871.809280396
871.809280396
871.809280396
871.809280396
871.809280396
871.809280396
871.809280396
871.809280396
871.809280396
871.809280396
871.809280396
871.809280396
871.809280396
871.809280396
871.809280396
871.809280396
867.695527124
867.695527124
867.695527124
867.695527124
867.695527124
867.695527124
867.695527124
867.695527124
867.695527124
867.695527124
867.695527124
867.695527124
867.695527124
867.695527124
867.695527124
867.695527124
867.695527124
867.695527124
867.695527124
867.695527124
867.695527124
867.695527124
867.695527124
867.695527124
867.695527124
867.695527124
867.695527124
867.695527124
867.695527124
867.695527124
867.695527124
867.695527124
867.695527124
867.695527124
867.695527124
867.695527124
867.695527124
867.695527124
867.695527124
867.695527124
867.695527124
867.695527124
867.695527124
867.695527124
867.695527124
867.695527124
867.695527124
867.695527124
867.695527124
867.695527124
867.695527124
867.695527124
867.695527124
867.695527124
867.695527124
867.695527124
867.695527124
867.695527124
867.695527124
867.695527124
867.695527124
867.695527124
867.695527124
867.695527124
867.695527124
867.695527124
867.695527124
867.695527124
867.695527124
867.695527124
867.695527124
867.695527124
867.695527124
867.695527124
867.695527124
867.695527124
867.695527124
867.695527124
867.695527124
867.695527124
867.695527124
867.695527124
867.695527124
867.695527124
867.695527124
867.695527124
867.695527124
867.695527124
867.695527124
867.695527124
867.695527124
867.695527124
867.695527124
867.695527124
867.695527124
867.695527124
867.695527124
867.695527124
867.695527124
867.695527124
867.695527124
867.695527124
867.695527124
867.695527124
867.695527124
867.695527124
865.814352809
865.814352809
865.814352809
865.814352809
865.814352809
865.814352809
865.814352809
865.814352809
865.814352809
865.814352809
865.814352809
865.814352809
865.814352809
865.814352809
865.814352809
865.814352809
865.814352809
863.973328123
863.973328123
863.973328123
863.973328123
863.973328123
863.973328123
863.973328123
863.973328123
863.973328123
863.973328123
863.973328123
863.973328123
863.973328123
863.973328123
863.973328123
863.973328123
863.973328123
863.973328123
863.973328123
863.973328123
855.793879731
855.793879731
855.793879731
855.793879731
855.793879731
855.793879731
855.793879731
855.793879731
855.793879731
855.793879731
855.793879731
855.793879731
855.793879731
855.793879731
843.364832244
843.364832244
843.364832244
843.364832244
843.364832244
843.364832244
843.364832244
843.364832244
843.364832244
843.364832244
814.699612771
814.699612771
814.699612771
814.699612771
814.699612771
814.699612771
814.699612771
814.699612771
814.699612771
813.1168154
813.1168154
813.1168154
813.1168154
813.1168154
813.1168154
813.1168154
813.1168154
804.503484773
803.813005957
787.218828857
787.218828857
787.218828857
787.218828857
787.218828857
787.218828857
787.218828857
787.218828857
787.218828857
780.450434384
780.450434384
780.450434384
780.450434384
780.450434384
780.450434384
767.780171514
767.780171514
767.780171514
767.780171514
767.780171514
767.780171514
767.780171514
767.780171514
767.780171514
767.780171514
767.780171514
767.780171514
767.780171514
767.780171514
767.780171514
767.780171514
767.780171514
767.780171514
767.780171514
767.780171514
767.780171514
767.780171514
767.780171514
767.780171514
767.780171514
767.780171514
767.780171514
767.780171514
767.780171514
767.780171514
767.780171514
767.780171514
767.780171514
767.780171514
767.780171514
767.780171514
767.780171514
767.780171514
767.780171514
767.780171514
767.780171514
767.780171514
767.780171514
767.780171514
767.780171514
767.780171514
767.780171514
767.780171514
767.780171514
767.780171514
767.780171514
767.780171514
767.780171514
767.780171514
767.780171514
767.780171514
767.780171514
767.780171514
767.780171514
767.780171514
767.780171514
767.780171514
767.780171514
767.780171514
762.679707757
762.679707757
762.679707757
762.679707757
762.679707757
762.679707757
762.679707757
762.679707757
762.679707757
762.679707757
762.679707757
762.679707757
762.679707757
762.679707757
762.679707757
762.679707757
752.306247774
752.306247774
752.306247774
752.306247774
752.306247774
752.306247774
752.306247774
752.306247774
752.306247774
752.306247774
752.306247774
752.306247774
752.306247774
752.306247774
752.306247774
752.306247774
752.306247774
752.306247774
752.306247774
752.306247774
745.051009159
745.051009159
745.051009159
745.051009159
745.051009159
745.051009159
745.051009159
745.051009159
745.051009159
745.051009159
745.051009159
745.051009159
745.051009159
745.051009159
745.051009159
745.051009159
745.051009159
745.051009159
745.051009159
745.051009159
745.051009159
745.051009159
745.051009159
745.051009159
745.051009159
745.051009159
745.051009159
745.051009159
741.6803853
741.6803853
741.6803853
741.6803853
741.6803853
741.6803853
741.6803853
741.6803853
741.6803853
741.6803853
741.6803853
741.6803853
741.6803853
741.6803853
741.6803853
741.6803853
741.6803853
741.6803853
741.6803853
741.434209935
741.434209935
741.434209935
741.434209935
741.434209935
741.220750569
741.220750569
741.220750569
741.220750569
741.220750569
741.220750569
741.220750569
741.220750569
741.220750569
741.220750569
741.220750569
741.220750569
741.220750569
741.220750569
741.220750569
741.220750569
741.220750569
741.220750569
741.220750569
741.220750569
741.220750569
741.220750569
741.220750569
741.220750569
741.220750569
741.220750569
741.220750569
741.220750569
741.220750569
741.220750569
741.220750569
741.220750569
741.220750569
741.220750569
741.220750569
741.220750569
741.220750569
741.220750569
741.220750569
741.220750569
741.220750569
741.220750569
741.220750569
741.220750569
741.220750569
741.220750569
741.220750569
741.220750569
741.220750569
741.220750569
741.220750569
741.220750569
741.220750569
741.220750569
741.220750569
741.220750569
741.220750569
741.220750569
741.220750569
741.220750569
741.220750569
741.220750569
741.220750569
741.220750569
741.220750569
741.220750569
741.220750569
741.220750569
741.220750569
741.220750569
741.220750569
741.220750569
741.220750569
741.220750569
741.220750569
741.220750569
741.220750569
741.220750569
741.220750569
741.220750569
741.220750569
741.220750569
741.220750569
741.220750569
741.220750569
721.574548251
721.574548251
721.574548251
721.574548251
721.574548251
721.574548251
721.574548251
721.574548251
721.574548251
721.574548251
721.574548251
721.574548251
721.574548251
721.574548251
721.574548251
721.574548251
721.574548251
721.574548251
721.574548251
721.574548251
721.574548251
721.574548251
721.574548251
721.574548251
721.574548251
721.574548251
721.574548251
721.574548251
721.574548251
721.574548251
721.574548251
721.574548251
721.574548251
721.574548251
721.574548251
721.574548251
721.574548251
721.574548251
721.574548251
721.574548251
721.574548251
721.574548251
721.574548251
721.574548251
721.574548251
721.574548251
721.574548251
721.574548251
721.574548251
721.574548251
721.574548251
721.574548251
721.574548251
721.574548251
721.574548251
721.574548251
721.574548251
721.574548251
721.574548251
721.574548251
721.574548251
721.574548251
721.574548251
721.574548251
721.574548251
721.574548251
721.574548251
721.574548251
721.574548251
721.574548251
721.574548251
721.574548251
721.574548251
721.574548251
721.574548251
721.574548251
721.574548251
721.574548251
721.574548251
721.574548251
721.574548251
721.574548251
721.574548251
721.574548251
721.574548251
721.574548251
721.574548251
721.574548251
721.574548251
721.574548251
721.574548251
721.574548251
721.574548251
721.574548251
721.574548251
721.574548251
721.574548251
721.574548251
721.574548251
721.574548251
717.593141023
717.593141023
717.593141023
717.593141023
717.593141023
717.593141023
717.593141023
717.593141023
717.593141023
717.593141023
717.593141023
717.593141023
717.593141023
717.593141023
717.593141023
708.244710922
708.244710922
708.244710922
708.244710922
708.244710922
708.244710922
708.244710922
708.244710922
708.244710922
708.244710922
708.244710922
708.244710922
708.244710922
708.244710922
708.244710922
708.244710922
708.244710922
708.244710922
708.244710922
708.244710922
708.244710922
708.244710922
708.244710922
708.244710922
706.216902332
706.216902332
706.216902332
706.216902332
706.216902332
706.216902332
706.216902332
706.216902332
705.381746331
705.381746331
705.381746331
705.381746331
705.381746331
705.381746331
705.381746331
705.381746331
705.381746331
705.381746331
705.381746331
705.381746331
705.381746331
705.381746331
705.381746331
705.381746331
705.381746331
705.381746331
705.381746331
705.381746331
705.381746331
705.381746331
705.381746331
705.381746331
705.381746331
705.381746331
705.381746331
705.381746331
705.381746331
705.381746331
705.381746331
705.381746331
705.381746331
705.381746331
705.381746331
705.381746331
690.852719816
690.852719816
690.852719816
690.852719816
690.852719816
690.852719816
690.852719816
690.852719816
690.852719816
690.852719816
690.852719816
690.852719816
690.852719816
690.852719816
690.852719816
690.852719816
690.852719816
690.852719816
690.852719816
690.852719816
690.852719816
690.852719816
690.852719816
690.852719816
690.852719816
690.852719816
690.852719816
690.852719816
690.852719816
690.852719816
690.852719816
690.852719816
690.852719816
690.852719816
690.852719816
690.852719816
690.852719816
690.852719816
690.852719816
690.852719816
690.852719816
690.852719816
690.852719816
690.852719816
690.852719816
690.852719816
690.852719816
690.852719816
690.852719816
690.852719816
690.852719816
690.852719816
690.852719816
690.852719816
690.852719816
690.852719816
690.852719816
690.852719816
690.852719816
690.852719816
690.852719816
690.852719816
690.852719816
690.852719816
690.852719816
690.852719816
690.852719816
690.852719816
690.852719816
690.852719816
690.852719816
690.852719816
690.852719816
690.852719816
690.852719816
690.852719816
690.852719816
690.852719816
690.852719816
690.852719816
690.852719816
690.852719816
690.852719816
690.852719816
690.852719816
690.852719816
690.852719816
690.852719816
690.852719816
690.852719816
690.852719816
690.852719816
690.852719816
690.852719816
690.852719816
690.852719816
690.852719816
690.852719816
690.852719816
690.852719816
690.852719816
690.852719816
690.852719816
690.852719816
690.852719816
690.852719816
690.852719816
690.852719816
690.852719816
690.852719816
690.852719816
690.852719816
690.852719816
690.852719816
690.852719816
690.852719816
690.852719816
690.852719816
690.852719816
690.852719816
690.852719816
690.852719816
690.852719816
690.852719816
690.852719816
690.852719816
690.852719816
690.852719816
690.852719816
690.852719816
690.852719816
690.852719816
690.852719816
690.852719816
690.852719816
690.852719816
690.852719816
690.852719816
690.852719816
690.852719816
690.852719816
690.852719816
690.852719816
690.852719816
690.852719816
690.852719816
690.852719816
690.852719816
690.852719816
690.852719816
690.852719816
690.852719816
690.852719816
690.852719816
690.852719816
690.852719816
690.852719816
690.852719816
690.852719816
690.852719816
690.852719816
690.852719816
690.852719816
690.852719816
690.852719816
690.852719816
690.852719816
690.852719816
690.852719816
690.852719816
690.852719816
690.852719816
690.852719816
690.852719816
690.852719816
690.852719816
690.852719816
690.852719816
690.852719816
690.852719816
690.852719816
690.852719816
690.852719816
690.852719816
690.852719816
690.852719816
690.852719816
690.852719816
690.852719816
690.852719816
690.852719816
690.852719816
690.852719816
690.852719816
690.852719816
690.852719816
690.852719816
690.852719816
690.852719816
690.852719816
690.852719816
690.852719816
690.852719816
690.852719816
690.852719816
690.852719816
690.852719816
690.852719816
690.852719816
690.852719816
690.852719816
690.852719816
690.852719816
690.852719816
690.852719816
686.020400101
686.020400101
686.020400101
686.020400101
686.020400101
686.020400101
686.020400101
686.020400101
686.020400101
686.020400101
678.230733712
678.230733712
678.230733712
678.230733712
678.230733712
678.230733712
678.230733712
678.230733712
678.230733712
678.230733712
678.230733712
678.230733712
678.230733712
678.230733712
678.230733712
678.230733712
678.230733712
678.230733712
678.230733712
678.230733712
678.230733712
678.230733712
678.230733712
678.230733712
678.230733712
678.230733712
678.230733712
678.230733712
678.230733712
678.230733712
678.230733712
678.230733712
678.230733712
678.230733712
678.230733712
678.230733712
678.230733712
678.230733712
678.230733712
678.230733712
678.230733712
678.230733712
678.230733712
678.230733712
678.230733712
678.230733712
678.230733712
678.230733712
678.230733712
678.230733712
678.230733712
678.230733712
678.230733712
678.230733712
678.230733712
678.230733712
678.230733712
678.230733712
678.230733712
678.230733712
678.230733712
678.230733712
678.230733712
678.230733712
678.230733712
678.230733712
678.230733712
678.230733712
678.230733712
678.230733712
678.230733712
678.230733712
678.230733712
678.230733712
678.230733712
678.230733712
678.230733712
678.230733712
678.230733712
678.230733712
678.230733712
678.230733712
678.230733712
678.230733712
678.230733712
678.230733712
678.230733712
678.230733712
678.230733712
678.230733712
678.230733712
678.230733712
678.230733712
678.230733712
678.230733712
678.230733712
678.230733712
678.230733712
678.230733712
678.230733712
678.230733712
678.230733712
678.230733712
678.230733712
678.230733712
678.230733712
678.230733712
678.230733712
678.230733712
678.230733712
678.230733712
678.230733712
678.230733712
678.230733712
678.230733712
678.230733712
678.230733712
678.230733712
678.230733712
678.230733712
678.230733712
678.230733712
678.230733712
678.230733712
678.230733712
678.230733712
678.230733712
678.230733712
678.230733712
678.230733712
678.230733712
678.230733712
678.230733712
678.230733712
678.230733712
663.188115142
663.188115142
663.188115142
663.188115142
663.188115142
663.188115142
663.188115142
663.188115142
663.188115142
663.188115142
663.188115142
663.188115142
663.188115142
663.188115142
663.188115142
663.188115142
663.188115142
663.188115142
663.188115142
663.188115142
663.188115142
663.188115142
663.188115142
663.188115142
663.188115142
663.188115142
663.188115142
659.262277931
659.262277931
659.262277931
659.262277931
659.262277931
659.262277931
659.262277931
659.262277931
659.262277931
659.262277931
659.262277931
659.262277931
659.262277931
659.262277931
659.262277931
659.262277931
659.262277931
653.924996236
653.924996236
653.924996236
653.924996236
653.924996236
653.924996236
653.924996236
653.924996236
653.924996236
653.924996236
653.924996236
653.924996236
653.924996236
653.924996236
653.924996236
653.924996236
653.924996236
653.924996236
653.924996236
653.924996236
653.924996236
653.924996236
653.924996236
653.924996236
653.924996236
653.924996236
653.924996236
653.924996236
653.924996236
653.924996236
653.924996236
653.924996236
653.924996236
653.924996236
653.924996236
653.924996236
653.924996236
653.924996236
653.924996236
649.621055055
649.621055055
649.621055055
649.621055055
649.621055055
649.621055055
649.621055055
649.621055055
649.621055055
649.621055055
649.621055055
649.621055055
649.329550964
649.329550964
649.329550964
649.329550964
649.329550964
649.329550964
649.329550964
649.329550964
649.329550964
649.329550964
649.329550964
649.329550964
649.329550964
649.329550964
649.329550964
649.329550964
649.329550964
649.329550964
649.329550964
649.329550964
649.329550964
649.329550964
649.329550964
649.329550964
649.329550964
649.329550964
649.329550964
649.329550964
649.329550964
649.329550964
649.329550964
649.329550964
649.329550964
649.329550964
649.329550964
649.329550964
649.329550964
649.329550964
649.329550964
649.329550964
649.329550964
649.329550964
649.329550964
649.329550964
649.329550964
649.329550964
649.329550964
649.329550964
649.329550964
649.329550964
649.329550964
649.329550964
649.329550964
649.329550964
649.329550964
649.329550964
649.329550964
627.709508694
627.709508694
627.709508694
627.709508694
627.709508694
627.709508694
627.709508694
627.709508694
627.709508694
627.709508694
627.709508694
627.709508694
627.709508694
627.709508694
627.709508694
627.709508694
627.709508694
627.709508694
627.709508694
627.709508694
627.709508694
627.709508694
627.709508694
627.709508694
627.709508694
627.709508694
627.709508694
627.709508694
627.709508694
627.709508694
627.709508694
627.709508694
627.709508694
627.709508694
627.709508694
627.709508694
627.709508694
627.709508694
627.709508694
627.709508694
627.709508694
627.709508694
627.709508694
627.709508694
627.709508694
627.709508694
627.709508694
627.709508694
627.709508694
627.709508694
627.709508694
627.709508694
627.709508694
627.709508694
627.709508694
627.709508694
627.709508694
627.709508694
627.709508694
627.709508694
627.709508694
627.709508694
627.709508694
627.709508694
627.709508694
627.709508694
627.709508694
627.709508694
627.709508694
627.709508694
627.709508694
627.709508694
627.709508694
627.709508694
627.709508694
627.709508694
627.709508694
627.709508694
627.709508694
627.709508694
627.709508694
627.709508694
627.709508694
627.709508694
627.709508694
627.709508694
627.709508694
627.709508694
627.709508694
627.709508694
627.709508694
627.709508694
627.709508694
627.709508694
627.709508694
627.709508694
627.709508694
627.709508694
627.709508694
627.709508694
627.709508694
627.709508694
627.709508694
627.709508694
627.709508694
627.709508694
627.709508694
627.709508694
627.709508694
627.709508694
627.709508694
627.709508694
627.709508694
627.709508694
627.709508694
627.709508694
627.709508694
627.709508694
627.709508694
627.709508694
627.709508694
627.709508694
625.187066455
625.187066455
625.187066455
625.187066455
625.187066455
625.187066455
625.187066455
625.187066455
625.187066455
625.187066455
625.187066455
625.187066455
625.187066455
625.187066455
625.187066455
625.187066455
625.187066455
625.187066455
625.187066455
625.187066455
625.187066455
625.187066455
625.187066455
625.187066455
625.187066455
625.187066455
625.187066455
625.187066455
625.187066455
625.187066455
625.187066455
625.187066455
625.187066455
625.187066455
625.187066455
625.187066455
625.187066455
625.187066455
625.187066455
625.187066455
625.187066455
625.187066455
625.187066455
625.187066455
625.187066455
625.187066455
625.187066455
625.187066455
625.187066455
625.187066455
625.187066455
625.187066455
625.187066455
625.187066455
625.187066455
625.187066455
625.187066455
625.187066455
625.187066455
625.187066455
625.187066455
625.187066455
625.187066455
625.187066455
625.187066455
625.187066455
625.187066455
625.187066455
625.187066455
625.187066455
625.187066455
625.187066455
625.187066455
625.187066455
625.187066455
625.187066455
625.187066455
625.187066455
625.187066455
625.187066455
625.187066455
625.187066455
625.187066455
625.187066455
625.187066455
625.187066455
625.187066455
625.187066455
625.187066455
625.187066455
625.187066455
625.187066455
625.187066455
625.187066455
625.187066455
625.187066455
625.187066455
625.187066455
625.187066455
625.187066455
625.187066455
625.187066455
625.187066455
625.187066455
625.187066455
625.187066455
625.187066455
625.187066455
625.187066455
625.187066455
625.187066455
625.187066455
625.187066455
625.187066455
625.187066455
625.187066455
625.187066455
625.187066455
625.187066455
625.187066455
625.187066455
625.187066455
625.187066455
625.187066455
625.187066455
625.187066455
625.187066455
625.187066455
625.187066455
625.187066455
625.187066455
625.187066455
625.187066455
625.187066455
625.187066455
625.187066455
625.187066455
625.187066455
625.187066455
625.187066455
625.187066455
625.187066455
625.187066455
625.187066455
624.902810349
624.902810349
624.902810349
624.902810349
624.902810349
624.902810349
624.902810349
624.902810349
624.902810349
624.902810349
624.902810349
624.902810349
624.902810349
624.902810349
624.902810349
624.902810349
624.902810349
624.902810349
624.902810349
624.902810349
624.902810349
624.902810349
624.902810349
624.902810349
624.902810349
624.902810349
624.902810349
624.902810349
624.902810349
624.902810349
624.902810349
624.902810349
624.902810349
624.902810349
624.902810349
624.902810349
624.902810349
624.902810349
624.902810349
624.902810349
624.902810349
624.902810349
624.902810349
624.902810349
624.902810349
624.902810349
624.902810349
624.902810349
624.902810349
624.902810349
624.902810349
624.902810349
624.902810349
624.902810349
624.902810349
624.902810349
624.902810349
624.902810349
624.902810349
615.823282215
615.823282215
615.823282215
615.823282215
615.823282215
615.823282215
615.823282215
615.823282215
615.823282215
615.823282215
615.823282215
615.823282215
615.823282215
615.823282215
615.823282215
615.823282215
615.823282215
614.862960184
614.862960184
614.862960184
614.862960184
614.862960184
614.862960184
614.862960184
614.862960184
614.862960184
614.862960184
614.862960184
614.862960184
614.862960184
614.862960184
614.862960184
614.862960184
614.862960184
614.862960184
614.862960184
614.862960184
614.862960184
614.862960184
614.862960184
614.862960184
614.862960184
614.862960184
614.862960184
614.862960184
614.862960184
614.862960184
614.862960184
614.862960184
614.862960184
614.862960184
614.862960184
614.862960184
614.862960184
614.862960184
614.862960184
614.862960184
614.862960184
614.862960184
614.862960184
614.862960184
614.862960184
614.862960184
614.862960184
614.862960184
614.862960184
614.862960184
614.862960184
614.862960184
614.862960184
614.862960184
614.862960184
614.862960184
614.862960184
614.862960184
614.862960184
614.862960184
614.862960184
614.862960184
614.862960184
614.862960184
614.862960184
614.862960184
614.862960184
614.862960184
614.862960184
614.862960184
614.862960184
614.862960184
614.862960184
614.862960184
614.862960184
614.862960184
614.862960184
614.862960184
614.862960184
614.862960184
614.862960184
614.862960184
614.862960184
614.862960184
614.862960184
614.862960184
614.862960184
614.862960184
614.862960184
614.862960184
614.862960184
614.862960184
614.862960184
614.862960184
614.862960184
614.862960184
614.862960184
614.862960184
614.862960184
614.862960184
614.862960184
614.862960184
614.862960184
614.862960184
614.862960184
614.862960184
614.862960184
614.862960184
614.862960184
614.862960184
614.862960184
614.862960184
614.862960184
614.862960184
614.862960184
614.862960184
614.862960184
614.862960184
614.862960184
614.862960184
614.862960184
614.862960184
614.862960184
614.862960184
614.862960184
614.862960184
614.862960184
614.862960184
614.862960184
614.862960184
614.862960184
614.862960184
614.862960184
614.862960184
614.862960184
614.862960184
614.862960184
614.862960184
614.862960184
614.862960184
614.862960184
614.862960184
614.862960184
614.862960184
614.862960184
614.862960184
614.862960184
614.862960184
614.862960184
614.862960184
614.862960184
614.862960184
614.862960184
614.862960184
614.862960184
614.862960184
614.862960184
614.862960184
614.862960184
614.862960184
614.862960184
614.862960184
614.862960184
614.862960184
614.862960184
614.862960184
614.862960184
614.862960184
614.862960184
614.862960184
614.862960184
614.862960184
614.862960184
614.862960184
614.862960184
614.862960184
614.862960184
614.862960184
614.862960184
614.862960184
614.862960184
614.862960184
614.862960184
614.862960184
614.862960184
614.862960184
614.862960184
614.862960184
614.862960184
614.862960184
614.862960184
614.862960184
614.862960184
614.862960184
614.862960184
614.862960184
614.862960184
614.862960184
614.862960184
614.862960184
614.862960184
614.862960184
614.862960184
614.862960184
614.862960184
614.862960184
614.862960184
614.862960184
614.862960184
614.862960184
614.862960184
614.862960184
614.862960184
614.862960184
614.862960184
614.862960184
614.862960184
614.862960184
614.862960184
614.862960184
614.862960184
614.862960184
614.862960184
614.862960184
614.862960184
614.862960184
614.862960184
614.862960184
614.862960184
614.862960184
614.862960184
614.862960184
614.862960184
614.862960184
614.862960184
614.862960184
614.862960184
614.862960184
614.862960184
614.862960184
614.862960184
614.862960184
614.862960184
614.862960184
614.862960184
614.862960184
614.862960184
614.862960184
614.862960184
614.862960184
614.862960184
614.862960184
614.862960184
614.862960184
614.862960184
614.862960184
614.862960184
614.862960184
614.862960184
614.862960184
614.862960184
614.862960184
614.862960184
614.862960184
614.862960184
614.862960184
614.862960184
614.862960184
614.862960184
614.862960184
614.862960184
614.862960184
614.862960184
614.862960184
614.862960184
614.862960184
614.862960184
614.862960184
614.862960184
614.862960184
614.862960184
614.862960184
614.862960184
614.862960184
614.862960184
614.862960184
614.862960184
614.862960184
614.862960184
614.862960184
614.862960184
614.862960184
614.862960184
614.862960184
614.862960184
614.862960184
614.862960184
614.862960184
614.862960184
614.862960184
614.862960184
614.862960184
614.862960184
614.862960184
614.862960184
614.862960184
614.862960184
614.862960184
614.862960184
614.862960184
614.862960184
614.862960184
614.862960184
614.862960184
614.862960184
614.862960184
614.862960184
614.862960184
614.862960184
614.862960184
614.862960184
614.862960184
614.862960184
614.862960184
614.862960184
614.862960184
614.862960184
614.862960184
614.862960184
614.862960184
614.862960184
614.862960184
614.862960184
614.862960184
614.862960184
614.862960184
614.862960184
614.862960184
614.862960184
614.862960184
614.862960184
614.862960184
614.862960184
614.862960184
614.862960184
614.862960184
614.862960184
614.862960184
614.862960184
614.862960184
614.862960184
614.862960184
614.862960184
614.862960184
614.862960184
614.862960184
614.862960184
614.862960184
614.862960184
614.862960184
614.862960184
614.862960184
614.862960184
614.862960184
614.862960184
614.862960184
614.862960184
614.862960184
614.862960184
614.862960184
614.862960184
614.862960184
614.862960184
614.862960184
614.862960184
614.862960184
614.862960184
614.862960184
614.862960184
614.862960184
614.862960184
614.862960184
614.862960184
614.862960184
614.862960184
614.862960184
614.862960184
614.862960184
614.862960184
614.862960184
614.862960184
614.862960184
614.862960184
614.862960184
614.862960184
614.862960184
614.862960184
614.862960184
614.862960184
614.862960184
614.862960184
614.862960184
614.862960184
614.862960184
614.862960184
614.862960184
614.862960184
614.862960184
614.862960184
614.862960184
614.862960184
614.862960184
614.862960184
614.862960184
614.862960184
614.862960184
614.862960184
614.862960184
614.862960184
614.862960184
614.862960184
614.862960184
614.862960184
614.862960184
614.862960184
614.862960184
614.862960184
614.862960184
614.862960184
614.862960184
614.862960184
614.862960184
614.862960184
614.862960184
614.862960184
614.862960184
614.862960184
614.862960184
614.862960184
614.862960184
614.862960184
614.862960184
614.862960184
614.862960184
614.862960184
614.862960184
614.862960184
614.862960184
614.862960184
614.862960184
614.862960184
614.862960184
614.862960184
614.862960184
614.862960184
614.862960184
614.862960184
614.862960184
614.862960184
614.862960184
614.862960184
614.862960184
614.862960184
614.862960184
614.862960184
614.862960184
614.862960184
614.862960184
614.862960184
614.862960184
614.862960184
614.862960184
614.862960184
614.862960184
614.862960184
614.862960184
614.862960184
614.862960184
611.618845457
611.618845457
611.618845457
611.618845457
611.618845457
611.618845457
608.350064586
608.350064586
608.350064586
608.350064586
608.350064586
608.350064586
608.350064586
608.350064586
608.350064586
608.350064586
608.350064586
608.350064586
608.350064586
608.350064586
608.350064586
608.350064586
608.350064586
608.350064586
608.350064586
608.350064586
608.350064586
608.350064586
608.350064586
608.350064586
608.350064586
608.350064586
608.350064586
608.350064586
608.350064586
608.350064586
608.350064586
608.350064586
608.350064586
608.350064586
608.350064586
608.350064586
608.350064586
608.350064586
608.350064586
608.350064586
608.350064586
608.350064586
608.350064586
608.350064586
608.350064586
608.350064586
608.350064586
608.350064586
608.350064586
608.350064586
608.350064586
608.350064586
608.350064586
608.350064586
608.350064586
608.350064586
608.350064586
608.350064586
608.350064586
608.350064586
608.350064586
608.350064586
608.350064586
608.350064586
608.350064586
608.350064586
608.350064586
608.350064586
608.350064586
608.350064586
608.350064586
608.350064586
608.350064586
608.350064586
608.350064586
608.350064586
608.350064586
608.350064586
608.350064586
608.350064586
608.350064586
608.350064586
608.350064586
608.350064586
608.350064586
608.350064586
608.350064586
608.350064586
608.350064586
608.350064586
608.350064586
608.350064586
608.350064586
608.350064586
608.350064586
608.350064586
608.350064586
608.350064586
608.350064586
608.350064586
608.350064586
608.350064586
608.350064586
608.350064586
608.350064586
608.350064586
608.350064586
608.350064586
608.350064586
608.350064586
608.350064586
608.350064586
608.350064586
608.350064586
608.350064586
608.350064586
608.350064586
608.350064586
608.350064586
608.350064586
608.350064586
608.350064586
608.350064586
608.350064586
608.350064586
608.350064586
608.350064586
608.350064586
608.350064586
608.350064586
608.350064586
608.350064586
608.350064586
608.350064586
608.350064586
608.350064586
608.350064586
608.350064586
608.350064586
608.350064586
608.350064586
608.350064586
608.350064586
608.350064586
608.350064586
608.350064586
608.350064586
608.350064586
608.350064586
608.350064586
608.350064586
608.350064586
608.350064586
608.350064586
608.350064586
608.350064586
608.350064586
608.350064586
608.350064586
608.350064586
606.2627507
606.2627507
606.2627507
606.2627507
606.2627507
606.2627507
606.2627507
606.2627507
606.2627507
606.2627507
606.2627507
606.2627507
606.2627507
606.2627507
606.2627507
606.2627507
606.2627507
606.2627507
606.2627507
606.2627507
606.2627507
606.2627507
606.2627507
606.2627507
606.2627507
606.2627507
606.2627507
606.2627507
606.2627507
606.2627507
606.2627507
606.2627507
606.2627507
606.2627507
606.2627507
606.2627507
606.2627507
606.2627507
606.2627507
606.2627507
606.2627507
606.2627507
606.2627507
606.2627507
606.2627507
606.2627507
600.599344216
600.599344216
600.599344216
600.599344216
600.599344216
600.599344216
600.599344216
600.599344216
600.599344216
600.599344216
600.599344216
600.599344216
600.599344216
600.599344216
600.599344216
600.599344216
600.599344216
600.599344216
600.599344216
600.599344216
600.599344216
600.599344216
600.599344216
600.599344216
600.599344216
600.599344216
600.599344216
600.599344216
600.599344216
600.599344216
600.599344216
600.599344216
600.599344216
600.599344216
600.599344216
600.599344216
600.599344216
600.599344216
600.599344216
600.599344216
600.599344216
600.599344216
593.223485482
593.223485482
593.223485482
593.223485482
593.223485482
593.223485482
593.223485482
593.223485482
593.223485482
593.223485482
593.223485482
593.223485482
593.223485482
593.223485482
593.223485482
593.223485482
593.223485482
593.223485482
593.223485482
593.223485482
593.223485482
593.223485482
593.223485482
593.223485482
593.223485482
593.223485482
593.223485482
593.223485482
593.223485482
593.223485482
593.223485482
593.223485482
593.223485482
593.223485482
593.223485482
593.223485482
593.223485482
593.223485482
593.223485482
593.223485482
593.223485482
593.223485482
593.223485482
593.223485482
593.223485482
593.223485482
593.223485482
593.223485482
593.223485482
593.223485482
593.223485482
593.223485482
593.223485482
593.223485482
593.223485482
593.223485482
593.223485482
593.223485482
593.223485482
593.223485482
593.223485482
593.223485482
593.223485482
593.223485482
593.223485482
593.223485482
593.223485482
593.223485482
593.223485482
593.223485482
593.223485482
593.223485482
593.223485482
593.223485482
593.223485482
593.223485482
593.223485482
593.223485482
593.223485482
593.223485482
593.223485482
593.223485482
593.223485482
593.223485482
593.223485482
593.223485482
593.223485482
593.223485482
593.223485482
593.223485482
593.223485482
593.223485482
593.223485482
593.223485482
593.223485482
593.223485482
593.223485482
593.223485482
593.223485482
593.223485482
593.223485482
593.223485482
593.223485482
593.223485482
593.223485482
593.223485482
593.223485482
593.223485482
593.223485482
593.223485482
593.223485482
593.223485482
593.223485482
593.223485482
593.223485482
593.223485482
593.223485482
593.223485482
593.223485482
593.223485482
593.223485482
593.223485482
593.223485482
593.223485482
593.223485482
593.223485482
591.482725011
591.482725011
591.482725011
591.482725011
591.482725011
591.482725011
591.482725011
591.482725011
591.482725011
591.482725011
591.482725011
591.482725011
591.482725011
591.482725011
591.482725011
591.482725011
591.482725011
591.482725011
591.482725011
591.482725011
591.482725011
591.482725011
591.482725011
591.482725011
591.482725011
591.482725011
591.482725011
591.482725011
591.482725011
591.482725011
591.482725011
591.482725011
591.482725011
591.482725011
591.482725011
591.482725011
591.482725011
591.482725011
591.482725011
591.482725011
591.482725011
591.482725011
591.482725011
591.482725011
591.482725011
591.482725011
591.482725011
591.482725011
591.482725011
591.482725011
591.482725011
591.482725011
591.482725011
591.482725011
591.482725011
586.936264001
586.936264001
586.936264001
586.936264001
586.936264001
586.936264001
586.936264001
586.936264001
586.936264001
586.936264001
586.936264001
586.936264001
586.936264001
586.936264001
586.936264001
586.936264001
586.936264001
586.936264001
586.936264001
586.936264001
586.936264001
586.936264001
586.936264001
586.936264001
586.936264001
586.936264001
586.936264001
586.936264001
586.936264001
586.936264001
586.936264001
586.936264001
586.936264001
586.936264001
586.936264001
586.936264001
586.936264001
586.936264001
586.936264001
586.936264001
586.936264001
586.936264001
586.936264001
586.936264001
586.936264001
586.936264001
586.936264001
586.936264001
586.936264001
586.936264001
586.936264001
586.936264001
586.936264001
586.936264001
586.936264001
586.936264001
586.936264001
586.936264001
586.936264001
586.936264001
586.936264001
586.936264001
586.936264001
586.936264001
586.936264001
586.936264001
586.936264001
586.936264001
586.936264001
586.936264001
586.936264001
586.936264001
586.936264001
586.936264001
586.936264001
586.936264001
586.936264001
586.936264001
586.936264001
586.936264001
586.936264001
586.936264001
586.936264001
586.936264001
586.936264001
586.936264001
586.936264001
586.936264001
586.936264001
586.936264001
586.936264001
586.936264001
586.936264001
586.936264001
586.936264001
586.936264001
586.936264001
586.936264001
586.936264001
586.936264001
586.936264001
586.936264001
586.936264001
586.936264001
586.936264001
586.936264001
586.936264001
586.936264001
586.936264001
586.936264001
586.936264001
586.936264001
586.936264001
586.936264001
586.936264001
586.936264001
586.936264001
586.936264001
586.936264001
586.936264001
586.936264001
586.936264001
586.936264001
586.936264001
586.936264001
586.936264001
586.936264001
586.936264001
586.936264001
586.936264001
586.936264001
586.936264001
586.936264001
586.936264001
586.936264001
586.936264001
586.936264001
586.936264001
586.936264001
586.936264001
586.936264001
586.936264001
586.936264001
586.936264001
586.936264001
586.936264001
586.936264001
586.936264001
586.936264001
586.936264001
586.936264001
586.936264001
586.936264001
586.936264001
586.936264001
586.936264001
586.936264001
586.936264001
586.936264001
586.936264001
586.936264001
586.936264001
586.936264001
586.936264001
586.936264001
586.936264001
586.936264001
586.936264001
586.936264001
586.936264001
586.936264001
586.936264001
586.936264001
586.936264001
586.936264001
586.936264001
586.936264001
586.936264001
586.936264001
586.936264001
586.936264001
586.936264001
586.936264001
586.936264001
586.936264001
586.936264001
586.936264001
586.936264001
586.936264001
586.936264001
586.936264001
586.936264001
586.936264001
586.936264001
586.936264001
586.936264001
586.936264001
586.936264001
586.936264001
586.936264001
586.936264001
586.936264001
586.936264001
586.936264001
586.936264001
586.936264001
586.936264001
586.936264001
586.936264001
586.936264001
586.936264001
586.936264001
586.936264001
586.936264001
586.936264001
586.936264001
586.936264001
586.936264001
586.936264001
586.936264001
586.936264001
586.936264001
586.936264001
586.936264001
586.936264001
586.936264001
586.936264001
586.936264001
586.936264001
586.936264001
586.936264001
586.936264001
586.936264001
586.936264001
586.936264001
586.936264001
586.936264001
586.936264001
586.936264001
586.936264001
586.936264001
586.936264001
586.936264001
586.936264001
586.936264001
586.936264001
586.936264001
586.936264001
586.936264001
586.936264001
586.936264001
586.936264001
586.936264001
586.936264001
586.936264001
586.936264001
586.936264001
586.936264001
586.936264001
586.936264001
586.936264001
586.936264001
586.936264001
586.936264001
586.936264001
586.936264001
586.936264001
586.936264001
586.936264001
586.936264001
586.936264001
586.936264001
586.936264001
586.936264001
586.936264001
586.936264001
586.936264001
586.936264001
586.936264001
586.936264001
586.936264001
586.936264001
586.936264001
586.936264001
586.936264001
586.936264001
586.936264001
586.936264001
586.936264001
586.936264001
586.936264001
586.936264001
586.936264001
586.936264001
586.936264001
586.936264001
586.936264001
586.936264001
586.936264001
586.936264001
586.936264001
586.936264001
586.936264001
586.936264001
586.936264001
586.936264001
586.936264001
586.936264001
586.936264001
586.936264001
586.936264001
586.936264001
586.936264001
586.936264001
586.936264001
586.936264001
586.936264001
586.936264001
586.936264001
586.936264001
586.936264001
586.936264001
586.936264001
586.936264001
586.936264001
586.936264001
586.936264001
586.936264001
586.936264001
586.936264001
586.936264001
586.936264001
586.936264001
586.936264001
586.936264001
585.348679487
585.348679487
585.348679487
585.348679487
585.348679487
585.348679487
585.348679487
585.348679487
585.348679487
585.348679487
585.348679487
585.348679487
585.348679487
585.348679487
585.348679487
585.348679487
585.348679487
585.348679487
585.348679487
585.348679487
585.348679487
585.348679487
585.348679487
585.348679487
585.348679487
585.348679487
585.348679487
585.348679487
585.348679487
585.348679487
585.348679487
585.348679487
585.348679487
585.348679487
585.348679487
585.348679487
585.348679487
585.348679487
585.348679487
585.348679487
585.348679487
585.348679487
585.348679487
585.348679487
585.348679487
585.348679487
585.348679487
585.348679487
585.348679487
585.348679487
585.348679487
585.348679487
585.348679487
585.348679487
585.348679487
585.348679487
585.348679487
585.348679487
585.348679487
585.348679487
585.348679487
585.348679487
585.348679487
585.348679487
585.348679487
585.348679487
585.348679487
585.348679487
585.348679487
585.348679487
585.348679487
585.348679487
585.072322997
585.072322997
585.072322997
585.072322997
585.072322997
585.072322997
585.072322997
585.072322997
585.072322997
585.072322997
585.072322997
585.072322997
585.072322997
585.072322997
585.072322997
585.072322997
585.072322997
585.072322997
585.072322997
585.072322997
585.072322997
585.072322997
585.072322997
585.072322997
585.072322997
585.072322997
585.072322997
585.072322997
585.072322997
585.072322997
585.072322997
585.072322997
585.072322997
585.072322997
585.072322997
585.072322997
585.072322997
585.072322997
585.072322997
585.072322997
585.072322997
585.072322997
585.072322997
585.072322997
585.072322997
585.072322997
585.072322997
585.072322997
585.072322997
585.072322997
585.072322997
585.072322997
585.072322997
585.072322997
585.072322997
585.072322997
585.072322997
585.072322997
585.072322997
585.072322997
585.072322997
585.072322997
585.072322997
585.072322997
585.072322997
585.072322997
585.072322997
585.072322997
585.072322997
585.072322997
585.072322997
585.072322997
585.072322997
585.072322997
585.072322997
585.072322997
585.072322997
585.072322997
585.072322997
585.072322997
585.072322997
585.072322997
585.072322997
585.072322997
585.072322997
585.072322997
585.072322997
585.072322997
585.072322997
585.072322997
585.072322997
585.072322997
585.072322997
585.072322997
585.072322997
585.072322997
585.072322997
585.072322997
585.072322997
585.072322997
585.072322997
585.072322997
585.072322997
585.072322997
585.072322997
585.072322997
585.072322997
585.072322997
585.072322997
585.072322997
585.072322997
585.072322997
585.072322997
585.072322997
585.072322997
585.072322997
585.072322997
585.072322997
585.072322997
585.072322997
585.072322997
585.072322997
585.072322997
585.072322997
585.072322997
585.072322997
585.072322997
585.072322997
585.072322997
585.072322997
585.072322997
585.072322997
585.072322997
585.072322997
585.072322997
585.072322997
585.072322997
585.072322997
585.072322997
585.072322997
585.072322997
585.072322997
585.072322997
585.072322997
585.072322997
585.072322997
585.072322997
585.072322997
585.072322997
585.072322997
585.072322997
585.072322997
585.072322997
585.072322997
585.072322997
585.072322997
585.072322997
585.072322997
585.072322997
585.072322997
585.072322997
585.072322997
585.072322997
585.072322997
585.072322997
585.072322997
585.072322997
585.072322997
585.072322997
585.072322997
585.072322997
585.072322997
585.072322997
585.072322997
585.072322997
585.072322997
585.072322997
585.072322997
585.072322997
585.072322997
585.072322997
585.072322997
585.072322997
585.072322997
585.072322997
585.072322997
585.072322997
585.072322997
585.072322997
585.072322997
585.072322997
585.072322997
585.072322997
585.072322997
585.072322997
585.072322997
585.072322997
585.072322997
585.072322997
585.072322997
585.072322997
585.072322997
585.072322997
585.072322997
585.072322997
585.072322997
585.072322997
585.072322997
585.072322997
585.072322997
585.072322997
585.072322997
585.072322997
585.072322997
585.072322997
585.072322997
585.072322997
585.072322997
585.072322997
585.072322997
585.072322997
585.072322997
585.072322997
585.072322997
585.072322997
585.072322997
585.072322997
585.072322997
585.072322997
585.072322997
585.072322997
585.072322997
585.072322997
585.072322997
585.072322997
585.072322997
585.072322997
585.072322997
585.072322997
585.072322997
585.072322997
585.072322997
585.072322997
585.072322997
585.072322997
585.072322997
585.072322997
585.072322997
585.072322997
585.072322997
585.072322997
585.072322997
585.072322997
585.072322997
585.072322997
585.072322997
585.072322997
585.072322997
585.072322997
585.072322997
585.072322997
585.072322997
585.072322997
585.072322997
585.072322997
585.072322997
585.072322997
585.072322997
585.072322997
585.072322997
585.072322997
585.072322997
585.072322997
585.072322997
585.072322997
585.072322997
585.072322997
585.072322997
585.072322997
585.072322997
585.072322997
585.072322997
585.072322997
585.072322997
585.072322997
585.072322997
585.072322997
585.072322997
585.072322997
585.072322997
585.072322997
585.072322997
585.072322997
585.072322997
585.072322997
585.072322997
585.072322997
585.072322997
585.072322997
585.072322997
585.072322997
585.072322997
585.072322997
585.072322997
585.072322997
585.072322997
585.072322997
585.072322997
585.072322997
585.072322997
585.072322997
585.072322997
585.072322997
585.072322997
585.072322997
585.072322997
585.072322997
585.072322997
585.072322997
585.072322997
585.072322997
585.072322997
585.072322997
585.072322997
585.072322997
585.072322997
585.072322997
585.072322997
585.072322997
585.072322997
585.072322997
585.072322997
585.072322997
585.072322997
585.072322997
585.072322997
585.072322997
585.072322997
585.072322997
585.072322997
585.072322997
585.072322997
585.072322997
585.072322997
585.072322997
585.072322997
585.072322997
585.072322997
585.072322997
585.072322997
585.072322997
585.072322997
585.072322997
585.072322997
585.072322997
585.072322997
585.072322997
585.072322997
585.072322997
585.072322997
585.072322997
585.072322997
585.072322997
585.072322997
585.072322997
585.072322997
585.072322997
585.072322997
585.072322997
585.072322997
585.072322997
585.072322997
585.072322997
585.072322997
585.072322997
585.072322997
585.072322997
585.072322997
585.072322997
585.072322997
585.072322997
585.072322997
585.072322997
585.072322997
585.072322997
585.072322997
585.072322997
585.072322997
585.072322997
585.072322997
585.072322997
585.072322997
585.072322997
585.072322997
585.072322997
585.072322997
585.072322997
585.072322997
585.072322997
585.072322997
585.072322997
585.072322997
585.072322997
585.072322997
585.072322997
585.072322997
585.072322997
585.072322997
585.072322997
585.072322997
585.072322997
585.072322997
585.072322997
585.072322997
585.072322997
585.072322997
585.072322997
585.072322997
585.072322997
585.072322997
585.072322997
585.072322997
585.072322997
585.072322997
585.072322997
585.072322997
585.072322997
585.072322997
585.072322997
585.072322997
585.072322997
585.072322997
585.072322997
585.072322997
585.072322997
585.072322997
585.072322997
585.072322997
585.072322997
585.072322997
585.072322997
585.072322997
585.072322997
585.072322997
585.072322997
585.072322997
585.072322997
585.072322997
585.072322997
585.072322997
585.072322997
585.072322997
585.072322997
585.072322997
585.072322997
585.072322997
585.072322997
585.072322997
585.072322997
585.072322997
585.072322997
585.072322997
585.072322997
585.072322997
585.072322997
585.072322997
585.072322997
585.072322997
585.072322997
585.072322997
585.072322997
585.072322997
585.072322997
585.072322997
585.072322997
585.072322997
585.072322997
585.072322997
585.072322997
585.072322997
585.072322997
585.072322997
585.072322997
585.072322997
585.072322997
585.072322997
585.072322997
585.072322997
585.072322997
585.072322997
585.072322997
585.072322997
585.072322997
585.072322997
585.072322997
585.072322997
585.072322997
585.072322997
585.072322997
585.072322997
585.072322997
585.072322997
585.072322997
585.072322997
585.072322997
585.072322997
585.072322997
585.072322997
585.072322997
585.072322997
585.072322997
585.072322997
585.072322997
585.072322997
585.072322997
585.072322997
585.072322997
585.072322997
585.072322997
585.072322997
585.072322997
585.072322997
585.072322997
585.072322997
585.072322997
585.072322997
585.072322997
585.072322997
585.072322997
585.072322997
585.072322997
585.072322997
585.072322997
585.072322997
585.072322997
585.072322997
585.072322997
585.072322997
585.072322997
585.072322997
585.072322997
585.072322997
585.072322997
585.072322997
585.072322997
585.072322997
585.072322997
585.072322997
585.072322997
585.072322997
585.072322997
585.072322997
585.072322997
585.072322997
585.072322997
585.072322997
585.072322997
585.072322997
585.072322997
585.072322997
585.072322997
585.072322997
585.072322997
585.072322997
585.072322997
585.072322997
585.072322997
585.072322997
585.072322997
585.072322997
585.072322997
585.072322997
585.072322997
585.072322997
585.072322997
585.072322997
585.072322997
585.072322997
585.072322997
585.072322997
585.072322997
585.072322997
585.072322997
585.072322997
585.072322997
585.072322997
585.072322997
585.072322997
585.072322997
585.072322997
585.072322997
585.072322997
585.072322997
585.072322997
585.072322997
585.072322997
585.072322997
585.072322997
585.072322997
585.072322997
585.072322997
585.072322997
585.072322997
585.072322997
585.072322997
585.072322997
585.072322997
585.072322997
585.072322997
585.072322997
585.072322997
585.072322997
585.072322997
585.072322997
585.072322997
585.072322997
585.072322997
585.072322997
585.072322997
585.072322997
585.072322997
585.072322997
585.072322997
585.072322997
585.072322997
585.072322997
585.072322997
585.072322997
585.072322997
585.072322997
585.072322997
585.072322997
585.072322997
585.072322997
585.072322997
585.072322997
585.072322997
585.072322997
585.072322997
585.072322997
585.072322997
585.072322997
585.072322997
585.072322997
585.072322997
585.072322997
585.072322997
585.072322997
585.072322997
585.072322997
585.072322997
585.072322997
585.072322997
585.072322997
585.072322997
585.072322997
585.072322997
585.072322997
585.072322997
585.072322997
585.072322997
585.072322997
585.072322997
585.072322997
585.072322997
585.072322997
585.072322997
585.072322997
585.072322997
585.072322997
585.072322997
585.072322997
585.072322997
585.072322997
585.072322997
585.072322997
585.072322997
585.072322997
585.072322997
585.072322997
585.072322997
585.072322997
585.072322997
585.072322997
585.072322997
585.072322997
573.431483289
573.431483289
573.431483289
573.431483289
573.431483289
573.431483289
573.431483289
573.431483289
573.431483289
573.431483289
573.431483289
573.431483289
573.431483289
573.431483289
573.431483289
573.431483289
573.431483289
573.431483289
573.431483289
573.431483289
573.431483289
573.431483289
573.431483289
570.401779051
570.401779051
570.401779051
570.401779051
570.401779051
570.401779051
570.401779051
570.401779051
570.401779051
570.401779051
570.401779051
570.401779051
570.401779051
570.401779051
570.401779051
570.401779051
570.401779051
570.401779051
570.401779051
570.401779051
570.401779051
570.401779051
570.401779051
570.401779051
570.401779051
570.401779051
570.401779051
570.401779051
570.401779051
570.401779051
570.401779051
570.401779051
570.401779051
570.401779051
570.401779051
570.401779051
570.401779051
570.401779051
570.401779051
570.401779051
570.401779051
570.401779051
570.401779051
570.401779051
570.401779051
570.401779051
570.401779051
570.401779051
570.401779051
570.401779051
570.401779051
570.401779051
570.401779051
570.401779051
570.401779051
570.401779051
570.401779051
567.31346005
567.31346005
567.31346005
567.31346005
567.31346005
567.31346005
567.31346005
567.31346005
567.31346005
567.31346005
567.31346005
567.31346005
567.31346005
567.31346005
567.31346005
567.31346005
567.31346005
567.31346005
567.31346005
567.31346005
567.31346005
567.31346005
567.31346005
567.31346005
567.31346005
567.31346005
567.31346005
567.31346005
567.31346005
567.31346005
567.31346005
567.31346005
567.31346005
567.31346005
567.31346005
567.31346005
567.31346005
567.31346005
567.31346005
567.31346005
567.31346005
567.31346005
567.31346005
567.31346005
567.31346005
567.31346005
567.31346005
567.31346005
567.31346005
567.31346005
567.31346005
567.31346005
567.31346005
564.368848073
564.368848073
564.368848073
564.368848073
564.368848073
564.368848073
564.368848073
564.368848073
564.368848073
564.368848073
564.368848073
564.368848073
564.368848073
564.368848073
564.368848073
564.368848073
564.368848073
564.368848073
564.368848073
564.368848073
564.368848073
564.368848073
564.368848073
564.368848073
564.368848073
564.368848073
564.368848073
564.368848073
564.368848073
564.368848073
564.368848073
564.368848073
564.368848073
564.368848073
564.368848073
564.368848073
564.368848073
564.368848073
564.368848073
564.368848073
564.368848073
564.368848073
564.368848073
564.368848073
564.368848073
564.368848073
564.368848073
564.368848073
564.368848073
564.368848073
564.368848073
564.368848073
564.368848073
564.368848073
564.368848073
564.368848073
564.368848073
564.368848073
564.368848073
564.368848073
564.368848073
564.368848073
564.368848073
564.368848073
564.368848073
564.368848073
564.368848073
564.368848073
564.368848073
564.368848073
564.368848073
564.368848073
564.368848073
564.368848073
564.368848073
564.368848073
564.368848073
564.368848073
564.368848073
564.368848073
564.368848073
564.368848073
564.368848073
564.368848073
564.368848073
564.368848073
564.368848073
564.368848073
564.368848073
564.368848073
564.368848073
564.368848073
564.368848073
564.368848073
564.368848073
564.368848073
564.368848073
564.368848073
564.368848073
564.368848073
564.368848073
564.368848073
564.368848073
564.368848073
564.368848073
564.368848073
564.368848073
564.368848073
564.368848073
564.368848073
564.368848073
564.368848073
564.368848073
564.368848073
564.368848073
564.368848073
564.368848073
564.368848073
564.368848073
564.368848073
564.368848073
564.368848073
564.368848073
564.368848073
564.368848073
564.368848073
564.368848073
564.368848073
564.368848073
564.368848073
564.368848073
564.368848073
564.368848073
564.368848073
564.368848073
564.368848073
564.368848073
564.368848073
564.368848073
564.368848073
560.080942008
560.080942008
560.080942008
560.080942008
560.080942008
560.080942008
560.080942008
560.080942008
560.080942008
560.080942008
560.080942008
560.080942008
560.080942008
560.080942008
560.080942008
560.080942008
560.080942008
560.080942008
560.080942008
560.080942008
560.080942008
560.080942008
560.080942008
560.080942008
560.080942008
560.080942008
560.080942008
560.080942008
560.080942008
560.080942008
560.080942008
560.080942008
560.080942008
560.080942008
560.080942008
560.080942008
560.080942008
560.080942008
560.080942008
560.080942008
560.080942008
560.080942008
560.080942008
560.080942008
560.080942008
560.080942008
560.080942008
560.080942008
560.080942008
560.080942008
560.080942008
560.080942008
560.080942008
560.080942008
560.080942008
560.080942008
560.080942008
560.080942008
560.080942008
560.080942008
560.080942008
560.080942008
560.080942008
560.080942008
560.080942008
560.080942008
560.080942008
560.080942008
560.080942008
560.080942008
560.080942008
560.080942008
560.080942008
560.080942008
560.080942008
560.080942008
560.080942008
560.080942008
560.080942008
560.080942008
560.080942008
560.080942008
560.080942008
560.080942008
560.080942008
560.080942008
560.080942008
560.080942008
560.080942008
560.080942008
560.080942008
560.080942008
560.080942008
560.080942008
560.080942008
560.080942008
560.080942008
560.080942008
560.080942008
560.080942008
557.0211344
557.0211344
557.0211344
557.0211344
557.0211344
557.0211344
557.0211344
557.0211344
557.0211344
557.0211344
557.0211344
557.0211344
557.0211344
557.0211344
557.0211344
557.0211344
557.0211344
557.0211344
557.0211344
557.0211344
557.0211344
557.0211344
557.0211344
557.0211344
557.0211344
557.0211344
557.0211344
557.0211344
557.0211344
557.0211344
557.0211344
557.0211344
557.0211344
557.0211344
557.0211344
557.0211344
557.0211344
557.0211344
557.0211344
557.0211344
557.0211344
557.0211344
557.0211344
557.0211344
557.0211344
557.0211344
557.0211344
557.0211344
557.0211344
557.0211344
557.0211344
557.0211344
557.0211344
557.0211344
557.0211344
557.0211344
557.0211344
557.0211344
557.0211344
557.0211344
557.0211344
557.0211344
557.0211344
557.0211344
557.0211344
557.0211344
557.0211344
557.0211344
557.0211344
557.0211344
557.0211344
557.0211344
557.0211344
557.0211344
557.0211344
557.0211344
557.0211344
557.0211344
557.0211344
557.0211344
557.0211344
557.0211344
557.0211344
557.0211344
557.0211344
557.0211344
557.0211344
557.0211344
557.0211344
557.0211344
557.0211344
557.0211344
557.0211344
557.0211344
557.0211344
557.0211344
557.0211344
557.0211344
557.0211344
557.0211344
557.0211344
557.0211344
557.0211344
557.0211344
557.0211344
557.0211344
557.0211344
557.0211344
557.0211344
557.0211344
557.0211344
557.0211344
557.0211344
557.0211344
557.0211344
557.0211344
557.0211344
557.0211344
557.0211344
557.0211344
557.0211344
557.0211344
557.0211344
557.0211344
557.0211344
557.0211344
557.0211344
557.0211344
557.0211344
557.0211344
557.0211344
557.0211344
557.0211344
557.0211344
557.0211344
557.0211344
557.0211344
557.0211344
557.0211344
557.0211344
557.0211344
557.0211344
557.0211344
557.0211344
557.0211344
557.0211344
557.0211344
557.0211344
557.0211344
557.0211344
557.0211344
557.0211344
557.0211344
557.0211344
557.0211344
557.0211344
557.0211344
557.0211344
557.0211344
557.0211344
557.0211344
557.0211344
557.0211344
557.0211344
557.0211344
557.0211344
557.0211344
557.0211344
557.0211344
557.0211344
557.0211344
557.0211344
557.0211344
557.0211344
557.0211344
557.0211344
557.0211344
557.0211344
557.0211344
557.0211344
557.0211344
557.0211344
557.0211344
557.0211344
557.0211344
557.0211344
557.0211344
557.0211344
557.0211344
557.0211344
557.0211344
557.0211344
557.0211344
557.0211344
557.0211344
557.0211344
557.0211344
557.0211344
557.0211344
547.528052972
547.528052972
547.528052972
547.528052972
547.528052972
547.528052972
547.528052972
547.528052972
547.528052972
547.528052972
547.528052972
547.528052972
547.528052972
547.528052972
547.528052972
547.528052972
547.528052972
547.528052972
547.528052972
547.528052972
547.528052972
547.528052972
547.528052972
547.528052972
547.528052972
547.528052972
547.528052972
547.528052972
547.528052972
547.528052972
547.528052972
547.528052972
547.528052972
547.528052972
547.528052972
547.528052972
547.528052972
547.528052972
547.528052972
547.528052972
547.528052972
547.528052972
547.528052972
547.528052972
547.528052972
547.528052972
547.528052972
547.528052972
547.528052972
547.528052972
547.528052972
547.528052972
547.528052972
547.528052972
547.528052972
547.528052972
547.528052972
547.528052972
547.528052972
547.528052972
547.528052972
547.528052972
547.528052972
547.528052972
547.528052972
547.528052972
547.528052972
547.528052972
547.528052972
547.528052972
547.528052972
547.528052972
547.528052972
547.528052972
547.528052972
547.528052972
547.528052972
547.528052972
547.528052972
547.528052972
547.528052972
547.528052972
547.528052972
547.528052972
547.528052972
547.528052972
547.528052972
547.528052972
547.528052972
547.528052972
547.528052972
547.528052972
547.528052972
547.528052972
547.528052972
547.528052972
547.528052972
547.528052972
547.528052972
547.528052972
547.528052972
547.528052972
547.528052972
547.528052972
547.528052972
547.528052972
547.528052972
547.528052972
547.528052972
547.528052972
547.528052972
547.528052972
547.528052972
547.528052972
547.528052972
547.528052972
547.528052972
547.528052972
547.528052972
547.528052972
547.528052972
547.528052972
547.528052972
547.528052972
547.528052972
547.528052972
547.528052972
547.528052972
547.528052972
547.528052972
547.528052972
547.528052972
547.528052972
547.528052972
547.528052972
547.528052972
547.528052972
547.528052972
547.528052972
547.528052972
547.528052972
547.528052972
547.528052972
547.528052972
547.528052972
547.528052972
547.528052972
547.528052972
547.528052972
547.528052972
547.528052972
547.528052972
547.528052972
547.528052972
547.528052972
547.528052972
547.528052972
547.528052972
547.528052972
547.528052972
547.528052972
547.528052972
547.528052972
547.528052972
547.528052972
547.528052972
547.528052972
547.528052972
547.528052972
547.528052972
547.528052972
547.528052972
547.528052972
547.528052972
547.528052972
547.528052972
547.528052972
547.528052972
547.528052972
547.528052972
547.528052972
547.528052972
547.528052972
547.528052972
547.528052972
547.528052972
547.528052972
547.528052972
547.528052972
547.528052972
547.528052972
547.528052972
547.528052972
547.528052972
547.528052972
547.528052972
547.528052972
547.528052972
547.528052972
547.528052972
547.528052972
547.528052972
547.528052972
547.528052972
547.528052972
547.528052972
547.528052972
547.528052972
547.528052972
547.528052972
547.528052972
547.528052972
547.528052972
547.528052972
547.528052972
547.528052972
547.528052972
547.528052972
547.528052972
547.528052972
547.528052972
547.528052972
547.528052972
547.528052972
547.528052972
547.528052972
547.528052972
547.528052972
547.528052972
547.528052972
547.528052972
547.528052972
547.528052972
547.528052972
547.528052972
547.528052972
547.528052972
547.528052972
547.528052972
547.528052972
547.528052972
547.528052972
547.528052972
547.528052972
547.528052972
547.528052972
547.528052972
547.528052972
547.528052972
547.528052972
547.528052972
547.528052972
547.528052972
547.528052972
547.528052972
547.528052972
547.528052972
547.528052972
547.528052972
547.528052972
547.528052972
547.528052972
547.528052972
547.528052972
547.528052972
547.528052972
547.528052972
547.528052972
547.528052972
547.528052972
547.528052972
547.528052972
547.528052972
547.528052972
547.528052972
547.528052972
547.528052972
547.528052972
547.528052972
547.528052972
547.528052972
547.528052972
547.528052972
547.528052972
547.528052972
547.528052972
547.528052972
547.528052972
547.528052972
547.528052972
547.528052972
547.528052972
547.528052972
547.528052972
547.528052972
547.528052972
547.528052972
547.528052972
547.528052972
547.528052972
547.528052972
547.528052972
547.528052972
547.528052972
547.528052972
547.528052972
547.528052972
547.528052972
547.528052972
547.528052972
547.528052972
547.528052972
547.528052972
547.528052972
547.528052972
547.528052972
547.528052972
547.528052972
547.528052972
547.528052972
547.528052972
547.528052972
547.528052972
547.528052972
547.528052972
547.528052972
547.528052972
547.528052972
547.528052972
547.528052972
547.528052972
547.528052972
547.528052972
547.528052972
547.528052972
547.528052972
547.528052972
547.528052972
547.528052972
547.528052972
547.528052972
547.528052972
547.528052972
547.528052972
547.528052972
547.528052972
547.528052972
547.528052972
547.528052972
547.528052972
547.528052972
547.528052972
547.528052972
547.528052972
547.528052972
547.528052972
547.528052972
547.528052972
547.528052972
547.528052972
547.528052972
547.528052972
547.528052972
547.528052972
547.528052972
547.528052972
547.528052972
547.528052972
547.528052972
547.528052972
547.528052972
547.528052972
547.528052972
547.528052972
547.528052972
547.528052972
547.528052972
547.528052972
547.528052972
547.528052972
547.528052972
547.528052972
547.528052972
547.528052972
547.528052972
547.528052972
547.528052972
547.528052972
547.528052972
547.528052972
547.528052972
547.528052972
547.528052972
547.528052972
547.528052972
547.528052972
547.528052972
547.528052972
547.528052972
547.528052972
547.528052972
547.528052972
547.528052972
547.528052972
547.528052972
547.528052972
547.528052972
547.528052972
547.528052972
547.528052972
547.528052972
547.528052972
547.528052972
547.528052972
547.528052972
547.528052972
547.528052972
547.528052972
547.528052972
547.528052972
547.528052972
547.528052972
547.528052972
547.528052972
547.528052972
547.528052972
547.528052972
547.528052972
547.528052972
547.528052972
547.528052972
547.528052972
547.528052972
547.528052972
547.528052972
547.528052972
547.528052972
547.528052972
547.528052972
547.528052972
547.528052972
547.528052972
547.528052972
547.528052972
547.528052972
547.528052972
547.528052972
547.528052972
547.528052972
547.528052972
547.528052972
547.528052972
547.528052972
547.528052972
547.528052972
547.528052972
547.528052972
547.528052972
547.528052972
547.528052972
