1671.73364495
1671.73364495
1671.73364495
1671.73364495
1661.29505242
1661.29505242
1661.29505242
1631.52030345
1631.52030345
1609.72381254
1578.72396294
1578.72396294
1578.72396294
1578.72396294
1578.72396294
1578.72396294
1578.72396294
1578.72396294
1571.95961674
1571.95961674
1571.95961674
1571.95961674
1529.58912479
1493.58984498
1490.26281761
1490.26281761
1476.09968863
1468.87177207
1468.87177207
1447.80742077
1447.80742077
1447.80742077
1398.61785718
1398.61785718
1398.61785718
1398.61785718
1398.61785718
1398.61785718
1398.61785718
1398.61785718
1398.61785718
1398.61785718
1382.59219863
1382.59219863
1378.6663032
1378.6663032
1378.6663032
1378.6663032
1378.6663032
1378.6663032
1378.6663032
1378.6663032
1362.85036314
1343.11849549
1343.11849549
1343.11849549
1303.71149507
1292.75336517
1292.75336517
1292.75336517
1292.75336517
1285.97663798
1232.52441136
1208.54030702
1208.54030702
1208.54030702
1208.54030702
1208.54030702
1208.54030702
1208.54030702
1208.54030702
1208.54030702
1208.54030702
1196.70380654
1176.87898583
1176.87898583
1176.87898583
1176.87898583
1171.07806543
1171.07806543
1171.07806543
1171.07806543
1171.07806543
1171.07806543
1171.07806543
1171.07806543
1171.07806543
1162.7253458
1162.7253458
1162.7253458
1162.7253458
1162.7253458
1162.7253458
1162.7253458
1162.7253458
1162.7253458
1162.7253458
1162.7253458
1162.7253458
1162.7253458
1162.7253458
1162.7253458
1162.7253458
1145.69976562
1145.69976562
1110.83062096
1110.83062096
1110.83062096
1110.83062096
1110.83062096
1110.83062096
1110.83062096
1110.83062096
1110.83062096
1110.83062096
1110.83062096
1110.83062096
1110.83062096
1110.83062096
1110.83062096
1110.83062096
1110.83062096
1110.83062096
1075.66330465
1075.66330465
1075.66330465
1075.66330465
1075.66330465
1075.66330465
1075.66330465
1075.66330465
1065.58416522
1065.58416522
1065.58416522
1065.58416522
1065.58416522
1065.58416522
1065.58416522
1065.58416522
1065.58416522
1065.58416522
1065.58416522
1043.60297657
1043.60297657
1043.60297657
1043.60297657
1043.60297657
1031.53811579
1031.53811579
1031.53811579
1031.53811579
1031.53811579
1031.53811579
1031.53811579
1031.53811579
1031.53811579
1031.53811579
1031.53811579
1028.53856115
1028.53856115
1027.58649521
1027.58649521
1026.32608771
1026.32608771
1026.32608771
1026.32608771
1026.32608771
1026.32608771
1026.32608771
1026.32608771
1026.32608771
1024.62400551
1024.62400551
1024.62400551
1024.62400551
1024.62400551
1024.62400551
1024.62400551
1024.62400551
1024.62400551
1024.62400551
1024.62400551
1021.38446073
1021.38446073
1021.38446073
979.763075334
979.763075334
979.763075334
979.763075334
979.763075334
979.763075334
977.530291935
977.530291935
977.530291935
977.530291935
965.639084106
965.639084106
965.639084106
965.639084106
965.639084106
965.639084106
965.639084106
965.639084106
965.639084106
965.639084106
965.639084106
965.639084106
965.639084106
965.639084106
965.639084106
965.639084106
965.639084106
955.179733009
955.179733009
955.179733009
955.179733009
955.179733009
955.179733009
955.179733009
955.179733009
955.179733009
955.179733009
955.179733009
955.179733009
955.179733009
955.179733009
955.179733009
955.179733009
955.179733009
955.179733009
955.179733009
955.179733009
955.179733009
955.179733009
955.179733009
955.179733009
955.179733009
955.179733009
955.179733009
955.179733009
955.179733009
955.179733009
955.179733009
955.179733009
955.179733009
955.179733009
955.179733009
955.179733009
955.179733009
944.082998889
944.082998889
944.082998889
944.082998889
944.082998889
944.082998889
944.082998889
944.082998889
940.098756935
940.098756935
940.098756935
940.098756935
940.098756935
940.098756935
940.098756935
940.098756935
940.098756935
931.554985801
931.554985801
925.969977298
925.969977298
925.969977298
925.969977298
925.969977298
925.969977298
925.969977298
903.910707504
903.910707504
903.910707504
903.910707504
903.910707504
903.910707504
903.910707504
903.910707504
903.910707504
903.910707504
903.910707504
903.910707504
903.910707504
903.910707504
903.910707504
903.910707504
903.910707504
903.910707504
903.910707504
903.910707504
903.910707504
903.910707504
903.910707504
903.910707504
903.910707504
903.910707504
903.910707504
903.910707504
903.910707504
903.910707504
903.910707504
903.910707504
903.910707504
903.910707504
885.552332712
885.552332712
885.552332712
885.552332712
885.552332712
885.552332712
885.552332712
885.552332712
869.881665228
869.881665228
869.881665228
856.170981396
856.170981396
856.170981396
856.170981396
856.170981396
856.170981396
856.170981396
856.170981396
856.170981396
856.170981396
856.170981396
855.929501006
855.929501006
855.929501006
855.929501006
855.929501006
855.929501006
855.929501006
855.929501006
855.929501006
855.929501006
855.929501006
855.929501006
855.929501006
855.929501006
855.929501006
855.929501006
855.929501006
855.929501006
855.929501006
855.929501006
855.929501006
855.929501006
855.929501006
855.929501006
855.929501006
855.929501006
855.929501006
855.929501006
839.619187177
839.619187177
839.619187177
839.619187177
839.619187177
839.619187177
839.619187177
839.619187177
839.619187177
839.619187177
839.619187177
839.619187177
839.619187177
838.039520064
838.039520064
838.039520064
838.039520064
838.039520064
838.039520064
838.039520064
838.039520064
838.039520064
838.039520064
838.039520064
838.039520064
838.039520064
838.039520064
838.039520064
838.039520064
838.039520064
838.039520064
838.039520064
838.039520064
830.822789884
830.822789884
830.822789884
830.822789884
830.822789884
830.822789884
830.822789884
830.822789884
830.822789884
830.822789884
830.822789884
830.822789884
830.822789884
830.822789884
830.822789884
830.822789884
830.822789884
830.822789884
830.822789884
830.822789884
830.822789884
830.822789884
830.822789884
830.822789884
827.673984211
827.673984211
826.469601748
826.469601748
826.469601748
825.241230995
825.241230995
825.241230995
825.241230995
825.241230995
825.241230995
825.241230995
825.241230995
817.992895005
817.992895005
817.992895005
817.992895005
817.992895005
817.992895005
817.992895005
817.992895005
817.992895005
817.992895005
817.992895005
817.992895005
817.992895005
817.992895005
817.992895005
817.992895005
817.992895005
817.992895005
817.992895005
817.992895005
816.583148941
816.583148941
816.583148941
811.077207358
811.077207358
811.077207358
811.077207358
811.077207358
811.077207358
811.077207358
811.077207358
811.077207358
811.077207358
811.077207358
811.077207358
811.077207358
797.73287825
797.73287825
797.73287825
797.73287825
797.73287825
797.73287825
797.73287825
797.73287825
797.73287825
797.73287825
797.73287825
797.73287825
797.73287825
797.73287825
796.205712267
796.205712267
796.205712267
796.205712267
796.205712267
796.205712267
796.205712267
796.205712267
796.205712267
796.205712267
796.205712267
791.247035177
791.247035177
791.247035177
791.247035177
791.247035177
791.247035177
791.247035177
791.247035177
791.247035177
791.247035177
791.247035177
791.247035177
791.247035177
791.247035177
791.200981389
791.200981389
791.200981389
791.200981389
791.200981389
791.200981389
791.200981389
791.200981389
791.200981389
791.200981389
791.200981389
780.350627743
780.350627743
780.350627743
780.350627743
780.350627743
780.350627743
780.350627743
780.350627743
780.350627743
780.350627743
780.350627743
780.350627743
780.350627743
780.350627743
780.350627743
780.350627743
780.350627743
780.350627743
780.350627743
780.350627743
780.350627743
780.350627743
780.350627743
780.350627743
780.350627743
780.350627743
780.350627743
780.350627743
780.350627743
780.350627743
780.350627743
780.350627743
780.350627743
780.350627743
780.350627743
780.350627743
780.350627743
780.350627743
780.350627743
780.350627743
780.350627743
780.350627743
780.350627743
780.350627743
780.350627743
780.350627743
780.350627743
774.068148956
774.068148956
774.068148956
774.068148956
774.068148956
774.068148956
774.068148956
774.068148956
774.068148956
774.068148956
774.068148956
774.068148956
774.068148956
774.068148956
774.068148956
774.068148956
774.068148956
774.068148956
774.068148956
774.068148956
774.068148956
774.068148956
774.068148956
774.068148956
774.068148956
774.068148956
774.068148956
774.068148956
774.068148956
774.068148956
774.068148956
774.068148956
774.068148956
774.068148956
774.068148956
774.068148956
774.068148956
774.068148956
774.068148956
774.068148956
774.068148956
774.068148956
774.068148956
774.068148956
774.068148956
774.068148956
774.068148956
774.068148956
772.397585275
772.397585275
772.397585275
772.397585275
772.397585275
772.397585275
772.397585275
772.397585275
772.397585275
772.397585275
772.397585275
772.397585275
772.397585275
772.397585275
772.397585275
772.397585275
772.397585275
772.397585275
772.397585275
772.397585275
772.397585275
772.397585275
772.397585275
772.397585275
772.397585275
772.397585275
772.397585275
772.397585275
772.397585275
772.397585275
765.31098409
765.31098409
765.31098409
765.31098409
765.31098409
760.589173845
760.589173845
760.589173845
760.589173845
760.589173845
760.589173845
760.589173845
760.589173845
760.589173845
760.589173845
760.589173845
744.965355097
744.965355097
744.965355097
744.965355097
744.965355097
744.965355097
744.965355097
744.965355097
744.965355097
744.965355097
744.965355097
744.965355097
744.965355097
744.965355097
744.965355097
744.965355097
744.965355097
744.965355097
744.965355097
744.965355097
744.965355097
744.965355097
744.965355097
744.965355097
744.965355097
744.965355097
744.965355097
744.965355097
744.965355097
744.965355097
744.965355097
744.965355097
744.965355097
744.965355097
744.965355097
744.965355097
744.965355097
744.965355097
744.965355097
744.965355097
744.965355097
744.965355097
744.965355097
744.965355097
744.965355097
744.965355097
744.965355097
744.965355097
744.965355097
744.965355097
744.965355097
744.965355097
744.965355097
744.965355097
744.965355097
744.965355097
744.965355097
744.965355097
744.965355097
744.965355097
744.965355097
744.965355097
744.965355097
744.965355097
744.965355097
744.965355097
744.965355097
744.084839452
744.084839452
744.084839452
744.084839452
744.084839452
744.084839452
744.084839452
744.084839452
744.084839452
744.084839452
744.084839452
744.084839452
744.084839452
744.084839452
744.084839452
744.084839452
744.084839452
744.084839452
744.084839452
744.084839452
744.084839452
744.084839452
744.084839452
744.084839452
744.084839452
744.084839452
744.084839452
744.084839452
744.084839452
744.084839452
744.084839452
744.084839452
744.084839452
744.084839452
744.084839452
744.084839452
744.084839452
744.084839452
744.084839452
744.084839452
744.084839452
744.084839452
744.084839452
744.084839452
744.084839452
744.084839452
744.084839452
744.084839452
744.084839452
744.084839452
744.084839452
744.084839452
744.084839452
744.084839452
744.084839452
731.314376105
731.314376105
731.314376105
731.314376105
731.314376105
731.314376105
731.314376105
731.314376105
731.314376105
731.314376105
731.314376105
731.314376105
731.314376105
731.314376105
731.314376105
731.314376105
731.314376105
731.314376105
731.314376105
731.314376105
731.314376105
731.314376105
731.314376105
731.314376105
731.314376105
731.314376105
731.314376105
731.314376105
731.314376105
731.314376105
731.314376105
731.314376105
731.314376105
731.314376105
731.314376105
731.314376105
731.314376105
731.314376105
731.314376105
731.314376105
731.314376105
731.314376105
731.314376105
731.314376105
731.314376105
731.314376105
731.314376105
731.314376105
731.314376105
731.314376105
731.314376105
731.314376105
731.314376105
731.314376105
731.314376105
731.314376105
731.314376105
731.314376105
731.314376105
731.314376105
731.314376105
731.314376105
731.314376105
731.314376105
731.314376105
731.314376105
731.314376105
731.314376105
731.314376105
731.314376105
731.314376105
731.314376105
731.314376105
731.314376105
731.314376105
731.314376105
731.314376105
731.314376105
731.314376105
731.314376105
731.314376105
731.314376105
731.314376105
731.314376105
731.314376105
731.314376105
731.314376105
731.314376105
731.314376105
731.314376105
731.314376105
731.314376105
731.314376105
731.314376105
731.314376105
731.314376105
731.314376105
731.314376105
731.314376105
731.314376105
731.314376105
730.324083708
730.324083708
730.324083708
730.324083708
730.324083708
730.324083708
730.324083708
730.324083708
730.324083708
730.324083708
730.324083708
730.324083708
730.324083708
730.324083708
730.324083708
730.324083708
730.324083708
730.324083708
730.324083708
730.324083708
730.324083708
722.350269802
722.350269802
722.350269802
722.350269802
722.350269802
722.350269802
722.350269802
722.350269802
722.350269802
722.350269802
722.350269802
722.350269802
722.350269802
722.350269802
722.350269802
722.350269802
722.350269802
722.350269802
722.350269802
722.350269802
722.350269802
722.350269802
722.350269802
722.350269802
722.350269802
722.350269802
722.350269802
722.350269802
722.350269802
722.350269802
722.350269802
722.350269802
722.350269802
722.350269802
722.350269802
722.350269802
722.350269802
722.350269802
722.350269802
722.350269802
722.350269802
722.350269802
722.350269802
722.350269802
722.350269802
722.350269802
722.350269802
722.350269802
722.350269802
722.350269802
722.350269802
722.350269802
722.350269802
722.350269802
722.350269802
722.350269802
722.350269802
722.350269802
722.350269802
722.350269802
722.350269802
722.350269802
722.350269802
722.350269802
722.350269802
722.350269802
722.350269802
722.350269802
722.350269802
722.350269802
722.350269802
722.350269802
722.350269802
722.350269802
722.350269802
708.339450537
708.339450537
708.339450537
708.339450537
708.339450537
708.339450537
708.339450537
708.339450537
708.339450537
708.339450537
708.339450537
708.339450537
708.339450537
708.339450537
708.339450537
708.339450537
708.339450537
708.339450537
708.339450537
708.339450537
708.339450537
708.339450537
708.339450537
708.339450537
708.339450537
708.339450537
708.339450537
708.339450537
708.339450537
708.339450537
708.339450537
708.339450537
708.339450537
708.339450537
708.339450537
708.339450537
708.339450537
708.339450537
708.339450537
708.339450537
708.339450537
708.339450537
708.339450537
708.339450537
708.339450537
708.339450537
708.339450537
708.339450537
708.339450537
708.339450537
708.339450537
708.339450537
708.339450537
708.339450537
708.339450537
708.339450537
708.339450537
708.339450537
708.339450537
708.339450537
708.339450537
708.339450537
708.339450537
708.339450537
708.339450537
708.339450537
708.339450537
708.339450537
708.339450537
708.339450537
708.339450537
708.339450537
708.339450537
708.339450537
708.339450537
708.339450537
708.339450537
708.339450537
708.339450537
708.339450537
708.339450537
708.339450537
708.339450537
706.380427234
706.380427234
706.380427234
706.380427234
703.914332507
703.914332507
703.914332507
703.914332507
703.914332507
703.914332507
703.914332507
703.914332507
703.914332507
703.914332507
703.914332507
703.914332507
703.914332507
703.914332507
703.914332507
703.914332507
703.914332507
703.914332507
703.914332507
703.914332507
703.914332507
703.914332507
703.914332507
703.914332507
703.914332507
703.914332507
703.914332507
703.914332507
703.914332507
703.914332507
703.914332507
703.914332507
703.914332507
703.914332507
703.914332507
703.914332507
703.914332507
703.914332507
703.914332507
693.367145337
693.367145337
693.367145337
693.367145337
693.367145337
693.367145337
693.367145337
693.367145337
693.367145337
693.367145337
693.367145337
693.367145337
693.367145337
693.367145337
693.367145337
693.367145337
693.367145337
693.367145337
693.367145337
693.367145337
693.367145337
693.367145337
693.367145337
693.367145337
693.367145337
693.367145337
693.367145337
693.367145337
693.367145337
693.367145337
693.367145337
693.367145337
693.367145337
693.367145337
693.367145337
693.367145337
693.367145337
693.367145337
693.367145337
693.367145337
693.367145337
693.367145337
693.367145337
693.367145337
693.367145337
693.367145337
693.367145337
693.367145337
693.367145337
693.367145337
693.367145337
693.367145337
693.367145337
693.367145337
693.367145337
693.367145337
693.367145337
693.367145337
693.367145337
693.367145337
693.367145337
693.367145337
693.367145337
693.367145337
693.367145337
693.367145337
693.367145337
693.367145337
693.367145337
693.367145337
693.367145337
693.367145337
693.367145337
693.367145337
693.367145337
693.367145337
693.367145337
693.367145337
693.367145337
693.367145337
693.367145337
693.367145337
693.367145337
693.367145337
693.367145337
693.367145337
693.367145337
693.367145337
693.367145337
693.367145337
693.367145337
693.367145337
693.367145337
693.367145337
693.367145337
693.367145337
693.367145337
693.367145337
693.367145337
693.367145337
693.367145337
693.367145337
693.367145337
693.367145337
693.367145337
693.367145337
693.367145337
693.367145337
693.367145337
693.367145337
693.367145337
693.367145337
693.367145337
693.367145337
693.367145337
693.367145337
693.367145337
693.367145337
693.367145337
693.367145337
693.367145337
693.367145337
693.367145337
693.367145337
693.367145337
692.253120264
692.253120264
692.253120264
692.253120264
692.253120264
692.253120264
692.253120264
692.253120264
692.253120264
692.253120264
692.253120264
692.253120264
692.253120264
692.253120264
692.253120264
692.253120264
692.253120264
692.253120264
692.253120264
692.253120264
692.253120264
692.253120264
692.253120264
692.253120264
692.253120264
692.253120264
692.253120264
692.253120264
692.253120264
692.253120264
692.253120264
692.253120264
692.253120264
692.253120264
692.253120264
692.253120264
692.253120264
692.253120264
692.253120264
692.253120264
692.253120264
692.253120264
692.253120264
692.253120264
692.253120264
692.253120264
692.253120264
692.253120264
692.253120264
692.253120264
692.253120264
692.253120264
692.253120264
692.253120264
692.253120264
692.253120264
692.253120264
692.253120264
692.253120264
692.253120264
692.253120264
692.253120264
692.253120264
692.253120264
692.253120264
692.253120264
692.253120264
692.253120264
692.253120264
692.253120264
692.253120264
692.253120264
692.253120264
692.253120264
692.253120264
692.253120264
692.253120264
692.253120264
692.253120264
692.253120264
692.253120264
692.253120264
692.253120264
692.253120264
692.253120264
692.253120264
684.627740195
684.627740195
684.627740195
684.627740195
684.627740195
684.627740195
684.627740195
684.627740195
684.627740195
684.627740195
684.627740195
684.627740195
684.627740195
684.627740195
684.627740195
684.627740195
684.627740195
684.627740195
684.627740195
684.627740195
684.627740195
684.627740195
684.627740195
684.627740195
684.627740195
684.627740195
684.627740195
684.627740195
684.627740195
684.627740195
684.627740195
684.627740195
684.627740195
684.627740195
684.627740195
684.627740195
684.132798574
681.823627473
681.823627473
681.823627473
681.823627473
681.823627473
681.823627473
681.823627473
681.823627473
681.823627473
681.823627473
681.823627473
681.823627473
681.823627473
681.823627473
681.823627473
681.823627473
681.823627473
681.823627473
681.823627473
681.823627473
681.823627473
681.823627473
681.823627473
681.823627473
681.823627473
681.823627473
681.823627473
681.823627473
681.823627473
681.823627473
681.823627473
681.823627473
681.823627473
681.823627473
681.823627473
681.823627473
681.823627473
681.823627473
681.823627473
681.823627473
681.823627473
681.823627473
681.823627473
681.823627473
681.823627473
681.823627473
681.823627473
681.823627473
681.823627473
681.823627473
681.823627473
681.823627473
681.823627473
681.823627473
681.823627473
681.823627473
681.823627473
681.823627473
681.823627473
681.823627473
681.823627473
681.823627473
681.823627473
681.823627473
681.823627473
681.823627473
681.823627473
681.823627473
681.823627473
681.823627473
681.823627473
681.823627473
681.823627473
681.823627473
681.823627473
681.823627473
681.823627473
681.823627473
681.823627473
681.823627473
681.823627473
681.823627473
681.823627473
681.823627473
681.823627473
681.823627473
681.823627473
681.823627473
681.823627473
681.823627473
681.823627473
681.823627473
681.823627473
681.823627473
681.823627473
681.823627473
681.823627473
681.823627473
681.823627473
681.823627473
681.823627473
681.823627473
681.823627473
681.823627473
681.823627473
681.823627473
681.823627473
681.823627473
681.823627473
681.823627473
681.823627473
681.823627473
681.823627473
681.823627473
681.823627473
681.823627473
681.823627473
681.823627473
681.823627473
681.823627473
681.823627473
681.823627473
681.823627473
681.467702955
681.172028983
681.172028983
681.172028983
681.172028983
681.172028983
681.172028983
681.172028983
681.172028983
681.172028983
681.172028983
681.172028983
681.172028983
681.172028983
681.172028983
681.172028983
681.172028983
681.172028983
681.172028983
681.172028983
681.172028983
681.172028983
681.172028983
681.172028983
681.172028983
681.172028983
681.172028983
681.172028983
681.172028983
681.172028983
681.172028983
681.172028983
681.172028983
681.172028983
681.172028983
681.172028983
681.172028983
681.172028983
681.172028983
681.172028983
681.172028983
681.172028983
681.172028983
681.172028983
681.172028983
681.172028983
681.172028983
681.172028983
681.172028983
681.172028983
681.172028983
681.172028983
681.172028983
671.039516689
671.039516689
671.039516689
671.039516689
671.039516689
671.039516689
671.039516689
671.039516689
671.039516689
671.039516689
671.039516689
671.039516689
671.039516689
671.039516689
671.039516689
671.039516689
671.039516689
671.039516689
671.039516689
671.039516689
671.039516689
671.039516689
671.039516689
671.039516689
671.039516689
671.039516689
671.039516689
671.039516689
671.039516689
671.039516689
671.039516689
671.039516689
671.039516689
671.039516689
671.039516689
671.039516689
671.039516689
671.039516689
671.039516689
671.039516689
671.039516689
671.039516689
671.039516689
671.039516689
671.039516689
671.039516689
671.039516689
671.039516689
671.039516689
671.039516689
671.039516689
671.039516689
671.039516689
671.039516689
671.039516689
671.039516689
671.039516689
671.039516689
671.039516689
671.039516689
671.039516689
671.039516689
671.039516689
671.039516689
671.039516689
671.039516689
671.039516689
671.039516689
671.039516689
671.039516689
671.039516689
671.039516689
671.039516689
671.039516689
671.039516689
671.039516689
671.039516689
671.039516689
671.039516689
671.039516689
671.039516689
671.039516689
671.039516689
671.039516689
671.039516689
671.039516689
671.039516689
671.039516689
671.039516689
671.039516689
671.039516689
671.039516689
671.039516689
671.039516689
671.039516689
671.039516689
671.039516689
671.039516689
671.039516689
671.039516689
671.039516689
671.039516689
671.039516689
671.039516689
671.039516689
671.039516689
671.039516689
671.039516689
671.039516689
671.039516689
671.039516689
671.039516689
671.039516689
671.039516689
671.039516689
671.039516689
671.039516689
671.039516689
671.039516689
671.039516689
671.039516689
671.039516689
671.039516689
671.039516689
671.039516689
671.039516689
671.039516689
671.039516689
671.039516689
671.039516689
671.039516689
671.039516689
671.039516689
671.039516689
671.039516689
671.039516689
671.039516689
671.039516689
671.039516689
671.039516689
671.039516689
671.039516689
671.039516689
671.039516689
671.039516689
671.039516689
671.039516689
671.039516689
671.039516689
671.039516689
671.039516689
671.039516689
671.039516689
671.039516689
671.039516689
671.039516689
671.039516689
671.039516689
671.039516689
671.039516689
671.039516689
671.039516689
671.039516689
671.039516689
671.039516689
671.039516689
671.039516689
671.039516689
671.039516689
671.039516689
671.039516689
671.039516689
671.039516689
671.039516689
671.039516689
671.039516689
671.039516689
671.039516689
671.039516689
671.039516689
671.039516689
671.039516689
671.039516689
671.039516689
671.039516689
671.039516689
671.039516689
671.039516689
671.039516689
671.039516689
671.039516689
671.039516689
671.039516689
671.039516689
671.039516689
671.039516689
671.039516689
671.039516689
671.039516689
671.039516689
671.039516689
671.039516689
671.039516689
671.039516689
671.039516689
671.039516689
671.039516689
671.039516689
671.039516689
671.039516689
671.039516689
671.039516689
671.039516689
671.039516689
671.039516689
671.039516689
671.039516689
671.039516689
671.039516689
671.039516689
671.039516689
671.039516689
671.039516689
670.365251824
670.365251824
670.365251824
670.365251824
670.365251824
670.365251824
670.365251824
670.365251824
670.365251824
670.365251824
670.365251824
670.365251824
670.365251824
670.365251824
670.365251824
670.365251824
670.365251824
670.365251824
670.365251824
670.365251824
670.365251824
670.365251824
670.365251824
670.365251824
670.365251824
670.365251824
670.365251824
670.365251824
670.365251824
670.365251824
670.365251824
670.365251824
670.365251824
670.365251824
670.365251824
670.365251824
670.365251824
670.365251824
670.365251824
670.365251824
670.365251824
670.365251824
670.365251824
670.365251824
670.365251824
670.365251824
670.365251824
670.365251824
670.365251824
670.365251824
670.365251824
670.365251824
670.365251824
670.365251824
670.365251824
670.365251824
670.365251824
670.365251824
670.365251824
670.365251824
670.365251824
670.365251824
670.365251824
670.365251824
670.365251824
670.365251824
670.365251824
670.365251824
670.365251824
670.365251824
670.365251824
670.365251824
670.365251824
670.365251824
670.365251824
670.365251824
670.365251824
670.365251824
670.365251824
670.365251824
670.365251824
670.365251824
670.365251824
670.365251824
670.365251824
670.365251824
670.365251824
670.365251824
670.365251824
670.365251824
670.365251824
670.365251824
670.365251824
670.365251824
670.365251824
670.365251824
670.365251824
670.365251824
670.365251824
670.365251824
670.365251824
670.365251824
670.365251824
670.365251824
670.365251824
670.365251824
670.365251824
670.365251824
670.365251824
670.365251824
670.365251824
670.365251824
670.365251824
670.365251824
670.365251824
670.365251824
670.365251824
670.365251824
670.365251824
670.365251824
670.365251824
670.365251824
670.365251824
670.365251824
670.365251824
670.365251824
670.365251824
670.365251824
670.365251824
670.365251824
670.365251824
670.365251824
670.365251824
670.365251824
670.365251824
670.365251824
670.365251824
670.365251824
670.365251824
670.365251824
670.365251824
670.365251824
670.365251824
670.365251824
670.365251824
670.365251824
670.365251824
670.365251824
670.365251824
670.365251824
670.365251824
670.365251824
670.365251824
670.365251824
670.365251824
670.365251824
670.365251824
670.365251824
670.365251824
670.365251824
670.365251824
670.365251824
670.365251824
670.365251824
670.365251824
670.365251824
670.365251824
670.365251824
670.365251824
670.365251824
670.365251824
670.365251824
670.365251824
670.365251824
670.365251824
670.365251824
670.365251824
670.365251824
670.365251824
670.365251824
670.365251824
670.365251824
670.365251824
670.365251824
670.365251824
670.365251824
670.365251824
670.365251824
670.365251824
670.365251824
670.365251824
670.365251824
670.365251824
670.365251824
670.365251824
670.365251824
670.365251824
670.365251824
670.365251824
670.365251824
670.365251824
670.365251824
670.365251824
670.365251824
670.365251824
670.365251824
670.365251824
670.365251824
670.365251824
670.365251824
670.365251824
670.365251824
670.365251824
670.365251824
670.365251824
670.365251824
670.365251824
670.365251824
670.365251824
670.365251824
670.365251824
670.365251824
670.365251824
670.365251824
670.365251824
670.365251824
670.365251824
670.365251824
670.365251824
670.365251824
670.365251824
670.365251824
670.365251824
670.365251824
670.365251824
670.365251824
670.365251824
670.365251824
670.365251824
670.365251824
670.365251824
670.365251824
670.365251824
670.365251824
670.365251824
670.365251824
670.365251824
670.365251824
670.365251824
670.365251824
670.365251824
670.365251824
670.365251824
670.365251824
670.365251824
670.365251824
670.365251824
670.365251824
670.365251824
670.365251824
670.365251824
670.365251824
670.365251824
670.365251824
670.365251824
670.365251824
670.365251824
670.365251824
670.365251824
670.365251824
670.365251824
670.365251824
670.365251824
670.365251824
670.365251824
670.365251824
670.365251824
670.365251824
670.365251824
670.365251824
670.365251824
670.365251824
670.365251824
670.365251824
670.365251824
670.365251824
670.365251824
670.365251824
670.365251824
670.365251824
670.365251824
670.365251824
670.365251824
670.365251824
670.365251824
670.365251824
670.365251824
670.365251824
670.365251824
670.365251824
670.365251824
670.365251824
670.365251824
670.365251824
670.365251824
670.365251824
670.365251824
670.365251824
670.365251824
670.365251824
670.365251824
670.365251824
670.365251824
670.365251824
670.365251824
670.365251824
670.365251824
670.365251824
670.365251824
670.365251824
670.365251824
670.365251824
670.365251824
670.365251824
670.365251824
670.365251824
670.365251824
670.365251824
670.365251824
670.365251824
670.365251824
670.365251824
670.365251824
670.365251824
670.365251824
670.365251824
670.365251824
670.365251824
670.365251824
670.365251824
670.365251824
670.365251824
670.365251824
670.365251824
670.365251824
670.365251824
670.365251824
670.365251824
670.365251824
670.365251824
670.365251824
670.365251824
670.365251824
670.365251824
670.365251824
670.365251824
670.365251824
670.365251824
670.365251824
670.365251824
670.365251824
670.365251824
670.365251824
670.365251824
670.365251824
670.365251824
670.365251824
670.365251824
670.365251824
670.365251824
670.365251824
670.365251824
670.365251824
670.365251824
670.365251824
670.365251824
670.365251824
670.365251824
670.365251824
670.365251824
670.365251824
670.365251824
670.365251824
670.365251824
670.365251824
670.365251824
661.974182499
661.974182499
661.974182499
661.974182499
661.974182499
661.974182499
661.974182499
661.974182499
661.974182499
661.974182499
661.974182499
661.974182499
661.974182499
661.974182499
661.974182499
661.974182499
661.974182499
661.974182499
661.974182499
661.974182499
661.974182499
661.974182499
661.974182499
661.974182499
661.974182499
661.974182499
661.974182499
661.974182499
661.974182499
661.974182499
661.974182499
661.974182499
661.974182499
661.974182499
661.974182499
661.974182499
661.974182499
661.974182499
661.974182499
661.974182499
661.974182499
661.974182499
661.974182499
661.974182499
661.974182499
661.974182499
661.974182499
661.974182499
661.974182499
661.974182499
661.974182499
661.974182499
661.974182499
661.974182499
661.974182499
661.974182499
661.974182499
661.974182499
661.974182499
661.974182499
661.974182499
661.974182499
661.974182499
661.974182499
661.974182499
661.974182499
661.974182499
661.974182499
661.974182499
661.974182499
661.974182499
661.974182499
661.974182499
661.974182499
661.974182499
661.974182499
661.974182499
661.974182499
661.974182499
661.974182499
661.974182499
661.974182499
661.974182499
661.974182499
661.974182499
661.974182499
661.974182499
661.974182499
661.974182499
661.974182499
661.974182499
661.974182499
661.974182499
661.974182499
661.974182499
661.974182499
661.974182499
661.974182499
661.974182499
661.974182499
661.974182499
661.974182499
661.974182499
661.974182499
661.974182499
661.974182499
661.974182499
661.974182499
661.974182499
661.974182499
661.974182499
661.974182499
661.974182499
661.974182499
661.974182499
661.974182499
661.974182499
661.974182499
661.974182499
661.974182499
661.974182499
661.974182499
661.974182499
661.974182499
661.974182499
661.974182499
661.974182499
661.974182499
661.974182499
661.974182499
661.974182499
661.974182499
661.974182499
661.974182499
661.974182499
661.974182499
661.974182499
661.974182499
661.974182499
661.974182499
661.974182499
661.974182499
661.974182499
661.974182499
661.974182499
661.974182499
661.974182499
661.974182499
661.974182499
661.974182499
661.974182499
661.974182499
661.974182499
661.974182499
661.974182499
661.974182499
661.974182499
661.974182499
661.974182499
661.974182499
661.974182499
661.974182499
661.974182499
661.974182499
661.974182499
661.974182499
661.974182499
661.974182499
661.974182499
661.974182499
661.974182499
661.974182499
661.974182499
661.974182499
661.974182499
661.974182499
661.974182499
661.974182499
661.974182499
661.974182499
661.974182499
661.974182499
658.062648655
658.062648655
658.062648655
658.062648655
658.062648655
658.062648655
658.062648655
658.062648655
658.062648655
658.062648655
658.062648655
658.062648655
658.062648655
658.062648655
658.062648655
658.062648655
658.062648655
658.062648655
658.062648655
658.062648655
658.062648655
658.062648655
658.062648655
658.062648655
658.062648655
658.062648655
658.062648655
658.062648655
658.062648655
658.062648655
658.062648655
658.062648655
658.062648655
658.062648655
658.062648655
658.062648655
658.062648655
658.062648655
658.062648655
658.062648655
658.062648655
658.062648655
658.062648655
658.062648655
658.062648655
658.062648655
658.062648655
658.062648655
658.062648655
658.062648655
658.062648655
658.062648655
658.062648655
658.062648655
658.062648655
658.062648655
658.062648655
658.062648655
651.921891987
651.921891987
651.921891987
651.921891987
651.921891987
651.921891987
651.921891987
651.921891987
651.921891987
651.921891987
651.921891987
651.921891987
651.921891987
651.921891987
651.921891987
651.921891987
651.921891987
651.921891987
651.921891987
651.921891987
651.921891987
651.921891987
651.921891987
651.921891987
651.921891987
651.921891987
651.921891987
651.921891987
651.921891987
651.921891987
651.921891987
651.921891987
651.921891987
651.921891987
651.921891987
651.921891987
651.921891987
651.921891987
651.921891987
651.921891987
651.921891987
651.921891987
651.921891987
651.921891987
651.921891987
651.921891987
651.921891987
651.921891987
651.921891987
651.921891987
651.921891987
651.921891987
651.921891987
651.921891987
651.921891987
651.921891987
651.921891987
651.921891987
651.921891987
651.921891987
651.921891987
651.921891987
651.921891987
651.921891987
651.921891987
651.921891987
651.921891987
651.921891987
651.921891987
651.921891987
651.921891987
651.921891987
651.921891987
651.921891987
651.921891987
651.921891987
651.921891987
651.921891987
651.921891987
651.921891987
651.921891987
651.921891987
651.921891987
651.921891987
651.921891987
651.921891987
651.921891987
651.921891987
651.921891987
651.921891987
651.921891987
651.921891987
651.921891987
651.921891987
651.921891987
651.921891987
651.921891987
651.921891987
651.921891987
651.921891987
651.921891987
651.921891987
651.921891987
651.921891987
651.921891987
649.028458305
649.028458305
649.028458305
649.028458305
649.028458305
649.028458305
649.028458305
649.028458305
649.028458305
649.028458305
649.028458305
649.028458305
649.028458305
649.028458305
649.028458305
649.028458305
649.028458305
649.028458305
649.028458305
649.028458305
649.028458305
649.028458305
649.028458305
649.028458305
649.028458305
649.028458305
649.028458305
649.028458305
649.028458305
649.028458305
649.028458305
649.028458305
649.028458305
649.028458305
649.028458305
649.028458305
649.028458305
649.028458305
649.028458305
649.028458305
649.028458305
649.028458305
649.028458305
649.028458305
649.028458305
649.028458305
649.028458305
649.028458305
649.028458305
649.028458305
649.028458305
649.028458305
649.028458305
649.028458305
649.028458305
649.028458305
649.028458305
648.95291521
648.95291521
648.95291521
648.95291521
648.95291521
648.95291521
648.95291521
648.95291521
648.95291521
648.95291521
648.95291521
648.95291521
648.95291521
648.95291521
648.95291521
648.95291521
648.95291521
648.95291521
648.95291521
648.95291521
648.95291521
648.95291521
648.95291521
648.95291521
648.95291521
648.95291521
648.95291521
648.95291521
648.95291521
648.95291521
648.95291521
648.95291521
648.95291521
648.95291521
648.95291521
648.95291521
648.95291521
648.95291521
648.95291521
648.95291521
648.95291521
648.95291521
648.95291521
648.95291521
648.95291521
648.95291521
648.95291521
648.95291521
648.95291521
648.95291521
648.95291521
648.95291521
648.95291521
648.95291521
648.95291521
648.95291521
648.95291521
648.95291521
648.95291521
648.95291521
648.95291521
648.95291521
648.95291521
648.95291521
648.95291521
648.95291521
648.95291521
648.95291521
648.95291521
648.95291521
648.95291521
648.95291521
648.95291521
648.95291521
648.95291521
648.95291521
648.95291521
648.95291521
648.95291521
648.95291521
648.95291521
648.95291521
648.95291521
648.95291521
648.95291521
648.95291521
648.95291521
648.95291521
648.95291521
648.95291521
648.95291521
648.95291521
648.95291521
648.95291521
648.95291521
648.95291521
648.95291521
648.95291521
648.95291521
648.95291521
648.95291521
648.95291521
648.95291521
648.95291521
648.95291521
648.95291521
648.95291521
648.95291521
648.95291521
648.95291521
648.95291521
648.95291521
648.95291521
648.95291521
648.95291521
648.95291521
648.95291521
648.95291521
648.95291521
648.95291521
648.95291521
648.95291521
648.95291521
648.95291521
648.95291521
648.95291521
648.95291521
648.95291521
648.95291521
648.95291521
648.95291521
648.95291521
648.95291521
648.95291521
648.95291521
648.95291521
648.95291521
648.95291521
648.95291521
648.95291521
648.95291521
648.95291521
648.95291521
648.95291521
648.95291521
648.95291521
648.95291521
648.95291521
648.95291521
648.95291521
648.95291521
648.95291521
648.95291521
648.95291521
648.95291521
648.95291521
648.95291521
648.95291521
648.95291521
648.95291521
648.95291521
648.95291521
648.95291521
648.95291521
648.95291521
648.95291521
648.95291521
648.95291521
648.95291521
648.95291521
648.95291521
648.95291521
648.95291521
648.95291521
648.95291521
648.95291521
648.95291521
648.95291521
648.95291521
648.95291521
648.95291521
648.95291521
648.95291521
648.95291521
648.95291521
648.95291521
648.95291521
648.95291521
648.95291521
648.95291521
648.95291521
648.95291521
648.95291521
648.95291521
648.95291521
648.95291521
648.95291521
648.95291521
648.95291521
648.95291521
648.95291521
648.95291521
648.95291521
648.95291521
648.95291521
648.95291521
648.95291521
648.95291521
648.95291521
648.95291521
648.95291521
648.95291521
648.95291521
648.95291521
648.95291521
648.95291521
648.95291521
646.300228114
646.300228114
646.300228114
646.300228114
646.300228114
646.300228114
646.300228114
646.300228114
646.300228114
646.300228114
646.300228114
646.300228114
646.300228114
646.300228114
646.300228114
646.300228114
646.300228114
646.300228114
646.300228114
646.300228114
646.300228114
646.300228114
646.300228114
646.300228114
646.300228114
646.300228114
646.300228114
646.300228114
646.300228114
646.300228114
646.300228114
646.300228114
646.300228114
646.300228114
646.300228114
646.300228114
646.300228114
646.300228114
646.300228114
646.300228114
646.300228114
646.300228114
646.300228114
646.300228114
646.300228114
646.300228114
646.300228114
646.300228114
646.300228114
646.300228114
646.300228114
646.300228114
646.076969757
646.076969757
646.076969757
646.076969757
646.076969757
646.076969757
646.076969757
646.076969757
646.076969757
646.076969757
646.076969757
646.076969757
646.076969757
646.076969757
646.076969757
646.076969757
646.076969757
646.076969757
646.076969757
646.076969757
646.076969757
646.076969757
646.076969757
646.076969757
646.076969757
646.076969757
646.076969757
646.076969757
646.076969757
646.076969757
646.076969757
646.076969757
646.076969757
646.076969757
646.076969757
646.076969757
646.076969757
646.076969757
646.076969757
646.076969757
646.076969757
646.076969757
646.076969757
646.076969757
646.076969757
646.076969757
646.076969757
646.076969757
646.076969757
646.076969757
646.076969757
646.076969757
646.076969757
646.076969757
646.076969757
646.076969757
646.076969757
646.076969757
646.076969757
646.076969757
646.076969757
646.076969757
646.076969757
646.076969757
646.076969757
646.076969757
646.076969757
646.076969757
646.076969757
646.076969757
646.076969757
646.076969757
646.076969757
646.076969757
646.076969757
646.076969757
646.076969757
646.076969757
646.076969757
646.076969757
646.076969757
646.076969757
646.076969757
646.076969757
646.076969757
646.076969757
646.076969757
646.076969757
646.076969757
646.076969757
646.076969757
646.076969757
646.076969757
646.076969757
646.076969757
646.076969757
646.076969757
646.076969757
646.076969757
646.076969757
646.076969757
646.076969757
646.076969757
646.076969757
646.076969757
646.076969757
646.076969757
646.076969757
646.076969757
646.076969757
646.076969757
646.076969757
646.076969757
646.076969757
646.076969757
646.076969757
646.076969757
646.076969757
646.076969757
645.37241558
645.37241558
645.37241558
645.37241558
645.37241558
645.37241558
645.37241558
645.37241558
645.37241558
645.37241558
645.37241558
645.37241558
645.37241558
645.37241558
645.37241558
645.37241558
645.37241558
645.37241558
645.37241558
645.37241558
645.37241558
645.37241558
645.37241558
645.37241558
645.37241558
645.37241558
645.37241558
645.37241558
645.37241558
645.37241558
645.37241558
645.37241558
645.37241558
645.37241558
645.37241558
645.37241558
645.37241558
645.37241558
645.37241558
645.37241558
645.37241558
645.37241558
645.37241558
645.37241558
645.37241558
645.37241558
645.37241558
645.37241558
645.37241558
645.37241558
645.37241558
645.37241558
645.37241558
645.37241558
645.37241558
645.37241558
645.37241558
645.37241558
645.37241558
645.37241558
645.37241558
645.37241558
645.37241558
645.37241558
645.37241558
645.37241558
645.37241558
645.37241558
645.37241558
645.37241558
645.37241558
645.37241558
645.37241558
645.201267347
645.201267347
645.201267347
645.201267347
645.201267347
645.201267347
645.201267347
645.201267347
645.201267347
645.201267347
645.201267347
645.201267347
645.201267347
645.201267347
645.201267347
645.201267347
645.201267347
645.201267347
645.201267347
645.201267347
645.201267347
645.201267347
645.201267347
645.201267347
645.201267347
645.201267347
645.201267347
645.201267347
645.201267347
645.201267347
645.201267347
645.201267347
645.201267347
645.201267347
645.201267347
645.201267347
645.201267347
645.201267347
645.201267347
645.201267347
645.201267347
645.201267347
645.201267347
645.201267347
645.201267347
645.201267347
645.201267347
645.201267347
645.201267347
645.201267347
645.201267347
645.201267347
645.201267347
645.201267347
645.201267347
645.201267347
645.201267347
645.201267347
645.201267347
645.201267347
645.201267347
645.201267347
645.201267347
645.201267347
645.201267347
645.201267347
645.201267347
645.201267347
645.201267347
645.201267347
643.545072573
643.545072573
643.545072573
643.545072573
643.545072573
643.545072573
643.545072573
643.545072573
643.545072573
643.545072573
643.545072573
643.545072573
643.545072573
643.545072573
643.545072573
643.545072573
643.545072573
643.545072573
643.545072573
643.545072573
643.545072573
643.545072573
643.545072573
643.545072573
643.545072573
643.545072573
643.545072573
643.545072573
643.545072573
643.545072573
643.545072573
643.545072573
643.545072573
643.545072573
643.545072573
643.545072573
643.545072573
643.545072573
643.545072573
643.545072573
643.545072573
643.545072573
643.545072573
643.545072573
643.545072573
643.545072573
643.545072573
643.545072573
643.545072573
643.545072573
643.545072573
643.545072573
643.545072573
643.545072573
643.545072573
643.545072573
643.545072573
643.545072573
643.545072573
643.545072573
643.545072573
643.545072573
643.545072573
643.545072573
643.545072573
643.545072573
643.545072573
643.545072573
643.545072573
643.545072573
643.545072573
643.545072573
643.545072573
643.545072573
643.545072573
643.545072573
643.545072573
643.545072573
643.545072573
643.545072573
643.545072573
643.545072573
643.545072573
643.545072573
643.545072573
643.545072573
643.545072573
643.545072573
643.545072573
643.545072573
643.545072573
643.545072573
643.545072573
643.545072573
643.545072573
643.545072573
643.545072573
643.545072573
643.545072573
643.545072573
643.545072573
643.545072573
643.545072573
643.545072573
643.545072573
643.545072573
643.545072573
643.545072573
643.545072573
643.545072573
643.545072573
643.545072573
643.545072573
643.545072573
643.545072573
643.545072573
643.545072573
643.545072573
643.545072573
643.545072573
643.545072573
643.545072573
643.545072573
643.545072573
643.545072573
643.545072573
643.545072573
625.324655214
625.324655214
625.324655214
625.324655214
625.324655214
625.324655214
625.324655214
625.324655214
625.324655214
625.324655214
625.324655214
625.324655214
625.324655214
625.324655214
625.324655214
625.324655214
625.324655214
625.324655214
625.324655214
625.324655214
625.324655214
625.324655214
625.324655214
625.324655214
625.324655214
625.324655214
625.324655214
625.324655214
625.324655214
625.324655214
625.324655214
625.324655214
625.324655214
625.324655214
625.324655214
625.324655214
625.324655214
625.324655214
625.324655214
625.324655214
625.324655214
625.324655214
625.324655214
625.324655214
625.324655214
625.324655214
625.324655214
625.324655214
625.324655214
625.324655214
625.324655214
625.324655214
625.324655214
625.324655214
625.324655214
625.324655214
625.324655214
625.324655214
625.324655214
625.324655214
625.324655214
625.324655214
625.324655214
625.324655214
625.324655214
625.324655214
625.324655214
625.324655214
625.324655214
625.324655214
625.324655214
625.324655214
625.324655214
625.324655214
625.324655214
625.324655214
625.324655214
625.324655214
625.324655214
625.324655214
625.324655214
625.324655214
625.324655214
625.324655214
625.324655214
625.324655214
625.324655214
625.324655214
624.45928243
624.45928243
624.45928243
624.45928243
624.45928243
624.45928243
624.45928243
624.45928243
624.45928243
624.45928243
624.45928243
624.45928243
624.45928243
624.45928243
624.45928243
624.45928243
624.45928243
624.45928243
624.45928243
624.45928243
624.45928243
624.45928243
624.45928243
624.45928243
624.45928243
624.45928243
624.45928243
624.45928243
624.45928243
624.45928243
624.45928243
624.45928243
624.45928243
624.45928243
624.45928243
624.45928243
624.45928243
624.45928243
624.45928243
624.45928243
624.45928243
624.45928243
624.45928243
624.45928243
624.45928243
624.45928243
624.45928243
624.45928243
624.45928243
624.45928243
624.45928243
624.45928243
624.45928243
624.45928243
624.45928243
624.45928243
624.45928243
624.45928243
624.45928243
624.45928243
624.45928243
624.45928243
624.45928243
624.45928243
624.45928243
624.45928243
624.45928243
624.45928243
624.45928243
624.45928243
624.45928243
624.45928243
624.45928243
624.45928243
624.45928243
624.45928243
624.45928243
624.45928243
624.45928243
624.45928243
624.45928243
624.45928243
624.45928243
624.45928243
624.45928243
624.45928243
624.45928243
624.45928243
624.45928243
624.45928243
624.45928243
624.45928243
624.45928243
624.45928243
624.45928243
624.45928243
624.45928243
624.45928243
624.45928243
624.45928243
624.45928243
624.45928243
624.45928243
624.45928243
624.45928243
624.45928243
624.45928243
624.45928243
624.45928243
624.45928243
624.45928243
624.45928243
624.45928243
624.45928243
624.45928243
624.45928243
624.45928243
624.45928243
624.45928243
624.45928243
624.45928243
624.45928243
624.45928243
624.45928243
624.45928243
624.45928243
624.45928243
624.45928243
624.45928243
624.45928243
624.45928243
624.45928243
624.45928243
624.45928243
624.45928243
624.45928243
624.45928243
624.45928243
624.45928243
624.45928243
624.45928243
624.45928243
624.45928243
624.45928243
621.061456728
621.061456728
621.061456728
621.061456728
621.061456728
621.061456728
620.427453932
620.427453932
620.427453932
620.427453932
620.427453932
620.427453932
620.427453932
620.427453932
620.427453932
620.427453932
620.427453932
620.427453932
620.427453932
620.427453932
620.427453932
620.427453932
620.427453932
620.427453932
620.427453932
620.427453932
620.427453932
620.427453932
620.427453932
620.427453932
620.427453932
620.427453932
620.427453932
620.427453932
620.427453932
620.427453932
620.427453932
620.427453932
620.427453932
620.427453932
620.427453932
620.427453932
620.427453932
620.427453932
620.427453932
620.427453932
620.427453932
620.427453932
620.427453932
620.427453932
620.427453932
620.427453932
620.427453932
620.427453932
620.427453932
620.427453932
620.427453932
620.427453932
620.427453932
620.427453932
620.427453932
620.427453932
620.427453932
620.427453932
620.427453932
620.427453932
620.427453932
620.427453932
620.427453932
620.427453932
620.427453932
620.427453932
620.427453932
620.427453932
620.427453932
620.427453932
620.427453932
620.427453932
620.427453932
620.427453932
620.427453932
620.427453932
620.427453932
620.427453932
620.427453932
620.427453932
620.427453932
620.427453932
620.427453932
620.427453932
620.427453932
620.427453932
620.427453932
620.427453932
620.427453932
620.427453932
620.427453932
620.427453932
620.427453932
620.427453932
620.427453932
620.427453932
620.427453932
620.427453932
620.427453932
620.427453932
620.427453932
620.427453932
620.427453932
620.427453932
620.427453932
620.427453932
620.427453932
620.427453932
620.427453932
620.427453932
620.427453932
620.427453932
620.427453932
620.427453932
620.427453932
620.427453932
620.427453932
620.427453932
620.427453932
620.427453932
620.427453932
620.427453932
620.427453932
620.427453932
620.427453932
620.427453932
620.427453932
620.427453932
611.452570736
611.452570736
611.452570736
611.452570736
611.452570736
611.452570736
611.452570736
611.452570736
611.452570736
611.452570736
611.452570736
611.452570736
611.452570736
611.452570736
611.452570736
611.452570736
611.452570736
611.452570736
611.452570736
611.452570736
611.452570736
611.452570736
611.452570736
611.452570736
611.452570736
611.452570736
611.452570736
611.452570736
611.452570736
611.452570736
611.452570736
611.452570736
611.452570736
611.452570736
611.452570736
611.452570736
611.452570736
611.452570736
611.452570736
611.452570736
611.452570736
611.452570736
611.452570736
611.452570736
611.452570736
611.452570736
611.452570736
611.452570736
611.452570736
611.452570736
611.452570736
611.452570736
611.452570736
611.452570736
611.452570736
611.452570736
611.452570736
611.452570736
611.452570736
611.452570736
611.452570736
611.452570736
611.452570736
611.452570736
611.452570736
611.452570736
611.452570736
611.452570736
611.452570736
611.452570736
611.452570736
611.452570736
611.452570736
611.452570736
611.452570736
611.452570736
609.547008864
609.547008864
609.547008864
609.547008864
609.547008864
609.547008864
609.547008864
609.547008864
609.547008864
609.547008864
609.547008864
609.547008864
609.547008864
609.547008864
609.547008864
609.547008864
609.547008864
609.547008864
609.547008864
609.547008864
609.547008864
609.547008864
609.547008864
609.547008864
609.547008864
609.547008864
609.547008864
609.547008864
609.547008864
609.547008864
609.547008864
609.547008864
609.547008864
609.547008864
609.547008864
609.547008864
609.547008864
609.547008864
609.547008864
609.547008864
609.547008864
609.547008864
609.547008864
609.547008864
609.547008864
609.547008864
609.547008864
609.547008864
609.547008864
609.547008864
609.547008864
609.547008864
609.547008864
609.547008864
609.547008864
609.547008864
609.547008864
609.547008864
609.547008864
609.547008864
609.547008864
609.547008864
609.547008864
609.547008864
609.547008864
609.547008864
609.547008864
609.547008864
609.547008864
609.547008864
609.547008864
609.547008864
609.547008864
609.547008864
609.547008864
609.547008864
609.547008864
609.547008864
609.547008864
609.547008864
609.547008864
609.547008864
609.547008864
609.547008864
609.547008864
609.547008864
609.547008864
609.547008864
609.547008864
609.547008864
609.547008864
609.547008864
609.547008864
609.547008864
609.547008864
609.547008864
609.547008864
609.547008864
609.547008864
609.547008864
609.547008864
609.547008864
609.547008864
609.547008864
609.547008864
609.547008864
609.547008864
609.547008864
609.547008864
609.547008864
609.547008864
609.547008864
609.547008864
609.547008864
609.547008864
609.547008864
609.547008864
609.547008864
609.547008864
609.547008864
609.547008864
609.547008864
609.547008864
609.547008864
609.547008864
609.547008864
609.547008864
609.547008864
609.547008864
609.547008864
609.547008864
609.547008864
609.547008864
609.547008864
609.547008864
609.547008864
609.547008864
609.547008864
609.547008864
609.547008864
609.547008864
609.547008864
609.547008864
609.547008864
609.547008864
609.547008864
609.547008864
609.547008864
609.547008864
609.547008864
609.547008864
609.547008864
609.547008864
609.547008864
609.547008864
609.547008864
609.547008864
609.547008864
609.547008864
609.547008864
609.547008864
609.547008864
609.547008864
609.547008864
609.547008864
609.547008864
609.547008864
609.547008864
609.547008864
609.547008864
609.547008864
609.547008864
609.547008864
609.547008864
609.547008864
609.547008864
609.547008864
609.547008864
609.547008864
609.547008864
609.547008864
609.547008864
609.547008864
609.547008864
609.547008864
609.547008864
609.547008864
609.547008864
609.547008864
609.547008864
609.547008864
609.547008864
609.547008864
609.547008864
609.547008864
609.547008864
609.547008864
609.547008864
609.547008864
609.547008864
609.547008864
609.547008864
609.547008864
609.547008864
609.547008864
609.547008864
609.547008864
609.547008864
609.547008864
609.547008864
609.547008864
609.547008864
609.547008864
609.547008864
609.547008864
609.547008864
609.547008864
609.547008864
609.547008864
609.547008864
609.547008864
609.547008864
609.547008864
609.547008864
609.547008864
609.547008864
609.547008864
609.547008864
609.547008864
609.547008864
609.547008864
609.547008864
609.547008864
609.547008864
609.547008864
609.547008864
609.547008864
609.547008864
609.547008864
609.547008864
609.547008864
609.547008864
609.547008864
609.547008864
609.547008864
609.547008864
609.547008864
609.547008864
609.547008864
609.547008864
609.547008864
609.547008864
609.547008864
609.547008864
609.547008864
609.547008864
609.547008864
609.547008864
609.547008864
609.547008864
609.547008864
609.547008864
609.547008864
609.547008864
609.547008864
609.547008864
609.547008864
609.547008864
609.547008864
609.547008864
609.547008864
609.547008864
609.547008864
609.547008864
609.547008864
609.547008864
609.547008864
609.547008864
609.547008864
609.547008864
609.547008864
609.547008864
609.547008864
609.547008864
609.547008864
609.547008864
609.547008864
609.547008864
609.547008864
609.547008864
609.547008864
609.547008864
609.547008864
609.547008864
609.547008864
609.547008864
609.547008864
609.547008864
609.547008864
609.547008864
609.547008864
609.547008864
609.547008864
609.547008864
609.547008864
609.547008864
609.547008864
609.547008864
609.547008864
609.547008864
609.547008864
609.547008864
609.547008864
609.547008864
609.547008864
609.547008864
609.547008864
609.547008864
609.547008864
609.547008864
609.547008864
609.547008864
609.547008864
609.547008864
609.547008864
609.547008864
609.547008864
609.547008864
609.547008864
609.547008864
609.547008864
609.547008864
609.547008864
609.547008864
609.547008864
609.547008864
609.547008864
609.547008864
609.547008864
609.547008864
609.547008864
609.547008864
609.547008864
609.547008864
609.547008864
609.547008864
609.547008864
609.547008864
609.547008864
609.547008864
609.547008864
609.547008864
609.547008864
609.547008864
609.547008864
609.547008864
609.547008864
609.547008864
609.547008864
609.547008864
609.547008864
609.547008864
609.547008864
609.547008864
609.547008864
609.547008864
609.547008864
609.547008864
609.547008864
609.547008864
609.547008864
609.547008864
609.547008864
609.547008864
609.547008864
609.547008864
609.547008864
609.547008864
609.547008864
609.547008864
609.547008864
609.547008864
609.547008864
609.547008864
609.547008864
609.547008864
609.547008864
609.547008864
609.547008864
609.547008864
609.547008864
609.547008864
609.547008864
609.547008864
609.547008864
609.547008864
609.547008864
609.547008864
609.547008864
609.547008864
609.547008864
609.547008864
609.547008864
609.547008864
609.547008864
609.547008864
609.547008864
609.547008864
609.547008864
609.547008864
609.547008864
609.547008864
609.547008864
609.547008864
609.547008864
609.547008864
609.547008864
609.547008864
609.547008864
609.547008864
609.547008864
609.547008864
609.547008864
609.547008864
609.547008864
609.547008864
609.547008864
609.547008864
609.547008864
609.547008864
609.547008864
609.547008864
609.547008864
609.547008864
609.547008864
609.547008864
609.547008864
609.547008864
609.547008864
609.547008864
609.547008864
609.547008864
609.547008864
609.547008864
609.547008864
609.547008864
609.547008864
609.547008864
609.547008864
609.547008864
609.547008864
609.547008864
609.547008864
609.547008864
609.547008864
609.547008864
609.547008864
609.547008864
609.547008864
609.547008864
609.547008864
609.547008864
609.547008864
609.547008864
609.547008864
609.547008864
609.547008864
609.547008864
609.547008864
609.547008864
609.547008864
609.547008864
609.547008864
609.547008864
609.547008864
609.547008864
609.547008864
609.547008864
609.547008864
609.547008864
609.547008864
609.547008864
609.547008864
609.547008864
609.547008864
609.547008864
609.547008864
609.547008864
609.547008864
609.547008864
609.547008864
609.547008864
609.547008864
609.547008864
609.547008864
609.547008864
609.547008864
609.547008864
609.547008864
609.547008864
608.883431936
608.883431936
608.883431936
608.883431936
608.883431936
608.883431936
608.883431936
608.883431936
608.883431936
608.883431936
608.883431936
608.883431936
608.883431936
608.883431936
608.883431936
608.883431936
608.883431936
608.883431936
608.883431936
608.883431936
608.883431936
608.883431936
608.883431936
608.883431936
608.883431936
608.883431936
608.883431936
608.883431936
608.883431936
608.883431936
608.883431936
608.883431936
608.883431936
608.883431936
608.883431936
608.883431936
608.883431936
608.883431936
608.883431936
608.883431936
608.883431936
608.883431936
608.883431936
608.883431936
608.883431936
608.883431936
608.883431936
608.883431936
608.883431936
608.883431936
608.883431936
608.883431936
608.883431936
608.883431936
608.883431936
608.883431936
608.883431936
608.883431936
608.883431936
608.883431936
608.883431936
608.883431936
608.883431936
608.883431936
608.883431936
608.883431936
608.883431936
608.883431936
608.883431936
608.883431936
608.883431936
608.883431936
608.883431936
608.883431936
608.883431936
608.883431936
608.883431936
608.883431936
608.883431936
608.883431936
608.883431936
608.883431936
608.883431936
608.883431936
608.883431936
608.883431936
608.883431936
608.883431936
608.883431936
608.883431936
608.883431936
608.883431936
608.883431936
608.883431936
608.883431936
608.883431936
608.883431936
604.527656069
604.527656069
604.527656069
604.527656069
604.527656069
604.527656069
604.527656069
604.527656069
604.527656069
604.527656069
604.527656069
604.527656069
604.527656069
604.527656069
604.527656069
604.527656069
604.527656069
604.527656069
604.527656069
604.527656069
604.527656069
604.527656069
604.527656069
604.527656069
604.527656069
604.527656069
604.527656069
604.527656069
604.527656069
604.527656069
604.527656069
604.527656069
604.527656069
604.527656069
604.527656069
604.527656069
604.527656069
604.527656069
604.527656069
604.527656069
604.527656069
604.527656069
604.527656069
604.527656069
604.527656069
604.527656069
604.527656069
604.527656069
601.206561613
601.206561613
601.206561613
601.206561613
601.206561613
601.206561613
601.206561613
601.206561613
601.206561613
601.206561613
601.206561613
601.206561613
601.206561613
601.206561613
601.206561613
601.206561613
601.206561613
601.206561613
601.206561613
601.206561613
601.206561613
601.206561613
601.206561613
601.206561613
601.206561613
601.206561613
601.206561613
601.206561613
601.206561613
601.206561613
601.206561613
601.206561613
601.206561613
601.206561613
601.206561613
601.206561613
601.206561613
601.206561613
601.206561613
601.206561613
601.206561613
601.206561613
601.206561613
601.206561613
601.206561613
601.206561613
601.206561613
601.206561613
601.206561613
601.206561613
601.206561613
601.206561613
601.206561613
601.206561613
601.206561613
601.206561613
601.206561613
601.206561613
601.206561613
601.206561613
601.206561613
601.206561613
601.206561613
601.206561613
601.206561613
601.206561613
601.206561613
601.206561613
601.206561613
601.206561613
601.206561613
601.206561613
601.206561613
601.206561613
601.206561613
601.206561613
601.206561613
601.206561613
601.206561613
601.206561613
601.206561613
601.206561613
601.206561613
601.206561613
601.206561613
601.206561613
601.206561613
601.206561613
601.206561613
601.206561613
601.206561613
601.206561613
601.206561613
601.206561613
601.206561613
601.206561613
601.206561613
601.206561613
601.206561613
601.206561613
601.206561613
601.206561613
601.206561613
601.206561613
601.206561613
601.206561613
601.206561613
601.206561613
601.206561613
601.206561613
601.206561613
601.206561613
601.206561613
601.206561613
601.206561613
601.206561613
601.206561613
601.206561613
601.206561613
601.206561613
601.206561613
601.206561613
601.206561613
601.206561613
601.206561613
601.206561613
601.206561613
601.206561613
601.206561613
601.206561613
601.206561613
601.206561613
601.206561613
601.206561613
601.206561613
601.206561613
601.206561613
601.206561613
601.206561613
601.206561613
601.206561613
601.206561613
601.206561613
601.206561613
601.206561613
601.206561613
601.206561613
601.206561613
601.206561613
601.206561613
601.206561613
601.206561613
601.206561613
601.206561613
601.206561613
601.206561613
601.206561613
601.206561613
601.206561613
601.206561613
601.206561613
601.206561613
601.206561613
601.206561613
601.206561613
601.206561613
601.206561613
601.206561613
601.206561613
601.206561613
601.206561613
601.206561613
601.206561613
601.206561613
601.206561613
601.206561613
601.206561613
601.206561613
601.206561613
601.206561613
601.206561613
601.206561613
601.206561613
601.206561613
601.206561613
601.206561613
601.206561613
601.206561613
601.206561613
601.206561613
601.206561613
601.206561613
601.206561613
601.206561613
601.206561613
601.206561613
601.206561613
601.206561613
601.206561613
601.206561613
601.206561613
601.206561613
601.206561613
601.206561613
601.206561613
601.206561613
601.206561613
601.206561613
601.206561613
601.206561613
601.206561613
601.206561613
601.206561613
601.206561613
601.206561613
601.206561613
601.206561613
601.206561613
601.206561613
601.206561613
601.206561613
601.206561613
601.206561613
601.206561613
601.206561613
601.206561613
601.206561613
601.206561613
601.206561613
601.206561613
601.206561613
601.206561613
601.206561613
601.206561613
601.206561613
601.206561613
601.206561613
601.206561613
601.206561613
601.206561613
601.206561613
601.206561613
601.206561613
601.206561613
601.206561613
601.206561613
601.206561613
601.206561613
601.206561613
601.206561613
601.206561613
601.206561613
601.206561613
601.206561613
601.206561613
601.206561613
601.206561613
601.206561613
601.206561613
601.206561613
601.206561613
601.206561613
601.206561613
601.206561613
601.206561613
601.206561613
601.206561613
601.206561613
601.206561613
601.206561613
601.206561613
601.206561613
601.206561613
601.206561613
601.206561613
601.206561613
601.206561613
601.206561613
601.206561613
601.206561613
601.206561613
601.206561613
601.206561613
601.206561613
601.206561613
601.206561613
601.206561613
601.206561613
601.206561613
601.206561613
601.206561613
601.206561613
601.206561613
601.206561613
601.206561613
601.206561613
601.206561613
601.206561613
601.206561613
601.206561613
601.206561613
601.206561613
601.206561613
601.206561613
601.206561613
601.206561613
601.206561613
601.206561613
601.206561613
601.206561613
601.206561613
601.206561613
601.206561613
601.206561613
601.206561613
601.206561613
601.206561613
601.206561613
601.206561613
601.206561613
601.206561613
601.206561613
601.206561613
601.206561613
601.206561613
601.206561613
601.206561613
601.206561613
601.206561613
601.206561613
601.206561613
601.206561613
601.206561613
601.206561613
601.206561613
601.206561613
601.206561613
601.206561613
601.206561613
601.206561613
601.206561613
601.206561613
601.206561613
601.206561613
601.206561613
601.206561613
601.206561613
601.206561613
601.206561613
601.206561613
601.206561613
601.206561613
601.206561613
601.206561613
601.206561613
601.206561613
601.206561613
601.206561613
601.206561613
601.206561613
601.206561613
601.206561613
601.206561613
601.206561613
601.206561613
601.206561613
601.206561613
601.206561613
601.206561613
601.206561613
601.206561613
601.206561613
601.206561613
601.206561613
601.206561613
601.206561613
601.206561613
601.206561613
601.206561613
601.206561613
601.206561613
601.206561613
601.206561613
601.206561613
601.206561613
601.206561613
601.206561613
601.206561613
601.206561613
601.206561613
601.206561613
601.206561613
601.206561613
601.206561613
601.206561613
601.206561613
601.206561613
601.206561613
601.206561613
601.206561613
601.206561613
601.206561613
601.206561613
601.206561613
601.206561613
601.206561613
601.206561613
601.206561613
601.206561613
601.206561613
601.206561613
601.206561613
601.206561613
601.206561613
601.206561613
601.206561613
601.206561613
601.206561613
601.206561613
601.206561613
601.206561613
601.206561613
601.206561613
601.206561613
601.206561613
601.206561613
601.206561613
601.206561613
601.206561613
601.206561613
601.206561613
601.206561613
601.206561613
601.206561613
601.206561613
601.206561613
601.206561613
601.206561613
601.206561613
601.206561613
601.206561613
601.206561613
601.206561613
601.206561613
601.206561613
601.206561613
601.206561613
601.206561613
601.206561613
601.206561613
601.206561613
601.206561613
601.206561613
601.206561613
601.206561613
601.206561613
601.206561613
601.206561613
601.206561613
601.206561613
601.206561613
601.206561613
601.206561613
601.206561613
601.206561613
601.206561613
601.206561613
601.206561613
601.206561613
601.206561613
601.206561613
601.206561613
601.206561613
601.206561613
601.206561613
601.206561613
601.206561613
601.206561613
601.206561613
601.206561613
601.206561613
601.206561613
601.206561613
601.206561613
601.206561613
601.206561613
601.206561613
601.206561613
601.206561613
601.206561613
601.206561613
601.206561613
601.206561613
601.206561613
601.206561613
601.206561613
601.206561613
601.206561613
601.206561613
601.206561613
601.206561613
601.206561613
601.206561613
601.206561613
601.206561613
601.206561613
601.206561613
601.206561613
601.206561613
601.206561613
601.206561613
601.206561613
601.206561613
601.206561613
601.206561613
601.206561613
601.206561613
601.206561613
601.206561613
601.206561613
601.206561613
601.206561613
601.206561613
601.206561613
601.206561613
601.206561613
601.206561613
601.206561613
601.206561613
601.206561613
601.206561613
601.206561613
601.206561613
601.206561613
601.206561613
601.206561613
601.206561613
601.206561613
601.206561613
601.206561613
601.206561613
601.206561613
601.206561613
601.206561613
601.206561613
601.206561613
601.206561613
601.206561613
601.206561613
601.206561613
601.206561613
601.206561613
601.206561613
601.206561613
601.206561613
601.206561613
601.206561613
601.206561613
601.206561613
601.206561613
601.206561613
601.206561613
601.206561613
601.206561613
601.206561613
601.206561613
601.206561613
601.206561613
601.206561613
601.206561613
601.206561613
601.206561613
601.206561613
601.206561613
601.206561613
601.206561613
601.206561613
601.206561613
601.206561613
601.206561613
601.206561613
601.206561613
601.206561613
601.206561613
601.206561613
601.206561613
601.206561613
601.206561613
601.206561613
601.206561613
601.206561613
601.206561613
601.206561613
601.206561613
601.206561613
601.206561613
601.206561613
601.206561613
601.206561613
601.206561613
601.206561613
601.206561613
601.206561613
601.206561613
601.206561613
601.206561613
601.206561613
601.206561613
601.206561613
601.206561613
601.206561613
601.206561613
601.206561613
601.206561613
601.206561613
601.206561613
601.206561613
601.206561613
601.206561613
601.206561613
601.206561613
601.206561613
601.206561613
601.206561613
601.206561613
601.206561613
601.206561613
601.206561613
601.206561613
601.206561613
601.206561613
601.206561613
601.206561613
601.206561613
601.206561613
601.206561613
601.206561613
601.206561613
601.206561613
601.206561613
601.206561613
601.206561613
601.206561613
601.206561613
601.206561613
601.206561613
601.206561613
601.206561613
601.206561613
601.206561613
601.206561613
601.206561613
601.206561613
601.206561613
601.206561613
601.206561613
601.206561613
601.206561613
601.206561613
601.206561613
601.206561613
601.206561613
601.206561613
601.206561613
601.206561613
601.206561613
601.206561613
601.206561613
601.206561613
601.206561613
601.206561613
601.206561613
601.206561613
601.206561613
601.206561613
601.206561613
601.206561613
601.206561613
601.206561613
601.206561613
601.206561613
601.206561613
601.206561613
601.206561613
601.206561613
600.878572802
600.878572802
600.878572802
600.878572802
600.878572802
600.878572802
600.878572802
600.878572802
600.878572802
600.878572802
600.878572802
600.878572802
600.878572802
600.878572802
600.878572802
600.878572802
600.878572802
600.878572802
600.878572802
600.878572802
600.878572802
600.878572802
600.878572802
600.878572802
600.878572802
600.878572802
600.878572802
600.878572802
600.878572802
600.878572802
600.878572802
600.878572802
600.878572802
600.878572802
