1544.05336641
1544.05336641
1542.834943
1542.834943
1542.834943
1542.834943
1542.834943
1482.2826766
1482.2826766
1482.2826766
1430.28720911
1430.28720911
1430.28720911
1418.04751131
1382.61263666
1382.61263666
1359.88111713
1359.88111713
1359.88111713
1359.88111713
1359.88111713
1359.88111713
1359.88111713
1359.88111713
1359.88111713
1359.88111713
1359.88111713
1330.41442131
1330.41442131
1330.41442131
1330.41442131
1326.1897237
1326.1897237
1326.1897237
1299.14839158
1299.14839158
1299.14839158
1297.64171806
1297.64171806
1294.79686656
1294.79686656
1294.79686656
1243.60961256
1243.60961256
1243.60961256
1240.06961329
1229.721299
1229.721299
1229.721299
1229.721299
1226.52344219
1226.52344219
1226.52344219
1216.18894904
1200.97965757
1200.97965757
1200.97965757
1200.97965757
1200.97965757
1200.97965757
1200.97965757
1200.97965757
1200.97965757
1169.5912199
1169.5912199
1169.5912199
1169.5912199
1169.5912199
1169.5912199
1169.5912199
1169.5912199
1169.5912199
1169.5912199
1169.5912199
1169.5912199
1169.5912199
1169.5912199
1138.21497718
1138.21497718
1138.21497718
1138.21497718
1138.21497718
1134.03813875
1134.03813875
1134.03813875
1134.03813875
1131.31605233
1131.31605233
1131.31605233
1131.31605233
1131.31605233
1131.31605233
1131.31605233
1131.31605233
1131.31605233
1131.31605233
1131.31605233
1131.31605233
1131.31605233
1131.31605233
1131.31605233
1131.31605233
1131.31605233
1131.31605233
1131.31605233
1131.31605233
1131.31605233
1131.31605233
1121.24009201
1095.40545506
1095.40545506
1095.40545506
1095.40545506
1095.40545506
1095.40545506
1095.40545506
1095.40545506
1095.40545506
1095.40545506
1095.40545506
1095.40545506
1095.40545506
1095.40545506
1095.40545506
1095.40545506
1095.40545506
1095.40545506
1078.80320652
1078.80320652
1073.56404782
1073.56404782
1073.56404782
1073.56404782
1073.56404782
1073.56404782
1073.56404782
1073.56404782
1072.32022347
1072.32022347
1072.32022347
1072.32022347
1072.32022347
1072.32022347
1072.32022347
1072.32022347
1072.32022347
1072.32022347
1072.32022347
1072.32022347
1072.32022347
1058.37575283
1058.37575283
1058.37575283
1058.37575283
1058.37575283
1058.37575283
1058.37575283
1058.37575283
1058.37575283
1058.37575283
1058.37575283
1058.37575283
1058.37575283
1058.37575283
1058.37575283
1058.37575283
1058.37575283
1058.37575283
1058.37575283
1058.37575283
1040.77944894
1031.72495039
1030.22284565
1030.22284565
1025.53393601
1025.53393601
1025.53393601
1025.53393601
1025.53393601
1025.53393601
1025.53393601
1025.53393601
1025.53393601
1025.53393601
996.823145403
996.823145403
996.823145403
996.823145403
996.823145403
996.823145403
996.823145403
996.823145403
996.823145403
996.823145403
996.823145403
996.823145403
981.940238171
976.184042158
971.31331617
950.840139321
950.840139321
950.840139321
950.840139321
950.840139321
950.840139321
950.840139321
950.840139321
950.840139321
940.372851529
940.372851529
940.372851529
940.372851529
940.372851529
940.372851529
940.372851529
940.372851529
940.372851529
940.372851529
940.372851529
940.372851529
940.372851529
940.372851529
940.372851529
940.372851529
940.372851529
940.372851529
940.372851529
940.372851529
938.210007692
938.210007692
938.210007692
938.210007692
938.210007692
938.210007692
938.210007692
938.210007692
938.210007692
938.210007692
928.072610866
928.072610866
928.072610866
928.072610866
928.072610866
928.072610866
928.072610866
928.072610866
928.072610866
928.072610866
928.072610866
928.072610866
928.072610866
928.072610866
928.072610866
928.072610866
928.072610866
928.072610866
928.072610866
928.072610866
928.072610866
928.072610866
928.072610866
928.072610866
928.072610866
928.072610866
928.072610866
928.072610866
928.072610866
928.072610866
928.072610866
928.072610866
928.072610866
928.072610866
928.072610866
928.072610866
928.072610866
928.072610866
928.072610866
928.072610866
928.072610866
928.072610866
928.072610866
924.668892735
924.668892735
924.668892735
924.668892735
924.668892735
924.668892735
924.668892735
924.668892735
924.668892735
924.668892735
924.668892735
924.668892735
924.668892735
924.668892735
924.668892735
924.668892735
924.668892735
924.668892735
924.668892735
924.668892735
924.668892735
924.668892735
924.668892735
924.668892735
924.668892735
924.668892735
924.668892735
924.668892735
909.773271065
909.773271065
909.773271065
909.773271065
909.773271065
909.773271065
906.896395685
906.896395685
906.896395685
906.896395685
906.896395685
906.896395685
906.896395685
906.896395685
906.896395685
906.896395685
906.896395685
906.896395685
906.896395685
906.896395685
906.896395685
906.896395685
906.896395685
906.896395685
906.896395685
906.896395685
906.896395685
906.896395685
906.896395685
906.896395685
906.896395685
906.896395685
906.607724805
906.607724805
906.607724805
906.607724805
906.607724805
906.607724805
906.607724805
906.607724805
906.607724805
906.607724805
906.607724805
906.607724805
906.607724805
906.607724805
906.607724805
906.607724805
906.607724805
896.773803024
896.773803024
896.773803024
896.773803024
896.773803024
896.773803024
896.773803024
896.773803024
896.773803024
896.773803024
896.773803024
896.773803024
896.773803024
896.773803024
896.773803024
896.773803024
885.334486699
885.334486699
885.334486699
885.334486699
885.334486699
885.334486699
885.334486699
885.334486699
885.334486699
885.334486699
885.334486699
885.334486699
885.334486699
885.334486699
885.334486699
885.334486699
885.334486699
885.334486699
885.334486699
885.334486699
885.334486699
885.334486699
885.334486699
885.334486699
885.334486699
885.334486699
872.657699746
872.657699746
872.657699746
872.657699746
872.657699746
872.657699746
872.657699746
872.657699746
872.657699746
872.657699746
872.657699746
872.657699746
872.657699746
872.657699746
872.657699746
872.657699746
872.657699746
872.657699746
872.657699746
872.657699746
872.657699746
872.657699746
872.657699746
872.657699746
872.657699746
872.657699746
866.182602287
866.182602287
866.182602287
866.182602287
866.182602287
866.182602287
866.182602287
863.795754986
863.795754986
863.795754986
863.795754986
863.795754986
863.795754986
863.795754986
863.795754986
847.471716967
847.471716967
847.471716967
847.471716967
847.471716967
847.471716967
847.471716967
847.471716967
844.561206682
844.561206682
844.561206682
844.561206682
844.561206682
844.561206682
844.561206682
844.561206682
844.561206682
844.561206682
844.561206682
844.561206682
844.561206682
844.561206682
844.561206682
844.561206682
844.561206682
844.561206682
844.561206682
844.561206682
844.561206682
844.561206682
844.561206682
844.561206682
844.561206682
844.561206682
844.561206682
844.561206682
829.81605375
827.762355165
827.762355165
827.762355165
827.762355165
827.762355165
827.762355165
827.762355165
824.681899302
824.681899302
824.681899302
823.562854479
823.562854479
823.562854479
823.562854479
823.562854479
823.562854479
823.562854479
823.562854479
823.562854479
820.270050312
820.270050312
820.270050312
820.270050312
820.270050312
820.270050312
820.270050312
820.270050312
803.93579018
803.93579018
803.93579018
803.93579018
803.93579018
803.93579018
803.93579018
803.93579018
803.93579018
803.93579018
803.93579018
803.93579018
803.93579018
803.93579018
803.93579018
803.93579018
803.93579018
803.93579018
803.93579018
803.93579018
803.93579018
803.93579018
803.93579018
803.93579018
803.93579018
803.93579018
794.507933647
794.507933647
794.507933647
794.507933647
794.507933647
794.507933647
794.507933647
794.507933647
794.507933647
794.507933647
794.507933647
794.507933647
794.507933647
794.507933647
794.507933647
794.507933647
794.507933647
794.507933647
794.507933647
794.507933647
794.507933647
794.507933647
794.507933647
794.507933647
794.507933647
794.507933647
794.507933647
794.507933647
794.507933647
794.507933647
794.507933647
794.507933647
794.507933647
794.507933647
794.507933647
794.507933647
794.507933647
794.507933647
794.507933647
794.507933647
794.507933647
794.507933647
794.507933647
794.507933647
794.507933647
794.507933647
794.507933647
794.507933647
794.507933647
790.201327583
790.201327583
790.201327583
790.201327583
790.201327583
790.201327583
790.201327583
790.201327583
790.201327583
790.201327583
790.201327583
790.201327583
790.201327583
790.201327583
786.150994039
786.150994039
786.150994039
786.150994039
786.150994039
786.150994039
786.150994039
786.150994039
786.150994039
786.150994039
786.150994039
786.150994039
786.150994039
786.150994039
786.150994039
786.150994039
786.150994039
786.150994039
786.150994039
786.150994039
786.150994039
786.150994039
786.150994039
786.150994039
786.150994039
786.150994039
786.150994039
786.150994039
786.150994039
786.150994039
786.150994039
786.150994039
786.150994039
786.150994039
786.150994039
786.150994039
786.150994039
786.150994039
786.150994039
786.150994039
786.150994039
786.150994039
786.150994039
786.150994039
786.150994039
786.150994039
786.150994039
786.150994039
786.150994039
786.150994039
786.150994039
786.150994039
786.150994039
786.150994039
786.150994039
786.150994039
786.150994039
786.150994039
786.150994039
786.150994039
786.150994039
786.150994039
786.150994039
786.150994039
786.150994039
786.150994039
786.150994039
786.150994039
786.150994039
786.150994039
786.150994039
786.150994039
786.150994039
786.150994039
786.150994039
786.150994039
786.150994039
786.150994039
786.150994039
786.150994039
786.150994039
786.150994039
786.150994039
786.150994039
786.150994039
786.150994039
786.150994039
786.150994039
786.150994039
786.150994039
786.150994039
786.150994039
786.150994039
786.150994039
786.150994039
786.150994039
786.150994039
786.150994039
786.150994039
786.150994039
786.150994039
786.150994039
786.150994039
786.150994039
786.150994039
786.150994039
786.150994039
786.150994039
786.150994039
786.150994039
786.150994039
786.150994039
786.150994039
786.150994039
786.150994039
786.150994039
786.150994039
786.150994039
786.150994039
786.150994039
786.150994039
786.150994039
786.150994039
786.150994039
786.150994039
786.150994039
782.075143651
782.075143651
782.075143651
782.075143651
782.075143651
782.075143651
782.075143651
782.075143651
782.075143651
782.075143651
782.075143651
782.075143651
782.075143651
782.075143651
782.075143651
782.075143651
782.075143651
782.075143651
782.075143651
782.075143651
782.075143651
782.075143651
782.075143651
782.075143651
782.075143651
782.075143651
782.075143651
782.075143651
782.075143651
775.69885017
775.69885017
775.69885017
775.69885017
775.69885017
775.69885017
775.69885017
775.69885017
775.69885017
775.69885017
775.69885017
775.69885017
775.69885017
775.69885017
775.69885017
775.69885017
775.69885017
775.69885017
775.69885017
775.69885017
775.69885017
775.69885017
775.69885017
775.69885017
775.69885017
775.69885017
775.69885017
775.69885017
775.69885017
775.69885017
775.69885017
772.282034481
772.282034481
772.282034481
772.282034481
772.282034481
772.282034481
772.282034481
772.282034481
772.282034481
772.282034481
772.282034481
772.282034481
771.557734125
771.557734125
771.557734125
771.557734125
771.557734125
771.557734125
771.557734125
771.557734125
771.557734125
771.557734125
771.557734125
771.557734125
771.557734125
771.557734125
771.557734125
771.557734125
771.557734125
771.557734125
771.557734125
771.557734125
767.962475713
767.962475713
767.962475713
767.962475713
767.962475713
767.962475713
767.962475713
767.962475713
767.962475713
767.962475713
767.962475713
767.962475713
767.962475713
767.962475713
767.962475713
767.962475713
767.962475713
767.962475713
767.962475713
767.962475713
767.962475713
767.962475713
767.962475713
767.962475713
767.962475713
767.962475713
767.962475713
767.962475713
767.962475713
767.962475713
767.962475713
767.962475713
767.962475713
767.962475713
767.962475713
767.962475713
767.962475713
767.962475713
767.962475713
767.962475713
767.962475713
767.962475713
767.962475713
767.962475713
767.962475713
767.962475713
767.962475713
767.962475713
767.962475713
767.962475713
767.962475713
767.962475713
767.962475713
767.962475713
767.962475713
767.962475713
767.962475713
767.962475713
767.962475713
767.962475713
767.962475713
767.962475713
767.962475713
767.962475713
767.962475713
767.962475713
767.962475713
767.962475713
767.962475713
767.962475713
767.962475713
767.962475713
767.962475713
767.962475713
767.962475713
767.962475713
767.962475713
767.962475713
767.962475713
767.962475713
767.962475713
767.962475713
767.962475713
767.962475713
767.962475713
767.962475713
767.962475713
767.962475713
767.962475713
767.962475713
767.962475713
767.962475713
767.962475713
767.962475713
767.962475713
767.962475713
767.962475713
767.962475713
767.962475713
767.962475713
767.962475713
767.962475713
767.962475713
767.962475713
767.962475713
767.962475713
767.962475713
767.962475713
767.962475713
767.962475713
767.962475713
767.962475713
767.962475713
767.962475713
767.962475713
767.962475713
767.962475713
767.962475713
767.962475713
767.962475713
767.962475713
767.962475713
767.962475713
767.962475713
767.962475713
767.962475713
767.962475713
767.962475713
767.962475713
767.962475713
767.962475713
767.962475713
767.962475713
767.962475713
767.962475713
767.962475713
767.962475713
767.962475713
767.962475713
767.962475713
767.962475713
767.962475713
767.962475713
767.962475713
767.962475713
767.962475713
767.962475713
767.962475713
767.962475713
767.962475713
767.962475713
767.962475713
767.962475713
767.962475713
767.962475713
767.962475713
767.962475713
767.962475713
767.962475713
767.962475713
767.962475713
767.962475713
767.962475713
767.962475713
767.962475713
767.962475713
767.962475713
767.962475713
767.962475713
767.962475713
767.962475713
767.962475713
767.962475713
767.962475713
767.962475713
767.962475713
767.962475713
767.962475713
767.962475713
767.962475713
767.962475713
767.962475713
767.962475713
767.962475713
767.962475713
767.962475713
767.962475713
767.962475713
767.962475713
767.962475713
767.962475713
767.962475713
767.962475713
767.962475713
767.962475713
767.962475713
767.962475713
767.962475713
767.962475713
767.962475713
767.962475713
767.962475713
767.962475713
767.962475713
767.962475713
767.962475713
767.962475713
767.962475713
767.962475713
767.962475713
751.86198899
751.86198899
751.86198899
751.86198899
751.86198899
751.86198899
751.86198899
751.86198899
751.86198899
751.86198899
751.86198899
751.86198899
751.86198899
751.86198899
751.86198899
741.146588888
741.146588888
741.146588888
741.146588888
741.146588888
741.146588888
741.146588888
741.146588888
741.146588888
741.146588888
741.146588888
741.146588888
741.146588888
741.146588888
741.146588888
741.146588888
741.146588888
741.146588888
741.146588888
741.146588888
741.146588888
741.146588888
741.146588888
741.146588888
741.146588888
741.146588888
741.146588888
741.146588888
741.146588888
741.146588888
741.146588888
741.146588888
741.146588888
741.146588888
741.146588888
741.146588888
741.146588888
741.146588888
741.146588888
741.146588888
741.146588888
741.146588888
741.146588888
741.146588888
741.146588888
741.146588888
741.146588888
741.146588888
741.146588888
741.146588888
741.146588888
741.146588888
741.146588888
741.146588888
741.146588888
741.146588888
741.146588888
741.146588888
731.653481402
731.653481402
731.653481402
731.653481402
731.653481402
731.653481402
731.653481402
731.653481402
731.653481402
731.653481402
731.653481402
731.653481402
731.653481402
731.653481402
731.653481402
731.653481402
731.653481402
729.615495981
729.615495981
729.615495981
729.615495981
729.615495981
729.615495981
729.615495981
729.615495981
729.615495981
729.615495981
729.615495981
729.615495981
729.615495981
729.615495981
729.615495981
729.615495981
729.615495981
729.615495981
729.615495981
729.615495981
729.615495981
729.615495981
729.615495981
729.615495981
729.615495981
729.615495981
729.615495981
729.615495981
729.615495981
729.615495981
729.615495981
729.615495981
729.615495981
729.615495981
729.615495981
729.615495981
729.615495981
729.615495981
729.615495981
729.615495981
729.615495981
729.615495981
729.615495981
729.615495981
729.615495981
729.615495981
729.615495981
729.615495981
729.615495981
729.615495981
729.615495981
729.615495981
729.615495981
729.615495981
729.615495981
729.615495981
729.615495981
729.615495981
729.615495981
729.615495981
729.615495981
729.615495981
729.615495981
729.615495981
729.615495981
729.615495981
729.615495981
729.615495981
729.615495981
729.615495981
729.615495981
729.615495981
729.615495981
729.615495981
729.615495981
729.615495981
729.615495981
729.615495981
729.615495981
729.615495981
729.615495981
729.615495981
729.615495981
729.615495981
729.615495981
729.615495981
729.615495981
729.615495981
729.615495981
729.615495981
729.615495981
729.615495981
729.615495981
729.615495981
729.615495981
729.615495981
729.615495981
729.615495981
729.615495981
729.615495981
729.615495981
729.615495981
729.615495981
729.615495981
729.615495981
729.615495981
729.615495981
729.615495981
729.615495981
729.615495981
729.615495981
729.615495981
729.615495981
729.615495981
729.615495981
729.615495981
729.615495981
729.615495981
729.615495981
729.615495981
729.615495981
729.615495981
729.615495981
729.615495981
729.615495981
729.615495981
729.615495981
729.615495981
729.615495981
729.615495981
729.615495981
729.615495981
729.615495981
729.615495981
729.615495981
729.615495981
729.615495981
729.615495981
729.615495981
729.615495981
729.615495981
729.615495981
729.615495981
729.615495981
729.615495981
729.615495981
729.615495981
729.615495981
729.615495981
729.615495981
729.615495981
729.615495981
729.615495981
729.615495981
729.615495981
729.615495981
729.615495981
729.615495981
729.615495981
729.615495981
729.615495981
729.615495981
729.615495981
729.615495981
729.615495981
729.615495981
729.615495981
729.615495981
729.615495981
729.615495981
729.615495981
729.615495981
729.615495981
729.615495981
729.615495981
729.615495981
729.615495981
729.615495981
729.615495981
729.615495981
729.615495981
729.615495981
729.615495981
729.615495981
729.615495981
729.615495981
729.615495981
729.615495981
729.615495981
729.615495981
729.615495981
729.615495981
729.615495981
729.615495981
729.615495981
729.615495981
729.615495981
729.615495981
729.615495981
729.615495981
729.615495981
729.615495981
729.615495981
729.615495981
729.615495981
729.615495981
729.615495981
729.615495981
729.615495981
729.615495981
729.615495981
729.615495981
729.615495981
729.615495981
729.615495981
729.615495981
729.615495981
729.615495981
729.615495981
729.615495981
729.615495981
729.615495981
729.615495981
729.615495981
729.615495981
729.615495981
729.615495981
729.615495981
729.615495981
729.615495981
729.615495981
729.615495981
729.615495981
729.615495981
727.809927001
727.809927001
727.809927001
727.809927001
727.809927001
727.809927001
727.809927001
727.809927001
727.809927001
727.809927001
727.809927001
727.809927001
727.809927001
727.809927001
727.809927001
727.809927001
727.809927001
727.809927001
727.809927001
727.809927001
727.809927001
727.809927001
727.809927001
727.809927001
727.809927001
727.809927001
727.809927001
727.809927001
727.809927001
727.809927001
727.809927001
727.809927001
727.809927001
727.809927001
727.809927001
727.809927001
727.809927001
727.809927001
727.809927001
727.809927001
727.809927001
727.809927001
727.809927001
727.809927001
727.809927001
727.809927001
727.809927001
727.809927001
727.809927001
727.809927001
727.809927001
727.809927001
727.809927001
727.809927001
727.809927001
727.809927001
727.809927001
727.809927001
727.809927001
727.809927001
727.809927001
727.809927001
727.809927001
727.809927001
727.809927001
727.809927001
727.809927001
727.809927001
727.809927001
727.809927001
727.809927001
727.809927001
727.809927001
727.809927001
727.809927001
727.809927001
727.809927001
727.809927001
727.809927001
727.809927001
727.809927001
727.809927001
727.809927001
727.809927001
727.809927001
727.809927001
727.809927001
727.809927001
727.809927001
727.809927001
727.809927001
727.809927001
727.809927001
727.809927001
727.809927001
727.809927001
727.809927001
727.809927001
727.809927001
727.809927001
727.809927001
727.809927001
727.809927001
727.809927001
727.809927001
727.809927001
727.809927001
727.809927001
727.809927001
727.809927001
727.809927001
727.809927001
727.809927001
727.809927001
727.809927001
727.809927001
727.809927001
727.809927001
727.809927001
727.809927001
727.809927001
727.809927001
727.809927001
727.809927001
727.809927001
727.809927001
727.809927001
727.809927001
727.809927001
727.809927001
727.809927001
727.809927001
727.809927001
727.809927001
727.809927001
727.809927001
727.809927001
727.809927001
727.809927001
727.809927001
727.809927001
727.809927001
727.809927001
727.809927001
727.809927001
727.809927001
727.809927001
727.809927001
727.809927001
727.809927001
727.809927001
727.809927001
727.809927001
727.809927001
727.809927001
727.809927001
727.809927001
727.809927001
727.809927001
727.809927001
727.809927001
727.809927001
727.809927001
727.809927001
727.809927001
723.884292245
723.884292245
723.884292245
723.884292245
723.884292245
723.884292245
723.884292245
715.808627731
715.808627731
715.808627731
715.808627731
715.808627731
715.808627731
715.808627731
715.808627731
715.808627731
715.808627731
715.808627731
715.808627731
715.808627731
715.808627731
715.808627731
715.808627731
715.808627731
715.808627731
715.808627731
715.808627731
715.808627731
715.808627731
715.808627731
715.808627731
715.808627731
715.808627731
715.808627731
715.808627731
715.808627731
715.808627731
715.808627731
715.808627731
715.808627731
715.808627731
715.808627731
715.808627731
715.808627731
715.808627731
715.808627731
715.808627731
715.808627731
715.808627731
715.808627731
715.808627731
715.808627731
715.808627731
715.808627731
715.808627731
715.808627731
715.808627731
715.808627731
715.808627731
715.808627731
715.808627731
715.808627731
715.808627731
715.545610905
715.545610905
715.545610905
715.545610905
715.545610905
715.545610905
715.545610905
715.545610905
715.545610905
715.545610905
715.545610905
715.545610905
715.545610905
715.545610905
715.545610905
715.545610905
715.545610905
715.545610905
715.545610905
715.545610905
715.545610905
715.545610905
715.545610905
715.545610905
715.545610905
715.545610905
715.545610905
715.545610905
715.545610905
715.545610905
715.545610905
715.545610905
715.545610905
715.545610905
715.545610905
715.545610905
715.545610905
715.545610905
715.545610905
715.545610905
715.545610905
715.545610905
715.545610905
715.545610905
715.545610905
715.545610905
715.545610905
715.545610905
715.545610905
715.545610905
715.545610905
715.545610905
715.545610905
715.545610905
715.545610905
715.545610905
715.545610905
715.545610905
715.545610905
715.545610905
715.545610905
715.545610905
715.545610905
715.545610905
715.545610905
715.545610905
715.545610905
715.545610905
715.545610905
715.545610905
715.545610905
715.545610905
715.545610905
715.545610905
715.545610905
715.545610905
715.545610905
715.545610905
715.545610905
715.545610905
715.545610905
715.545610905
715.545610905
715.545610905
715.545610905
715.545610905
715.545610905
715.545610905
715.545610905
715.545610905
715.545610905
715.545610905
715.545610905
715.545610905
715.545610905
715.545610905
715.545610905
715.545610905
715.545610905
715.545610905
715.545610905
715.545610905
715.545610905
715.545610905
715.545610905
715.545610905
715.545610905
715.545610905
715.545610905
715.545610905
715.545610905
715.545610905
715.545610905
715.545610905
715.545610905
715.545610905
715.545610905
715.545610905
715.545610905
715.545610905
715.545610905
715.545610905
715.545610905
715.545610905
715.545610905
715.545610905
715.545610905
715.545610905
715.545610905
715.545610905
715.545610905
715.545610905
715.545610905
715.545610905
715.545610905
715.545610905
715.545610905
715.545610905
715.545610905
715.545610905
715.545610905
715.545610905
715.545610905
715.545610905
715.545610905
715.545610905
715.545610905
715.545610905
715.545610905
715.545610905
715.545610905
715.545610905
715.545610905
715.545610905
715.545610905
715.545610905
715.545610905
715.545610905
715.545610905
715.545610905
715.545610905
715.545610905
715.545610905
715.545610905
715.545610905
715.545610905
715.545610905
715.545610905
715.545610905
715.545610905
715.545610905
715.545610905
715.545610905
715.545610905
715.545610905
715.545610905
715.545610905
715.545610905
715.545610905
715.545610905
715.545610905
715.545610905
715.545610905
715.545610905
715.545610905
715.545610905
715.545610905
715.545610905
715.545610905
715.545610905
715.545610905
715.545610905
715.545610905
715.545610905
715.545610905
715.545610905
715.545610905
715.545610905
715.545610905
710.092558073
710.092558073
710.092558073
710.092558073
710.092558073
710.092558073
710.092558073
710.092558073
710.092558073
710.092558073
710.092558073
710.092558073
710.092558073
710.092558073
710.092558073
710.092558073
710.092558073
710.092558073
710.092558073
710.092558073
710.092558073
710.092558073
710.092558073
710.092558073
710.092558073
710.092558073
710.092558073
710.092558073
710.092558073
710.092558073
710.092558073
710.092558073
710.092558073
710.092558073
710.092558073
710.092558073
710.092558073
705.788306728
705.788306728
705.788306728
705.788306728
705.788306728
705.788306728
705.788306728
705.788306728
705.788306728
705.788306728
705.788306728
705.788306728
705.788306728
705.788306728
705.788306728
705.788306728
705.788306728
705.788306728
705.788306728
705.788306728
705.788306728
705.788306728
705.788306728
705.788306728
705.788306728
705.788306728
705.788306728
705.788306728
705.788306728
705.788306728
705.788306728
705.788306728
705.788306728
705.788306728
705.788306728
705.788306728
705.788306728
705.788306728
705.788306728
705.788306728
705.788306728
705.788306728
705.788306728
705.788306728
705.788306728
705.788306728
705.788306728
705.788306728
705.788306728
705.788306728
705.788306728
705.788306728
705.788306728
705.788306728
705.788306728
705.788306728
705.788306728
705.788306728
705.788306728
705.788306728
705.788306728
705.788306728
705.788306728
705.788306728
705.788306728
705.788306728
705.788306728
705.788306728
705.788306728
705.788306728
705.788306728
705.788306728
705.788306728
705.788306728
705.788306728
705.788306728
705.788306728
705.788306728
705.788306728
705.788306728
705.788306728
705.788306728
705.788306728
705.788306728
705.788306728
705.788306728
705.788306728
705.788306728
705.788306728
705.788306728
705.788306728
705.788306728
705.788306728
705.788306728
705.788306728
705.788306728
705.788306728
705.788306728
705.788306728
705.788306728
705.788306728
705.788306728
705.788306728
705.788306728
705.788306728
705.788306728
705.788306728
705.788306728
705.788306728
705.788306728
705.788306728
705.788306728
705.788306728
705.788306728
705.788306728
705.788306728
705.788306728
705.788306728
705.788306728
705.788306728
705.788306728
705.788306728
705.788306728
705.788306728
705.788306728
705.788306728
705.788306728
705.788306728
705.788306728
705.788306728
705.788306728
705.788306728
705.788306728
705.788306728
705.788306728
705.788306728
705.788306728
705.788306728
705.788306728
705.788306728
705.788306728
705.788306728
705.18085907
705.18085907
705.18085907
705.18085907
698.711900052
698.711900052
698.711900052
698.711900052
698.711900052
698.711900052
698.711900052
698.711900052
698.711900052
698.711900052
698.711900052
698.711900052
698.711900052
698.711900052
698.711900052
698.711900052
698.711900052
698.711900052
698.711900052
698.711900052
698.711900052
698.711900052
698.711900052
698.711900052
698.711900052
698.711900052
698.711900052
698.711900052
698.711900052
698.711900052
698.711900052
698.711900052
698.711900052
698.711900052
698.711900052
698.711900052
698.711900052
698.711900052
698.711900052
698.711900052
698.711900052
698.711900052
698.711900052
698.711900052
698.711900052
698.711900052
698.711900052
698.711900052
698.711900052
698.711900052
698.711900052
698.711900052
698.711900052
698.711900052
698.711900052
698.711900052
698.711900052
698.711900052
698.711900052
698.711900052
698.711900052
698.711900052
698.711900052
698.711900052
698.711900052
698.711900052
698.711900052
698.711900052
698.711900052
698.711900052
698.711900052
698.711900052
698.711900052
698.711900052
698.711900052
698.711900052
698.711900052
698.711900052
698.711900052
698.711900052
698.711900052
698.711900052
698.711900052
698.711900052
698.711900052
698.711900052
698.711900052
698.711900052
698.711900052
698.711900052
698.711900052
698.711900052
698.711900052
698.711900052
698.711900052
698.711900052
698.711900052
698.711900052
698.711900052
698.711900052
698.711900052
698.711900052
698.711900052
698.711900052
698.711900052
698.711900052
698.711900052
698.711900052
698.711900052
698.711900052
698.711900052
698.711900052
698.711900052
698.711900052
698.711900052
698.711900052
698.711900052
698.711900052
698.711900052
698.711900052
698.711900052
698.711900052
698.711900052
698.711900052
698.711900052
698.711900052
698.711900052
698.711900052
698.711900052
698.711900052
698.711900052
698.711900052
698.711900052
698.711900052
698.711900052
698.711900052
698.711900052
698.711900052
698.711900052
698.711900052
698.711900052
698.711900052
698.711900052
698.711900052
698.711900052
698.711900052
698.711900052
698.711900052
698.711900052
698.711900052
698.711900052
698.711900052
698.711900052
698.711900052
698.711900052
698.711900052
698.711900052
698.711900052
698.711900052
698.711900052
698.711900052
698.711900052
698.711900052
698.711900052
698.711900052
698.711900052
698.711900052
698.711900052
698.711900052
698.711900052
698.711900052
698.711900052
698.711900052
698.711900052
698.711900052
698.711900052
698.711900052
698.711900052
698.711900052
698.711900052
698.711900052
698.711900052
698.711900052
698.711900052
698.711900052
698.711900052
698.711900052
698.711900052
698.711900052
698.711900052
698.711900052
698.711900052
698.711900052
698.711900052
698.711900052
698.711900052
698.711900052
698.711900052
698.711900052
698.711900052
698.711900052
698.711900052
698.711900052
698.711900052
698.711900052
698.711900052
698.711900052
698.711900052
698.711900052
698.711900052
698.711900052
698.711900052
698.711900052
698.711900052
698.711900052
698.711900052
698.711900052
698.711900052
698.711900052
698.711900052
698.711900052
698.711900052
698.711900052
698.711900052
698.711900052
698.711900052
698.711900052
698.711900052
698.711900052
698.711900052
698.711900052
698.711900052
698.711900052
698.711900052
698.711900052
698.711900052
698.711900052
698.711900052
698.711900052
698.711900052
698.711900052
698.711900052
698.711900052
698.711900052
698.711900052
698.711900052
698.711900052
698.711900052
698.711900052
698.711900052
698.711900052
698.711900052
698.711900052
698.711900052
698.711900052
698.711900052
698.711900052
698.711900052
698.711900052
698.711900052
698.711900052
698.711900052
698.711900052
698.711900052
698.711900052
698.711900052
698.711900052
698.711900052
698.711900052
698.711900052
698.711900052
698.711900052
698.711900052
698.711900052
698.711900052
698.711900052
698.711900052
698.711900052
698.711900052
698.711900052
698.711900052
698.711900052
698.711900052
698.711900052
698.711900052
698.711900052
698.711900052
698.711900052
698.711900052
698.711900052
698.711900052
698.711900052
698.711900052
698.711900052
698.711900052
698.711900052
698.711900052
698.711900052
698.711900052
698.711900052
698.711900052
698.711900052
698.711900052
698.711900052
698.711900052
698.711900052
698.711900052
698.711900052
698.711900052
698.711900052
698.711900052
698.711900052
698.711900052
698.711900052
698.711900052
698.711900052
695.341276193
695.341276193
695.341276193
695.341276193
695.341276193
695.341276193
695.341276193
695.341276193
695.341276193
695.341276193
695.341276193
695.341276193
695.341276193
695.341276193
695.341276193
695.341276193
695.341276193
695.341276193
695.341276193
695.341276193
695.341276193
695.341276193
695.341276193
695.341276193
695.341276193
695.341276193
695.341276193
695.341276193
695.341276193
695.341276193
695.341276193
695.341276193
695.341276193
695.341276193
695.341276193
695.341276193
695.341276193
695.341276193
695.341276193
695.341276193
695.341276193
695.341276193
695.341276193
695.341276193
695.341276193
695.341276193
695.341276193
695.341276193
695.341276193
695.341276193
695.341276193
695.341276193
695.341276193
695.341276193
695.341276193
695.341276193
695.341276193
695.341276193
695.341276193
695.341276193
695.341276193
695.341276193
695.341276193
695.341276193
695.341276193
695.341276193
695.341276193
695.341276193
695.341276193
693.753653922
693.753653922
693.753653922
693.753653922
693.753653922
693.753653922
693.753653922
693.753653922
693.753653922
693.753653922
693.753653922
693.753653922
693.753653922
693.753653922
693.753653922
693.753653922
693.753653922
688.332544329
688.332544329
688.332544329
688.332544329
688.332544329
688.332544329
688.332544329
688.332544329
688.332544329
688.332544329
688.332544329
688.332544329
688.332544329
688.332544329
688.332544329
688.332544329
688.332544329
688.332544329
688.332544329
688.332544329
688.332544329
688.332544329
688.332544329
688.332544329
688.332544329
688.332544329
688.332544329
688.332544329
688.332544329
688.332544329
688.332544329
688.332544329
688.332544329
688.332544329
688.332544329
688.332544329
688.332544329
688.332544329
688.332544329
688.332544329
683.205800348
683.205800348
683.205800348
683.205800348
683.205800348
683.205800348
683.205800348
683.205800348
683.205800348
683.205800348
683.205800348
683.205800348
683.205800348
683.205800348
683.205800348
683.205800348
683.205800348
674.26073674
674.26073674
674.26073674
674.26073674
674.26073674
674.26073674
674.26073674
674.26073674
674.26073674
674.26073674
674.26073674
674.26073674
674.26073674
674.26073674
674.26073674
674.26073674
674.26073674
674.26073674
674.26073674
674.26073674
674.26073674
674.26073674
674.26073674
674.26073674
674.26073674
674.26073674
674.26073674
674.26073674
674.26073674
674.26073674
674.26073674
674.26073674
670.835010818
670.835010818
670.835010818
670.835010818
670.835010818
670.835010818
670.835010818
670.607274858
670.607274858
670.607274858
670.607274858
670.607274858
670.607274858
670.607274858
670.607274858
670.607274858
670.607274858
670.607274858
670.607274858
670.607274858
670.607274858
670.607274858
670.607274858
670.607274858
670.607274858
670.607274858
670.607274858
670.607274858
670.607274858
670.607274858
670.607274858
668.087565202
668.087565202
668.087565202
668.087565202
668.087565202
668.087565202
668.087565202
668.087565202
668.087565202
668.087565202
668.087565202
668.087565202
668.087565202
668.087565202
668.087565202
668.087565202
668.087565202
668.087565202
668.087565202
668.087565202
668.087565202
668.087565202
668.087565202
668.087565202
668.087565202
668.087565202
668.087565202
668.087565202
668.087565202
668.087565202
668.087565202
668.087565202
668.087565202
668.087565202
668.087565202
668.087565202
668.087565202
668.087565202
668.087565202
668.087565202
668.087565202
668.087565202
668.087565202
668.087565202
668.087565202
668.087565202
668.087565202
668.087565202
668.087565202
668.087565202
668.087565202
668.087565202
668.087565202
668.087565202
668.087565202
668.087565202
668.087565202
668.087565202
668.087565202
668.087565202
668.087565202
668.087565202
668.087565202
668.087565202
668.087565202
668.087565202
668.087565202
668.087565202
668.087565202
668.087565202
668.087565202
668.087565202
668.087565202
668.087565202
668.087565202
668.087565202
668.087565202
668.087565202
668.087565202
668.087565202
668.087565202
668.087565202
660.191536975
660.191536975
660.191536975
660.191536975
660.191536975
660.191536975
660.191536975
660.191536975
660.191536975
660.191536975
660.191536975
660.191536975
660.191536975
660.191536975
660.191536975
660.191536975
660.191536975
660.191536975
660.191536975
660.191536975
660.191536975
660.191536975
660.191536975
660.191536975
660.191536975
660.191536975
660.191536975
660.191536975
660.191536975
660.191536975
660.191536975
660.191536975
660.191536975
660.191536975
660.191536975
660.191536975
660.191536975
660.191536975
660.191536975
660.191536975
660.191536975
660.191536975
660.191536975
660.191536975
660.191536975
660.191536975
660.191536975
660.191536975
660.191536975
660.191536975
660.191536975
660.191536975
660.191536975
660.191536975
660.191536975
660.191536975
660.191536975
660.191536975
660.191536975
660.191536975
660.191536975
660.191536975
660.191536975
660.191536975
660.191536975
660.191536975
660.191536975
660.191536975
660.191536975
660.191536975
660.191536975
660.191536975
660.191536975
660.191536975
660.191536975
660.191536975
660.191536975
660.191536975
660.191536975
660.191536975
660.191536975
660.191536975
660.191536975
660.191536975
660.191536975
660.191536975
660.191536975
660.191536975
660.191536975
660.191536975
660.191536975
660.191536975
660.191536975
660.191536975
660.191536975
660.191536975
660.191536975
660.191536975
660.191536975
660.191536975
660.191536975
660.191536975
660.191536975
660.191536975
660.191536975
660.191536975
660.191536975
660.191536975
660.191536975
660.191536975
660.191536975
660.191536975
660.191536975
660.191536975
660.191536975
660.191536975
660.191536975
660.191536975
660.191536975
660.191536975
660.191536975
660.191536975
660.191536975
660.191536975
660.191536975
660.191536975
660.191536975
660.191536975
660.191536975
660.191536975
660.191536975
660.191536975
660.191536975
660.191536975
660.191536975
660.191536975
660.191536975
660.191536975
660.191536975
660.191536975
660.191536975
660.191536975
660.191536975
660.191536975
660.191536975
660.191536975
660.191536975
660.191536975
660.191536975
660.191536975
660.191536975
660.191536975
660.191536975
660.191536975
660.191536975
660.191536975
660.191536975
660.191536975
660.191536975
660.191536975
660.191536975
660.191536975
660.191536975
660.191102919
660.191102919
660.191102919
660.191102919
660.191102919
660.191102919
660.191102919
660.191102919
660.191102919
660.191102919
660.191102919
660.191102919
660.191102919
660.191102919
660.191102919
660.191102919
660.191102919
660.191102919
660.191102919
660.191102919
660.191102919
660.191102919
660.191102919
660.191102919
660.191102919
660.191102919
660.191102919
660.191102919
660.191102919
660.191102919
660.191102919
660.191102919
660.191102919
660.191102919
660.191102919
660.191102919
660.191102919
660.191102919
660.191102919
660.191102919
660.191102919
660.191102919
660.191102919
660.191102919
660.191102919
660.191102919
660.191102919
660.191102919
660.191102919
660.191102919
660.191102919
660.191102919
660.191102919
660.191102919
660.191102919
660.191102919
660.191102919
660.191102919
660.191102919
660.191102919
660.191102919
660.191102919
660.191102919
660.191102919
660.191102919
660.191102919
660.191102919
660.191102919
660.191102919
657.522942353
657.522942353
657.522942353
657.522942353
657.522942353
657.522942353
657.522942353
657.522942353
657.522942353
657.522942353
657.522942353
657.522942353
657.522942353
657.522942353
657.522942353
657.522942353
657.522942353
657.522942353
657.522942353
657.522942353
657.522942353
657.522942353
657.522942353
657.522942353
657.522942353
657.522942353
657.522942353
657.522942353
657.522942353
657.522942353
657.522942353
657.522942353
657.522942353
657.522942353
657.522942353
657.522942353
657.522942353
657.522942353
657.522942353
657.522942353
657.522942353
657.522942353
657.522942353
657.522942353
657.522942353
657.522942353
657.522942353
657.522942353
657.522942353
657.522942353
657.522942353
657.522942353
657.522942353
657.522942353
657.522942353
657.522942353
657.522942353
657.522942353
657.522942353
657.522942353
657.522942353
657.522942353
657.522942353
657.522942353
657.522942353
657.522942353
657.522942353
657.522942353
657.522942353
657.522942353
657.522942353
657.522942353
657.522942353
657.522942353
657.522942353
657.522942353
657.522942353
657.522942353
657.522942353
657.522942353
657.522942353
657.522942353
657.522942353
657.522942353
657.522942353
657.522942353
657.522942353
657.522942353
657.522942353
657.522942353
657.522942353
657.522942353
657.522942353
657.522942353
657.522942353
657.522942353
657.522942353
657.522942353
657.522942353
657.522942353
657.522942353
657.522942353
657.522942353
657.522942353
657.522942353
657.522942353
657.522942353
657.522942353
657.522942353
657.522942353
657.522942353
657.522942353
657.522942353
657.522942353
657.522942353
657.522942353
657.522942353
657.522942353
657.522942353
657.522942353
657.522942353
657.522942353
657.522942353
657.522942353
657.522942353
657.522942353
657.522942353
657.522942353
657.522942353
657.522942353
657.522942353
657.522942353
657.522942353
657.522942353
657.522942353
657.522942353
657.522942353
657.522942353
657.522942353
657.522942353
657.522942353
657.522942353
657.522942353
657.522942353
657.522942353
657.522942353
657.522942353
657.522942353
657.522942353
657.522942353
657.522942353
657.522942353
657.522942353
657.522942353
657.522942353
657.522942353
657.522942353
657.522942353
657.522942353
657.522942353
657.522942353
657.522942353
657.522942353
657.522942353
657.522942353
657.522942353
657.522942353
657.522942353
657.522942353
657.522942353
657.522942353
657.522942353
657.522942353
657.522942353
657.522942353
657.522942353
657.522942353
657.522942353
657.522942353
657.522942353
657.522942353
657.522942353
657.522942353
657.522942353
657.522942353
657.522942353
657.522942353
657.522942353
657.522942353
657.522942353
657.522942353
657.522942353
657.522942353
657.522942353
657.522942353
657.522942353
657.522942353
657.522942353
657.522942353
657.522942353
657.522942353
657.522942353
657.522942353
657.522942353
657.522942353
657.522942353
657.522942353
657.522942353
657.522942353
657.522942353
657.522942353
657.522942353
657.522942353
657.522942353
657.522942353
657.522942353
657.522942353
657.522942353
657.522942353
657.522942353
657.522942353
657.522942353
657.522942353
657.522942353
657.522942353
657.522942353
657.522942353
657.522942353
657.522942353
657.522942353
657.522942353
657.522942353
657.522942353
657.522942353
657.522942353
657.522942353
657.522942353
657.522942353
657.522942353
654.263198895
654.263198895
654.263198895
654.263198895
654.263198895
654.263198895
654.263198895
654.263198895
654.263198895
654.263198895
654.263198895
654.263198895
654.263198895
654.263198895
654.263198895
654.263198895
654.263198895
654.263198895
654.263198895
654.263198895
654.263198895
654.263198895
654.263198895
654.263198895
654.263198895
654.263198895
654.263198895
654.263198895
654.263198895
654.263198895
654.263198895
654.263198895
654.263198895
654.263198895
654.263198895
654.263198895
654.263198895
654.263198895
654.263198895
654.263198895
654.263198895
654.263198895
654.263198895
654.263198895
654.263198895
654.263198895
654.263198895
654.263198895
654.263198895
654.263198895
654.263198895
654.263198895
654.263198895
654.263198895
654.263198895
654.263198895
654.263198895
654.263198895
654.263198895
654.263198895
654.263198895
654.263198895
654.263198895
654.263198895
654.263198895
654.263198895
654.263198895
654.263198895
654.263198895
654.263198895
654.263198895
654.263198895
654.263198895
654.263198895
654.263198895
654.263198895
654.263198895
654.263198895
654.263198895
654.263198895
654.263198895
654.263198895
648.232014618
648.232014618
648.232014618
648.232014618
648.232014618
648.232014618
648.232014618
648.232014618
648.232014618
648.232014618
648.232014618
644.718063606
644.718063606
644.718063606
644.718063606
644.718063606
644.718063606
644.718063606
644.718063606
644.718063606
644.718063606
644.718063606
644.718063606
644.718063606
644.718063606
644.718063606
644.718063606
644.718063606
644.718063606
644.718063606
644.718063606
644.718063606
644.718063606
644.718063606
644.718063606
644.718063606
644.718063606
644.718063606
644.718063606
644.718063606
644.718063606
644.718063606
644.718063606
644.718063606
644.718063606
644.718063606
644.718063606
644.718063606
644.718063606
644.718063606
644.718063606
644.718063606
644.718063606
644.718063606
644.718063606
644.718063606
644.718063606
644.718063606
644.718063606
644.718063606
644.718063606
644.718063606
644.718063606
644.718063606
644.718063606
644.718063606
644.718063606
638.771957618
638.771957618
638.771957618
638.771957618
638.771957618
638.771957618
638.771957618
638.771957618
638.771957618
638.771957618
638.771957618
638.771957618
638.771957618
638.771957618
638.771957618
638.771957618
638.771957618
638.771957618
638.771957618
638.771957618
638.771957618
638.771957618
638.771957618
638.771957618
638.771957618
638.771957618
638.771957618
638.771957618
638.771957618
638.771957618
638.771957618
638.771957618
638.771957618
638.771957618
638.771957618
638.771957618
638.771957618
638.771957618
638.771957618
638.771957618
638.771957618
638.771957618
638.771957618
638.771957618
638.771957618
638.771957618
638.771957618
638.771957618
638.771957618
638.771957618
638.771957618
638.771957618
638.771957618
638.771957618
638.771957618
638.771957618
638.771957618
638.771957618
638.771957618
638.771957618
638.771957618
638.771957618
638.771957618
638.771957618
638.771957618
638.771957618
638.771957618
638.771957618
638.771957618
638.771957618
638.771957618
638.771957618
638.771957618
638.771957618
638.771957618
638.771957618
638.771957618
638.771957618
638.771957618
638.771957618
638.771957618
638.771957618
638.771957618
638.771957618
638.771957618
638.771957618
638.771957618
638.771957618
638.771957618
638.771957618
638.771957618
638.771957618
638.771957618
638.771957618
638.771957618
638.771957618
638.771957618
638.771957618
638.771957618
638.771957618
638.771957618
638.771957618
638.771957618
638.771957618
638.771957618
638.771957618
638.771957618
638.771957618
638.771957618
638.771957618
638.771957618
638.771957618
638.771957618
638.771957618
638.771957618
638.771957618
638.771957618
638.771957618
638.771957618
638.771957618
638.771957618
638.771957618
638.771957618
638.771957618
638.771957618
638.771957618
638.771957618
638.771957618
638.771957618
638.771957618
638.771957618
638.771957618
638.771957618
638.771957618
638.771957618
638.771957618
638.771957618
638.771957618
638.771957618
638.771957618
638.771957618
638.771957618
638.771957618
638.771957618
638.771957618
638.771957618
638.771957618
638.771957618
638.771957618
638.771957618
638.771957618
638.771957618
638.771957618
638.771957618
638.771957618
638.771957618
638.771957618
638.771957618
638.771957618
638.771957618
638.771957618
638.771957618
638.771957618
638.771957618
638.771957618
638.771957618
638.771957618
638.771957618
638.771957618
638.771957618
638.771957618
638.771957618
638.771957618
638.771957618
638.771957618
638.771957618
638.771957618
632.497603173
632.497603173
632.497603173
632.497603173
632.497603173
632.497603173
632.497603173
632.497603173
632.497603173
632.497603173
632.497603173
632.497603173
632.497603173
632.497603173
632.497603173
632.497603173
632.497603173
632.497603173
632.497603173
632.497603173
632.497603173
632.497603173
632.497603173
632.497603173
632.497603173
632.497603173
632.497603173
632.497603173
632.497603173
632.497603173
632.497603173
632.497603173
632.497603173
632.497603173
632.497603173
632.497603173
632.497603173
632.497603173
632.497603173
632.497603173
632.497603173
631.583603832
631.583603832
631.583603832
631.583603832
631.583603832
631.583603832
631.583603832
631.583603832
631.583603832
631.583603832
631.583603832
631.583603832
631.583603832
631.583603832
631.583603832
631.583603832
631.583603832
631.583603832
631.583603832
631.583603832
631.583603832
631.583603832
631.583603832
631.583603832
631.583603832
631.583603832
631.583603832
631.583603832
631.583603832
631.583603832
631.583603832
631.583603832
631.583603832
631.583603832
631.583603832
631.583603832
631.583603832
631.583603832
631.583603832
631.583603832
631.583603832
631.583603832
631.583603832
631.583603832
631.583603832
631.583603832
631.583603832
631.583603832
631.583603832
631.583603832
631.583603832
631.583603832
631.583603832
631.583603832
631.583603832
631.583603832
631.583603832
631.583603832
631.583603832
631.583603832
631.583603832
631.583603832
622.805101758
622.805101758
622.805101758
622.805101758
622.805101758
622.805101758
622.805101758
622.805101758
622.805101758
622.805101758
622.805101758
622.805101758
622.805101758
622.805101758
622.805101758
622.805101758
622.805101758
622.805101758
622.805101758
622.805101758
622.805101758
622.805101758
622.805101758
622.805101758
622.805101758
622.805101758
622.805101758
622.805101758
622.805101758
622.805101758
622.805101758
622.805101758
622.805101758
622.805101758
622.805101758
622.805101758
622.805101758
622.805101758
622.805101758
622.805101758
622.805101758
622.805101758
622.805101758
622.805101758
622.805101758
622.805101758
622.805101758
622.805101758
622.805101758
622.805101758
622.805101758
622.805101758
622.805101758
622.805101758
622.805101758
622.805101758
622.805101758
622.805101758
622.805101758
622.805101758
622.805101758
622.805101758
622.805101758
622.805101758
622.805101758
622.805101758
622.805101758
622.805101758
622.805101758
622.805101758
622.805101758
622.805101758
622.805101758
622.805101758
622.805101758
622.805101758
622.805101758
622.805101758
622.805101758
622.805101758
622.805101758
622.805101758
622.805101758
622.805101758
622.805101758
622.805101758
622.805101758
622.805101758
622.805101758
622.805101758
622.805101758
622.805101758
622.805101758
622.805101758
622.805101758
622.805101758
622.805101758
622.805101758
622.805101758
622.805101758
622.805101758
622.805101758
622.805101758
622.805101758
622.805101758
622.805101758
622.805101758
622.805101758
622.805101758
622.805101758
622.805101758
622.805101758
622.805101758
622.805101758
622.805101758
622.805101758
622.805101758
622.805101758
622.805101758
622.805101758
622.805101758
622.805101758
622.805101758
622.805101758
622.805101758
622.805101758
622.805101758
622.805101758
622.805101758
622.805101758
622.805101758
622.805101758
622.805101758
622.805101758
622.805101758
622.805101758
622.805101758
622.805101758
622.805101758
622.805101758
622.805101758
622.805101758
622.805101758
622.805101758
622.805101758
622.805101758
622.805101758
622.805101758
622.805101758
622.805101758
622.805101758
622.805101758
622.805101758
622.805101758
622.805101758
622.805101758
622.805101758
622.805101758
622.805101758
622.805101758
622.805101758
622.805101758
622.805101758
622.805101758
622.805101758
622.805101758
622.805101758
620.168229663
620.168229663
620.168229663
620.168229663
620.168229663
620.168229663
620.168229663
620.168229663
620.168229663
620.168229663
620.168229663
620.168229663
620.168229663
620.168229663
620.168229663
620.168229663
620.168229663
620.168229663
620.168229663
620.168229663
620.168229663
620.168229663
620.168229663
620.168229663
620.168229663
620.168229663
620.168229663
620.168229663
620.168229663
620.168229663
620.168229663
620.168229663
620.168229663
620.168229663
620.168229663
620.168229663
620.168229663
620.168229663
620.168229663
620.168229663
620.168229663
620.168229663
620.168229663
620.168229663
620.168229663
620.168229663
620.168229663
620.168229663
620.168229663
620.168229663
620.168229663
620.168229663
620.168229663
620.168229663
620.168229663
620.168229663
620.168229663
620.168229663
620.168229663
606.556179539
606.556179539
606.556179539
606.556179539
606.556179539
606.556179539
606.556179539
606.556179539
606.556179539
606.556179539
606.556179539
606.556179539
606.556179539
606.556179539
606.556179539
606.556179539
606.556179539
606.556179539
606.556179539
606.556179539
606.556179539
606.556179539
606.556179539
606.556179539
606.556179539
606.556179539
606.556179539
606.556179539
606.556179539
606.556179539
606.556179539
606.556179539
606.556179539
606.556179539
606.556179539
606.556179539
606.556179539
606.556179539
606.556179539
606.556179539
606.556179539
606.556179539
606.556179539
606.556179539
606.556179539
606.556179539
606.556179539
606.556179539
606.556179539
606.556179539
606.556179539
606.556179539
606.556179539
606.556179539
606.556179539
606.556179539
606.556179539
606.556179539
606.556179539
606.556179539
606.556179539
606.556179539
606.556179539
606.556179539
606.556179539
606.556179539
606.556179539
606.556179539
606.556179539
606.556179539
606.556179539
606.556179539
606.556179539
606.556179539
606.556179539
606.556179539
606.556179539
606.556179539
606.556179539
606.556179539
606.556179539
606.556179539
606.556179539
606.556179539
606.556179539
606.556179539
606.556179539
606.556179539
606.556179539
606.556179539
606.556179539
606.556179539
606.556179539
606.556179539
606.556179539
606.556179539
606.556179539
606.556179539
606.556179539
606.556179539
606.556179539
606.556179539
606.556179539
606.556179539
606.556179539
606.556179539
606.556179539
606.556179539
606.556179539
606.556179539
606.556179539
606.556179539
606.556179539
606.556179539
606.556179539
606.556179539
606.556179539
606.556179539
606.556179539
606.556179539
606.556179539
606.556179539
606.556179539
606.556179539
606.556179539
606.556179539
606.556179539
606.556179539
606.556179539
606.556179539
606.556179539
606.556179539
606.556179539
606.556179539
606.556179539
606.556179539
606.556179539
606.556179539
606.556179539
606.556179539
606.556179539
606.556179539
606.556179539
606.556179539
606.556179539
606.556179539
606.556179539
606.556179539
606.556179539
606.556179539
606.556179539
606.556179539
606.556179539
606.556179539
606.556179539
606.556179539
606.556179539
606.556179539
606.556179539
606.556179539
606.556179539
606.556179539
606.556179539
606.556179539
606.556179539
606.556179539
606.556179539
606.556179539
606.556179539
606.556179539
606.556179539
606.556179539
606.556179539
606.556179539
606.556179539
606.556179539
606.556179539
606.556179539
606.556179539
606.556179539
606.556179539
606.556179539
606.556179539
606.556179539
606.556179539
606.556179539
606.556179539
606.556179539
606.556179539
606.556179539
606.556179539
606.556179539
606.556179539
606.556179539
606.556179539
606.556179539
606.556179539
606.556179539
606.556179539
606.556179539
606.556179539
606.556179539
606.556179539
606.556179539
606.556179539
606.556179539
606.556179539
606.556179539
606.556179539
606.556179539
606.556179539
606.556179539
606.556179539
606.556179539
606.556179539
606.556179539
606.556179539
606.556179539
606.556179539
606.556179539
606.556179539
606.556179539
606.556179539
606.556179539
606.556179539
606.556179539
606.556179539
606.556179539
606.556179539
606.556179539
606.556179539
606.556179539
606.556179539
606.556179539
606.556179539
606.556179539
606.556179539
606.556179539
606.556179539
606.556179539
606.556179539
606.556179539
606.556179539
606.556179539
606.556179539
606.556179539
606.556179539
606.556179539
606.556179539
606.556179539
606.556179539
606.556179539
606.556179539
606.556179539
606.556179539
606.556179539
606.556179539
606.556179539
598.843163121
598.843163121
598.843163121
598.843163121
598.843163121
598.843163121
598.843163121
598.843163121
598.843163121
598.843163121
598.843163121
598.843163121
598.843163121
598.843163121
598.843163121
598.843163121
598.843163121
598.843163121
598.843163121
598.843163121
598.843163121
598.843163121
598.843163121
598.843163121
598.843163121
598.843163121
598.843163121
598.843163121
598.843163121
598.843163121
598.843163121
598.843163121
598.843163121
598.843163121
598.843163121
598.843163121
598.843163121
598.843163121
598.843163121
598.843163121
598.843163121
598.843163121
598.843163121
598.843163121
598.843163121
598.843163121
598.843163121
598.843163121
598.843163121
598.843163121
598.843163121
598.843163121
598.843163121
598.843163121
598.843163121
598.843163121
598.843163121
598.843163121
598.843163121
598.843163121
598.843163121
598.843163121
598.843163121
598.843163121
598.843163121
598.843163121
598.843163121
598.843163121
598.843163121
598.843163121
598.843163121
598.843163121
598.843163121
598.843163121
598.843163121
598.843163121
598.843163121
598.843163121
598.843163121
598.843163121
598.843163121
598.843163121
598.843163121
598.843163121
598.843163121
598.843163121
598.843163121
598.843163121
598.843163121
598.843163121
598.843163121
598.843163121
598.843163121
598.843163121
598.843163121
598.843163121
598.843163121
598.843163121
598.843163121
598.843163121
598.843163121
598.843163121
598.843163121
598.843163121
598.843163121
598.843163121
598.843163121
598.843163121
598.843163121
598.843163121
598.843163121
598.843163121
598.843163121
598.843163121
598.843163121
598.843163121
598.843163121
598.843163121
598.843163121
598.843163121
598.843163121
598.843163121
598.843163121
598.843163121
598.843163121
598.843163121
598.843163121
598.843163121
598.843163121
598.843163121
598.843163121
598.843163121
598.843163121
598.843163121
598.843163121
598.843163121
598.843163121
598.843163121
598.843163121
598.843163121
598.843163121
598.843163121
598.843163121
598.843163121
598.843163121
598.843163121
598.843163121
598.843163121
598.843163121
598.843163121
598.843163121
598.843163121
598.843163121
598.843163121
598.843163121
598.843163121
598.843163121
598.843163121
598.843163121
598.843163121
598.843163121
598.843163121
598.843163121
598.843163121
598.843163121
598.843163121
598.843163121
598.843163121
598.843163121
598.843163121
598.843163121
598.843163121
598.843163121
598.843163121
598.843163121
598.843163121
598.843163121
598.843163121
598.843163121
598.843163121
598.843163121
598.843163121
598.843163121
598.843163121
598.843163121
598.843163121
598.843163121
598.843163121
598.843163121
598.843163121
598.843163121
598.843163121
598.843163121
598.843163121
598.843163121
598.843163121
598.843163121
598.843163121
598.843163121
598.843163121
598.843163121
598.843163121
598.843163121
598.843163121
598.843163121
598.843163121
598.843163121
598.843163121
598.843163121
598.843163121
598.843163121
598.843163121
598.843163121
598.843163121
598.843163121
598.843163121
598.843163121
598.843163121
598.843163121
598.843163121
598.843163121
598.843163121
598.843163121
598.843163121
598.843163121
598.843163121
598.843163121
598.843163121
598.843163121
598.843163121
598.843163121
598.843163121
598.843163121
598.843163121
598.843163121
598.843163121
598.843163121
598.843163121
598.843163121
598.843163121
598.843163121
598.843163121
598.843163121
598.843163121
598.843163121
598.843163121
598.843163121
598.843163121
598.843163121
598.843163121
598.843163121
598.843163121
598.843163121
598.843163121
598.843163121
598.843163121
598.843163121
598.843163121
598.843163121
598.843163121
598.843163121
598.843163121
598.843163121
598.843163121
598.843163121
598.843163121
598.843163121
598.843163121
598.843163121
598.843163121
598.843163121
598.843163121
598.843163121
598.843163121
598.843163121
598.843163121
598.843163121
598.843163121
598.843163121
598.843163121
598.843163121
598.843163121
598.843163121
598.843163121
598.073684774
598.073684774
598.073684774
598.073684774
598.073684774
598.073684774
598.073684774
598.073684774
598.073684774
598.073684774
598.073684774
598.073684774
598.073684774
598.073684774
598.073684774
598.073684774
598.073684774
598.073684774
598.073684774
598.073684774
598.073684774
598.073684774
598.073684774
598.073684774
598.073684774
598.073684774
598.073684774
598.073684774
598.073684774
598.073684774
598.073684774
598.073684774
598.073684774
598.073684774
598.073684774
598.073684774
598.073684774
598.073684774
598.073684774
598.073684774
598.073684774
598.073684774
598.073684774
598.073684774
598.073684774
598.073684774
598.073684774
598.073684774
598.073684774
598.073684774
598.073684774
584.850348728
584.850348728
584.850348728
584.850348728
584.850348728
584.850348728
584.850348728
584.850348728
584.850348728
584.850348728
584.850348728
584.850348728
584.850348728
584.850348728
584.850348728
584.850348728
584.850348728
584.850348728
584.850348728
584.850348728
584.850348728
584.850348728
584.850348728
584.850348728
584.850348728
584.850348728
584.850348728
584.850348728
584.850348728
584.850348728
584.850348728
584.850348728
584.850348728
584.850348728
584.850348728
584.850348728
584.850348728
584.850348728
584.850348728
584.850348728
584.850348728
584.850348728
584.850348728
584.850348728
584.850348728
584.850348728
584.850348728
584.850348728
584.850348728
584.850348728
584.850348728
584.850348728
584.850348728
584.850348728
584.850348728
584.850348728
584.850348728
584.850348728
584.850348728
584.850348728
584.850348728
584.850348728
584.850348728
584.850348728
584.850348728
584.850348728
584.850348728
584.850348728
584.850348728
584.850348728
584.850348728
584.850348728
584.850348728
584.850348728
584.850348728
584.850348728
584.850348728
584.850348728
584.850348728
584.850348728
584.850348728
584.850348728
584.850348728
584.850348728
584.850348728
584.850348728
584.850348728
584.850348728
584.850348728
584.850348728
584.850348728
584.850348728
584.850348728
584.850348728
584.850348728
584.850348728
584.850348728
584.850348728
584.850348728
584.850348728
584.850348728
584.850348728
584.850348728
584.850348728
584.850348728
584.850348728
584.850348728
584.850348728
584.850348728
584.850348728
584.850348728
584.850348728
584.850348728
584.850348728
584.850348728
584.850348728
584.850348728
584.850348728
584.850348728
584.850348728
584.850348728
584.850348728
584.850348728
584.850348728
584.850348728
584.850348728
584.850348728
584.850348728
584.850348728
584.850348728
584.850348728
584.850348728
584.850348728
584.850348728
584.850348728
584.850348728
584.850348728
584.850348728
584.850348728
584.850348728
584.850348728
584.850348728
584.850348728
584.850348728
584.850348728
584.850348728
584.850348728
584.850348728
584.850348728
584.850348728
584.850348728
584.850348728
584.850348728
584.850348728
584.850348728
584.850348728
584.850348728
584.850348728
584.850348728
584.850348728
584.850348728
584.850348728
584.850348728
584.850348728
584.850348728
584.850348728
584.850348728
584.850348728
584.850348728
584.850348728
584.850348728
584.850348728
584.850348728
584.850348728
584.850348728
584.850348728
584.850348728
584.850348728
584.850348728
584.850348728
584.850348728
584.850348728
584.850348728
584.850348728
584.850348728
584.850348728
584.850348728
584.850348728
584.850348728
584.850348728
584.850348728
584.850348728
584.850348728
584.850348728
584.850348728
584.850348728
584.850348728
584.850348728
584.850348728
584.850348728
584.850348728
584.850348728
584.850348728
584.850348728
584.850348728
584.850348728
584.850348728
584.850348728
584.850348728
584.850348728
584.850348728
584.850348728
584.850348728
584.850348728
584.850348728
584.850348728
584.850348728
584.850348728
584.850348728
584.850348728
584.850348728
584.850348728
584.850348728
584.850348728
584.850348728
584.850348728
584.850348728
584.850348728
584.850348728
584.850348728
584.850348728
584.850348728
584.850348728
584.850348728
584.850348728
584.850348728
584.850348728
584.850348728
584.850348728
584.850348728
584.850348728
584.850348728
584.850348728
584.850348728
584.850348728
584.850348728
584.850348728
584.850348728
584.850348728
584.850348728
584.850348728
584.850348728
584.850348728
584.850348728
584.850348728
584.850348728
584.850348728
584.850348728
584.850348728
584.850348728
584.850348728
584.850348728
584.850348728
584.850348728
584.850348728
584.850348728
584.850348728
584.850348728
584.850348728
584.850348728
584.850348728
584.850348728
584.850348728
584.850348728
584.850348728
584.850348728
584.850348728
584.850348728
584.850348728
584.850348728
584.850348728
584.850348728
584.850348728
584.850348728
584.850348728
584.850348728
584.850348728
584.850348728
584.850348728
584.850348728
584.850348728
584.850348728
584.850348728
584.850348728
584.850348728
584.850348728
584.850348728
584.850348728
584.850348728
584.850348728
584.850348728
584.850348728
584.850348728
584.850348728
584.850348728
584.850348728
584.850348728
584.850348728
584.850348728
584.850348728
584.850348728
584.850348728
584.850348728
584.850348728
584.850348728
584.850348728
584.850348728
584.850348728
584.850348728
584.850348728
584.850348728
584.850348728
584.850348728
584.850348728
584.850348728
584.850348728
584.850348728
584.850348728
584.850348728
584.850348728
584.850348728
584.850348728
584.850348728
584.850348728
584.850348728
584.850348728
584.850348728
584.850348728
584.850348728
584.850348728
584.850348728
584.850348728
584.850348728
584.850348728
584.850348728
584.850348728
584.850348728
584.850348728
584.850348728
584.850348728
584.850348728
584.850348728
584.850348728
584.850348728
584.850348728
584.850348728
584.850348728
584.850348728
584.850348728
584.850348728
584.850348728
584.850348728
584.850348728
584.850348728
584.850348728
584.850348728
584.850348728
584.850348728
584.850348728
584.850348728
584.850348728
584.850348728
584.850348728
584.850348728
584.850348728
584.850348728
584.850348728
584.850348728
584.850348728
584.850348728
584.850348728
584.850348728
584.850348728
584.850348728
584.850348728
584.850348728
584.850348728
584.850348728
584.850348728
584.850348728
584.850348728
584.850348728
584.850348728
584.850348728
584.850348728
584.850348728
584.850348728
584.850348728
584.850348728
584.850348728
584.850348728
584.850348728
584.850348728
584.850348728
584.850348728
584.850348728
584.850348728
584.850348728
584.850348728
584.850348728
584.850348728
584.850348728
584.850348728
584.850348728
584.850348728
584.850348728
584.850348728
584.850348728
584.850348728
584.850348728
584.850348728
584.850348728
584.850348728
584.850348728
584.850348728
584.850348728
584.850348728
584.850348728
584.850348728
584.850348728
584.850348728
584.850348728
584.850348728
584.850348728
584.850348728
584.850348728
584.850348728
584.850348728
584.850348728
584.850348728
584.850348728
584.850348728
584.850348728
584.850348728
584.850348728
584.850348728
584.850348728
584.850348728
584.850348728
584.850348728
584.850348728
584.850348728
584.850348728
584.850348728
584.850348728
584.850348728
584.850348728
584.850348728
584.850348728
584.850348728
584.850348728
584.850348728
584.850348728
584.850348728
584.850348728
584.850348728
583.360477054
583.360477054
583.360477054
583.360477054
583.360477054
583.360477054
583.360477054
583.360477054
583.360477054
583.360477054
583.360477054
583.360477054
583.360477054
583.360477054
583.360477054
583.360477054
583.360477054
583.360477054
583.360477054
583.360477054
583.360477054
583.360477054
583.360477054
583.360477054
583.360477054
583.360477054
583.360477054
583.360477054
583.360477054
583.360477054
583.360477054
583.360477054
583.360477054
583.360477054
583.360477054
583.360477054
583.360477054
583.360477054
583.360477054
583.360477054
583.360477054
583.360477054
583.360477054
583.360477054
583.360477054
583.360477054
583.360477054
583.360477054
583.360477054
583.360477054
583.360477054
583.360477054
583.360477054
583.360477054
583.360477054
583.360477054
583.360477054
583.360477054
583.360477054
583.360477054
583.360477054
583.360477054
583.360477054
583.360477054
583.360477054
583.360477054
583.360477054
583.360477054
583.360477054
583.360477054
583.360477054
583.360477054
583.360477054
583.360477054
583.360477054
583.360477054
583.360477054
583.360477054
583.360477054
583.360477054
583.360477054
583.360477054
583.360477054
583.360477054
583.360477054
583.360477054
583.360477054
583.360477054
583.360477054
583.360477054
583.360477054
583.360477054
583.360477054
583.360477054
583.360477054
583.360477054
583.360477054
583.360477054
583.360477054
583.360477054
583.360477054
583.360477054
583.360477054
583.360477054
583.360477054
583.360477054
583.360477054
583.360477054
583.360477054
583.360477054
583.360477054
583.360477054
583.360477054
583.360477054
583.360477054
583.360477054
583.360477054
583.360477054
583.360477054
583.360477054
583.360477054
583.360477054
583.360477054
583.360477054
583.360477054
583.360477054
583.360477054
583.360477054
583.360477054
583.360477054
583.360477054
583.360477054
583.360477054
583.360477054
583.360477054
583.360477054
583.360477054
583.360477054
583.360477054
583.360477054
578.882878268
578.882878268
578.882878268
578.882878268
578.882878268
578.882878268
578.882878268
578.882878268
578.882878268
578.882878268
578.882878268
578.882878268
578.882878268
578.882878268
578.882878268
578.882878268
578.882878268
578.882878268
578.882878268
578.882878268
578.882878268
578.882878268
578.882878268
578.882878268
578.882878268
578.882878268
578.882878268
578.882878268
578.882878268
578.882878268
578.882878268
578.882878268
578.882878268
578.882878268
578.882878268
578.882878268
578.882878268
578.882878268
578.882878268
578.882878268
578.882878268
578.882878268
578.882878268
578.882878268
578.882878268
578.882878268
578.882878268
578.882878268
578.882878268
578.882878268
578.882878268
578.882878268
578.882878268
578.882878268
578.882878268
578.882878268
578.882878268
578.882878268
578.882878268
578.882878268
578.882878268
578.882878268
578.882878268
578.882878268
578.882878268
578.882878268
578.882878268
578.882878268
578.882878268
578.882878268
578.882878268
578.882878268
578.882878268
578.882878268
578.882878268
578.882878268
578.882878268
578.882878268
578.882878268
578.882878268
578.882878268
578.882878268
578.882878268
578.882878268
578.882878268
578.882878268
578.882878268
578.882878268
578.882878268
578.882878268
578.882878268
578.882878268
578.882878268
578.882878268
578.882878268
578.882878268
578.882878268
578.882878268
578.882878268
578.882878268
578.882878268
578.882878268
578.882878268
578.882878268
578.882878268
578.882878268
578.882878268
578.882878268
578.882878268
578.882878268
578.882878268
578.882878268
578.882878268
578.882878268
578.882878268
