1512.10848892
1512.10848892
1512.10848892
1512.10848892
1512.10848892
1497.68295303
1497.68295303
1497.48859273
1493.84267816
1493.84267816
1473.31381727
1473.31381727
1457.524936
1457.524936
1457.524936
1453.49329894
1453.49329894
1453.49329894
1453.49329894
1453.49329894
1453.49329894
1453.49329894
1453.49329894
1453.49329894
1453.49329894
1453.49329894
1453.49329894
1453.49329894
1453.49329894
1424.77595079
1424.77595079
1424.77595079
1424.77595079
1419.69264022
1419.69264022
1334.79745079
1334.79745079
1334.79745079
1307.28753908
1307.28753908
1307.28753908
1307.28753908
1307.28753908
1307.28753908
1307.28753908
1287.7047966
1287.7047966
1287.7047966
1254.57923483
1254.57923483
1254.57923483
1254.57923483
1254.57923483
1254.57923483
1254.57923483
1254.57923483
1254.57923483
1254.57923483
1254.57923483
1254.57923483
1254.57923483
1254.57923483
1254.57923483
1232.71629465
1232.71629465
1232.71629465
1220.96269146
1220.96269146
1220.96269146
1220.96269146
1220.96269146
1220.96269146
1220.96269146
1220.96269146
1220.96269146
1220.96269146
1209.5491354
1198.25656599
1198.25656599
1168.71908838
1168.71908838
1168.71908838
1168.71908838
1168.71908838
1168.71908838
1168.71908838
1168.71908838
1168.71908838
1168.71908838
1168.71908838
1168.71908838
1168.71908838
1168.71908838
1168.71908838
1168.71908838
1168.71908838
1168.71908838
1168.71908838
1168.71908838
1168.71908838
1168.71908838
1168.71908838
1168.71908838
1168.71908838
1168.71908838
1168.71908838
1168.71908838
1164.86789257
1164.86789257
1164.86789257
1164.86789257
1164.86789257
1164.86789257
1154.73978089
1154.73978089
1154.73978089
1154.73978089
1154.73978089
1154.73978089
1154.73978089
1154.73978089
1150.242449
1150.242449
1134.98164642
1134.98164642
1134.98164642
1134.23701799
1134.23701799
1134.23701799
1134.23701799
1134.23701799
1134.23701799
1134.23701799
1134.23701799
1134.23701799
1134.23701799
1134.23701799
1134.23701799
1134.23701799
1129.64265876
1129.64265876
1129.64265876
1129.64265876
1129.64265876
1129.64265876
1123.70160198
1099.15516695
1099.15516695
1099.15516695
1099.15516695
1099.15516695
1063.14701487
1061.44518773
1061.44518773
1058.33560619
1058.33560619
1049.53029128
1049.53029128
1049.53029128
1049.53029128
1048.06718499
1048.06718499
1048.06718499
1048.06718499
1048.06718499
1048.06718499
1048.06718499
1033.30897884
1033.30897884
1033.30897884
1033.30897884
1033.30897884
1033.30897884
1033.30897884
1033.30897884
1033.30897884
1033.30897884
1033.30897884
1033.30897884
1030.08521117
1030.08521117
1030.08521117
1030.08521117
1030.08521117
1030.08521117
1025.67403204
1025.67403204
1025.67403204
1025.67403204
1016.48384382
1016.23229298
1016.23229298
1016.23229298
1016.23229298
1014.40022338
1014.40022338
1014.40022338
1014.40022338
1014.40022338
1014.40022338
1014.40022338
1014.40022338
1014.40022338
1014.40022338
1014.40022338
1014.40022338
1014.40022338
1009.53343435
1009.53343435
1009.53343435
1009.53343435
1009.53343435
1009.53343435
1009.53343435
1009.53343435
1009.53343435
1009.53343435
1009.53343435
1009.53343435
1009.53343435
1009.53343435
1001.86079832
1001.86079832
1000.6981982
1000.6981982
1000.6981982
1000.6981982
1000.6981982
1000.6981982
1000.6981982
1000.6981982
1000.6981982
1000.6981982
1000.6981982
1000.6981982
998.462521513
980.549685665
980.549685665
980.549685665
980.549685665
980.549685665
974.28601454
974.28601454
974.28601454
974.28601454
974.28601454
974.28601454
971.3118408
971.3118408
971.3118408
971.3118408
971.3118408
971.3118408
948.269480463
948.269480463
948.269480463
948.269480463
948.269480463
948.269480463
948.269480463
948.269480463
948.269480463
948.269480463
948.269480463
948.269480463
948.269480463
948.269480463
948.269480463
948.269480463
948.269480463
948.269480463
948.269480463
948.269480463
948.269480463
948.269480463
948.269480463
948.269480463
948.269480463
948.269480463
948.269480463
948.269480463
937.733787627
937.733787627
937.733787627
937.733787627
933.241846141
933.241846141
933.241846141
933.241846141
933.241846141
933.241846141
933.241846141
933.241846141
933.241846141
933.241846141
933.241846141
933.241846141
933.241846141
933.241846141
933.241846141
933.241846141
933.241846141
933.241846141
933.241846141
933.241846141
933.241846141
933.241846141
933.241846141
933.241846141
933.241846141
933.241846141
909.715025439
909.715025439
909.715025439
909.715025439
909.715025439
909.715025439
909.715025439
909.715025439
909.715025439
909.715025439
909.715025439
909.715025439
909.715025439
909.715025439
909.715025439
909.715025439
909.715025439
909.715025439
909.715025439
909.715025439
909.715025439
909.715025439
894.937559684
894.937559684
894.937559684
894.937559684
894.937559684
894.937559684
894.937559684
894.937559684
894.937559684
894.937559684
894.937559684
894.937559684
894.937559684
894.937559684
894.937559684
894.937559684
894.937559684
894.937559684
894.937559684
894.937559684
894.937559684
894.937559684
894.937559684
894.937559684
894.937559684
894.937559684
894.937559684
894.937559684
894.937559684
894.937559684
894.937559684
894.937559684
894.937559684
894.937559684
894.937559684
894.937559684
894.937559684
894.937559684
894.937559684
894.937559684
894.937559684
894.937559684
894.937559684
894.937559684
894.937559684
894.937559684
894.937559684
894.937559684
894.937559684
894.937559684
894.937559684
894.937559684
894.937559684
894.937559684
894.937559684
894.937559684
894.937559684
894.937559684
894.937559684
894.937559684
894.937559684
894.937559684
894.937559684
894.937559684
894.937559684
894.937559684
894.937559684
894.937559684
894.937559684
894.937559684
894.937559684
894.937559684
894.937559684
894.937559684
894.937559684
894.937559684
894.937559684
894.937559684
894.937559684
894.937559684
894.937559684
894.937559684
894.937559684
894.937559684
894.937559684
894.937559684
894.937559684
894.937559684
891.389561015
891.389561015
891.389561015
889.173621031
889.173621031
886.521692344
886.521692344
886.521692344
886.521692344
886.521692344
886.521692344
861.591406427
861.591406427
861.591406427
861.05058525
861.05058525
861.05058525
861.05058525
861.05058525
861.05058525
861.05058525
861.05058525
861.05058525
861.05058525
861.05058525
845.358806077
845.358806077
845.358806077
845.358806077
845.358806077
845.358806077
845.358806077
845.358806077
845.358806077
845.358806077
845.358806077
845.358806077
845.358806077
845.358806077
845.358806077
845.358806077
845.358806077
845.358806077
845.358806077
845.358806077
845.358806077
845.358806077
845.358806077
845.358806077
845.358806077
845.358806077
845.358806077
845.358806077
845.358806077
845.358806077
845.358806077
845.358806077
845.358806077
845.358806077
845.358806077
845.358806077
845.358806077
845.358806077
845.358806077
845.358806077
845.358806077
843.608648473
843.608648473
843.608648473
843.608648473
843.608648473
843.608648473
843.608648473
843.608648473
843.608648473
834.770426521
834.770426521
834.770426521
834.770426521
834.770426521
834.770426521
834.770426521
834.770426521
834.770426521
834.770426521
834.770426521
834.770426521
834.770426521
834.770426521
834.770426521
834.770426521
834.770426521
834.770426521
834.770426521
834.770426521
834.770426521
834.770426521
834.770426521
834.770426521
834.770426521
834.770426521
834.770426521
834.770426521
834.770426521
834.770426521
834.770426521
834.770426521
834.770426521
834.770426521
834.770426521
834.770426521
834.770426521
834.770426521
834.770426521
834.770426521
834.770426521
834.770426521
834.770426521
834.770426521
834.770426521
834.770426521
834.770426521
834.770426521
834.770426521
834.770426521
834.770426521
834.770426521
834.770426521
834.770426521
834.770426521
834.770426521
834.770426521
834.770426521
834.770426521
834.770426521
834.770426521
834.770426521
834.770426521
834.770426521
834.770426521
834.770426521
834.770426521
833.931576071
824.022916599
824.022916599
824.022916599
824.022916599
824.022916599
824.022916599
824.022916599
824.022916599
824.022916599
824.022916599
824.022916599
824.022916599
824.022916599
824.022916599
824.022916599
824.022916599
824.022916599
824.022916599
824.022916599
824.022916599
824.022916599
824.022916599
824.022916599
824.022916599
824.022916599
817.382889281
817.382889281
817.382889281
817.382889281
817.382889281
817.382889281
817.382889281
817.382889281
817.382889281
817.382889281
817.382889281
817.382889281
817.382889281
817.382889281
817.382889281
817.382889281
817.382889281
817.382889281
817.382889281
817.382889281
817.382889281
817.382889281
817.382889281
817.382889281
817.382889281
817.382889281
814.293683355
814.293683355
814.293683355
814.293683355
814.293683355
814.293683355
814.293683355
814.293683355
814.293683355
814.293683355
814.293683355
814.293683355
814.293683355
814.293683355
814.293683355
814.293683355
814.293683355
814.293683355
814.293683355
797.478271262
797.478271262
797.478271262
797.478271262
797.478271262
797.478271262
797.478271262
797.478271262
797.478271262
797.478271262
797.478271262
797.478271262
797.478271262
797.478271262
797.478271262
797.478271262
797.478271262
797.478271262
797.478271262
797.478271262
797.478271262
797.478271262
797.478271262
797.478271262
797.478271262
782.503916587
782.503916587
782.503916587
782.503916587
782.503916587
782.503916587
782.503916587
782.503916587
782.503916587
782.503916587
782.503916587
782.503916587
782.503916587
782.503916587
782.503916587
782.503916587
782.503916587
782.503916587
782.503916587
782.503916587
782.503916587
782.503916587
782.503916587
772.198238167
772.198238167
772.198238167
772.198238167
768.914057165
768.914057165
768.914057165
768.914057165
768.914057165
767.056982842
767.056982842
767.056982842
767.056982842
767.056982842
767.056982842
767.056982842
767.056982842
767.056982842
767.056982842
767.056982842
767.056982842
767.056982842
767.056982842
767.056982842
767.056982842
767.056982842
767.056982842
767.056982842
767.056982842
767.056982842
767.056982842
767.056982842
767.056982842
767.056982842
767.056982842
767.056982842
767.056982842
767.056982842
767.056982842
767.056982842
767.056982842
767.056982842
767.056982842
767.056982842
767.056982842
767.056982842
767.056982842
767.056982842
767.056982842
767.056982842
767.056982842
767.056982842
767.056982842
767.056982842
767.056982842
767.056982842
767.056982842
767.056982842
767.056982842
767.056982842
767.056982842
767.056982842
767.056982842
767.056982842
767.056982842
767.056982842
767.056982842
767.056982842
767.056982842
767.056982842
767.056982842
767.056982842
767.056982842
767.056982842
767.056982842
767.056982842
767.056982842
767.056982842
767.056982842
767.056982842
767.056982842
766.218132393
766.218132393
753.887648072
753.887648072
753.887648072
753.887648072
753.887648072
753.887648072
753.887648072
753.887648072
753.887648072
753.887648072
753.887648072
753.887648072
753.887648072
753.887648072
753.887648072
753.887648072
753.887648072
753.887648072
753.887648072
753.887648072
753.887648072
753.887648072
753.887648072
753.887648072
753.887648072
753.887648072
753.887648072
753.887648072
753.887648072
753.887648072
753.887648072
753.887648072
753.887648072
753.887648072
753.887648072
753.887648072
753.887648072
753.887648072
753.887648072
753.887648072
753.887648072
753.887648072
753.887648072
753.887648072
753.887648072
753.887648072
753.887648072
753.887648072
753.887648072
753.887648072
753.887648072
753.887648072
753.887648072
753.887648072
753.887648072
753.887648072
753.887648072
753.887648072
753.887648072
753.887648072
753.887648072
753.887648072
753.887648072
753.887648072
753.887648072
753.887648072
753.887648072
753.887648072
753.887648072
753.887648072
753.887648072
753.887648072
753.887648072
753.887648072
753.887648072
753.887648072
753.887648072
753.887648072
753.887648072
753.887648072
753.887648072
753.887648072
753.887648072
753.887648072
753.887648072
753.887648072
753.887648072
753.887648072
753.887648072
753.887648072
753.887648072
753.887648072
753.887648072
753.887648072
753.887648072
753.887648072
753.887648072
753.887648072
753.887648072
753.887648072
753.887648072
753.887648072
753.887648072
753.887648072
753.887648072
753.887648072
753.887648072
753.887648072
753.887648072
749.670368083
749.670368083
749.670368083
749.670368083
749.670368083
749.670368083
749.670368083
749.670368083
749.670368083
749.670368083
749.670368083
749.670368083
749.670368083
749.670368083
749.670368083
749.670368083
749.670368083
749.670368083
749.670368083
749.670368083
749.670368083
749.670368083
749.670368083
749.670368083
749.670368083
749.670368083
749.670368083
749.670368083
749.670368083
749.670368083
749.670368083
749.670368083
749.670368083
749.670368083
749.670368083
749.277860147
749.277860147
749.277860147
749.277860147
749.277860147
749.277860147
749.277860147
749.277860147
749.277860147
749.277860147
749.277860147
749.277860147
749.277860147
740.68601075
740.68601075
740.68601075
740.68601075
740.68601075
740.68601075
740.68601075
740.68601075
740.68601075
740.68601075
740.68601075
740.68601075
740.68601075
740.68601075
740.68601075
740.68601075
740.68601075
740.68601075
740.68601075
740.68601075
740.68601075
739.5024343
739.5024343
739.5024343
739.5024343
739.5024343
739.5024343
739.5024343
739.5024343
739.5024343
739.5024343
739.5024343
739.5024343
739.5024343
739.5024343
739.5024343
739.5024343
739.5024343
739.5024343
739.5024343
739.5024343
739.5024343
739.5024343
739.5024343
739.5024343
739.5024343
739.5024343
739.5024343
739.5024343
739.5024343
739.5024343
739.5024343
739.5024343
739.5024343
739.5024343
739.5024343
739.5024343
739.5024343
739.5024343
739.5024343
739.5024343
739.5024343
739.5024343
739.5024343
739.5024343
739.5024343
739.5024343
739.5024343
739.5024343
739.5024343
739.5024343
739.5024343
739.5024343
739.5024343
739.5024343
739.5024343
739.5024343
739.5024343
739.5024343
739.5024343
739.5024343
739.5024343
739.5024343
739.5024343
739.5024343
739.5024343
739.5024343
739.5024343
739.5024343
739.5024343
739.5024343
739.5024343
739.5024343
739.5024343
739.5024343
739.5024343
739.5024343
739.5024343
739.5024343
739.5024343
739.5024343
739.5024343
739.5024343
739.5024343
739.5024343
739.5024343
739.5024343
739.5024343
739.5024343
739.5024343
739.5024343
739.5024343
739.5024343
739.5024343
739.5024343
739.5024343
739.5024343
739.5024343
739.5024343
739.5024343
739.5024343
739.5024343
739.5024343
733.06131017
733.06131017
733.06131017
733.06131017
733.06131017
733.06131017
733.06131017
733.06131017
733.06131017
733.06131017
733.06131017
733.06131017
733.06131017
733.06131017
733.06131017
733.06131017
733.06131017
733.06131017
733.06131017
733.06131017
733.06131017
733.06131017
733.06131017
733.06131017
733.06131017
733.06131017
733.06131017
733.06131017
733.06131017
733.06131017
733.06131017
733.06131017
733.06131017
733.06131017
733.06131017
733.06131017
733.06131017
733.06131017
733.06131017
733.06131017
733.06131017
733.06131017
733.06131017
733.06131017
733.06131017
733.06131017
733.06131017
733.06131017
733.06131017
733.06131017
733.06131017
733.06131017
733.06131017
733.06131017
733.06131017
733.06131017
733.06131017
733.06131017
733.06131017
733.06131017
733.06131017
733.06131017
733.06131017
733.06131017
733.06131017
733.06131017
733.06131017
733.06131017
733.06131017
733.06131017
733.06131017
723.758146141
723.758146141
723.758146141
723.758146141
723.758146141
723.758146141
723.758146141
723.758146141
723.758146141
723.758146141
723.758146141
723.758146141
723.758146141
723.758146141
723.758146141
723.758146141
723.758146141
723.758146141
723.758146141
723.758146141
723.758146141
723.758146141
723.758146141
723.758146141
723.758146141
723.758146141
723.758146141
723.758146141
723.758146141
723.758146141
721.88887697
720.00721898
720.00721898
720.00721898
720.00721898
720.00721898
720.00721898
720.00721898
720.00721898
720.00721898
720.00721898
720.00721898
720.00721898
720.00721898
720.00721898
720.00721898
720.00721898
720.00721898
720.00721898
720.00721898
720.00721898
720.00721898
720.00721898
720.00721898
720.00721898
720.00721898
720.00721898
720.00721898
720.00721898
720.00721898
720.00721898
718.411319043
718.411319043
718.411319043
718.411319043
718.411319043
718.411319043
718.411319043
718.411319043
718.411319043
718.411319043
718.411319043
718.411319043
718.411319043
718.411319043
718.411319043
718.411319043
718.411319043
718.411319043
718.411319043
718.411319043
718.411319043
718.411319043
718.411319043
718.411319043
718.411319043
718.411319043
718.411319043
711.257630985
711.257630985
711.257630985
711.257630985
711.257630985
711.257630985
711.257630985
711.257630985
711.257630985
711.257630985
711.257630985
711.257630985
708.745886149
708.745886149
708.745886149
708.745886149
708.745886149
708.745886149
708.745886149
708.745886149
708.745886149
708.745886149
708.745886149
708.745886149
708.745886149
708.745886149
708.745886149
708.745886149
708.745886149
708.745886149
708.745886149
708.745886149
708.745886149
708.745886149
708.745886149
708.745886149
708.745886149
708.745886149
708.745886149
708.745886149
708.745886149
708.745886149
708.745886149
708.745886149
708.745886149
708.745886149
708.745886149
708.745886149
708.745886149
708.745886149
708.745886149
708.745886149
708.745886149
708.745886149
708.745886149
708.745886149
708.745886149
708.745886149
708.745886149
708.745886149
708.745886149
708.745886149
708.745886149
708.745886149
708.745886149
708.745886149
708.745886149
708.745886149
708.745886149
708.745886149
708.745886149
708.745886149
708.745886149
708.745886149
708.745886149
708.745886149
708.745886149
708.745886149
708.745886149
708.745886149
708.745886149
708.745886149
708.745886149
708.745886149
708.745886149
708.745886149
708.745886149
708.745886149
708.745886149
708.745886149
708.745886149
708.745886149
708.745886149
708.745886149
708.745886149
708.745886149
708.745886149
708.745886149
708.745886149
708.745886149
705.673016317
705.673016317
705.673016317
705.673016317
705.673016317
705.673016317
705.673016317
705.673016317
705.673016317
705.673016317
705.673016317
705.673016317
705.673016317
705.673016317
705.673016317
703.267033499
703.267033499
703.267033499
703.267033499
703.267033499
703.267033499
703.267033499
703.267033499
703.267033499
703.267033499
703.267033499
703.267033499
703.267033499
703.267033499
703.267033499
703.267033499
703.267033499
703.267033499
703.267033499
703.267033499
703.267033499
703.267033499
703.267033499
703.267033499
703.267033499
703.267033499
703.267033499
703.267033499
703.267033499
703.267033499
703.267033499
703.267033499
700.911156612
700.911156612
700.911156612
700.911156612
700.911156612
700.911156612
700.911156612
700.911156612
700.911156612
700.911156612
700.911156612
700.911156612
700.911156612
700.911156612
700.911156612
700.911156612
700.911156612
700.911156612
700.911156612
700.911156612
700.911156612
700.911156612
700.911156612
700.911156612
700.911156612
700.911156612
700.911156612
700.911156612
700.911156612
700.911156612
700.911156612
700.911156612
700.911156612
700.911156612
700.911156612
700.911156612
700.911156612
700.911156612
700.911156612
700.911156612
700.911156612
700.911156612
700.911156612
700.911156612
700.911156612
700.911156612
700.911156612
700.911156612
700.911156612
700.911156612
700.911156612
700.911156612
700.911156612
700.911156612
700.911156612
700.911156612
700.911156612
700.911156612
700.911156612
700.911156612
700.911156612
700.911156612
700.911156612
700.911156612
700.911156612
700.911156612
699.446244936
699.446244936
699.446244936
699.446244936
699.446244936
699.446244936
699.446244936
699.446244936
699.446244936
699.446244936
699.446244936
699.446244936
699.446244936
699.446244936
699.446244936
699.446244936
699.446244936
699.446244936
699.446244936
699.446244936
699.446244936
699.446244936
699.446244936
699.446244936
699.446244936
699.446244936
699.446244936
699.446244936
699.446244936
699.446244936
699.446244936
699.446244936
699.446244936
699.446244936
699.446244936
699.446244936
699.446244936
699.446244936
699.446244936
696.406364581
696.406364581
696.406364581
696.406364581
696.406364581
696.406364581
696.406364581
696.406364581
696.406364581
696.406364581
696.406364581
696.406364581
696.406364581
696.406364581
696.406364581
696.406364581
696.406364581
696.406364581
696.406364581
696.406364581
696.406364581
696.406364581
696.406364581
696.406364581
696.406364581
696.406364581
696.406364581
696.406364581
696.406364581
684.291817582
684.291817582
684.291817582
684.291817582
684.291817582
684.291817582
684.291817582
684.291817582
684.291817582
684.291817582
684.291817582
684.291817582
684.291817582
684.291817582
684.291817582
673.83267371
673.83267371
659.47244574
659.47244574
659.47244574
659.47244574
659.47244574
659.47244574
659.47244574
659.47244574
659.47244574
659.47244574
659.47244574
659.47244574
659.47244574
659.47244574
659.47244574
659.47244574
659.47244574
659.47244574
659.47244574
659.47244574
654.696812869
654.696812869
654.696812869
654.696812869
654.696812869
654.696812869
654.696812869
654.696812869
654.696812869
654.696812869
654.696812869
651.995125001
651.995125001
651.995125001
651.995125001
651.995125001
651.995125001
651.995125001
651.995125001
651.995125001
651.995125001
651.995125001
651.995125001
651.995125001
651.995125001
651.995125001
651.995125001
651.995125001
651.995125001
651.995125001
651.995125001
646.977270734
646.977270734
646.977270734
646.977270734
646.977270734
646.977270734
646.977270734
646.977270734
646.977270734
646.977270734
646.977270734
646.977270734
646.977270734
646.977270734
646.977270734
644.890071726
644.890071726
644.890071726
644.890071726
644.890071726
644.890071726
644.890071726
644.890071726
644.890071726
644.890071726
644.890071726
644.890071726
644.890071726
644.890071726
644.890071726
644.890071726
644.890071726
644.890071726
644.890071726
644.890071726
644.890071726
644.890071726
644.890071726
644.890071726
644.890071726
644.890071726
644.890071726
644.890071726
644.890071726
644.890071726
644.890071726
644.890071726
644.890071726
644.890071726
644.890071726
644.890071726
644.890071726
644.890071726
644.890071726
644.890071726
644.890071726
644.890071726
644.890071726
644.890071726
644.890071726
644.890071726
644.890071726
644.890071726
644.890071726
644.890071726
644.890071726
644.890071726
644.890071726
644.890071726
644.890071726
644.890071726
644.890071726
644.890071726
644.890071726
644.890071726
644.890071726
644.890071726
644.890071726
644.890071726
644.890071726
644.890071726
644.890071726
644.890071726
644.890071726
644.890071726
644.890071726
644.890071726
644.890071726
644.890071726
644.890071726
644.890071726
644.890071726
644.890071726
644.890071726
644.890071726
644.890071726
644.890071726
644.890071726
644.890071726
644.890071726
644.890071726
644.890071726
644.890071726
644.890071726
644.890071726
644.890071726
644.890071726
644.890071726
644.890071726
644.890071726
644.890071726
644.890071726
644.890071726
644.890071726
644.890071726
644.890071726
644.890071726
644.890071726
644.890071726
644.890071726
644.890071726
644.890071726
644.890071726
644.890071726
644.890071726
644.890071726
644.890071726
644.890071726
644.890071726
644.890071726
644.890071726
644.890071726
644.890071726
644.890071726
644.890071726
644.890071726
644.890071726
644.890071726
644.890071726
644.890071726
644.890071726
644.890071726
644.890071726
644.890071726
644.890071726
644.890071726
644.890071726
644.890071726
644.890071726
644.890071726
644.890071726
644.890071726
644.890071726
644.890071726
644.890071726
644.890071726
644.890071726
644.890071726
644.890071726
644.890071726
644.890071726
644.890071726
644.890071726
644.890071726
644.890071726
644.890071726
644.890071726
644.890071726
644.890071726
644.890071726
644.890071726
644.890071726
644.890071726
644.890071726
644.890071726
644.890071726
643.425160051
643.425160051
643.425160051
643.425160051
643.425160051
643.425160051
643.425160051
643.425160051
643.425160051
643.425160051
643.425160051
643.425160051
643.425160051
643.425160051
643.425160051
643.425160051
643.425160051
643.425160051
643.425160051
643.425160051
643.425160051
643.425160051
643.425160051
643.425160051
643.425160051
643.425160051
643.425160051
643.425160051
643.425160051
643.425160051
643.425160051
643.425160051
643.425160051
643.425160051
643.425160051
643.425160051
643.425160051
643.425160051
643.425160051
643.425160051
643.425160051
643.425160051
643.425160051
643.425160051
643.425160051
643.425160051
643.425160051
643.425160051
643.425160051
643.425160051
643.425160051
643.425160051
643.425160051
643.425160051
643.425160051
643.425160051
643.425160051
643.425160051
643.425160051
643.425160051
643.425160051
643.425160051
643.425160051
643.425160051
643.425160051
643.425160051
643.425160051
643.425160051
643.425160051
643.425160051
643.425160051
643.425160051
643.425160051
643.425160051
643.425160051
643.425160051
643.425160051
643.425160051
643.425160051
643.425160051
643.425160051
643.425160051
643.425160051
643.425160051
643.425160051
643.425160051
643.425160051
643.425160051
643.425160051
643.425160051
643.425160051
643.425160051
643.425160051
643.425160051
643.425160051
643.425160051
643.425160051
643.425160051
643.425160051
643.425160051
643.425160051
643.425160051
643.425160051
637.688802314
637.688802314
637.688802314
637.688802314
637.688802314
637.688802314
637.688802314
637.688802314
637.688802314
637.688802314
637.688802314
637.688802314
637.688802314
637.688802314
637.688802314
637.688802314
637.688802314
637.688802314
637.688802314
637.688802314
637.688802314
637.688802314
637.688802314
637.688802314
637.688802314
637.688802314
637.688802314
637.688802314
637.688802314
637.688802314
637.688802314
637.688802314
637.688802314
637.688802314
637.688802314
637.688802314
637.688802314
637.688802314
637.688802314
637.688802314
637.688802314
637.688802314
637.688802314
637.688802314
637.688802314
637.688802314
637.688802314
637.688802314
637.688802314
637.688802314
637.688802314
637.688802314
637.688802314
637.688802314
637.688802314
637.688802314
637.688802314
637.688802314
637.688802314
637.688802314
637.688802314
637.688802314
637.688802314
637.688802314
637.688802314
637.688802314
637.688802314
637.688802314
637.688802314
637.688802314
637.688802314
637.688802314
637.688802314
637.688802314
637.688802314
637.688802314
637.688802314
637.688802314
637.688802314
637.688802314
637.688802314
637.688802314
637.688802314
637.688802314
637.688802314
637.688802314
637.688802314
637.688802314
637.688802314
637.688802314
637.688802314
637.688802314
637.688802314
637.688802314
637.688802314
637.688802314
637.688802314
637.688802314
637.688802314
637.688802314
637.688802314
637.688802314
637.688802314
637.688802314
637.688802314
637.688802314
637.688802314
637.688802314
637.688802314
637.688802314
637.688802314
637.688802314
637.688802314
637.688802314
637.688802314
637.688802314
637.688802314
637.688802314
637.688802314
637.688802314
637.688802314
637.688802314
637.688802314
637.688802314
637.688802314
637.688802314
637.688802314
637.688802314
637.688802314
637.688802314
637.688802314
637.688802314
637.688802314
637.688802314
637.688802314
637.688802314
637.688802314
637.688802314
637.688802314
637.688802314
637.688802314
637.688802314
637.688802314
637.688802314
637.688802314
637.688802314
637.688802314
637.688802314
637.688802314
637.688802314
637.688802314
637.688802314
637.688802314
637.688802314
637.688802314
637.688802314
637.688802314
637.688802314
637.688802314
637.688802314
637.688802314
637.688802314
637.688802314
637.688802314
637.688802314
637.688802314
637.688802314
637.688802314
637.688802314
637.688802314
637.688802314
637.688802314
637.688802314
637.688802314
637.688802314
637.688802314
637.688802314
637.688802314
637.688802314
637.688802314
637.688802314
637.688802314
637.688802314
637.688802314
637.688802314
637.688802314
637.688802314
637.688802314
637.688802314
637.688802314
637.688802314
637.688802314
637.688802314
637.688802314
637.688802314
637.688802314
637.688802314
637.688802314
637.688802314
637.688802314
637.688802314
637.688802314
637.688802314
637.688802314
637.688802314
637.688802314
637.688802314
637.688802314
637.688802314
637.688802314
637.688802314
637.688802314
637.688802314
637.688802314
637.688802314
637.688802314
637.688802314
637.688802314
637.688802314
637.688802314
637.688802314
637.688802314
637.688802314
637.688802314
637.688802314
637.688802314
637.688802314
637.688802314
637.688802314
637.688802314
637.688802314
637.688802314
637.688802314
637.688802314
637.688802314
637.688802314
637.688802314
637.688802314
637.688802314
637.688802314
637.688802314
637.688802314
637.688802314
637.688802314
637.688802314
637.688802314
637.531258473
637.531258473
637.531258473
637.531258473
637.531258473
637.531258473
637.531258473
637.531258473
637.531258473
637.531258473
637.531258473
637.531258473
637.531258473
637.531258473
637.531258473
637.531258473
637.531258473
637.531258473
637.531258473
637.531258473
637.531258473
637.531258473
637.531258473
637.531258473
637.531258473
637.531258473
637.531258473
637.531258473
637.531258473
637.531258473
637.531258473
637.531258473
637.531258473
637.531258473
636.15321219
636.15321219
636.15321219
636.15321219
636.15321219
636.15321219
636.15321219
636.15321219
636.15321219
636.15321219
636.15321219
636.15321219
636.15321219
636.15321219
636.15321219
636.15321219
636.15321219
636.15321219
636.15321219
636.15321219
636.15321219
636.15321219
636.15321219
636.15321219
636.15321219
636.15321219
636.15321219
636.15321219
636.15321219
636.15321219
636.15321219
636.15321219
636.15321219
636.15321219
636.15321219
636.15321219
636.15321219
636.15321219
636.15321219
636.15321219
636.15321219
636.15321219
636.15321219
636.15321219
636.15321219
636.15321219
636.15321219
636.15321219
636.15321219
636.15321219
636.15321219
636.15321219
636.15321219
636.15321219
636.15321219
636.15321219
636.15321219
636.15321219
636.15321219
636.15321219
636.15321219
636.15321219
636.15321219
636.15321219
636.15321219
636.15321219
636.15321219
636.15321219
636.15321219
636.15321219
636.15321219
636.15321219
636.15321219
636.15321219
636.15321219
636.15321219
636.15321219
636.15321219
636.15321219
636.15321219
636.15321219
636.15321219
636.15321219
636.15321219
636.15321219
636.15321219
636.15321219
636.15321219
636.15321219
636.15321219
636.15321219
629.36448125
629.36448125
629.36448125
629.36448125
629.36448125
629.36448125
629.36448125
629.36448125
629.36448125
629.36448125
629.36448125
629.36448125
629.36448125
629.36448125
629.36448125
629.36448125
629.36448125
629.36448125
629.36448125
629.36448125
629.36448125
629.36448125
629.36448125
629.36448125
629.36448125
629.36448125
629.36448125
629.36448125
629.36448125
629.36448125
629.36448125
629.36448125
629.36448125
629.36448125
629.36448125
629.36448125
629.36448125
629.36448125
629.36448125
629.36448125
629.36448125
629.36448125
629.36448125
629.36448125
629.36448125
629.36448125
629.36448125
629.36448125
629.36448125
629.36448125
629.36448125
629.36448125
629.36448125
629.36448125
629.36448125
629.36448125
629.36448125
629.36448125
629.36448125
629.36448125
629.36448125
629.36448125
629.36448125
629.36448125
629.36448125
629.36448125
629.36448125
629.36448125
629.36448125
629.36448125
629.36448125
629.36448125
629.36448125
629.36448125
629.36448125
629.36448125
629.36448125
624.145391414
624.145391414
624.145391414
624.145391414
624.145391414
624.145391414
624.145391414
624.145391414
624.145391414
624.145391414
624.145391414
624.145391414
620.139220314
620.139220314
620.139220314
620.139220314
620.139220314
620.139220314
620.139220314
620.139220314
620.139220314
620.139220314
620.139220314
620.139220314
620.139220314
620.139220314
620.139220314
620.139220314
620.139220314
620.139220314
620.139220314
620.139220314
620.139220314
620.139220314
620.139220314
620.139220314
620.139220314
620.139220314
620.139220314
620.139220314
620.139220314
620.139220314
620.139220314
620.139220314
620.139220314
620.139220314
620.139220314
620.139220314
620.139220314
620.139220314
620.139220314
620.139220314
620.139220314
620.139220314
620.139220314
620.139220314
620.139220314
620.139220314
620.139220314
620.139220314
620.139220314
620.139220314
620.139220314
620.139220314
620.139220314
620.139220314
620.139220314
620.139220314
620.139220314
620.139220314
620.139220314
620.139220314
620.139220314
620.139220314
620.139220314
620.139220314
620.139220314
620.139220314
620.139220314
620.139220314
620.139220314
620.139220314
620.139220314
620.139220314
620.139220314
620.139220314
620.139220314
620.139220314
620.139220314
620.139220314
620.139220314
620.139220314
620.139220314
620.139220314
620.139220314
620.139220314
620.139220314
620.139220314
620.139220314
620.139220314
620.139220314
620.139220314
620.139220314
620.139220314
620.139220314
620.139220314
620.139220314
620.139220314
620.139220314
620.139220314
620.139220314
620.139220314
620.139220314
620.139220314
620.139220314
620.139220314
620.139220314
620.139220314
620.139220314
620.139220314
620.139220314
620.139220314
620.139220314
620.139220314
620.139220314
620.139220314
620.139220314
620.139220314
620.139220314
620.139220314
620.139220314
620.139220314
620.139220314
620.139220314
620.139220314
620.139220314
620.139220314
620.139220314
620.139220314
620.139220314
620.139220314
620.139220314
620.139220314
620.139220314
620.139220314
620.139220314
620.139220314
620.139220314
620.139220314
620.139220314
620.139220314
620.139220314
615.52777241
615.52777241
615.52777241
615.52777241
615.52777241
615.52777241
615.52777241
615.52777241
615.52777241
615.52777241
615.52777241
615.52777241
615.52777241
615.52777241
615.52777241
615.52777241
615.52777241
615.52777241
615.52777241
615.52777241
615.52777241
615.52777241
615.52777241
615.52777241
615.52777241
615.52777241
615.52777241
615.52777241
615.52777241
615.52777241
615.52777241
615.52777241
615.52777241
615.52777241
615.52777241
615.52777241
615.52777241
615.52777241
615.52777241
615.52777241
615.52777241
615.52777241
615.52777241
615.52777241
615.52777241
615.52777241
615.52777241
615.52777241
615.52777241
615.52777241
615.52777241
615.52777241
615.52777241
615.52777241
615.52777241
615.52777241
615.52777241
615.52777241
615.52777241
615.52777241
615.52777241
615.52777241
615.52777241
615.52777241
615.52777241
615.52777241
615.52777241
615.52777241
615.52777241
615.52777241
615.52777241
615.52777241
615.52777241
615.52777241
615.52777241
615.52777241
615.52777241
615.52777241
615.52777241
615.52777241
615.52777241
615.52777241
615.52777241
615.52777241
615.52777241
615.52777241
615.52777241
615.52777241
615.52777241
615.52777241
615.52777241
615.52777241
615.52777241
615.52777241
615.52777241
615.52777241
615.52777241
615.52777241
615.52777241
615.52777241
615.52777241
615.52777241
615.52777241
615.52777241
615.52777241
615.52777241
615.52777241
615.52777241
615.52777241
615.52777241
615.52777241
615.52777241
615.52777241
615.52777241
615.52777241
615.52777241
615.52777241
615.52777241
615.52777241
615.52777241
615.52777241
615.52777241
615.52777241
615.52777241
615.52777241
615.52777241
615.52777241
615.52777241
615.52777241
615.52777241
615.52777241
615.52777241
615.52777241
615.52777241
615.52777241
615.52777241
615.52777241
615.52777241
615.52777241
615.52777241
615.52777241
615.52777241
615.52777241
615.52777241
615.52777241
615.52777241
615.52777241
615.52777241
615.52777241
615.52777241
615.52777241
615.52777241
615.52777241
615.52777241
615.52777241
615.52777241
615.52777241
615.52777241
615.52777241
615.52777241
615.52777241
615.52777241
615.52777241
615.52777241
615.52777241
615.52777241
615.52777241
615.52777241
615.52777241
615.52777241
615.52777241
615.52777241
615.52777241
615.52777241
615.52777241
615.52777241
615.52777241
615.52777241
615.52777241
615.52777241
615.52777241
615.52777241
615.52777241
615.52777241
615.52777241
615.52777241
615.52777241
615.52777241
615.52777241
615.52777241
615.52777241
615.52777241
615.52777241
615.52777241
615.52777241
615.52777241
615.52777241
615.52777241
615.52777241
615.52777241
615.52777241
615.52777241
615.52777241
615.52777241
615.52777241
615.52777241
615.52777241
615.52777241
615.52777241
615.52777241
615.52777241
615.52777241
615.52777241
615.52777241
615.52777241
615.52777241
615.52777241
615.52777241
615.52777241
615.52777241
615.52777241
615.52777241
615.52777241
615.52777241
615.52777241
615.52777241
615.52777241
615.52777241
615.52777241
615.52777241
615.52777241
615.52777241
615.52777241
615.52777241
615.52777241
615.52777241
615.52777241
615.52777241
615.52777241
615.52777241
615.52777241
615.52777241
615.52777241
615.52777241
615.52777241
615.52777241
615.52777241
615.52777241
615.52777241
615.52777241
615.52777241
615.52777241
615.52777241
615.52777241
615.52777241
615.52777241
615.52777241
615.52777241
615.52777241
615.52777241
615.52777241
615.52777241
615.52777241
615.52777241
615.52777241
615.52777241
615.52777241
615.52777241
615.52777241
615.52777241
615.52777241
615.52777241
615.52777241
615.52777241
615.52777241
615.52777241
615.52777241
615.52777241
615.52777241
615.52777241
615.52777241
615.52777241
615.52777241
615.52777241
615.52777241
615.52777241
615.52777241
615.52777241
615.52777241
615.52777241
615.52777241
615.52777241
615.52777241
615.52777241
615.52777241
615.52777241
615.52777241
615.52777241
615.52777241
615.52777241
615.52777241
615.52777241
615.52777241
615.52777241
615.52777241
615.52777241
615.52777241
615.52777241
615.52777241
615.52777241
615.52777241
615.52777241
615.52777241
615.52777241
615.52777241
615.52777241
615.52777241
615.52777241
615.52777241
615.52777241
615.52777241
615.52777241
615.52777241
615.52777241
615.52777241
615.52777241
615.52777241
615.52777241
615.52777241
615.52777241
615.52777241
615.52777241
615.52777241
615.52777241
615.52777241
615.52777241
615.52777241
615.52777241
615.52777241
615.52777241
615.52777241
615.52777241
615.52777241
615.52777241
615.52777241
615.52777241
615.52777241
615.52777241
615.52777241
615.52777241
615.52777241
615.52777241
615.52777241
615.52777241
615.52777241
615.52777241
615.52777241
615.52777241
615.52777241
615.52777241
615.52777241
615.52777241
615.52777241
615.52777241
615.52777241
615.52777241
615.52777241
615.52777241
615.52777241
614.598334625
614.598334625
614.598334625
614.598334625
614.598334625
614.598334625
614.598334625
614.598334625
611.782586412
611.782586412
611.782586412
611.782586412
611.782586412
611.782586412
611.782586412
611.782586412
611.782586412
611.782586412
611.782586412
611.782586412
611.782586412
611.782586412
611.782586412
611.782586412
611.782586412
611.782586412
611.782586412
611.782586412
611.782586412
611.782586412
611.782586412
611.782586412
611.782586412
611.782586412
611.782586412
611.782586412
611.782586412
611.782586412
611.782586412
611.782586412
611.782586412
611.782586412
611.782586412
611.782586412
611.782586412
611.782586412
611.782586412
611.782586412
611.782586412
611.782586412
611.782586412
611.782586412
611.782586412
611.782586412
611.782586412
611.782586412
611.782586412
611.782586412
611.782586412
611.782586412
611.782586412
611.782586412
611.782586412
611.782586412
611.782586412
611.782586412
611.782586412
611.782586412
611.782586412
611.782586412
611.782586412
611.782586412
611.782586412
611.782586412
611.782586412
611.782586412
611.782586412
611.782586412
611.782586412
611.782586412
611.782586412
611.782586412
611.782586412
611.782586412
611.782586412
611.782586412
611.782586412
611.782586412
611.782586412
611.782586412
611.782586412
611.782586412
611.782586412
611.782586412
611.782586412
611.782586412
611.782586412
611.782586412
611.782586412
611.782586412
611.782586412
611.782586412
611.782586412
611.782586412
611.782586412
602.683967972
602.683967972
602.683967972
602.683967972
602.683967972
602.683967972
602.683967972
602.683967972
602.683967972
602.683967972
602.683967972
602.683967972
602.683967972
602.683967972
602.683967972
602.683967972
602.683967972
602.683967972
602.683967972
602.683967972
602.683967972
602.683967972
602.683967972
602.683967972
602.683967972
602.683967972
602.683967972
602.683967972
602.683967972
602.683967972
602.683967972
602.683967972
602.683967972
602.683967972
602.683967972
602.683967972
602.683967972
602.683967972
602.683967972
602.683967972
602.683967972
602.683967972
602.683967972
602.683967972
602.683967972
602.683967972
602.683967972
602.683967972
602.683967972
602.683967972
602.683967972
602.683967972
602.683967972
602.683967972
602.683967972
602.683967972
602.683967972
602.683967972
602.683967972
602.683967972
602.683967972
602.683967972
602.683967972
602.683967972
602.683967972
602.683967972
602.683967972
602.683967972
602.683967972
602.683967972
602.683967972
602.683967972
602.683967972
602.683967972
602.683967972
602.683967972
602.683967972
602.683967972
602.683967972
602.683967972
602.683967972
602.683967972
602.683967972
602.683967972
602.683967972
602.683967972
602.683967972
602.683967972
602.683967972
602.683967972
602.683967972
602.683967972
602.683967972
602.683967972
602.683967972
602.683967972
602.683967972
602.683967972
602.683967972
602.683967972
602.683967972
602.683967972
602.683967972
602.683967972
602.683967972
602.683967972
602.683967972
602.683967972
602.683967972
602.683967972
602.683967972
602.683967972
602.683967972
602.683967972
602.683967972
602.683967972
602.683967972
602.683967972
602.683967972
602.683967972
602.683967972
602.683967972
602.683967972
602.683967972
602.683967972
602.683967972
602.683967972
602.683967972
602.683967972
602.683967972
602.683967972
602.683967972
602.683967972
602.683967972
602.683967972
602.683967972
602.683967972
602.683967972
602.683967972
602.683967972
602.683967972
602.683967972
602.683967972
602.683967972
602.683967972
602.683967972
602.683967972
602.683967972
602.683967972
602.683967972
602.683967972
602.683967972
602.683967972
602.683967972
602.683967972
602.683967972
602.683967972
602.683967972
602.683967972
602.683967972
602.683967972
602.683967972
602.683967972
602.683967972
602.683967972
602.683967972
602.683967972
602.683967972
602.683967972
602.683967972
602.683967972
602.683967972
602.683967972
602.683967972
602.683967972
602.683967972
602.683967972
602.683967972
602.683967972
602.683967972
602.683967972
602.683967972
602.683967972
602.683967972
602.683967972
602.683967972
602.683967972
602.683967972
602.683967972
602.683967972
602.683967972
602.683967972
602.683967972
602.683967972
602.683967972
602.683967972
602.683967972
602.683967972
602.683967972
602.683967972
602.683967972
602.683967972
602.683967972
602.683967972
587.706756947
587.706756947
587.706756947
587.706756947
587.706756947
587.706756947
587.706756947
587.706756947
587.706756947
587.706756947
587.706756947
587.706756947
587.706756947
587.706756947
587.706756947
587.706756947
587.706756947
587.706756947
587.706756947
587.706756947
587.706756947
587.706756947
587.706756947
587.706756947
587.706756947
587.706756947
587.706756947
587.706756947
587.706756947
587.706756947
587.706756947
587.706756947
587.706756947
587.706756947
587.706756947
587.706756947
587.706756947
587.706756947
587.706756947
587.706756947
587.706756947
587.706756947
587.706756947
587.706756947
587.706756947
587.706756947
587.706756947
587.706756947
587.706756947
587.706756947
587.706756947
587.706756947
587.706756947
587.706756947
587.706756947
587.706756947
587.706756947
587.706756947
587.706756947
587.706756947
587.706756947
587.706756947
587.706756947
587.706756947
587.706756947
587.706756947
587.706756947
587.706756947
587.706756947
587.706756947
587.706756947
587.706756947
587.706756947
587.706756947
587.706756947
587.706756947
587.706756947
587.706756947
587.706756947
587.706756947
587.706756947
587.706756947
587.706756947
584.920763608
584.920763608
584.920763608
584.920763608
584.920763608
584.920763608
584.920763608
584.920763608
584.920763608
584.920763608
584.920763608
584.920763608
584.920763608
584.920763608
584.920763608
584.920763608
584.920763608
584.920763608
584.920763608
584.920763608
584.920763608
584.920763608
584.920763608
584.920763608
584.920763608
584.920763608
584.920763608
584.920763608
584.920763608
584.920763608
584.920763608
584.920763608
584.920763608
584.920763608
584.920763608
584.920763608
584.920763608
584.920763608
584.920763608
584.920763608
584.920763608
584.920763608
584.920763608
584.920763608
584.920763608
584.920763608
584.920763608
584.920763608
584.920763608
584.920763608
584.920763608
584.920763608
584.920763608
584.920763608
584.920763608
584.920763608
584.920763608
584.920763608
584.920763608
584.920763608
584.920763608
584.920763608
584.920763608
584.920763608
584.920763608
584.920763608
584.920763608
584.920763608
584.920763608
584.920763608
584.920763608
584.920763608
584.920763608
584.920763608
584.920763608
584.920763608
584.920763608
584.920763608
584.920763608
584.920763608
584.920763608
584.920763608
584.920763608
584.920763608
584.920763608
584.920763608
584.920763608
584.920763608
584.920763608
584.920763608
584.920763608
584.920763608
584.920763608
584.920763608
584.920763608
584.920763608
584.920763608
584.920763608
584.920763608
584.920763608
584.920763608
584.920763608
584.920763608
584.920763608
584.920763608
584.920763608
584.920763608
584.920763608
584.920763608
584.920763608
584.920763608
584.920763608
584.920763608
584.920763608
584.920763608
584.920763608
584.920763608
584.920763608
584.920763608
584.647441283
584.647441283
584.647441283
584.647441283
584.647441283
584.647441283
584.647441283
584.647441283
584.647441283
584.647441283
584.647441283
584.647441283
584.647441283
584.647441283
581.284797916
581.284797916
581.284797916
581.284797916
581.284797916
581.284797916
581.284797916
581.284797916
581.284797916
581.284797916
581.284797916
581.284797916
581.284797916
581.284797916
581.284797916
581.284797916
581.284797916
581.284797916
581.284797916
581.284797916
581.284797916
581.284797916
581.284797916
581.284797916
581.284797916
581.284797916
581.284797916
581.284797916
581.284797916
581.284797916
581.284797916
581.284797916
581.284797916
581.284797916
581.284797916
581.284797916
581.284797916
581.284797916
581.284797916
581.284797916
575.472688831
575.472688831
575.472688831
575.472688831
575.472688831
575.472688831
575.472688831
575.472688831
575.472688831
575.472688831
575.472688831
575.472688831
575.472688831
575.472688831
575.472688831
575.472688831
575.472688831
575.472688831
575.472688831
575.472688831
575.472688831
575.472688831
575.472688831
575.472688831
575.472688831
575.472688831
575.472688831
575.472688831
575.472688831
575.472688831
575.472688831
575.472688831
575.472688831
575.472688831
575.472688831
575.472688831
575.472688831
575.472688831
571.205910251
571.205910251
571.205910251
571.205910251
571.205910251
571.205910251
571.205910251
571.205910251
571.205910251
571.205910251
571.205910251
571.205910251
571.205910251
571.205910251
571.205910251
571.205910251
571.205910251
571.205910251
571.205910251
571.205910251
571.205910251
571.205910251
571.205910251
571.205910251
571.205910251
571.205910251
571.205910251
571.205910251
571.205910251
571.205910251
571.205910251
571.205910251
571.205910251
571.205910251
571.205910251
571.205910251
571.205910251
571.205910251
571.205910251
571.205910251
571.205910251
571.205910251
571.205910251
571.205910251
571.205910251
571.205910251
571.205910251
571.205910251
571.205910251
571.205910251
571.205910251
571.205910251
571.205910251
571.205910251
571.205910251
571.205910251
571.205910251
571.205910251
571.205910251
571.205910251
571.205910251
571.205910251
571.205910251
571.205910251
571.205910251
571.205910251
571.205910251
571.205910251
571.205910251
571.205910251
571.205910251
571.205910251
571.205910251
571.205910251
571.205910251
571.205910251
571.205910251
571.205910251
571.205910251
571.205910251
571.205910251
571.205910251
571.205910251
571.205910251
571.205910251
571.205910251
571.205910251
571.205910251
571.205910251
571.205910251
571.205910251
571.205910251
571.205910251
571.205910251
571.205910251
571.205910251
571.205910251
571.205910251
571.205910251
571.205910251
571.205910251
571.205910251
571.205910251
571.205910251
571.205910251
571.205910251
571.205910251
571.205910251
571.205910251
571.205910251
571.205910251
571.205910251
571.205910251
571.205910251
571.205910251
571.205910251
570.910329306
570.910329306
570.910329306
570.910329306
570.910329306
570.910329306
570.910329306
570.910329306
570.910329306
570.910329306
570.910329306
570.910329306
570.910329306
570.910329306
570.910329306
570.910329306
570.910329306
570.910329306
570.910329306
570.910329306
570.910329306
570.910329306
570.910329306
570.910329306
570.910329306
570.910329306
570.910329306
570.910329306
570.910329306
570.910329306
570.910329306
570.910329306
570.910329306
570.910329306
570.910329306
570.910329306
570.910329306
570.910329306
570.910329306
570.910329306
570.910329306
570.910329306
570.910329306
570.910329306
570.910329306
570.910329306
570.910329306
570.910329306
570.910329306
570.910329306
570.910329306
570.910329306
570.910329306
570.910329306
570.910329306
570.910329306
570.910329306
570.910329306
570.910329306
570.910329306
570.910329306
570.910329306
570.910329306
570.910329306
570.910329306
570.910329306
570.910329306
570.910329306
570.910329306
570.910329306
570.910329306
570.910329306
570.910329306
570.910329306
570.910329306
570.910329306
570.910329306
570.910329306
570.910329306
570.910329306
570.910329306
570.910329306
570.910329306
570.910329306
570.910329306
570.910329306
570.910329306
570.910329306
570.910329306
570.910329306
570.910329306
570.910329306
570.910329306
570.910329306
570.910329306
570.910329306
570.910329306
570.910329306
570.910329306
570.910329306
570.910329306
570.910329306
570.910329306
570.910329306
570.910329306
570.910329306
570.910329306
570.910329306
570.910329306
570.910329306
570.910329306
570.910329306
570.910329306
570.910329306
570.910329306
570.910329306
570.910329306
570.910329306
570.910329306
570.910329306
570.910329306
570.910329306
570.910329306
570.910329306
570.910329306
570.910329306
570.910329306
570.910329306
570.910329306
570.910329306
570.910329306
570.910329306
570.910329306
570.910329306
570.910329306
570.910329306
570.910329306
570.910329306
570.910329306
570.910329306
570.910329306
570.910329306
570.910329306
570.910329306
570.910329306
570.910329306
570.910329306
570.910329306
570.910329306
570.910329306
570.910329306
570.910329306
570.910329306
570.910329306
570.910329306
570.910329306
570.910329306
570.910329306
570.910329306
570.910329306
570.910329306
570.910329306
570.910329306
570.910329306
570.910329306
570.910329306
570.910329306
570.910329306
570.910329306
570.910329306
570.910329306
570.910329306
570.910329306
570.910329306
570.910329306
570.910329306
570.910329306
570.910329306
570.910329306
570.910329306
570.910329306
570.910329306
570.910329306
570.910329306
570.910329306
570.910329306
570.910329306
570.910329306
570.910329306
570.910329306
570.910329306
570.910329306
570.910329306
570.910329306
570.910329306
570.910329306
570.910329306
570.910329306
570.910329306
570.910329306
570.910329306
570.910329306
570.910329306
570.910329306
570.910329306
570.910329306
570.910329306
570.910329306
570.910329306
570.910329306
570.910329306
570.910329306
570.910329306
570.910329306
570.910329306
570.910329306
570.910329306
570.910329306
570.910329306
570.910329306
570.910329306
570.910329306
570.910329306
570.910329306
570.910329306
570.910329306
570.910329306
570.910329306
570.910329306
570.910329306
570.910329306
570.910329306
570.910329306
570.910329306
570.910329306
570.910329306
570.910329306
570.910329306
570.910329306
570.910329306
570.910329306
570.910329306
570.910329306
570.910329306
570.910329306
570.910329306
570.910329306
570.910329306
570.910329306
570.910329306
570.910329306
570.910329306
570.910329306
570.910329306
570.910329306
570.910329306
570.910329306
570.910329306
570.910329306
570.910329306
570.910329306
570.910329306
570.910329306
570.910329306
570.910329306
570.910329306
570.910329306
570.910329306
570.910329306
570.910329306
570.910329306
570.910329306
570.910329306
570.910329306
570.910329306
570.910329306
570.910329306
570.910329306
570.910329306
570.910329306
570.910329306
570.910329306
570.910329306
570.910329306
570.910329306
570.910329306
570.910329306
570.910329306
570.910329306
570.910329306
570.910329306
570.910329306
570.910329306
570.910329306
570.910329306
570.910329306
570.910329306
570.910329306
570.910329306
570.910329306
570.910329306
570.910329306
570.910329306
570.910329306
570.910329306
570.910329306
570.910329306
570.910329306
570.910329306
570.910329306
570.910329306
570.910329306
570.910329306
570.910329306
570.910329306
570.910329306
570.910329306
570.910329306
570.910329306
570.910329306
570.910329306
570.910329306
570.910329306
570.910329306
570.910329306
570.910329306
570.910329306
570.910329306
570.910329306
570.910329306
570.910329306
570.910329306
570.910329306
570.910329306
570.910329306
570.910329306
570.910329306
570.910329306
570.910329306
570.910329306
570.910329306
570.910329306
570.910329306
570.910329306
570.910329306
570.910329306
570.910329306
570.910329306
570.910329306
570.910329306
570.910329306
570.910329306
570.910329306
570.910329306
570.910329306
570.910329306
570.910329306
570.910329306
570.910329306
570.910329306
570.910329306
570.910329306
570.910329306
570.910329306
570.910329306
570.910329306
570.910329306
570.910329306
570.910329306
570.910329306
570.910329306
570.910329306
570.910329306
570.910329306
570.910329306
570.910329306
570.910329306
570.910329306
570.910329306
570.910329306
570.910329306
570.910329306
570.910329306
570.910329306
570.910329306
570.910329306
570.910329306
570.910329306
570.910329306
570.910329306
570.910329306
570.910329306
570.910329306
570.910329306
570.910329306
570.910329306
570.910329306
570.910329306
570.910329306
570.910329306
570.910329306
570.910329306
570.910329306
570.910329306
570.910329306
570.910329306
570.910329306
570.910329306
570.910329306
570.910329306
570.910329306
570.910329306
570.910329306
570.910329306
570.910329306
570.910329306
570.910329306
570.910329306
570.910329306
570.910329306
570.910329306
570.910329306
570.910329306
570.910329306
570.910329306
570.910329306
570.910329306
570.910329306
570.910329306
570.910329306
570.910329306
570.910329306
570.910329306
570.910329306
570.910329306
570.910329306
570.910329306
570.910329306
570.910329306
570.910329306
570.910329306
570.910329306
570.910329306
570.910329306
570.910329306
570.910329306
570.910329306
570.910329306
570.910329306
570.910329306
570.910329306
570.910329306
570.910329306
570.910329306
570.910329306
570.910329306
570.910329306
570.910329306
570.910329306
570.910329306
570.910329306
570.910329306
570.910329306
570.910329306
570.910329306
570.910329306
570.910329306
570.910329306
570.910329306
570.910329306
570.910329306
570.910329306
570.910329306
570.910329306
570.910329306
570.910329306
570.910329306
570.910329306
570.910329306
570.910329306
570.910329306
570.910329306
570.910329306
570.910329306
570.910329306
570.910329306
570.910329306
570.910329306
570.910329306
570.910329306
570.910329306
570.910329306
570.910329306
570.910329306
570.910329306
570.910329306
570.910329306
570.910329306
570.910329306
570.910329306
570.910329306
570.910329306
570.910329306
570.910329306
570.910329306
570.910329306
570.910329306
570.910329306
570.910329306
570.910329306
570.910329306
570.910329306
570.910329306
570.910329306
570.910329306
570.910329306
570.910329306
570.910329306
570.910329306
570.910329306
570.910329306
570.910329306
570.910329306
570.910329306
570.910329306
570.910329306
570.910329306
570.910329306
570.910329306
570.910329306
570.910329306
570.910329306
570.910329306
570.910329306
570.910329306
570.910329306
570.910329306
570.910329306
570.910329306
570.910329306
570.910329306
570.910329306
570.910329306
570.910329306
570.910329306
570.910329306
570.910329306
570.910329306
570.910329306
570.910329306
570.910329306
570.910329306
570.910329306
570.910329306
570.910329306
570.910329306
570.910329306
570.910329306
570.910329306
570.910329306
570.910329306
570.910329306
570.910329306
570.910329306
570.910329306
570.910329306
570.910329306
570.910329306
570.910329306
570.910329306
570.910329306
570.910329306
570.910329306
570.910329306
570.910329306
570.910329306
570.910329306
570.910329306
570.910329306
570.910329306
570.910329306
570.910329306
570.910329306
570.910329306
570.910329306
570.910329306
570.910329306
570.910329306
570.910329306
570.910329306
570.910329306
570.910329306
570.910329306
570.910329306
570.910329306
570.910329306
570.910329306
570.910329306
570.910329306
565.13851519
565.13851519
565.13851519
565.13851519
565.13851519
565.13851519
565.13851519
565.13851519
565.13851519
565.13851519
565.13851519
565.13851519
565.13851519
565.13851519
565.13851519
565.13851519
565.13851519
565.13851519
565.13851519
565.13851519
565.13851519
565.13851519
565.13851519
565.13851519
565.13851519
565.13851519
565.13851519
565.13851519
565.13851519
565.13851519
565.13851519
565.13851519
565.13851519
565.13851519
565.13851519
565.13851519
565.13851519
565.13851519
565.13851519
565.13851519
565.13851519
565.13851519
565.13851519
565.13851519
561.522000804
561.522000804
561.522000804
561.522000804
561.522000804
561.522000804
561.522000804
561.522000804
561.522000804
561.522000804
561.522000804
561.522000804
561.522000804
561.522000804
561.522000804
561.522000804
561.522000804
561.522000804
561.522000804
561.522000804
561.522000804
561.522000804
561.522000804
561.522000804
561.522000804
561.522000804
561.522000804
561.522000804
561.522000804
561.522000804
561.522000804
561.522000804
561.522000804
561.522000804
561.522000804
561.522000804
561.522000804
561.522000804
561.522000804
561.522000804
561.522000804
561.522000804
561.522000804
561.522000804
561.522000804
561.522000804
561.522000804
561.522000804
561.522000804
561.522000804
561.522000804
561.522000804
561.522000804
561.522000804
561.522000804
561.522000804
561.522000804
561.522000804
561.522000804
561.522000804
561.522000804
561.522000804
561.522000804
561.522000804
561.522000804
561.522000804
561.522000804
561.522000804
561.522000804
561.522000804
561.522000804
561.522000804
561.522000804
561.522000804
561.522000804
561.522000804
561.522000804
561.522000804
561.522000804
561.522000804
561.522000804
561.522000804
561.522000804
561.522000804
561.522000804
561.522000804
561.522000804
561.522000804
561.522000804
561.522000804
561.522000804
561.522000804
561.522000804
561.522000804
561.522000804
561.522000804
561.522000804
561.522000804
561.522000804
561.522000804
561.522000804
561.522000804
561.522000804
561.522000804
561.522000804
561.522000804
561.522000804
561.522000804
561.522000804
561.522000804
561.522000804
561.522000804
561.522000804
561.522000804
561.522000804
561.522000804
561.522000804
561.522000804
561.522000804
561.522000804
561.522000804
561.522000804
561.522000804
561.522000804
561.522000804
561.522000804
561.522000804
561.522000804
561.522000804
561.522000804
561.522000804
561.522000804
561.522000804
561.522000804
561.522000804
561.522000804
561.522000804
561.522000804
561.522000804
561.522000804
561.522000804
561.522000804
561.522000804
561.522000804
561.522000804
561.522000804
561.522000804
561.522000804
561.522000804
561.522000804
561.522000804
561.522000804
561.522000804
561.522000804
561.522000804
561.522000804
561.522000804
561.522000804
561.522000804
561.522000804
561.522000804
561.522000804
561.522000804
561.522000804
561.522000804
561.522000804
561.522000804
561.522000804
561.522000804
561.522000804
561.522000804
561.522000804
561.522000804
561.522000804
561.522000804
561.522000804
561.522000804
561.522000804
561.522000804
561.522000804
561.522000804
561.522000804
561.522000804
561.522000804
561.522000804
561.522000804
561.522000804
561.522000804
561.522000804
561.522000804
561.522000804
561.522000804
561.522000804
561.522000804
561.522000804
561.522000804
561.522000804
561.522000804
561.522000804
561.522000804
561.522000804
561.522000804
561.522000804
561.522000804
561.522000804
561.522000804
561.522000804
561.522000804
561.522000804
561.522000804
561.522000804
561.522000804
561.522000804
561.522000804
561.522000804
561.522000804
561.522000804
561.522000804
561.522000804
561.522000804
561.522000804
561.522000804
561.522000804
561.522000804
561.522000804
561.522000804
561.522000804
561.522000804
561.522000804
561.522000804
561.522000804
561.522000804
561.522000804
561.522000804
561.522000804
561.522000804
561.522000804
561.522000804
561.522000804
561.522000804
561.522000804
561.522000804
561.522000804
561.522000804
561.522000804
561.522000804
561.522000804
561.522000804
561.522000804
561.522000804
561.522000804
561.522000804
561.522000804
561.522000804
561.522000804
561.522000804
561.522000804
561.522000804
561.522000804
561.522000804
561.522000804
561.522000804
561.522000804
561.522000804
561.522000804
561.522000804
561.522000804
561.522000804
561.522000804
561.522000804
561.522000804
561.522000804
561.522000804
561.522000804
561.522000804
561.522000804
561.522000804
561.522000804
561.522000804
561.522000804
561.522000804
561.522000804
561.522000804
561.522000804
561.522000804
561.522000804
561.522000804
561.522000804
561.522000804
561.522000804
561.522000804
561.522000804
561.522000804
561.522000804
561.522000804
561.522000804
561.522000804
561.522000804
561.522000804
561.522000804
561.522000804
561.522000804
561.522000804
561.522000804
561.522000804
561.522000804
561.522000804
561.522000804
561.522000804
561.522000804
561.522000804
561.522000804
561.522000804
561.522000804
561.522000804
561.522000804
561.522000804
561.522000804
561.522000804
561.522000804
561.522000804
561.522000804
561.522000804
561.522000804
561.522000804
561.522000804
561.522000804
561.522000804
561.522000804
561.522000804
561.522000804
561.522000804
561.522000804
561.522000804
561.522000804
561.522000804
561.522000804
561.522000804
561.522000804
561.522000804
561.522000804
561.522000804
561.522000804
561.522000804
561.522000804
561.522000804
561.522000804
561.522000804
561.522000804
561.522000804
561.522000804
561.522000804
561.522000804
561.522000804
561.522000804
561.522000804
561.522000804
561.522000804
561.522000804
561.522000804
561.522000804
561.522000804
561.522000804
561.522000804
561.522000804
561.522000804
561.522000804
561.522000804
561.522000804
561.522000804
561.522000804
561.522000804
561.522000804
561.522000804
561.522000804
561.522000804
561.522000804
561.522000804
561.522000804
561.522000804
561.522000804
561.522000804
561.522000804
561.522000804
561.522000804
561.522000804
561.522000804
561.522000804
561.522000804
561.522000804
561.522000804
561.522000804
561.522000804
561.522000804
561.522000804
561.522000804
561.522000804
561.522000804
561.522000804
561.522000804
561.522000804
561.522000804
561.522000804
561.522000804
561.522000804
561.522000804
561.522000804
561.522000804
561.522000804
561.522000804
561.522000804
561.522000804
561.522000804
561.522000804
561.522000804
561.522000804
561.522000804
561.522000804
561.522000804
561.522000804
561.522000804
544.018462555
544.018462555
544.018462555
544.018462555
544.018462555
544.018462555
544.018462555
544.018462555
544.018462555
544.018462555
544.018462555
544.018462555
544.018462555
544.018462555
544.018462555
544.018462555
544.018462555
544.018462555
544.018462555
544.018462555
544.018462555
544.018462555
544.018462555
544.018462555
544.018462555
544.018462555
544.018462555
544.018462555
544.018462555
544.018462555
544.018462555
544.018462555
544.018462555
544.018462555
544.018462555
544.018462555
544.018462555
544.018462555
544.018462555
544.018462555
544.018462555
544.018462555
544.018462555
544.018462555
544.018462555
544.018462555
542.79043643
542.79043643
542.79043643
542.79043643
542.79043643
542.79043643
542.79043643
542.79043643
542.79043643
542.79043643
542.79043643
542.79043643
542.79043643
542.79043643
542.79043643
542.79043643
542.79043643
542.79043643
542.79043643
542.79043643
542.79043643
542.79043643
542.79043643
542.79043643
542.79043643
542.79043643
542.79043643
542.79043643
542.79043643
542.79043643
542.79043643
542.79043643
542.79043643
542.79043643
542.79043643
542.79043643
542.79043643
542.79043643
542.79043643
542.79043643
542.79043643
542.79043643
542.79043643
542.79043643
542.79043643
542.79043643
542.79043643
542.79043643
542.79043643
542.79043643
542.79043643
542.79043643
542.79043643
542.79043643
542.79043643
542.79043643
542.79043643
542.79043643
542.79043643
542.79043643
542.79043643
542.79043643
542.79043643
542.79043643
542.79043643
542.79043643
542.79043643
542.79043643
542.79043643
542.79043643
542.79043643
542.79043643
542.79043643
542.79043643
542.79043643
542.79043643
542.79043643
542.79043643
542.79043643
542.79043643
542.79043643
542.79043643
542.79043643
542.79043643
542.79043643
542.79043643
542.79043643
542.79043643
542.79043643
542.79043643
542.79043643
542.79043643
542.79043643
542.79043643
542.79043643
542.79043643
542.79043643
542.79043643
542.79043643
542.79043643
542.79043643
542.79043643
542.79043643
542.79043643
542.79043643
542.79043643
542.79043643
542.79043643
542.79043643
542.79043643
542.79043643
542.79043643
542.79043643
542.79043643
542.79043643
542.79043643
542.79043643
542.79043643
542.79043643
542.79043643
542.79043643
542.79043643
542.79043643
542.79043643
542.79043643
542.79043643
542.79043643
542.79043643
542.79043643
542.79043643
542.79043643
542.79043643
542.79043643
542.79043643
542.79043643
542.79043643
542.79043643
542.79043643
542.79043643
542.79043643
542.79043643
542.79043643
542.79043643
542.79043643
542.79043643
542.79043643
542.79043643
542.79043643
542.79043643
542.79043643
542.79043643
542.79043643
542.79043643
542.79043643
542.79043643
542.79043643
542.79043643
542.79043643
542.79043643
542.79043643
542.79043643
542.79043643
542.79043643
542.79043643
542.79043643
542.79043643
542.79043643
542.79043643
542.79043643
542.79043643
542.79043643
542.79043643
542.79043643
542.79043643
542.79043643
542.79043643
542.79043643
542.79043643
542.79043643
542.79043643
542.79043643
542.79043643
542.79043643
542.79043643
542.79043643
542.79043643
542.79043643
542.79043643
542.79043643
542.79043643
542.79043643
542.79043643
542.79043643
542.79043643
542.79043643
542.79043643
542.79043643
542.79043643
542.79043643
542.79043643
542.79043643
542.79043643
542.79043643
542.79043643
542.79043643
542.79043643
542.79043643
542.79043643
542.79043643
542.79043643
542.79043643
542.79043643
542.79043643
542.79043643
542.79043643
542.79043643
542.79043643
542.79043643
542.79043643
542.79043643
542.79043643
542.79043643
542.79043643
542.79043643
542.79043643
542.79043643
542.79043643
542.79043643
542.79043643
542.79043643
542.79043643
542.79043643
542.79043643
542.79043643
542.79043643
542.79043643
542.79043643
542.79043643
542.79043643
542.79043643
542.79043643
542.79043643
542.79043643
542.79043643
542.79043643
542.79043643
542.79043643
542.79043643
542.79043643
542.79043643
542.79043643
542.79043643
542.79043643
542.79043643
542.79043643
542.79043643
542.79043643
542.79043643
542.79043643
542.79043643
542.79043643
542.79043643
542.79043643
542.79043643
542.79043643
542.79043643
542.79043643
542.79043643
542.79043643
542.79043643
542.79043643
542.79043643
542.79043643
542.79043643
542.79043643
542.79043643
542.79043643
542.79043643
542.79043643
542.79043643
542.79043643
542.79043643
542.79043643
542.79043643
542.79043643
542.79043643
542.79043643
542.79043643
542.79043643
542.79043643
542.79043643
542.79043643
542.79043643
542.79043643
542.79043643
542.79043643
542.79043643
542.79043643
542.79043643
542.79043643
542.79043643
542.79043643
542.79043643
542.79043643
542.79043643
542.79043643
542.79043643
542.79043643
542.79043643
542.79043643
542.79043643
542.79043643
542.79043643
542.79043643
542.79043643
542.79043643
542.79043643
542.79043643
542.79043643
542.79043643
542.79043643
542.79043643
542.79043643
542.79043643
542.79043643
542.79043643
542.79043643
542.79043643
542.79043643
542.79043643
542.79043643
542.79043643
542.79043643
542.79043643
542.79043643
542.79043643
542.79043643
542.79043643
542.79043643
542.79043643
542.79043643
542.79043643
542.79043643
542.79043643
542.79043643
542.79043643
542.79043643
542.79043643
542.79043643
542.79043643
542.79043643
542.79043643
542.79043643
542.79043643
542.79043643
542.79043643
542.79043643
542.79043643
542.79043643
542.79043643
542.79043643
542.79043643
542.79043643
542.79043643
542.79043643
542.79043643
542.79043643
542.79043643
542.79043643
542.79043643
