1701.53421327
1690.60784363
1684.0058762
1684.0058762
1684.0058762
1668.7405009
1638.98245289
1621.49018963
1590.80418323
1564.2642482
1564.2642482
1553.09891855
1553.09891855
1551.10500903
1549.15018411
1549.15018411
1549.15018411
1549.15018411
1549.15018411
1549.15018411
1516.1684767
1516.1684767
1516.1684767
1516.1684767
1493.60553679
1493.60553679
1433.87731234
1433.87731234
1433.87731234
1433.87731234
1433.87731234
1433.87731234
1433.87731234
1401.6798166
1401.6798166
1401.6798166
1401.6798166
1401.6798166
1401.6798166
1401.6798166
1401.6798166
1401.6798166
1390.28074184
1390.28074184
1390.28074184
1380.74511562
1380.74511562
1359.06116886
1359.06116886
1359.06116886
1359.06116886
1359.06116886
1359.06116886
1359.06116886
1359.06116886
1359.06116886
1359.06116886
1344.22930951
1344.22930951
1344.22930951
1321.29313354
1321.29313354
1321.29313354
1321.29313354
1321.29313354
1321.29313354
1268.15299612
1268.15299612
1268.15299612
1268.15299612
1268.15299612
1268.15299612
1268.15299612
1268.15299612
1268.15299612
1268.15299612
1268.15299612
1268.15299612
1268.15299612
1268.15299612
1268.15299612
1268.15299612
1268.15299612
1268.15299612
1268.15299612
1268.15299612
1265.35598206
1265.35598206
1264.30203412
1240.59367698
1240.59367698
1207.28478613
1207.28478613
1202.86488363
1202.86488363
1202.86488363
1202.86488363
1202.86488363
1202.86488363
1202.86488363
1193.65584826
1193.65584826
1193.65584826
1193.65584826
1193.65584826
1193.65584826
1193.65584826
1193.65584826
1193.65584826
1193.65584826
1193.65584826
1193.65584826
1193.65584826
1187.37846317
1187.37846317
1187.37846317
1187.37846317
1187.37846317
1187.37846317
1187.37846317
1187.37846317
1187.37846317
1187.37846317
1187.37846317
1187.20527453
1187.20527453
1187.20527453
1187.20527453
1133.27764604
1133.27764604
1133.27764604
1133.27764604
1133.27764604
1133.27764604
1133.27764604
1133.27764604
1133.27764604
1133.27764604
1097.91372409
1097.91372409
1097.91372409
1097.91372409
1097.91372409
1097.91372409
1097.91372409
1092.48505732
1092.48505732
1092.48505732
1092.48505732
1092.48505732
1092.48505732
1092.48505732
1092.48505732
1092.48505732
1092.48505732
1092.48505732
1092.48505732
1092.48505732
1092.48505732
1092.48505732
1086.76614096
1086.76614096
1086.76614096
1086.76614096
1086.76614096
1086.76614096
1077.62891471
1077.62891471
1068.35841916
1068.35841916
1068.35841916
1068.35841916
1068.35841916
1068.35841916
1068.35841916
1068.35841916
1068.35841916
1068.35841916
1068.35841916
1068.35841916
1068.35841916
1068.35841916
1068.35841916
1067.08436276
1067.08436276
1067.08436276
1067.08436276
1067.08436276
1067.08436276
1067.08436276
1031.59323275
1031.59323275
1031.59323275
1031.59323275
1031.59323275
1031.59323275
1031.59323275
1031.59323275
1031.59323275
1031.59323275
1025.46431218
1025.46431218
1025.46431218
1025.46431218
1025.46431218
1025.46431218
1025.46431218
1025.46431218
1025.46431218
1025.46431218
1025.46431218
1025.46431218
1025.46431218
1022.37241119
1022.37241119
1018.87557814
1018.87557814
1018.87557814
1018.87557814
1018.87557814
1018.87557814
1018.87557814
1018.87557814
1018.87557814
1018.87557814
1018.87557814
1018.87557814
1018.87557814
1018.87557814
1018.87557814
1018.87557814
1018.87557814
1018.87557814
1018.87557814
1018.87557814
1018.87557814
1018.87557814
1018.87557814
1018.87557814
1018.87557814
1018.87557814
1018.87557814
1018.87557814
1018.87557814
1018.87557814
1018.87557814
1018.87557814
1018.87557814
1018.87557814
1018.87557814
1018.87557814
1018.87402435
1018.87402435
1018.87402435
1018.87402435
1018.87402435
1018.87402435
1018.87402435
1018.87402435
1018.87402435
1018.87402435
1018.87402435
1018.87402435
1018.87402435
1018.87402435
1018.87402435
1018.87402435
1018.87402435
1018.87402435
1018.87402435
1018.87402435
1018.87402435
1018.87402435
1018.87402435
1018.87402435
1018.87402435
1018.87402435
1018.87402435
1018.87402435
1018.87402435
1018.87402435
1018.87402435
1018.87402435
1018.87402435
1018.87402435
1018.87402435
1018.87402435
1001.25693255
995.891934289
995.891934289
995.891934289
995.891934289
995.891934289
995.891934289
995.891934289
995.891934289
995.891934289
995.891934289
995.891934289
995.891934289
995.891934289
995.891934289
995.891934289
995.891934289
995.891934289
985.654467265
985.654467265
985.654467265
985.654467265
985.654467265
985.654467265
985.654467265
985.654467265
985.654467265
985.654467265
985.654467265
973.228635416
973.228635416
973.228635416
973.228635416
973.228635416
973.228635416
973.228635416
973.228635416
973.228635416
973.228635416
973.228635416
973.228635416
973.228635416
973.228635416
973.228635416
973.228635416
973.228635416
973.228635416
973.228635416
973.228635416
973.228635416
973.228635416
968.483048062
968.483048062
968.483048062
968.483048062
968.483048062
968.483048062
968.483048062
968.483048062
968.483048062
968.483048062
968.483048062
968.483048062
968.483048062
968.483048062
968.483048062
968.483048062
968.483048062
955.048138845
952.986018535
952.986018535
952.986018535
952.986018535
952.986018535
952.986018535
952.986018535
952.986018535
952.262953871
952.262953871
952.262953871
952.262953871
952.262953871
952.262953871
952.262953871
901.600304619
901.193249687
889.740255558
889.740255558
889.740255558
889.740255558
889.740255558
889.740255558
889.740255558
889.740255558
889.740255558
889.740255558
872.744620483
871.066710158
871.066710158
871.066710158
871.066710158
871.066710158
871.066710158
871.066710158
871.066710158
871.066710158
871.066710158
871.066710158
871.066710158
864.365631275
860.386914868
860.386914868
860.386914868
860.386914868
841.273338408
841.273338408
841.273338408
841.273338408
841.273338408
841.273338408
841.273338408
841.273338408
841.273338408
841.273338408
837.804806895
837.804806895
837.804806895
837.804806895
837.804806895
837.804806895
837.804806895
837.804806895
837.804806895
837.804806895
837.804806895
837.804806895
837.804806895
837.804806895
837.804806895
837.804806895
837.804806895
837.804806895
837.804806895
837.804806895
837.804806895
837.804806895
837.804806895
837.804806895
833.288700532
833.288700532
833.288700532
833.288700532
833.288700532
833.288700532
833.288700532
833.288700532
833.288700532
833.288700532
833.288700532
833.288700532
833.288700532
833.288700532
833.288700532
833.288700532
833.288700532
833.288700532
833.288700532
833.288700532
833.288700532
833.288700532
833.288700532
833.288700532
833.288700532
833.288700532
833.288700532
833.288700532
833.288700532
833.288700532
833.288700532
833.288700532
833.288700532
833.288700532
833.288700532
833.288700532
833.288700532
833.288700532
833.288700532
833.288700532
833.288700532
833.288700532
833.288700532
833.288700532
833.288700532
833.288700532
833.288700532
832.529760852
832.529760852
832.529760852
832.529760852
832.529760852
832.529760852
832.529760852
832.529760852
832.529760852
832.529760852
832.529760852
832.529760852
832.529760852
832.529760852
832.529760852
832.529760852
832.529760852
832.529760852
832.529760852
832.529760852
832.529760852
832.529760852
832.529760852
832.529760852
832.529760852
832.529760852
832.529760852
832.529760852
832.529760852
832.529760852
832.529760852
832.529760852
821.192898109
821.192898109
821.192898109
821.192898109
821.192898109
821.192898109
821.192898109
821.192898109
821.192898109
821.192898109
821.192898109
821.192898109
821.192898109
821.192898109
821.192898109
821.192898109
821.192898109
821.192898109
821.192898109
821.192898109
821.192898109
821.192898109
821.192898109
816.5970179
816.5970179
816.5970179
816.5970179
816.5970179
816.5970179
816.5970179
816.5970179
816.5970179
816.5970179
816.5970179
816.5970179
816.5970179
816.5970179
816.5970179
816.5970179
816.5970179
816.5970179
816.5970179
816.5970179
816.5970179
816.5970179
816.5970179
816.5970179
816.5970179
816.5970179
816.5970179
816.5970179
816.5970179
816.5970179
816.5970179
816.5970179
816.5970179
816.5970179
816.5970179
816.5970179
816.5970179
816.5970179
816.5970179
816.5970179
816.5970179
816.5970179
816.5970179
816.5970179
816.5970179
816.5970179
816.5970179
816.5970179
816.5970179
816.5970179
816.5970179
816.5970179
816.5970179
816.5970179
816.5970179
816.5970179
816.5970179
816.5970179
816.5970179
816.5970179
816.5970179
816.5970179
816.5970179
816.5970179
816.5970179
816.5970179
816.5970179
816.5970179
816.5970179
816.5970179
816.5970179
816.5970179
816.5970179
816.5970179
816.5970179
816.5970179
816.5970179
816.5970179
816.5970179
816.5970179
816.5970179
816.5970179
816.5970179
816.5970179
816.5970179
805.605932451
805.605932451
805.605932451
805.605932451
805.605932451
805.605932451
805.605932451
805.605932451
805.605932451
805.605932451
805.605932451
805.605932451
805.605932451
792.260054265
792.260054265
792.260054265
792.260054265
792.260054265
792.260054265
792.260054265
776.402718226
776.402718226
776.402718226
776.402718226
776.402718226
776.402718226
776.402718226
776.402718226
776.402718226
776.402718226
776.402718226
776.402718226
760.753154957
760.753154957
760.753154957
760.753154957
760.753154957
760.753154957
760.753154957
760.753154957
760.753154957
760.753154957
760.753154957
760.753154957
760.753154957
760.753154957
760.753154957
760.753154957
760.753154957
760.753154957
760.753154957
758.393767674
758.393767674
758.393767674
758.393767674
758.393767674
758.393767674
758.393767674
758.393767674
758.393767674
758.393767674
758.393767674
758.393767674
758.393767674
758.393767674
758.393767674
758.393767674
758.393767674
758.393767674
758.393767674
758.393767674
758.393767674
758.393767674
758.393767674
758.393767674
752.524245537
752.524245537
752.524245537
752.524245537
752.524245537
752.524245537
752.524245537
752.524245537
752.524245537
752.524245537
752.524245537
752.524245537
752.524245537
752.524245537
752.524245537
752.524245537
752.524245537
752.524245537
752.524245537
752.524245537
752.524245537
752.524245537
752.524245537
752.524245537
752.524245537
752.524245537
752.524245537
752.524245537
752.524245537
752.524245537
752.524245537
752.524245537
752.524245537
752.524245537
752.524245537
752.524245537
752.524245537
752.524245537
752.524245537
752.524245537
752.524245537
752.524245537
752.524245537
752.524245537
752.524245537
752.524245537
752.524245537
752.524245537
752.524245537
752.524245537
752.524245537
752.524245537
752.524245537
752.524245537
752.524245537
752.524245537
752.524245537
752.524245537
752.524245537
752.524245537
752.524245537
752.524245537
752.524245537
752.524245537
752.524245537
752.524245537
752.524245537
752.524245537
752.524245537
752.524245537
752.524245537
752.524245537
752.524245537
752.524245537
752.524245537
752.524245537
752.524245537
752.524245537
752.524245537
752.524245537
752.524245537
752.524245537
752.524245537
752.524245537
752.524245537
752.524245537
752.524245537
752.524245537
752.524245537
752.524245537
752.524245537
752.524245537
752.524245537
752.524245537
752.524245537
752.524245537
752.524245537
752.524245537
752.524245537
752.524245537
752.524245537
752.524245537
752.524245537
752.524245537
752.524245537
752.524245537
752.524245537
752.524245537
752.524245537
752.524245537
752.524245537
752.524245537
752.524245537
752.524245537
752.524245537
752.524245537
752.524245537
752.524245537
752.524245537
752.524245537
752.524245537
752.524245537
752.524245537
752.524245537
752.524245537
752.524245537
752.524245537
752.524245537
752.524245537
752.524245537
752.524245537
752.524245537
752.524245537
752.524245537
752.524245537
752.524245537
752.524245537
752.524245537
752.524245537
752.524245537
752.524245537
752.524245537
752.524245537
752.524245537
752.524245537
752.524245537
752.524245537
752.524245537
752.524245537
752.524245537
752.524245537
752.524245537
752.524245537
752.524245537
752.524245537
752.524245537
752.524245537
752.524245537
752.524245537
752.524245537
752.524245537
752.524245537
752.524245537
752.524245537
752.524245537
752.524245537
752.524245537
752.524245537
752.524245537
752.524245537
752.524245537
752.524245537
752.524245537
752.524245537
752.524245537
752.524245537
752.524245537
752.524245537
752.524245537
752.524245537
752.524245537
752.524245537
752.524245537
752.524245537
752.524245537
752.524245537
752.524245537
752.524245537
752.524245537
752.524245537
752.524245537
752.524245537
752.524245537
749.074389121
749.074389121
749.074389121
749.074389121
749.074389121
749.074389121
749.074389121
749.074389121
749.074389121
749.074389121
749.074389121
749.074389121
749.074389121
749.074389121
749.074389121
749.074389121
749.074389121
749.074389121
749.074389121
749.074389121
749.074389121
749.074389121
749.074389121
749.074389121
749.074389121
749.074389121
749.074389121
749.074389121
748.687666443
748.687666443
748.687666443
748.687666443
748.687666443
748.687666443
748.687666443
748.687666443
748.687666443
748.687666443
748.687666443
748.687666443
746.257414265
746.257414265
741.202129656
741.202129656
741.202129656
741.202129656
741.202129656
741.202129656
741.202129656
741.202129656
741.202129656
741.202129656
741.202129656
741.202129656
741.202129656
741.202129656
741.202129656
741.202129656
741.202129656
741.202129656
741.202129656
741.202129656
741.202129656
741.202129656
741.202129656
741.202129656
741.202129656
741.202129656
741.202129656
741.202129656
741.202129656
741.202129656
741.202129656
741.202129656
736.087229617
736.087229617
736.087229617
736.087229617
736.087229617
736.087229617
736.087229617
736.087229617
736.087229617
736.087229617
736.087229617
736.087229617
736.087229617
736.087229617
736.087229617
723.884041425
723.884041425
723.884041425
723.884041425
723.884041425
723.884041425
723.884041425
723.884041425
723.884041425
723.884041425
723.884041425
723.884041425
723.884041425
723.884041425
723.884041425
723.884041425
723.884041425
723.884041425
723.884041425
723.884041425
723.884041425
723.884041425
723.884041425
723.884041425
723.884041425
723.884041425
723.884041425
723.884041425
723.884041425
723.884041425
723.884041425
723.884041425
723.884041425
723.884041425
723.884041425
723.884041425
723.884041425
723.884041425
723.884041425
723.884041425
723.884041425
723.884041425
723.884041425
723.884041425
723.884041425
723.884041425
723.884041425
723.884041425
723.884041425
723.884041425
723.884041425
723.884041425
723.884041425
723.884041425
723.884041425
723.884041425
723.884041425
723.884041425
723.884041425
723.884041425
723.884041425
723.884041425
723.884041425
723.884041425
723.884041425
723.884041425
723.884041425
723.884041425
723.884041425
723.884041425
723.884041425
723.884041425
723.884041425
723.884041425
723.884041425
723.884041425
723.884041425
723.884041425
723.884041425
723.884041425
723.884041425
723.884041425
723.884041425
723.884041425
723.884041425
723.884041425
723.884041425
723.884041425
723.884041425
723.884041425
723.884041425
723.884041425
723.884041425
723.884041425
723.884041425
723.884041425
723.884041425
723.884041425
723.884041425
723.884041425
723.884041425
723.884041425
723.884041425
723.884041425
723.884041425
723.884041425
723.884041425
723.884041425
723.884041425
723.884041425
723.884041425
723.884041425
723.884041425
723.884041425
723.884041425
723.884041425
723.884041425
723.884041425
723.884041425
723.884041425
723.884041425
723.884041425
723.884041425
723.884041425
723.884041425
723.884041425
723.884041425
723.884041425
723.884041425
723.884041425
723.884041425
723.884041425
723.884041425
723.884041425
723.884041425
723.884041425
723.884041425
723.884041425
723.884041425
723.884041425
723.884041425
723.884041425
723.884041425
723.884041425
723.884041425
723.884041425
723.884041425
723.884041425
723.884041425
723.884041425
715.470589757
715.470589757
715.470589757
715.470589757
715.470589757
715.470589757
715.470589757
715.470589757
715.470589757
715.470589757
715.470589757
715.470589757
715.470589757
715.470589757
715.470589757
715.470589757
715.470589757
715.470589757
715.470589757
715.470589757
715.470589757
715.470589757
715.470589757
715.470589757
715.470589757
715.470589757
715.470589757
715.470589757
715.470589757
715.470589757
715.470589757
715.470589757
715.470589757
715.470589757
715.470589757
715.470589757
715.470589757
715.470589757
715.470589757
715.470589757
715.470589757
715.470589757
715.470589757
715.470589757
715.470589757
715.460097626
715.460097626
715.460097626
715.460097626
715.460097626
715.460097626
715.460097626
715.460097626
715.460097626
715.460097626
715.460097626
715.460097626
715.460097626
715.460097626
715.460097626
715.460097626
715.460097626
715.460097626
715.460097626
715.460097626
715.460097626
715.460097626
715.460097626
715.460097626
715.460097626
715.460097626
715.460097626
715.460097626
715.460097626
715.460097626
715.460097626
715.460097626
715.460097626
715.460097626
715.460097626
715.460097626
715.460097626
715.460097626
715.460097626
715.460097626
715.460097626
715.460097626
706.81599474
706.81599474
706.81599474
706.81599474
706.81599474
706.81599474
706.81599474
706.81599474
706.81599474
706.81599474
706.81599474
706.81599474
706.81599474
706.81599474
706.81599474
706.81599474
706.81599474
706.326522336
706.326522336
706.326522336
706.326522336
706.326522336
706.326522336
706.326522336
706.326522336
706.326522336
706.326522336
706.326522336
706.326522336
706.326522336
706.326522336
706.326522336
706.326522336
706.326522336
706.326522336
706.326522336
706.326522336
706.326522336
706.326522336
706.326522336
706.326522336
706.326522336
706.326522336
706.326522336
706.326522336
706.326522336
706.326522336
706.326522336
706.326522336
706.326522336
706.326522336
706.326522336
706.326522336
706.326522336
698.144082703
698.144082703
698.144082703
698.144082703
698.144082703
698.144082703
698.144082703
698.144082703
698.144082703
698.144082703
698.144082703
698.144082703
698.144082703
698.144082703
698.144082703
698.144082703
698.144082703
698.144082703
698.144082703
698.144082703
698.144082703
698.144082703
698.144082703
698.144082703
698.144082703
698.144082703
698.144082703
698.144082703
698.144082703
698.144082703
694.831132627
694.831132627
694.831132627
694.831132627
694.831132627
694.831132627
694.831132627
694.831132627
694.831132627
694.831132627
694.831132627
694.831132627
694.831132627
694.831132627
694.831132627
694.831132627
694.831132627
694.831132627
694.831132627
694.831132627
694.831132627
694.831132627
694.831132627
694.831132627
694.831132627
694.831132627
691.70543866
691.70543866
691.70543866
691.70543866
691.70543866
691.70543866
691.70543866
691.70543866
691.70543866
691.70543866
691.70543866
691.70543866
691.70543866
691.70543866
691.70543866
691.70543866
691.70543866
691.70543866
691.70543866
691.422274408
691.422274408
691.422274408
691.422274408
691.422274408
691.422274408
691.422274408
691.422274408
691.422274408
691.422274408
691.422274408
691.422274408
691.422274408
691.422274408
691.422274408
691.422274408
691.422274408
691.422274408
691.422274408
691.422274408
691.422274408
691.422274408
691.422274408
691.422274408
691.422274408
691.422274408
691.422274408
691.422274408
691.422274408
691.422274408
691.422274408
691.422274408
691.422274408
691.422274408
691.422274408
691.422274408
691.422274408
691.422274408
691.422274408
691.422274408
691.422274408
691.422274408
691.422274408
691.422274408
691.422274408
691.422274408
691.422274408
691.422274408
691.422274408
691.422274408
681.816097873
681.816097873
681.816097873
681.816097873
681.816097873
681.816097873
681.816097873
681.816097873
681.816097873
681.816097873
681.816097873
681.816097873
681.816097873
681.816097873
681.816097873
681.816097873
681.816097873
681.816097873
681.816097873
681.816097873
681.816097873
681.816097873
681.816097873
681.816097873
681.816097873
681.816097873
681.816097873
681.816097873
681.816097873
681.816097873
681.816097873
681.816097873
681.816097873
681.816097873
681.816097873
681.816097873
681.816097873
681.816097873
681.816097873
681.816097873
681.816097873
681.816097873
681.816097873
681.816097873
681.816097873
681.816097873
681.816097873
681.816097873
681.816097873
681.816097873
681.816097873
681.816097873
681.816097873
681.816097873
681.816097873
681.816097873
681.816097873
681.816097873
681.816097873
681.816097873
681.816097873
681.816097873
681.816097873
681.816097873
681.816097873
681.816097873
681.816097873
681.816097873
681.816097873
681.816097873
681.816097873
681.816097873
681.816097873
675.015083714
675.015083714
675.015083714
675.015083714
675.015083714
675.015083714
675.015083714
675.015083714
675.015083714
675.015083714
675.015083714
675.015083714
675.015083714
675.015083714
675.015083714
675.015083714
675.015083714
675.015083714
675.015083714
670.173664029
670.173664029
670.173664029
670.173664029
670.173664029
670.173664029
670.173664029
670.173664029
670.173664029
670.173664029
670.173664029
670.173664029
670.173664029
670.173664029
670.173664029
670.173664029
670.173664029
670.173664029
670.173664029
670.173664029
670.173664029
670.173664029
670.173664029
670.173664029
670.173664029
670.173664029
670.173664029
670.173664029
670.173664029
670.173664029
670.173664029
670.173664029
670.173664029
670.173664029
670.173664029
670.173664029
670.173664029
670.173664029
670.173664029
670.173664029
670.173664029
670.173664029
670.173664029
670.173664029
670.173664029
670.173664029
670.173664029
670.173664029
670.173664029
670.173664029
670.173664029
670.173664029
670.173664029
670.173664029
670.173664029
670.173664029
670.173664029
670.173664029
670.173664029
670.173664029
670.173664029
666.068075046
666.068075046
666.068075046
666.068075046
666.068075046
666.068075046
666.068075046
666.068075046
666.068075046
666.068075046
666.068075046
653.912042744
653.912042744
653.912042744
653.912042744
653.912042744
653.912042744
653.912042744
653.912042744
653.912042744
653.912042744
653.912042744
653.912042744
653.912042744
653.912042744
653.912042744
653.912042744
653.912042744
653.912042744
653.912042744
653.128772923
653.128772923
653.128772923
653.128772923
653.128772923
653.128772923
653.128772923
653.128772923
653.128772923
653.128772923
653.128772923
653.128772923
653.128772923
653.128772923
653.128772923
653.128772923
653.128772923
653.128772923
653.128772923
653.128772923
653.128772923
653.128772923
653.128772923
653.128772923
653.128772923
653.128772923
653.128772923
653.128772923
653.128772923
653.128772923
653.128772923
653.128772923
651.816470358
651.816470358
651.816470358
651.816470358
651.816470358
651.816470358
651.816470358
651.816470358
651.816470358
651.816470358
651.816470358
651.816470358
651.816470358
651.816470358
651.816470358
651.816470358
651.816470358
651.816470358
651.816470358
651.816470358
651.816470358
651.816470358
651.816470358
651.816470358
651.816470358
651.816470358
651.816470358
651.816470358
651.816470358
651.816470358
651.816470358
651.816470358
651.816470358
651.816470358
651.816470358
651.816470358
651.816470358
651.816470358
651.816470358
651.816470358
651.816470358
651.816470358
651.816470358
651.816470358
651.816470358
651.816470358
651.816470358
651.816470358
651.816470358
651.816470358
651.816470358
651.816470358
651.816470358
651.816470358
651.816470358
651.816470358
651.816470358
651.816470358
651.816470358
651.816470358
651.816470358
651.816470358
651.816470358
651.816470358
651.816470358
651.816470358
651.816470358
651.816470358
651.816470358
651.816470358
651.816470358
651.816470358
651.816470358
651.816470358
651.816470358
651.816470358
651.816470358
651.816470358
651.816470358
651.816470358
651.816470358
651.816470358
651.816470358
651.816470358
651.816470358
651.816470358
651.816470358
651.816470358
651.816470358
651.816470358
651.816470358
651.816470358
651.816470358
651.816470358
651.816470358
651.816470358
651.816470358
651.816470358
651.816470358
651.816470358
651.816470358
651.816470358
651.816470358
651.816470358
651.816470358
651.816470358
651.816470358
651.816470358
651.816470358
651.816470358
651.816470358
651.816470358
651.816470358
651.816470358
651.816470358
651.816470358
651.816470358
651.816470358
651.816470358
651.816470358
651.816470358
651.816470358
651.816470358
651.816470358
651.816470358
651.816470358
651.816470358
651.816470358
651.816470358
651.816470358
651.816470358
651.816470358
651.816470358
651.816470358
651.816470358
651.816470358
651.816470358
651.816470358
651.816470358
651.816470358
651.816470358
651.816470358
651.816470358
651.816470358
651.816470358
651.816470358
651.816470358
651.816470358
651.816470358
651.816470358
651.816470358
651.816470358
651.816470358
651.816470358
651.816470358
651.816470358
651.816470358
651.816470358
651.816470358
651.816470358
651.816470358
651.816470358
651.816470358
651.816470358
651.816470358
651.816470358
651.816470358
651.816470358
651.816470358
651.816470358
651.816470358
651.816470358
651.816470358
651.816470358
651.816470358
651.816470358
651.816470358
651.816470358
651.816470358
651.816470358
651.816470358
651.816470358
651.816470358
651.816470358
651.816470358
651.816470358
651.816470358
651.816470358
651.816470358
651.816470358
651.816470358
651.816470358
651.816470358
651.816470358
651.816470358
651.816470358
651.816470358
651.816470358
651.816470358
651.816470358
651.816470358
651.816470358
651.816470358
651.816470358
651.816470358
651.816470358
651.816470358
651.816470358
651.816470358
651.816470358
651.816470358
651.816470358
651.816470358
651.816470358
651.816470358
651.816470358
651.816470358
651.816470358
651.816470358
650.306770416
650.306770416
650.306770416
650.306770416
650.306770416
650.306770416
650.306770416
650.306770416
650.306770416
650.306770416
650.306770416
650.306770416
650.306770416
650.306770416
650.306770416
650.306770416
650.306770416
641.935238892
641.935238892
641.935238892
641.935238892
641.935238892
641.935238892
641.935238892
641.935238892
641.935238892
641.935238892
641.935238892
641.935238892
641.935238892
641.935238892
641.935238892
641.935238892
641.935238892
641.935238892
641.935238892
641.935238892
641.935238892
641.935238892
641.935238892
641.935238892
641.935238892
641.935238892
641.935238892
641.935238892
641.935238892
641.935238892
641.935238892
641.935238892
641.935238892
641.935238892
641.935238892
641.935238892
641.935238892
641.935238892
641.935238892
641.935238892
641.935238892
641.935238892
641.935238892
641.935238892
641.935238892
641.935238892
641.935238892
641.935238892
641.935238892
641.935238892
641.935238892
641.935238892
641.935238892
641.935238892
641.935238892
641.935238892
641.935238892
641.935238892
641.935238892
641.935238892
641.935238892
641.935238892
641.935238892
641.935238892
641.935238892
641.935238892
641.935238892
641.935238892
641.935238892
641.935238892
641.935238892
641.935238892
641.935238892
641.935238892
641.935238892
641.935238892
641.935238892
641.935238892
641.935238892
641.935238892
641.935238892
641.935238892
641.935238892
641.935238892
641.935238892
641.935238892
641.935238892
641.935238892
641.935238892
641.935238892
641.935238892
641.935238892
641.935238892
641.935238892
641.935238892
641.935238892
641.935238892
641.935238892
641.935238892
641.935238892
641.935238892
641.935238892
641.935238892
641.935238892
641.935238892
641.935238892
641.935238892
641.935238892
641.935238892
641.935238892
641.935238892
641.935238892
641.935238892
641.935238892
641.935238892
641.935238892
641.935238892
641.935238892
641.935238892
641.935238892
641.935238892
641.935238892
641.935238892
641.935238892
641.935238892
641.935238892
641.935238892
641.935238892
641.935238892
641.935238892
641.935238892
641.935238892
641.935238892
641.935238892
641.935238892
641.935238892
641.935238892
641.935238892
641.935238892
641.935238892
641.935238892
641.935238892
641.935238892
641.935238892
641.935238892
641.935238892
641.935238892
641.935238892
641.935238892
641.935238892
641.935238892
641.935238892
641.935238892
641.935238892
641.935238892
641.935238892
641.935238892
641.935238892
641.935238892
641.935238892
641.935238892
641.935238892
641.935238892
641.935238892
641.935238892
641.935238892
641.935238892
641.935238892
641.935238892
641.935238892
641.935238892
641.935238892
641.935238892
641.935238892
641.935238892
641.935238892
641.935238892
641.935238892
641.935238892
641.935238892
641.935238892
641.935238892
641.935238892
641.935238892
641.935238892
641.935238892
641.935238892
641.935238892
641.935238892
641.935238892
641.935238892
641.935238892
641.935238892
641.935238892
641.935238892
641.935238892
641.935238892
641.935238892
641.935238892
641.935238892
641.935238892
641.935238892
641.935238892
641.935238892
641.935238892
641.935238892
641.935238892
641.935238892
641.935238892
641.935238892
641.935238892
641.935238892
641.935238892
641.935238892
641.935238892
641.935238892
641.935238892
641.935238892
641.935238892
641.935238892
641.935238892
641.935238892
641.935238892
641.935238892
641.935238892
641.935238892
641.935238892
641.935238892
641.935238892
641.935238892
641.935238892
641.935238892
641.935238892
641.935238892
641.935238892
641.935238892
641.935238892
641.935238892
641.935238892
641.935238892
641.935238892
641.935238892
641.509488213
641.509488213
641.509488213
641.509488213
641.509488213
641.509488213
641.509488213
641.509488213
641.509488213
641.509488213
641.509488213
641.509488213
641.509488213
641.509488213
641.509488213
641.509488213
641.509488213
641.509488213
641.509488213
641.509488213
641.509488213
641.509488213
641.509488213
641.509488213
641.509488213
641.509488213
641.509488213
641.509488213
641.509488213
641.509488213
641.509488213
641.509488213
641.509488213
641.509488213
641.509488213
641.509488213
641.509488213
641.509488213
641.509488213
637.573615158
637.573615158
637.573615158
637.573615158
637.573615158
637.573615158
637.573615158
637.573615158
637.573615158
637.573615158
637.573615158
637.573615158
637.573615158
637.573615158
637.573615158
637.573615158
637.573615158
637.573615158
637.573615158
637.573615158
637.573615158
637.573615158
637.573615158
637.573615158
637.573615158
637.573615158
637.573615158
637.573615158
637.573615158
637.573615158
637.573615158
637.573615158
637.573615158
637.573615158
637.573615158
637.573615158
637.573615158
637.573615158
637.573615158
637.573615158
637.573615158
637.573615158
637.573615158
637.573615158
637.573615158
637.573615158
637.573615158
637.573615158
637.573615158
637.573615158
637.573615158
637.573615158
637.573615158
637.573615158
637.573615158
637.573615158
637.573615158
637.573615158
637.573615158
637.573615158
637.573615158
637.573615158
637.573615158
637.573615158
637.573615158
637.573615158
637.573615158
637.573615158
637.573615158
637.573615158
637.573615158
637.573615158
637.573615158
637.573615158
637.573615158
637.573615158
637.573615158
637.573615158
637.573615158
637.573615158
637.573615158
637.573615158
637.573615158
637.573615158
637.573615158
637.573615158
637.573615158
637.573615158
637.573615158
637.573615158
637.573615158
637.573615158
637.573615158
637.573615158
637.573615158
637.573615158
637.573615158
637.573615158
637.573615158
637.573615158
637.573615158
637.573615158
637.573615158
637.573615158
637.573615158
637.573615158
637.573615158
637.573615158
637.573615158
637.573615158
637.573615158
637.573615158
637.573615158
637.573615158
637.573615158
637.573615158
637.573615158
637.573615158
637.573615158
624.703870706
624.703870706
624.703870706
624.703870706
624.703870706
624.703870706
624.703870706
624.703870706
624.703870706
624.703870706
624.703870706
624.703870706
624.703870706
624.703870706
624.703870706
624.703870706
624.703870706
624.703870706
624.703870706
624.703870706
624.703870706
624.703870706
624.703870706
624.703870706
624.703870706
624.703870706
624.703870706
624.703870706
624.703870706
624.703870706
624.703870706
624.703870706
624.703870706
624.703870706
624.703870706
624.703870706
624.703870706
624.703870706
624.703870706
624.703870706
624.703870706
624.703870706
624.703870706
624.703870706
624.703870706
623.140226485
623.140226485
623.140226485
623.140226485
623.140226485
623.140226485
623.140226485
623.140226485
623.140226485
623.140226485
623.140226485
623.140226485
623.140226485
623.140226485
623.140226485
623.140226485
623.140226485
623.140226485
623.140226485
623.140226485
623.140226485
623.140226485
623.140226485
609.717299533
609.717299533
609.717299533
609.717299533
609.717299533
609.717299533
609.717299533
609.717299533
609.717299533
609.717299533
609.717299533
609.717299533
609.717299533
609.717299533
609.717299533
609.717299533
609.717299533
609.717299533
609.717299533
609.717299533
609.717299533
609.717299533
609.717299533
609.717299533
609.717299533
609.717299533
609.717299533
609.717299533
609.717299533
609.717299533
609.717299533
609.717299533
609.717299533
609.717299533
609.717299533
609.717299533
609.717299533
609.717299533
609.717299533
609.717299533
609.717299533
609.717299533
609.717299533
609.717299533
609.717299533
609.717299533
609.717299533
609.717299533
609.717299533
609.717299533
609.717299533
609.717299533
609.717299533
609.717299533
609.717299533
609.717299533
609.717299533
609.717299533
609.717299533
609.717299533
609.717299533
609.717299533
609.717299533
609.717299533
609.717299533
609.717299533
609.717299533
609.717299533
609.717299533
609.717299533
609.717299533
609.717299533
609.717299533
609.717299533
609.717299533
609.717299533
609.717299533
609.717299533
609.717299533
609.717299533
609.717299533
609.717299533
609.717299533
609.717299533
609.717299533
609.717299533
609.717299533
609.717299533
609.717299533
609.717299533
609.717299533
609.717299533
609.717299533
609.717299533
609.717299533
609.717299533
609.717299533
609.717299533
609.717299533
609.717299533
609.717299533
609.717299533
609.717299533
609.717299533
609.717299533
609.717299533
609.717299533
609.717299533
609.717299533
609.717299533
609.717299533
609.717299533
609.717299533
609.717299533
609.717299533
609.717299533
609.717299533
609.717299533
609.717299533
609.717299533
609.717299533
609.717299533
609.717299533
609.717299533
609.717299533
609.717299533
609.717299533
609.717299533
609.717299533
609.717299533
609.717299533
609.717299533
609.717299533
609.717299533
609.717299533
609.717299533
609.717299533
609.717299533
609.717299533
609.717299533
609.717299533
609.717299533
609.717299533
609.717299533
609.717299533
609.717299533
609.717299533
609.717299533
609.717299533
609.717299533
609.717299533
609.717299533
609.717299533
609.717299533
609.717299533
609.717299533
609.717299533
609.717299533
609.717299533
609.717299533
609.717299533
609.717299533
609.717299533
609.717299533
609.717299533
609.717299533
609.717299533
609.717299533
609.717299533
609.717299533
609.717299533
609.717299533
609.717299533
609.717299533
609.717299533
609.717299533
609.717299533
609.717299533
609.717299533
609.717299533
609.717299533
609.717299533
609.717299533
609.717299533
609.717299533
609.717299533
609.717299533
609.717299533
609.717299533
609.717299533
609.717299533
609.717299533
609.717299533
609.717299533
609.717299533
609.717299533
609.717299533
609.717299533
609.717299533
609.717299533
609.717299533
609.717299533
609.717299533
609.717299533
609.717299533
609.717299533
609.717299533
609.717299533
609.717299533
609.717299533
609.717299533
609.717299533
609.717299533
609.717299533
609.717299533
609.717299533
609.717299533
609.717299533
609.717299533
609.717299533
609.717299533
609.717299533
609.717299533
609.717299533
609.717299533
609.717299533
609.717299533
609.717299533
609.717299533
609.717299533
609.717299533
609.717299533
609.717299533
609.717299533
609.717299533
609.717299533
609.717299533
609.717299533
609.717299533
609.717299533
609.717299533
609.717299533
609.717299533
609.717299533
609.717299533
609.717299533
609.717299533
609.717299533
609.717299533
609.717299533
609.717299533
609.717299533
609.717299533
609.717299533
609.717299533
609.717299533
609.717299533
609.717299533
609.717299533
609.717299533
609.717299533
609.717299533
609.717299533
609.717299533
609.717299533
609.717299533
609.717299533
609.717299533
609.717299533
609.717299533
609.717299533
609.717299533
609.717299533
609.717299533
609.717299533
609.717299533
609.717299533
609.717299533
609.717299533
609.717299533
609.717299533
609.717299533
609.717299533
609.717299533
609.717299533
609.717299533
609.717299533
609.717299533
609.717299533
609.717299533
609.717299533
609.717299533
609.717299533
609.717299533
609.717299533
609.717299533
609.717299533
609.717299533
609.717299533
609.717299533
609.717299533
609.717299533
609.717299533
609.717299533
609.717299533
609.717299533
609.717299533
609.717299533
609.717299533
609.717299533
609.717299533
609.717299533
609.717299533
609.717299533
609.717299533
609.717299533
609.717299533
609.717299533
609.717299533
609.717299533
609.717299533
609.717299533
609.717299533
609.717299533
609.717299533
609.717299533
609.717299533
609.717299533
609.717299533
609.717299533
609.717299533
609.717299533
609.717299533
609.717299533
609.717299533
609.717299533
609.717299533
609.717299533
609.717299533
609.717299533
609.717299533
609.717299533
609.717299533
609.717299533
609.717299533
609.717299533
609.717299533
609.717299533
609.717299533
609.717299533
609.717299533
609.717299533
609.717299533
609.717299533
609.717299533
609.717299533
609.717299533
609.717299533
609.717299533
609.717299533
609.717299533
609.717299533
609.717299533
609.717299533
609.717299533
609.717299533
609.717299533
609.717299533
609.717299533
609.717299533
609.717299533
609.717299533
609.717299533
609.717299533
609.717299533
609.717299533
609.717299533
609.717299533
609.717299533
609.717299533
609.717299533
609.717299533
609.717299533
609.717299533
609.717299533
609.717299533
609.717299533
609.717299533
609.717299533
609.717299533
609.717299533
609.717299533
609.717299533
609.717299533
609.717299533
609.717299533
609.717299533
609.717299533
609.717299533
609.717299533
609.717299533
609.717299533
609.717299533
609.717299533
609.717299533
609.717299533
609.717299533
609.717299533
609.717299533
609.717299533
609.717299533
609.717299533
609.717299533
609.717299533
609.717299533
609.717299533
609.717299533
609.717299533
609.717299533
609.717299533
609.717299533
609.717299533
609.717299533
609.717299533
609.717299533
609.717299533
609.717299533
609.717299533
609.717299533
609.717299533
609.717299533
609.717299533
609.717299533
609.717299533
609.717299533
609.717299533
609.717299533
609.717299533
609.717299533
609.717299533
609.717299533
609.717299533
609.717299533
609.717299533
609.717299533
609.717299533
609.717299533
609.717299533
609.717299533
609.717299533
609.717299533
609.717299533
609.717299533
609.717299533
609.717299533
609.717299533
609.717299533
609.717299533
609.717299533
609.717299533
609.717299533
609.717299533
609.717299533
609.717299533
609.717299533
609.717299533
609.717299533
609.717299533
609.717299533
609.717299533
609.717299533
609.717299533
609.717299533
609.717299533
609.717299533
609.717299533
609.717299533
609.717299533
609.717299533
609.717299533
609.717299533
609.717299533
609.717299533
609.717299533
609.717299533
609.717299533
609.717299533
609.717299533
609.717299533
609.717299533
609.717299533
609.717299533
609.717299533
609.717299533
609.717299533
609.717299533
609.717299533
609.717299533
609.717299533
609.717299533
609.717299533
609.717299533
609.717299533
609.717299533
609.717299533
609.717299533
609.717299533
609.717299533
609.717299533
609.717299533
609.717299533
609.717299533
609.717299533
609.717299533
609.717299533
609.717299533
609.717299533
609.717299533
609.717299533
609.717299533
609.717299533
609.717299533
609.717299533
609.717299533
609.717299533
609.717299533
609.717299533
609.717299533
609.717299533
609.717299533
609.717299533
609.717299533
609.717299533
609.717299533
609.717299533
609.717299533
609.717299533
609.717299533
609.717299533
609.717299533
609.717299533
609.717299533
609.717299533
609.717299533
609.717299533
609.717299533
609.717299533
609.717299533
609.717299533
609.717299533
609.717299533
609.717299533
609.717299533
609.717299533
609.717299533
609.717299533
609.717299533
609.717299533
609.717299533
609.717299533
609.717299533
609.717299533
609.717299533
609.717299533
609.717299533
609.717299533
609.717299533
609.717299533
609.717299533
609.717299533
609.717299533
609.717299533
609.717299533
609.717299533
609.717299533
609.717299533
609.717299533
609.717299533
609.717299533
609.717299533
609.717299533
609.717299533
609.717299533
609.717299533
609.717299533
609.717299533
609.717299533
609.717299533
609.717299533
609.717299533
609.717299533
609.717299533
609.717299533
609.717299533
609.717299533
609.717299533
609.717299533
609.717299533
609.717299533
609.717299533
609.717299533
609.717299533
609.717299533
609.717299533
609.717299533
609.717299533
609.717299533
609.717299533
609.717299533
609.717299533
609.717299533
609.717299533
609.717299533
609.717299533
609.717299533
609.717299533
609.717299533
609.717299533
609.717299533
609.717299533
609.717299533
609.717299533
609.717299533
609.717299533
609.717299533
609.717299533
609.717299533
609.717299533
609.717299533
609.717299533
609.717299533
609.717299533
609.717299533
609.717299533
609.717299533
609.717299533
609.717299533
609.717299533
609.717299533
609.717299533
609.717299533
609.717299533
609.717299533
609.717299533
609.717299533
609.717299533
609.717299533
609.717299533
609.717299533
609.717299533
609.717299533
609.717299533
609.717299533
609.717299533
609.717299533
609.717299533
609.717299533
609.717299533
609.717299533
609.717299533
609.717299533
609.717299533
609.717299533
609.717299533
609.717299533
609.717299533
609.717299533
609.717299533
609.717299533
609.717299533
609.717299533
609.717299533
609.717299533
609.717299533
609.717299533
609.717299533
609.717299533
609.717299533
609.717299533
609.717299533
609.717299533
609.717299533
609.717299533
609.717299533
609.717299533
609.717299533
609.717299533
609.717299533
609.717299533
609.717299533
609.717299533
609.717299533
609.717299533
609.717299533
609.717299533
609.717299533
609.717299533
609.717299533
609.717299533
609.717299533
609.717299533
609.717299533
609.717299533
609.717299533
609.717299533
609.717299533
609.717299533
609.717299533
609.717299533
609.717299533
609.717299533
609.717299533
609.717299533
609.717299533
609.717299533
609.717299533
609.717299533
609.717299533
609.717299533
609.717299533
609.717299533
609.717299533
609.717299533
609.717299533
609.717299533
609.717299533
609.717299533
609.717299533
609.717299533
609.717299533
609.717299533
609.717299533
609.717299533
609.717299533
609.717299533
609.717299533
609.717299533
609.717299533
609.717299533
609.717299533
609.717299533
609.717299533
609.717299533
609.717299533
609.717299533
609.717299533
609.717299533
609.717299533
609.717299533
609.717299533
609.717299533
609.717299533
609.717299533
609.717299533
609.717299533
609.717299533
609.717299533
609.717299533
609.717299533
609.717299533
609.717299533
609.717299533
609.717299533
609.717299533
609.717299533
609.717299533
609.717299533
609.717299533
609.717299533
609.717299533
609.717299533
609.717299533
609.717299533
609.717299533
609.717299533
609.717299533
609.717299533
609.717299533
607.006350018
607.006350018
607.006350018
607.006350018
607.006350018
607.006350018
607.006350018
607.006350018
607.006350018
607.006350018
607.006350018
607.006350018
607.006350018
607.006350018
607.006350018
607.006350018
607.006350018
607.006350018
607.006350018
607.006350018
607.006350018
607.006350018
607.006350018
607.006350018
607.006350018
607.006350018
607.006350018
607.006350018
607.006350018
607.006350018
604.798689148
604.798689148
604.798689148
604.798689148
604.798689148
604.798689148
604.798689148
604.798689148
604.798689148
604.798689148
601.936290895
601.936290895
601.936290895
601.936290895
601.936290895
601.936290895
601.936290895
601.936290895
601.936290895
601.936290895
601.936290895
601.936290895
601.936290895
601.936290895
601.936290895
601.936290895
601.936290895
601.936290895
601.936290895
601.936290895
601.936290895
601.936290895
601.936290895
601.936290895
601.936290895
601.936290895
591.92194458
580.985754284
580.985754284
580.985754284
580.985754284
580.985754284
580.985754284
580.985754284
580.985754284
580.985754284
580.985754284
580.985754284
580.985754284
580.985754284
580.985754284
580.985754284
580.985754284
580.985754284
580.985754284
580.985754284
580.985754284
580.985754284
580.985754284
580.985754284
580.985754284
580.985754284
580.985754284
580.985754284
580.985754284
580.985754284
580.985754284
580.985754284
580.985754284
580.985754284
580.985754284
580.985754284
580.985754284
580.985754284
580.985754284
580.985754284
580.985754284
580.985754284
580.985754284
580.985754284
580.985754284
580.985754284
580.985754284
580.985754284
580.985754284
580.985754284
580.985754284
580.985754284
580.985754284
580.985754284
580.985754284
580.985754284
580.985754284
580.985754284
580.985754284
580.985754284
580.985754284
580.985754284
580.985754284
580.985754284
580.985754284
580.985754284
580.985754284
580.985754284
580.985754284
580.985754284
580.985754284
580.985754284
580.985754284
580.985754284
580.985754284
580.985754284
580.985754284
580.985754284
580.985754284
580.985754284
580.985754284
580.985754284
580.985754284
580.985754284
580.985754284
580.985754284
580.985754284
580.985754284
580.985754284
580.985754284
580.985754284
580.985754284
580.985754284
580.985754284
580.985754284
580.985754284
580.985754284
580.985754284
580.985754284
580.985754284
580.985754284
580.985754284
580.985754284
580.985754284
580.985754284
580.985754284
580.985754284
580.985754284
580.985754284
580.985754284
580.985754284
580.985754284
580.985754284
580.985754284
580.985754284
580.985754284
580.985754284
580.985754284
580.985754284
580.985754284
580.985754284
580.985754284
580.985754284
580.985754284
580.985754284
580.985754284
580.985754284
580.985754284
580.985754284
580.985754284
569.344914576
569.344914576
569.344914576
569.344914576
569.344914576
569.344914576
569.344914576
569.344914576
569.344914576
569.344914576
569.344914576
569.344914576
569.344914576
569.344914576
569.344914576
569.344914576
569.344914576
569.344914576
569.344914576
569.344914576
569.344914576
569.344914576
569.344914576
569.344914576
569.344914576
569.344914576
569.344914576
569.344914576
569.344914576
569.344914576
569.344914576
569.344914576
569.344914576
569.344914576
569.344914576
569.344914576
569.344914576
569.344914576
569.344914576
569.344914576
569.300568299
569.300568299
569.300568299
569.300568299
569.300568299
569.300568299
569.300568299
569.300568299
569.300568299
569.300568299
569.300568299
569.300568299
569.300568299
569.300568299
569.300568299
569.300568299
569.300568299
569.300568299
569.300568299
569.300568299
569.300568299
569.300568299
569.300568299
569.300568299
569.300568299
569.300568299
569.300568299
569.300568299
569.300568299
569.300568299
569.300568299
569.300568299
569.300568299
569.300568299
569.300568299
569.300568299
569.300568299
569.300568299
569.300568299
569.300568299
569.300568299
569.300568299
569.300568299
569.300568299
569.300568299
569.300568299
569.300568299
569.300568299
569.300568299
569.300568299
569.300568299
569.300568299
569.300568299
569.300568299
569.300568299
569.300568299
569.300568299
569.300568299
569.300568299
569.300568299
569.300568299
569.300568299
569.300568299
569.300568299
569.300568299
569.300568299
569.300568299
569.300568299
569.300568299
569.300568299
569.300568299
569.300568299
569.300568299
569.300568299
569.300568299
569.300568299
569.300568299
569.300568299
569.300568299
569.300568299
569.300568299
569.300568299
569.300568299
569.300568299
568.497948654
568.497948654
568.497948654
568.497948654
568.497948654
568.497948654
568.497948654
568.497948654
568.497948654
568.497948654
568.497948654
568.497948654
568.497948654
568.497948654
568.497948654
568.497948654
568.497948654
568.497948654
568.497948654
568.497948654
568.497948654
568.497948654
568.497948654
568.497948654
568.497948654
568.497948654
568.497948654
568.497948654
568.497948654
568.497948654
568.497948654
568.497948654
568.497948654
568.497948654
568.497948654
568.497948654
568.497948654
568.497948654
568.497948654
568.497948654
568.497948654
568.497948654
568.497948654
568.497948654
568.497948654
568.497948654
568.497948654
568.497948654
568.497948654
568.497948654
568.497948654
568.497948654
568.497948654
568.497948654
568.497948654
568.497948654
568.497948654
568.497948654
568.497948654
568.497948654
568.497948654
568.497948654
568.497948654
568.497948654
568.497948654
568.497948654
568.497948654
568.497948654
568.497948654
568.497948654
568.497948654
568.497948654
568.497948654
568.497948654
568.497948654
568.497948654
568.497948654
568.497948654
568.497948654
568.497948654
568.497948654
568.497948654
568.497948654
568.497948654
568.497948654
568.497948654
568.497948654
568.497948654
568.497948654
568.497948654
568.497948654
568.497948654
568.497948654
568.497948654
568.497948654
568.497948654
568.497948654
568.497948654
568.497948654
568.497948654
568.497948654
568.497948654
568.497948654
568.497948654
568.497948654
568.497948654
568.497948654
568.497948654
568.497948654
568.497948654
568.497948654
568.497948654
568.497948654
568.497948654
568.497948654
568.497948654
568.497948654
568.497948654
568.497948654
568.497948654
568.497948654
568.497948654
568.497948654
568.497948654
568.497948654
568.497948654
568.497948654
568.497948654
568.497948654
568.497948654
567.220713544
567.220713544
567.220713544
567.220713544
567.220713544
567.220713544
567.220713544
567.220713544
567.220713544
567.220713544
567.220713544
567.220713544
567.220713544
567.220713544
567.220713544
567.220713544
567.220713544
567.220713544
567.220713544
567.220713544
567.220713544
567.220713544
567.220713544
567.220713544
567.220713544
567.220713544
567.220713544
567.220713544
567.220713544
567.220713544
567.220713544
567.220713544
567.220713544
567.220713544
567.220713544
567.220713544
567.220713544
567.220713544
567.220713544
567.220713544
567.220713544
567.220713544
567.220713544
567.220713544
567.220713544
567.220713544
567.220713544
567.220713544
567.220713544
567.220713544
567.220713544
567.220713544
567.220713544
567.220713544
567.220713544
567.220713544
567.220713544
567.220713544
567.220713544
567.220713544
567.220713544
567.220713544
567.220713544
567.220713544
567.220713544
567.220713544
567.220713544
567.220713544
567.220713544
567.220713544
567.220713544
567.220713544
567.220713544
567.220713544
567.220713544
567.220713544
567.220713544
567.220713544
567.220713544
567.220713544
567.220713544
567.220713544
567.220713544
567.220713544
567.220713544
567.220713544
567.220713544
567.220713544
567.220713544
567.220713544
567.220713544
567.220713544
567.220713544
567.220713544
567.220713544
567.220713544
567.220713544
567.220713544
567.220713544
567.220713544
567.220713544
567.220713544
567.220713544
567.220713544
567.220713544
567.220713544
567.220713544
567.220713544
567.220713544
567.220713544
567.220713544
567.220713544
567.220713544
567.220713544
567.220713544
567.220713544
567.220713544
567.220713544
567.220713544
567.220713544
567.220713544
567.220713544
567.220713544
567.220713544
567.220713544
567.220713544
567.220713544
567.220713544
567.220713544
567.220713544
567.220713544
567.220713544
567.220713544
567.220713544
567.220713544
567.220713544
567.220713544
567.220713544
567.220713544
567.220713544
567.220713544
567.220713544
567.220713544
567.220713544
567.220713544
567.220713544
567.220713544
567.220713544
567.220713544
567.220713544
567.220713544
567.220713544
567.220713544
567.220713544
567.220713544
567.220713544
567.220713544
567.220713544
567.220713544
567.220713544
567.220713544
567.220713544
567.220713544
567.220713544
567.220713544
567.220713544
567.220713544
567.220713544
567.220713544
567.220713544
567.220713544
567.220713544
567.220713544
567.220713544
567.220713544
567.220713544
567.220713544
567.220713544
567.220713544
567.220713544
567.220713544
567.220713544
567.220713544
567.220713544
567.220713544
567.220713544
567.220713544
567.220713544
567.220713544
567.220713544
567.220713544
567.220713544
567.220713544
567.220713544
567.220713544
567.220713544
567.220713544
567.220713544
567.220713544
567.220713544
567.220713544
567.220713544
567.220713544
567.220713544
567.220713544
567.220713544
567.220713544
567.220713544
567.220713544
567.220713544
567.220713544
567.220713544
567.220713544
567.220713544
567.220713544
567.220713544
567.220713544
567.220713544
567.220713544
567.220713544
567.220713544
567.220713544
563.53505342
563.53505342
563.53505342
563.53505342
563.53505342
563.53505342
563.53505342
563.53505342
563.53505342
563.53505342
563.53505342
563.53505342
563.53505342
563.53505342
563.53505342
563.53505342
563.53505342
563.53505342
563.53505342
563.53505342
563.53505342
563.53505342
563.53505342
563.53505342
563.53505342
563.53505342
563.53505342
563.53505342
563.53505342
563.53505342
563.53505342
563.53505342
563.53505342
563.53505342
563.53505342
563.53505342
563.53505342
563.53505342
563.53505342
563.53505342
563.53505342
563.53505342
563.53505342
563.53505342
563.53505342
563.53505342
563.53505342
563.53505342
563.53505342
563.53505342
563.53505342
563.53505342
563.53505342
563.53505342
563.53505342
563.53505342
563.53505342
563.53505342
563.53505342
563.53505342
563.53505342
563.53505342
563.53505342
563.53505342
563.53505342
563.53505342
563.53505342
563.53505342
563.53505342
563.53505342
563.53505342
563.53505342
563.53505342
563.53505342
563.53505342
563.53505342
563.53505342
563.53505342
563.53505342
563.53505342
563.53505342
563.53505342
563.53505342
563.53505342
563.53505342
563.53505342
563.53505342
563.53505342
563.53505342
563.53505342
563.53505342
563.53505342
563.53505342
563.53505342
563.53505342
563.53505342
563.53505342
563.53505342
563.53505342
563.53505342
563.53505342
563.53505342
563.53505342
563.53505342
563.53505342
563.53505342
563.53505342
563.53505342
563.53505342
563.53505342
563.53505342
563.53505342
563.53505342
563.53505342
563.53505342
563.53505342
563.53505342
563.53505342
563.53505342
563.53505342
563.53505342
563.53505342
563.53505342
563.53505342
563.53505342
563.53505342
563.53505342
563.53505342
563.53505342
563.53505342
563.53505342
563.53505342
563.53505342
563.53505342
563.53505342
563.53505342
563.53505342
563.53505342
563.53505342
563.53505342
563.53505342
563.53505342
563.53505342
563.53505342
563.53505342
563.53505342
563.53505342
563.53505342
563.53505342
563.53505342
563.53505342
563.53505342
563.53505342
563.53505342
563.53505342
562.674586415
562.674586415
562.674586415
562.674586415
562.674586415
562.674586415
562.674586415
562.674586415
562.674586415
562.674586415
562.674586415
562.674586415
562.674586415
562.674586415
562.674586415
562.674586415
562.674586415
562.674586415
562.674586415
562.674586415
562.674586415
562.674586415
562.674586415
562.674586415
562.674586415
562.674586415
562.674586415
562.674586415
562.674586415
562.674586415
562.674586415
562.674586415
562.674586415
562.674586415
562.674586415
562.674586415
562.674586415
562.674586415
562.674586415
562.674586415
562.674586415
562.674586415
562.674586415
562.674586415
562.674586415
562.674586415
562.674586415
562.674586415
562.674586415
562.674586415
562.674586415
562.674586415
562.674586415
562.674586415
562.674586415
562.674586415
562.674586415
562.674586415
562.674586415
562.674586415
562.674586415
562.674586415
562.674586415
562.674586415
562.674586415
562.674586415
562.674586415
562.674586415
562.674586415
562.674586415
562.674586415
562.674586415
562.674586415
562.674586415
562.674586415
562.674586415
562.674586415
562.674586415
562.674586415
562.674586415
562.674586415
562.674586415
562.674586415
562.674586415
562.674586415
562.674586415
562.674586415
562.674586415
562.674586415
562.674586415
562.674586415
562.674586415
562.674586415
562.674586415
562.674586415
562.674586415
562.674586415
562.674586415
562.674586415
562.674586415
562.674586415
562.674586415
562.674586415
562.674586415
562.674586415
562.674586415
562.674586415
562.674586415
562.674586415
562.674586415
562.674586415
562.674586415
562.674586415
562.674586415
562.674586415
562.674586415
562.674586415
562.674586415
562.674586415
562.674586415
562.674586415
562.674586415
562.674586415
562.674586415
562.674586415
562.674586415
562.674586415
562.674586415
562.674586415
562.674586415
562.674586415
562.674586415
562.674586415
562.674586415
562.674586415
562.674586415
562.674586415
562.674586415
562.674586415
562.674586415
562.674586415
562.674586415
562.674586415
562.674586415
562.674586415
562.674586415
562.674586415
562.674586415
562.674586415
562.674586415
562.674586415
562.674586415
562.674586415
562.674586415
562.674586415
562.674586415
562.674586415
562.674586415
562.674586415
562.674586415
562.674586415
562.674586415
562.674586415
562.674586415
562.674586415
562.674586415
562.674586415
562.674586415
562.674586415
562.674586415
562.674586415
562.674586415
562.674586415
562.674586415
562.674586415
562.674586415
562.674586415
562.674586415
562.674586415
562.674586415
562.674586415
562.674586415
562.674586415
562.674586415
562.674586415
562.674586415
562.674586415
562.674586415
562.674586415
562.674586415
562.674586415
562.674586415
562.674586415
562.674586415
562.674586415
562.674586415
562.674586415
562.674586415
562.674586415
562.674586415
562.674586415
562.674586415
562.674586415
562.674586415
562.674586415
562.674586415
562.674586415
562.674586415
562.674586415
562.674586415
562.674586415
562.674586415
562.674586415
562.674586415
562.674586415
562.674586415
562.674586415
562.674586415
562.674586415
562.674586415
562.674586415
562.674586415
562.674586415
562.674586415
562.674586415
562.674586415
562.674586415
562.674586415
562.674586415
562.674586415
562.674586415
562.674586415
562.674586415
562.674586415
562.674586415
562.674586415
562.674586415
562.674586415
562.674586415
562.674586415
562.674586415
562.674586415
562.674586415
562.674586415
562.674586415
562.674586415
562.674586415
562.674586415
562.674586415
562.674586415
562.674586415
562.674586415
562.674586415
562.674586415
562.674586415
562.674586415
562.674586415
562.674586415
562.674586415
562.674586415
562.674586415
562.674586415
562.674586415
562.674586415
562.674586415
562.674586415
562.674586415
562.674586415
562.674586415
562.674586415
562.674586415
562.674586415
558.99357531
558.99357531
558.99357531
558.99357531
558.99357531
558.99357531
558.99357531
558.99357531
558.99357531
558.99357531
558.99357531
558.99357531
558.99357531
558.99357531
558.99357531
558.99357531
558.99357531
558.99357531
558.99357531
558.99357531
558.99357531
558.99357531
558.99357531
558.99357531
558.99357531
558.99357531
558.99357531
558.99357531
558.99357531
558.99357531
558.99357531
558.99357531
558.99357531
558.99357531
558.99357531
558.99357531
558.99357531
558.99357531
558.99357531
558.99357531
558.99357531
558.99357531
558.99357531
558.99357531
558.99357531
558.99357531
558.99357531
558.99357531
558.99357531
558.99357531
558.99357531
558.99357531
558.99357531
558.99357531
558.99357531
558.99357531
558.99357531
558.99357531
558.99357531
558.99357531
558.99357531
558.99357531
558.99357531
558.99357531
558.99357531
558.99357531
558.99357531
558.99357531
558.99357531
558.99357531
558.99357531
558.99357531
558.99357531
558.99357531
558.99357531
558.99357531
558.99357531
558.99357531
558.99357531
558.99357531
558.99357531
558.99357531
558.99357531
558.99357531
558.99357531
558.99357531
558.99357531
558.99357531
558.99357531
558.99357531
558.99357531
558.99357531
558.99357531
558.99357531
558.99357531
558.99357531
558.99357531
558.99357531
558.99357531
558.99357531
558.99357531
558.99357531
558.99357531
558.99357531
558.99357531
558.99357531
558.99357531
558.99357531
558.99357531
558.99357531
558.99357531
558.99357531
558.99357531
558.99357531
558.99357531
558.99357531
558.99357531
558.99357531
558.99357531
558.99357531
558.99357531
558.99357531
558.99357531
558.99357531
558.99357531
558.99357531
558.99357531
558.99357531
558.99357531
558.99357531
558.99357531
558.99357531
558.99357531
558.99357531
558.99357531
558.99357531
558.99357531
558.99357531
558.99357531
558.99357531
558.99357531
558.99357531
558.99357531
558.99357531
558.99357531
558.99357531
558.99357531
558.99357531
558.99357531
558.99357531
558.99357531
558.99357531
558.99357531
558.99357531
558.99357531
558.99357531
558.99357531
558.99357531
558.99357531
558.99357531
558.99357531
558.99357531
558.99357531
558.99357531
558.99357531
558.99357531
558.99357531
558.99357531
558.99357531
558.99357531
558.99357531
558.99357531
558.99357531
558.99357531
558.99357531
558.99357531
558.99357531
558.99357531
558.99357531
558.99357531
558.99357531
558.99357531
558.99357531
558.99357531
558.99357531
558.99357531
558.99357531
558.99357531
558.99357531
558.99357531
558.99357531
558.99357531
558.99357531
558.99357531
558.99357531
558.99357531
558.99357531
558.99357531
558.99357531
558.99357531
558.99357531
558.99357531
558.99357531
558.99357531
558.99357531
558.99357531
558.99357531
558.99357531
558.99357531
558.99357531
558.99357531
558.99357531
558.99357531
558.99357531
558.99357531
558.99357531
558.99357531
558.99357531
558.99357531
558.99357531
558.99357531
558.99357531
558.99357531
558.99357531
558.99357531
558.99357531
558.99357531
558.99357531
558.99357531
558.99357531
558.99357531
558.99357531
558.99357531
558.99357531
558.99357531
558.99357531
558.99357531
558.99357531
558.99357531
558.99357531
558.99357531
558.99357531
558.99357531
558.99357531
558.99357531
558.99357531
558.99357531
558.99357531
558.99357531
558.99357531
558.99357531
558.99357531
558.99357531
558.99357531
558.99357531
558.99357531
558.99357531
558.99357531
558.99357531
558.99357531
558.99357531
558.99357531
558.99357531
558.99357531
558.99357531
558.99357531
558.99357531
558.99357531
558.99357531
558.99357531
558.99357531
558.99357531
558.99357531
558.99357531
558.99357531
558.99357531
558.99357531
558.99357531
558.99357531
558.99357531
558.99357531
558.99357531
558.99357531
558.99357531
558.99357531
558.99357531
558.99357531
558.99357531
558.99357531
558.99357531
558.99357531
558.99357531
558.99357531
558.99357531
558.99357531
558.99357531
558.99357531
558.99357531
558.99357531
558.99357531
558.99357531
558.99357531
558.99357531
558.99357531
558.99357531
558.99357531
558.99357531
558.99357531
558.99357531
558.99357531
558.99357531
558.99357531
558.99357531
558.99357531
558.99357531
558.99357531
558.99357531
558.99357531
558.99357531
558.99357531
558.99357531
558.99357531
558.99357531
558.99357531
558.99357531
558.99357531
558.99357531
558.99357531
558.99357531
558.99357531
558.99357531
558.99357531
558.99357531
558.99357531
558.99357531
558.99357531
558.99357531
558.99357531
558.99357531
558.99357531
558.99357531
558.99357531
558.99357531
558.99357531
558.99357531
558.99357531
558.99357531
558.99357531
558.99357531
558.99357531
558.99357531
558.99357531
558.99357531
558.99357531
558.99357531
558.99357531
558.99357531
558.99357531
558.99357531
558.99357531
558.99357531
558.99357531
558.99357531
558.99357531
558.99357531
558.99357531
558.99357531
558.99357531
558.99357531
558.99357531
558.99357531
558.99357531
558.99357531
558.99357531
558.99357531
558.99357531
558.99357531
558.99357531
558.99357531
558.99357531
558.99357531
558.99357531
558.99357531
558.99357531
558.99357531
558.99357531
558.99357531
558.99357531
558.99357531
558.99357531
558.99357531
558.99357531
558.99357531
558.99357531
558.99357531
558.99357531
558.99357531
558.99357531
558.99357531
558.99357531
558.99357531
558.99357531
558.99357531
558.99357531
558.99357531
558.99357531
558.99357531
558.99357531
558.99357531
558.99357531
558.99357531
558.99357531
558.99357531
558.99357531
558.99357531
558.99357531
558.99357531
558.99357531
558.99357531
558.99357531
558.99357531
558.99357531
558.99357531
558.99357531
558.99357531
558.99357531
558.99357531
558.99357531
558.99357531
558.99357531
558.99357531
558.99357531
558.99357531
558.99357531
558.99357531
558.99357531
558.99357531
558.99357531
558.99357531
558.99357531
558.99357531
558.99357531
558.99357531
558.99357531
558.99357531
558.99357531
558.99357531
558.99357531
558.99357531
558.99357531
558.99357531
558.99357531
558.99357531
558.99357531
558.99357531
558.99357531
558.99357531
558.99357531
558.99357531
558.99357531
558.99357531
558.99357531
558.99357531
558.99357531
558.99357531
558.99357531
558.99357531
558.99357531
558.99357531
558.99357531
558.99357531
558.99357531
558.99357531
558.99357531
558.99357531
558.99357531
558.99357531
558.99357531
558.99357531
558.99357531
558.99357531
558.99357531
558.99357531
558.99357531
558.99357531
558.99357531
558.99357531
558.99357531
558.99357531
558.99357531
558.99357531
558.99357531
558.99357531
558.99357531
558.99357531
558.99357531
558.99357531
558.99357531
558.99357531
558.99357531
558.99357531
558.99357531
558.99357531
558.99357531
558.99357531
558.99357531
558.99357531
558.99357531
558.99357531
558.99357531
558.99357531
558.99357531
558.99357531
558.99357531
558.99357531
558.99357531
558.99357531
558.99357531
558.99357531
558.99357531
558.99357531
558.99357531
558.99357531
558.99357531
558.99357531
558.99357531
558.99357531
558.99357531
558.99357531
558.99357531
558.99357531
558.99357531
558.99357531
558.99357531
558.99357531
558.99357531
558.99357531
558.99357531
558.99357531
558.99357531
558.99357531
558.99357531
558.99357531
558.99357531
558.99357531
558.99357531
558.99357531
558.99357531
558.99357531
558.99357531
558.99357531
558.99357531
558.99357531
558.99357531
558.99357531
558.99357531
558.99357531
558.99357531
558.99357531
558.99357531
558.99357531
558.99357531
558.99357531
558.99357531
558.99357531
558.99357531
558.99357531
558.99357531
558.99357531
558.99357531
558.99357531
558.99357531
558.99357531
558.99357531
558.99357531
558.99357531
558.99357531
558.99357531
558.99357531
558.99357531
558.99357531
558.99357531
558.99357531
558.99357531
558.99357531
558.99357531
558.99357531
558.99357531
558.99357531
558.99357531
558.99357531
558.99357531
558.99357531
558.99357531
558.99357531
558.99357531
558.99357531
558.99357531
558.99357531
558.99357531
558.99357531
558.99357531
558.99357531
558.99357531
558.99357531
558.99357531
558.99357531
558.99357531
558.99357531
558.99357531
558.99357531
558.99357531
558.99357531
558.99357531
558.99357531
558.99357531
558.99357531
558.99357531
558.99357531
558.99357531
558.99357531
558.99357531
558.99357531
558.99357531
558.99357531
558.99357531
558.99357531
558.99357531
558.99357531
558.99357531
558.99357531
558.99357531
558.99357531
558.99357531
558.99357531
558.99357531
558.99357531
558.99357531
558.99357531
558.99357531
558.99357531
558.99357531
558.99357531
558.99357531
558.99357531
558.99357531
558.99357531
558.99357531
558.99357531
558.99357531
558.99357531
558.99357531
558.99357531
558.99357531
558.99357531
558.99357531
558.99357531
558.99357531
558.99357531
558.99357531
558.99357531
558.99357531
558.99357531
558.99357531
558.99357531
558.99357531
558.99357531
558.99357531
558.99357531
558.99357531
558.99357531
558.99357531
558.99357531
558.99357531
558.99357531
558.99357531
558.99357531
558.99357531
558.99357531
558.99357531
558.99357531
558.99357531
558.99357531
558.99357531
558.99357531
558.99357531
558.99357531
558.99357531
558.99357531
558.99357531
558.99357531
558.99357531
558.99357531
558.99357531
558.99357531
558.99357531
558.99357531
558.99357531
558.99357531
558.99357531
558.99357531
558.99357531
558.99357531
558.99357531
558.99357531
558.99357531
558.99357531
558.99357531
558.99357531
558.99357531
558.99357531
558.99357531
558.99357531
558.99357531
558.99357531
558.99357531
558.99357531
558.99357531
558.99357531
558.99357531
558.99357531
558.99357531
558.99357531
558.99357531
558.99357531
558.99357531
558.99357531
558.99357531
558.99357531
558.99357531
558.99357531
558.99357531
558.99357531
558.99357531
558.99357531
558.99357531
558.99357531
558.99357531
558.99357531
558.99357531
558.99357531
558.99357531
558.99357531
558.99357531
558.99357531
558.99357531
558.99357531
558.99357531
558.99357531
558.99357531
558.99357531
558.99357531
558.99357531
558.99357531
558.99357531
558.99357531
558.99357531
558.99357531
558.99357531
558.99357531
558.99357531
558.99357531
558.99357531
558.99357531
558.99357531
558.99357531
558.99357531
558.99357531
558.99357531
558.99357531
558.99357531
558.99357531
558.99357531
558.99357531
558.99357531
558.99357531
558.99357531
558.99357531
558.99357531
558.99357531
558.99357531
558.99357531
558.99357531
558.99357531
558.99357531
558.99357531
558.99357531
558.99357531
558.99357531
558.99357531
558.99357531
558.99357531
558.99357531
558.99357531
558.99357531
558.99357531
558.99357531
558.99357531
558.99357531
558.99357531
558.99357531
558.99357531
558.99357531
558.99357531
558.99357531
558.99357531
558.99357531
558.99357531
558.99357531
