1647.05905087
1647.05905087
1647.05905087
1647.05905087
1635.9611491
1635.9611491
1635.9611491
1635.9611491
1635.9611491
1635.9611491
1585.17484937
1585.17484937
1582.83580386
1582.83580386
1582.83580386
1558.44162117
1547.81601762
1525.37749686
1525.37749686
1525.37749686
1486.88471967
1456.80371954
1440.82299794
1440.82299794
1438.50314722
1431.431103
1431.431103
1431.431103
1431.431103
1431.431103
1431.431103
1431.431103
1431.431103
1386.43167807
1386.43167807
1386.43167807
1382.06553
1348.26874833
1348.26874833
1348.26874833
1348.26874833
1348.26874833
1348.26874833
1348.26874833
1348.26874833
1348.26874833
1348.26874833
1348.26874833
1337.7171684
1337.7171684
1310.10189107
1310.10189107
1310.10189107
1310.10189107
1308.73191136
1308.73191136
1308.73191136
1292.56811594
1292.56811594
1292.56811594
1292.56811594
1292.56811594
1292.56811594
1292.56811594
1282.53658609
1282.53658609
1282.53658609
1276.37473441
1276.37473441
1276.37473441
1276.37473441
1276.37473441
1276.37473441
1276.37473441
1276.37473441
1276.37473441
1276.37473441
1276.37473441
1276.37473441
1276.37473441
1276.37473441
1276.37473441
1276.37473441
1276.37473441
1276.37473441
1250.96661708
1250.96661708
1245.00279326
1241.42000544
1207.81775087
1203.21363821
1176.46952532
1176.46952532
1176.46952532
1176.46952532
1176.46952532
1157.96269204
1157.96269204
1157.96269204
1157.96269204
1157.96269204
1157.96269204
1157.96269204
1157.96269204
1157.96269204
1157.96269204
1157.96269204
1157.96269204
1157.96269204
1157.96269204
1157.96269204
1157.96269204
1156.67150663
1156.67150663
1156.67150663
1156.67150663
1156.67150663
1148.18604984
1148.18604984
1148.18604984
1148.18604984
1148.18604984
1148.18604984
1148.18604984
1126.66102003
1126.66102003
1126.66102003
1126.66102003
1126.66102003
1126.66102003
1126.66102003
1124.45750035
1124.45750035
1124.45750035
1124.45750035
1124.45750035
1124.45750035
1124.45750035
1122.87394332
1122.87394332
1122.77158584
1122.77158584
1122.77158584
1122.77158584
1122.77158584
1118.16109999
1118.16109999
1115.7247947
1115.7247947
1115.7247947
1110.7322514
1085.84253947
1085.84253947
1085.84253947
1085.84253947
1085.84253947
1085.84253947
1078.48904797
1078.48904797
1078.48904797
1078.48904797
1078.48904797
1078.48904797
1078.48904797
1078.48904797
1078.48904797
1060.86952318
1060.86952318
1060.86952318
1060.86952318
1060.86952318
1060.86952318
1060.86952318
1060.86952318
1060.86952318
1060.86952318
1060.86952318
1060.86952318
1060.86952318
1060.86952318
1060.86952318
1060.86952318
1060.86952318
1060.86952318
1057.35599005
1057.35599005
1053.78334476
1053.78334476
1053.78334476
1053.78334476
1053.78334476
1053.78334476
1033.37907903
1033.37907903
1033.37907903
1033.37907903
1033.37907903
1033.37907903
1033.37907903
1033.37907903
1033.37907903
1033.37907903
1033.37907903
1033.37907903
1033.37907903
1033.37907903
1033.37907903
1033.37907903
1033.37907903
1033.37907903
1033.37907903
1033.37907903
1033.37907903
1033.37907903
1033.37907903
1033.37907903
1033.37907903
1033.37907903
1033.37907903
1033.37907903
1033.37907903
1033.37907903
1033.37907903
1033.37907903
1033.37907903
1033.37907903
1033.37907903
1033.37907903
1033.37907903
1033.37907903
1033.37907903
1033.37907903
1033.37907903
1033.37907903
1033.37907903
1033.37907903
1033.37907903
1033.37907903
1033.37907903
1033.37907903
1033.37907903
1033.37907903
1033.37907903
1033.37907903
1033.37907903
1033.37907903
1033.37907903
1033.37907903
1033.37907903
1033.37907903
994.337315228
994.337315228
994.337315228
984.868518827
984.868518827
984.868518827
984.868518827
984.868518827
984.868518827
984.868518827
984.868518827
984.868518827
984.868518827
984.868518827
984.868518827
969.796779734
969.796779734
969.796779734
969.796779734
969.796779734
969.796779734
969.796779734
969.796779734
969.796779734
964.896531877
964.896531877
964.896531877
964.896531877
964.896531877
964.896531877
964.896531877
964.896531877
964.896531877
964.896531877
964.896531877
964.896531877
964.896531877
964.896531877
964.896531877
964.896531877
964.896531877
964.896531877
964.896531877
964.896531877
964.896531877
964.896531877
964.896531877
964.896531877
964.896531877
964.896531877
964.896531877
964.896531877
964.896531877
964.896531877
964.896531877
964.896531877
964.896531877
964.896531877
964.896531877
954.448811432
954.448811432
954.448811432
954.448811432
954.448811432
954.448811432
954.448811432
954.448811432
954.448811432
954.448811432
954.448811432
954.448811432
954.448811432
954.448811432
954.448811432
954.448811432
954.448811432
954.448811432
954.448811432
954.448811432
924.050671715
924.050671715
924.050671715
924.050671715
924.050671715
924.050671715
924.050671715
924.050671715
924.050671715
924.050671715
924.050671715
924.050671715
924.050671715
924.050671715
924.050671715
924.050671715
918.600000602
918.600000602
918.600000602
918.600000602
918.600000602
918.600000602
918.600000602
918.600000602
918.600000602
918.600000602
918.600000602
918.600000602
918.600000602
918.600000602
918.600000602
918.600000602
918.600000602
918.600000602
918.600000602
918.600000602
918.600000602
918.600000602
918.600000602
918.600000602
918.600000602
918.600000602
918.600000602
918.600000602
918.600000602
918.600000602
918.600000602
918.600000602
918.600000602
918.600000602
918.600000602
918.600000602
918.600000602
918.600000602
918.600000602
918.600000602
918.600000602
918.600000602
918.600000602
918.600000602
918.600000602
918.600000602
918.600000602
918.600000602
918.600000602
918.600000602
918.600000602
918.600000602
918.600000602
918.600000602
918.600000602
918.600000602
917.740232879
917.740232879
917.740232879
917.740232879
917.740232879
917.740232879
917.740232879
917.740232879
917.740232879
917.740232879
917.740232879
917.740232879
917.740232879
917.740232879
917.740232879
917.740232879
917.740232879
917.740232879
917.740232879
917.740232879
917.740232879
917.740232879
917.740232879
917.740232879
917.740232879
917.740232879
917.740232879
917.740232879
917.740232879
917.740232879
917.740232879
917.740232879
917.740232879
917.740232879
917.740232879
917.740232879
917.740232879
917.740232879
917.740232879
917.740232879
917.740232879
917.740232879
917.740232879
917.740232879
917.740232879
917.740232879
917.740232879
917.740232879
906.993445062
906.993445062
906.993445062
906.993445062
906.993445062
906.993445062
906.993445062
906.993445062
906.993445062
906.993445062
906.993445062
906.993445062
906.993445062
906.993445062
906.993445062
906.993445062
906.993445062
906.993445062
906.993445062
906.993445062
906.993445062
906.993445062
906.993445062
906.993445062
906.993445062
906.993445062
906.993445062
906.993445062
906.993445062
898.696601491
890.883859687
890.883859687
890.883859687
890.883859687
890.883859687
890.883859687
890.883859687
890.883859687
890.883859687
890.883859687
890.883859687
890.883859687
890.883859687
890.883859687
890.883859687
890.883859687
890.883859687
890.883859687
890.883859687
890.883859687
890.883859687
890.883859687
890.883859687
890.883859687
890.883859687
890.883859687
890.883859687
890.483902965
890.483902965
890.483902965
890.483902965
890.483902965
890.483902965
890.483902965
890.483902965
887.623576925
887.623576925
887.623576925
887.623576925
887.623576925
887.623576925
887.623576925
887.623576925
887.623576925
887.623576925
887.623576925
887.623576925
887.623576925
887.623576925
887.623576925
887.623576925
887.623576925
887.623576925
887.623576925
887.623576925
887.623576925
879.311333492
879.311333492
879.311333492
879.311333492
879.311333492
879.311333492
879.311333492
879.311333492
879.311333492
879.311333492
879.311333492
879.311333492
879.311333492
879.311333492
879.311333492
879.311333492
879.311333492
879.311333492
879.311333492
879.311333492
879.311333492
879.311333492
879.311333492
879.311333492
879.311333492
879.311333492
879.311333492
879.311333492
879.311333492
879.311333492
879.311333492
879.311333492
878.639434098
878.639434098
878.639434098
878.639434098
878.639434098
878.639434098
878.639434098
878.639434098
878.639434098
878.639434098
878.117655267
878.117655267
878.117655267
878.117655267
878.117655267
878.117655267
878.117655267
878.117655267
878.117655267
878.117655267
878.117655267
878.117655267
878.117655267
878.117655267
878.117655267
878.117655267
878.117655267
878.117655267
878.117655267
878.117655267
872.02354375
872.02354375
872.02354375
872.02354375
872.02354375
872.02354375
872.02354375
872.02354375
872.02354375
872.02354375
872.02354375
872.02354375
872.02354375
872.02354375
872.02354375
872.02354375
872.02354375
872.02354375
872.02354375
872.02354375
872.02354375
872.02354375
872.02354375
872.02354375
872.02354375
872.02354375
872.02354375
872.02354375
872.02354375
872.02354375
872.02354375
872.02354375
872.02354375
872.02354375
872.02354375
872.02354375
872.02354375
872.02354375
872.02354375
872.02354375
872.02354375
872.02354375
872.02354375
872.02354375
872.02354375
872.02354375
872.02354375
848.958197805
848.958197805
848.958197805
848.958197805
848.958197805
848.958197805
848.958197805
848.958197805
848.958197805
848.958197805
848.958197805
848.958197805
848.958197805
848.958197805
848.958197805
848.958197805
848.958197805
848.958197805
848.958197805
848.958197805
848.958197805
848.958197805
848.958197805
848.958197805
848.958197805
848.958197805
848.958197805
848.958197805
848.958197805
848.958197805
848.958197805
848.958197805
848.958197805
848.958197805
848.958197805
848.958197805
848.958197805
848.958197805
848.958197805
848.958197805
848.958197805
848.958197805
848.958197805
848.958197805
848.958197805
848.958197805
848.958197805
848.958197805
848.958197805
848.958197805
848.958197805
848.958197805
848.958197805
848.958197805
848.958197805
848.958197805
848.958197805
848.958197805
848.958197805
848.958197805
841.521987868
841.521987868
841.521987868
841.521987868
841.521987868
841.521987868
841.521987868
841.521987868
841.521987868
841.521987868
841.521987868
841.521987868
841.521987868
841.521987868
841.521987868
841.521987868
841.521987868
841.521987868
841.521987868
841.521987868
841.521987868
841.521987868
841.521987868
841.521987868
841.521987868
841.521987868
841.521987868
841.521987868
841.521987868
841.521987868
841.521987868
841.521987868
841.521987868
841.521987868
841.521987868
841.521987868
841.521987868
841.521987868
841.521987868
841.521987868
841.521987868
841.521987868
841.521987868
841.521987868
841.521987868
841.521987868
841.521987868
841.521987868
841.521987868
841.521987868
841.521987868
841.521987868
841.521987868
841.521987868
841.521987868
841.521987868
841.521987868
841.521987868
841.521987868
841.521987868
841.521987868
841.521987868
841.521987868
841.521987868
841.521987868
841.521987868
841.521987868
841.521987868
841.521987868
841.521987868
841.521987868
841.521987868
841.521987868
841.521987868
841.521987868
841.521987868
841.521987868
841.521987868
841.521987868
841.521987868
841.521987868
841.521987868
841.521987868
841.521987868
841.521987868
841.521987868
841.521987868
841.521987868
841.521987868
841.521987868
841.521987868
841.521987868
841.521987868
841.521987868
841.521987868
841.521987868
841.521987868
841.521987868
841.521987868
841.521987868
841.521987868
841.521987868
841.521987868
841.521987868
841.521987868
841.521987868
841.521987868
841.521987868
841.521987868
841.521987868
841.521987868
841.521987868
841.521987868
841.521987868
841.521987868
841.521987868
841.521987868
841.521987868
841.521987868
841.521987868
841.521987868
841.521987868
841.521987868
841.521987868
841.521987868
841.521987868
841.521987868
841.521987868
841.521987868
841.521987868
841.521987868
841.521987868
841.521987868
841.521987868
841.521987868
841.521987868
841.521987868
841.521987868
841.521987868
841.521987868
841.521987868
841.521987868
841.521987868
841.521987868
841.521987868
841.521987868
841.521987868
841.521987868
841.521987868
841.521987868
841.521987868
841.521987868
841.521987868
841.521987868
841.521987868
841.521987868
841.521987868
841.521987868
841.521987868
841.521987868
841.521987868
841.521987868
841.521987868
841.521987868
841.521987868
841.521987868
841.521987868
841.521987868
841.521987868
841.521987868
841.521987868
841.521987868
841.521987868
841.521987868
841.521987868
841.521987868
841.521987868
841.521987868
841.521987868
841.521987868
841.521987868
841.521987868
841.521987868
841.521987868
841.521987868
841.521987868
841.521987868
841.521987868
841.521987868
841.521987868
841.521987868
841.521987868
841.521987868
841.521987868
841.521987868
841.521987868
841.521987868
841.521987868
841.521987868
841.521987868
841.521987868
841.521987868
841.521987868
841.521987868
841.521987868
841.521987868
841.521987868
841.521987868
841.521987868
841.521987868
841.521987868
841.521987868
841.521987868
841.521987868
841.521987868
841.521987868
841.521987868
841.521987868
841.521987868
841.521987868
841.521987868
841.521987868
841.521987868
841.521987868
841.521987868
841.521987868
841.521987868
841.521987868
841.521987868
841.521987868
841.521987868
841.521987868
841.521987868
841.521987868
841.521987868
841.521987868
841.521987868
841.521987868
841.521987868
841.521987868
841.521987868
841.521987868
841.521987868
841.521987868
841.521987868
841.521987868
841.521987868
841.521987868
841.521987868
841.521987868
841.521987868
841.521987868
841.521987868
841.521987868
841.521987868
841.521987868
838.283310369
838.283310369
838.283310369
838.283310369
838.283310369
836.163724045
836.163724045
836.163724045
836.163724045
836.163724045
836.163724045
836.163724045
836.163724045
836.163724045
836.163724045
836.163724045
836.163724045
836.163724045
836.163724045
836.163724045
836.163724045
836.163724045
836.163724045
836.163724045
836.163724045
836.163724045
836.163724045
836.163724045
836.163724045
836.163724045
836.163724045
836.163724045
836.163724045
836.163724045
836.163724045
821.862404753
821.862404753
821.862404753
821.862404753
821.862404753
821.862404753
821.862404753
821.862404753
821.862404753
821.862404753
821.862404753
821.862404753
821.862404753
821.862404753
821.862404753
821.862404753
821.862404753
821.862404753
821.862404753
821.862404753
821.862404753
821.862404753
821.862404753
821.862404753
821.862404753
818.154410508
818.154410508
818.154410508
817.132431146
817.132431146
817.132431146
817.132431146
817.132431146
817.132431146
817.132431146
817.132431146
817.132431146
817.132431146
817.132431146
817.132431146
817.132431146
817.132431146
817.132431146
817.132431146
817.132431146
816.106317457
816.106317457
816.106317457
816.106317457
816.106317457
816.106317457
816.106317457
816.106317457
816.106317457
816.106317457
816.106317457
816.106317457
816.106317457
805.610182747
805.610182747
805.610182747
805.610182747
805.610182747
805.610182747
805.610182747
805.610182747
805.610182747
805.610182747
805.610182747
805.610182747
805.610182747
805.610182747
805.610182747
805.610182747
805.610182747
805.610182747
805.610182747
805.610182747
805.610182747
805.610182747
805.610182747
804.274706214
804.274706214
804.274706214
804.274706214
804.274706214
804.274706214
804.274706214
804.274706214
804.274706214
804.274706214
804.274706214
804.274706214
804.274706214
804.274706214
804.274706214
804.274706214
804.274706214
804.274706214
804.274706214
804.274706214
804.274706214
804.274706214
804.274706214
804.274706214
804.274706214
804.274706214
804.274706214
804.274706214
802.616797375
802.616797375
802.616797375
802.616797375
802.616797375
802.616797375
802.616797375
802.616797375
802.616797375
802.616797375
802.616797375
802.616797375
802.616797375
802.616797375
802.616797375
802.616797375
802.616797375
802.616797375
802.616797375
802.616797375
802.616797375
802.616797375
802.616797375
793.929969873
793.929969873
793.929969873
793.929969873
793.929969873
793.929969873
793.929969873
793.929969873
793.929969873
793.929969873
793.929969873
793.929969873
793.929969873
793.929969873
793.929969873
793.929969873
793.929969873
793.929969873
793.929969873
793.929969873
793.929969873
793.929969873
793.929969873
793.929969873
793.929969873
793.929969873
793.929969873
793.929969873
793.929969873
793.929969873
793.929969873
793.929969873
793.929969873
793.929969873
793.929969873
793.929969873
793.929969873
793.929969873
793.929969873
793.929969873
793.929969873
793.929969873
793.929969873
791.125440914
791.125440914
791.125440914
791.125440914
791.125440914
791.125440914
791.125440914
791.125440914
791.125440914
791.125440914
791.125440914
791.125440914
791.125440914
791.125440914
791.125440914
791.125440914
791.125440914
791.125440914
783.166374598
783.166374598
783.166374598
783.166374598
783.166374598
783.166374598
783.166374598
763.325703957
763.325703957
763.325703957
763.325703957
763.325703957
763.325703957
763.325703957
763.325703957
763.325703957
763.325703957
763.325703957
763.325703957
763.325703957
763.325703957
763.325703957
763.325703957
763.325703957
763.325703957
763.325703957
763.325703957
763.325703957
763.325703957
763.325703957
763.325703957
763.325703957
763.325703957
763.325703957
763.325703957
763.325703957
763.325703957
763.325703957
763.325703957
763.325703957
763.325703957
763.325703957
763.325703957
763.325703957
763.325703957
763.325703957
763.325703957
763.325703957
763.325703957
763.325703957
763.325703957
763.325703957
763.325703957
763.325703957
763.325703957
763.325703957
763.325703957
763.325703957
763.325703957
763.325703957
763.325703957
763.325703957
763.325703957
763.325703957
763.325703957
763.325703957
763.325703957
763.325703957
763.325703957
763.325703957
763.325703957
763.325703957
763.325703957
763.325703957
763.325703957
763.325703957
758.103256489
758.103256489
752.354774309
752.354774309
752.354774309
752.354774309
752.354774309
752.354774309
752.354774309
752.354774309
752.354774309
752.354774309
752.354774309
752.354774309
752.354774309
752.354774309
752.354774309
752.354774309
752.354774309
752.354774309
752.354774309
752.354774309
752.354774309
752.354774309
752.354774309
752.354774309
752.354774309
752.354774309
752.354774309
752.354774309
752.354774309
752.354774309
750.228720935
750.228720935
750.228720935
750.228720935
750.228720935
750.228720935
750.228720935
750.228720935
750.228720935
750.228720935
750.228720935
750.228720935
750.228720935
750.228720935
750.228720935
750.228720935
750.228720935
750.228720935
750.228720935
750.228720935
750.228720935
750.228720935
750.228720935
750.228720935
750.228720935
750.228720935
750.228720935
750.228720935
750.228720935
750.228720935
750.228720935
750.228720935
750.228720935
750.228720935
750.228720935
750.228720935
750.228720935
750.228720935
750.228720935
750.228720935
750.228720935
750.228720935
750.228720935
750.228720935
750.228720935
750.228720935
750.228720935
750.228720935
750.228720935
750.228720935
747.784377004
747.784377004
747.784377004
747.784377004
747.784377004
747.784377004
747.784377004
747.784377004
747.784377004
747.784377004
747.784377004
747.784377004
747.784377004
747.784377004
747.784377004
747.784377004
747.784377004
747.784377004
747.784377004
747.784377004
747.784377004
747.784377004
747.784377004
747.784377004
747.784377004
747.784377004
747.784377004
747.784377004
747.784377004
747.784377004
747.784377004
747.784377004
747.784377004
747.784377004
747.784377004
747.784377004
747.784377004
747.784377004
747.784377004
747.784377004
747.784377004
747.784377004
747.784377004
747.784377004
747.784377004
747.784377004
747.784377004
747.784377004
747.784377004
747.784377004
747.784377004
747.784377004
747.784377004
747.784377004
747.784377004
747.784377004
747.784377004
747.784377004
747.784377004
747.784377004
747.784377004
747.784377004
747.784377004
747.784377004
747.784377004
747.784377004
747.784377004
747.784377004
747.784377004
747.784377004
747.784377004
747.784377004
747.784377004
747.784377004
747.784377004
747.784377004
747.784377004
747.784377004
747.784377004
747.784377004
747.784377004
747.784377004
747.784377004
747.784377004
747.784377004
747.784377004
747.784377004
747.784377004
747.784377004
747.784377004
747.784377004
747.784377004
747.784377004
747.784377004
747.784377004
747.784377004
747.784377004
747.784377004
747.784377004
747.784377004
747.784377004
747.784377004
747.784377004
747.784377004
747.784377004
747.784377004
746.087221283
746.087221283
746.087221283
746.087221283
746.087221283
746.087221283
746.087221283
746.087221283
746.087221283
746.087221283
746.087221283
746.087221283
746.087221283
746.087221283
746.087221283
746.087221283
746.087221283
746.087221283
746.087221283
746.087221283
746.087221283
746.087221283
746.087221283
746.087221283
746.087221283
746.087221283
746.087221283
746.087221283
746.087221283
746.087221283
746.087221283
746.087221283
746.087221283
746.087221283
746.087221283
746.087221283
746.087221283
746.087221283
746.087221283
746.087221283
746.087221283
746.087221283
746.087221283
746.087221283
746.087221283
746.087221283
746.087221283
746.087221283
746.087221283
746.087221283
746.087221283
746.087221283
746.087221283
746.087221283
746.087221283
746.087221283
746.087221283
746.087221283
746.087221283
746.087221283
746.087221283
746.087221283
746.087221283
746.087221283
746.087221283
746.087221283
746.087221283
746.087221283
746.087221283
746.087221283
746.087221283
746.087221283
746.087221283
746.087221283
746.087221283
746.087221283
746.087221283
746.087221283
746.087221283
746.087221283
746.087221283
746.087221283
746.087221283
746.087221283
746.087221283
746.087221283
746.087221283
746.087221283
746.087221283
746.087221283
746.087221283
746.087221283
746.087221283
746.087221283
746.087221283
746.087221283
746.087221283
746.087221283
746.087221283
746.087221283
746.087221283
746.087221283
746.087221283
746.087221283
746.087221283
746.087221283
746.087221283
746.087221283
746.087221283
746.087221283
746.087221283
746.087221283
746.087221283
746.087221283
746.087221283
746.087221283
746.087221283
746.087221283
746.087221283
746.087221283
746.087221283
746.087221283
746.087221283
746.087221283
746.087221283
746.087221283
746.087221283
746.087221283
746.087221283
746.087221283
746.087221283
746.087221283
746.087221283
746.087221283
746.087221283
746.087221283
742.464093573
742.464093573
742.464093573
742.464093573
742.464093573
742.464093573
742.464093573
742.386294165
742.386294165
742.386294165
742.386294165
742.386294165
742.386294165
742.386294165
742.386294165
742.386294165
742.386294165
742.386294165
742.386294165
742.386294165
742.386294165
742.386294165
742.386294165
742.386294165
742.386294165
742.386294165
742.386294165
742.386294165
742.386294165
742.386294165
742.386294165
742.386294165
742.386294165
742.386294165
742.386294165
742.386294165
742.386294165
742.386294165
742.386294165
742.386294165
742.386294165
742.386294165
742.386294165
742.386294165
742.386294165
742.386294165
742.386294165
742.386294165
742.386294165
742.386294165
742.386294165
742.386294165
742.386294165
742.386294165
742.386294165
742.386294165
742.386294165
742.386294165
742.386294165
742.386294165
742.386294165
742.386294165
742.386294165
742.386294165
742.386294165
742.386294165
742.386294165
742.386294165
742.386294165
742.386294165
742.386294165
742.386294165
742.386294165
742.386294165
742.386294165
742.386294165
742.386294165
742.386294165
742.386294165
742.386294165
742.386294165
742.386294165
742.386294165
742.386294165
742.386294165
742.386294165
742.386294165
742.386294165
742.386294165
742.386294165
742.386294165
742.386294165
742.386294165
742.386294165
742.386294165
742.386294165
742.386294165
742.386294165
742.386294165
742.386294165
742.386294165
742.386294165
742.386294165
742.386294165
742.386294165
742.386294165
742.386294165
742.386294165
742.386294165
742.386294165
742.386294165
742.386294165
742.386294165
742.386294165
742.386294165
742.386294165
742.386294165
742.386294165
742.386294165
742.386294165
742.386294165
742.386294165
742.386294165
742.386294165
742.386294165
742.386294165
742.386294165
742.386294165
742.386294165
742.386294165
742.386294165
742.386294165
742.386294165
742.386294165
742.386294165
742.386294165
742.386294165
742.386294165
742.386294165
742.386294165
742.386294165
742.386294165
742.386294165
742.386294165
742.386294165
742.386294165
742.386294165
742.386294165
742.386294165
742.386294165
742.386294165
742.386294165
742.386294165
742.386294165
742.386294165
742.386294165
742.386294165
742.386294165
742.386294165
742.386294165
742.386294165
742.386294165
742.386294165
742.386294165
742.386294165
742.386294165
742.386294165
742.386294165
742.386294165
742.386294165
742.386294165
742.386294165
742.386294165
742.386294165
742.386294165
742.386294165
742.386294165
742.386294165
742.386294165
742.386294165
742.386294165
742.386294165
742.386294165
742.386294165
742.386294165
742.386294165
742.386294165
742.386294165
742.386294165
742.386294165
742.386294165
742.386294165
742.386294165
742.386294165
742.386294165
742.386294165
742.386294165
742.386294165
742.386294165
742.386294165
742.386294165
742.386294165
742.386294165
742.386294165
742.386294165
742.386294165
742.386294165
742.386294165
742.386294165
742.386294165
742.386294165
742.386294165
742.386294165
742.386294165
742.386294165
742.386294165
742.386294165
742.386294165
742.386294165
742.386294165
742.386294165
742.386294165
742.386294165
742.386294165
742.386294165
742.386294165
742.386294165
742.386294165
742.386294165
742.386294165
742.386294165
742.386294165
742.386294165
742.386294165
742.386294165
742.386294165
742.386294165
742.386294165
742.386294165
742.386294165
742.386294165
742.386294165
742.386294165
742.386294165
742.386294165
742.386294165
742.386294165
742.386294165
742.386294165
742.386294165
742.386294165
742.386294165
742.386294165
742.386294165
742.386294165
742.386294165
742.386294165
742.386294165
742.386294165
742.386294165
742.386294165
742.386294165
742.386294165
742.386294165
742.386294165
742.386294165
742.386294165
742.386294165
742.386294165
742.386294165
742.386294165
742.386294165
742.386294165
742.386294165
742.386294165
742.386294165
742.386294165
742.386294165
742.386294165
742.386294165
742.386294165
742.386294165
742.386294165
742.386294165
742.386294165
742.386294165
742.386294165
742.386294165
742.386294165
742.386294165
742.386294165
742.386294165
742.386294165
742.386294165
742.386294165
742.386294165
742.386294165
742.386294165
742.386294165
742.386294165
742.386294165
742.386294165
742.386294165
742.386294165
742.386294165
742.386294165
742.386294165
742.386294165
742.386294165
742.386294165
742.386294165
742.386294165
742.386294165
742.386294165
742.386294165
742.386294165
742.386294165
742.386294165
742.386294165
742.386294165
742.386294165
742.386294165
742.386294165
742.386294165
742.386294165
742.386294165
742.386294165
742.386294165
742.386294165
742.386294165
742.386294165
742.386294165
742.386294165
742.386294165
742.386294165
742.386294165
742.386294165
742.386294165
742.386294165
742.386294165
742.386294165
742.386294165
742.386294165
742.386294165
742.386294165
742.386294165
742.386294165
742.386294165
742.386294165
742.386294165
742.386294165
742.386294165
742.386294165
742.386294165
742.386294165
742.386294165
742.386294165
742.386294165
742.386294165
742.386294165
742.386294165
742.386294165
742.386294165
742.386294165
742.386294165
742.386294165
742.386294165
742.386294165
742.386294165
742.386294165
742.386294165
742.386294165
742.386294165
742.386294165
742.386294165
742.386294165
742.386294165
742.386294165
742.386294165
742.386294165
742.386294165
742.386294165
742.386294165
742.386294165
742.386294165
742.386294165
742.386294165
742.386294165
742.386294165
742.386294165
742.386294165
742.386294165
742.386294165
742.386294165
742.386294165
742.386294165
742.386294165
742.386294165
742.386294165
742.386294165
742.386294165
742.386294165
742.386294165
742.386294165
742.386294165
742.386294165
742.386294165
742.386294165
742.386294165
742.386294165
742.386294165
742.386294165
742.386294165
742.386294165
742.386294165
742.386294165
742.386294165
742.386294165
742.386294165
742.386294165
742.386294165
742.386294165
742.386294165
742.386294165
742.386294165
742.386294165
742.386294165
742.386294165
742.386294165
742.386294165
742.386294165
742.386294165
742.386294165
742.386294165
742.386294165
742.386294165
742.386294165
742.386294165
742.386294165
742.386294165
742.386294165
742.386294165
742.386294165
728.787234681
728.787234681
728.787234681
728.787234681
728.787234681
728.787234681
728.787234681
728.787234681
728.787234681
728.787234681
728.787234681
728.787234681
728.787234681
728.787234681
728.787234681
728.787234681
728.787234681
728.787234681
728.787234681
728.787234681
728.787234681
728.787234681
727.962998259
727.962998259
727.962998259
727.962998259
727.962998259
727.962998259
727.962998259
727.962998259
727.962998259
727.962998259
727.962998259
727.962998259
727.962998259
727.962998259
727.962998259
727.962998259
727.962998259
727.962998259
727.962998259
727.962998259
727.962998259
727.962998259
727.962998259
727.962998259
727.962998259
727.962998259
727.962998259
727.962998259
727.962998259
727.962998259
727.962998259
727.962998259
727.962998259
727.962998259
727.962998259
727.962998259
727.962998259
727.962998259
727.962998259
727.962998259
727.962998259
727.962998259
727.962998259
727.962998259
727.962998259
726.503837762
726.503837762
726.503837762
726.503837762
726.503837762
726.503837762
726.503837762
726.503837762
726.503837762
726.503837762
726.503837762
726.503837762
726.503837762
726.503837762
726.503837762
726.503837762
726.503837762
726.503837762
726.503837762
726.503837762
726.503837762
726.503837762
726.503837762
726.503837762
726.503837762
726.503837762
726.503837762
726.503837762
726.503837762
726.503837762
726.503837762
726.503837762
726.503837762
726.503837762
726.503837762
726.503837762
726.503837762
726.503837762
726.503837762
726.503837762
726.503837762
726.503837762
726.503837762
726.503837762
726.503837762
726.503837762
726.503837762
726.503837762
726.503837762
726.503837762
726.503837762
726.503837762
726.503837762
726.503837762
726.503837762
726.503837762
726.503837762
726.503837762
726.503837762
726.503837762
726.503837762
726.503837762
726.503837762
726.503837762
726.503837762
726.503837762
726.503837762
726.503837762
726.503837762
726.503837762
726.503837762
726.503837762
726.503837762
726.503837762
726.503837762
726.503837762
726.503837762
726.503837762
726.503837762
726.503837762
726.503837762
726.503837762
726.503837762
726.503837762
726.503837762
726.503837762
726.503837762
726.503837762
726.503837762
726.503837762
726.503837762
726.503837762
726.503837762
726.503837762
726.503837762
726.503837762
726.503837762
726.503837762
726.503837762
726.503837762
726.503837762
726.503837762
726.503837762
726.503837762
726.503837762
726.503837762
726.503837762
726.503837762
726.503837762
726.503837762
726.503837762
726.503837762
726.503837762
726.503837762
726.503837762
726.503837762
726.503837762
726.503837762
726.503837762
726.503837762
726.503837762
726.503837762
726.503837762
726.503837762
726.503837762
726.503837762
726.503837762
726.503837762
726.503837762
726.503837762
726.503837762
726.503837762
726.503837762
726.503837762
726.503837762
726.503837762
726.503837762
726.503837762
726.503837762
726.503837762
726.503837762
726.503837762
726.503837762
726.503837762
726.503837762
726.503837762
726.503837762
726.503837762
726.503837762
726.503837762
726.503837762
726.503837762
726.503837762
726.503837762
726.503837762
726.503837762
726.503837762
726.503837762
726.503837762
726.503837762
726.503837762
726.503837762
726.503837762
726.503837762
726.503837762
726.503837762
726.503837762
726.503837762
724.598563951
724.598563951
724.598563951
724.598563951
724.598563951
724.598563951
724.598563951
724.598563951
724.598563951
724.598563951
724.598563951
724.598563951
724.598563951
724.598563951
724.598563951
724.598563951
724.598563951
724.598563951
724.598563951
724.598563951
724.598563951
724.598563951
724.598563951
724.598563951
724.598563951
724.598563951
724.598563951
724.598563951
724.598563951
724.598563951
724.598563951
724.598563951
724.598563951
724.598563951
724.598563951
724.598563951
724.598563951
724.598563951
724.598563951
724.598563951
724.598563951
724.598563951
724.598563951
724.598563951
724.598563951
724.598563951
724.598563951
724.598563951
724.598563951
724.598563951
724.598563951
724.598563951
724.598563951
724.598563951
724.598563951
724.598563951
724.598563951
724.598563951
724.598563951
724.598563951
724.598563951
724.598563951
724.598563951
724.598563951
724.598563951
724.598563951
724.598563951
715.124354355
715.124354355
715.124354355
715.124354355
715.124354355
715.124354355
715.124354355
715.124354355
706.974930188
706.974930188
706.974930188
706.974930188
706.974930188
706.974930188
706.974930188
706.974930188
706.974930188
706.974930188
706.974930188
706.974930188
706.974930188
706.974930188
706.974930188
706.974930188
706.974930188
706.974930188
706.974930188
706.974930188
706.974930188
706.974930188
706.974930188
706.974930188
706.974930188
706.974930188
706.974930188
706.974930188
706.974930188
706.974930188
706.974930188
706.974930188
706.974930188
706.974930188
706.974930188
706.974930188
706.974930188
706.974930188
706.974930188
706.974930188
706.974930188
706.974930188
706.974930188
706.974930188
706.974930188
706.974930188
706.974930188
706.974930188
706.974930188
706.974930188
706.974930188
706.974930188
706.974930188
706.974930188
706.974930188
706.974930188
706.974930188
706.974930188
706.974930188
706.974930188
706.974930188
706.974930188
706.974930188
706.974930188
706.974930188
706.974930188
706.974930188
706.974930188
706.974930188
706.974930188
706.974930188
706.974930188
706.974930188
706.974930188
706.974930188
706.974930188
706.974930188
706.974930188
706.974930188
706.974930188
706.974930188
706.974930188
706.974930188
706.974930188
706.974930188
706.974930188
706.974930188
706.974930188
706.974930188
706.974930188
706.974930188
706.974930188
706.974930188
706.974930188
706.974930188
706.974930188
706.974930188
706.974930188
706.974930188
706.974930188
706.974930188
706.974930188
706.974930188
706.974930188
702.041585123
702.041585123
702.041585123
702.041585123
702.041585123
702.041585123
702.041585123
702.041585123
702.041585123
702.041585123
702.041585123
702.041585123
702.041585123
702.041585123
702.041585123
702.041585123
702.041585123
702.041585123
702.041585123
702.041585123
702.041585123
702.041585123
702.041585123
702.041585123
702.041585123
702.041585123
702.041585123
702.041585123
702.041585123
702.041585123
702.041585123
702.041585123
702.041585123
702.041585123
702.041585123
702.041585123
702.041585123
702.041585123
702.041585123
702.041585123
702.041585123
702.041585123
702.041585123
702.041585123
702.041585123
702.041585123
702.041585123
702.041585123
702.041585123
702.041585123
702.041585123
702.041585123
702.041585123
702.041585123
702.041585123
702.041585123
702.041585123
702.041585123
702.041585123
702.041585123
702.041585123
702.041585123
702.041585123
702.041585123
702.041585123
702.041585123
702.041585123
702.041585123
702.041585123
698.219218777
698.219218777
698.219218777
698.219218777
698.219218777
698.219218777
698.219218777
698.219218777
698.219218777
698.219218777
698.219218777
698.219218777
698.219218777
698.219218777
698.219218777
698.219218777
698.219218777
698.219218777
698.219218777
698.219218777
698.219218777
698.219218777
698.219218777
698.219218777
698.219218777
698.219218777
698.219218777
698.219218777
698.219218777
698.219218777
698.219218777
698.219218777
698.219218777
698.219218777
698.219218777
698.219218777
698.219218777
698.219218777
698.219218777
698.219218777
698.219218777
698.219218777
698.219218777
698.219218777
698.219218777
698.219218777
698.219218777
698.219218777
698.219218777
698.219218777
698.219218777
698.219218777
698.219218777
698.219218777
698.219218777
698.219218777
698.219218777
698.219218777
698.219218777
698.219218777
698.219218777
698.219218777
698.219218777
698.219218777
698.219218777
698.219218777
698.219218777
698.219218777
698.219218777
698.219218777
698.219218777
698.219218777
698.219218777
698.219218777
698.219218777
698.219218777
698.219218777
698.219218777
698.219218777
698.219218777
698.219218777
698.219218777
698.219218777
698.219218777
698.219218777
698.219218777
698.219218777
698.219218777
698.219218777
698.219218777
698.219218777
698.219218777
698.219218777
698.219218777
698.219218777
698.219218777
698.219218777
698.219218777
698.219218777
698.219218777
698.219218777
698.219218777
698.219218777
698.219218777
698.219218777
698.219218777
698.219218777
698.219218777
698.219218777
698.219218777
698.219218777
698.219218777
698.219218777
698.219218777
698.219218777
698.219218777
698.219218777
698.219218777
698.219218777
698.219218777
698.219218777
698.219218777
698.219218777
698.219218777
698.219218777
698.219218777
698.219218777
698.219218777
698.219218777
698.219218777
698.219218777
698.219218777
698.219218777
698.219218777
698.219218777
698.219218777
698.219218777
698.219218777
698.219218777
698.219218777
698.219218777
698.219218777
698.219218777
698.219218777
698.219218777
698.219218777
698.219218777
698.219218777
698.219218777
698.219218777
698.219218777
698.219218777
698.219218777
698.219218777
694.095705754
694.095705754
694.095705754
694.095705754
694.095705754
694.095705754
694.095705754
694.095705754
694.095705754
694.095705754
694.095705754
694.095705754
694.095705754
694.095705754
694.095705754
694.095705754
694.095705754
694.095705754
694.095705754
694.095705754
694.095705754
694.095705754
694.095705754
694.095705754
694.095705754
694.095705754
694.095705754
694.095705754
694.095705754
694.095705754
694.095705754
694.095705754
694.095705754
694.095705754
694.095705754
694.095705754
694.095705754
694.095705754
694.095705754
694.095705754
694.095705754
694.095705754
694.095705754
694.095705754
694.095705754
694.095705754
694.095705754
694.095705754
694.095705754
694.095705754
694.095705754
694.095705754
694.095705754
694.095705754
694.095705754
694.095705754
694.095705754
694.095705754
694.095705754
694.095705754
694.095705754
694.095705754
694.095705754
694.095705754
694.095705754
694.095705754
694.095705754
694.095705754
694.095705754
694.095705754
694.095705754
694.095705754
694.095705754
694.095705754
694.095705754
694.095705754
694.095705754
694.095705754
694.095705754
694.095705754
694.095705754
694.095705754
694.095705754
694.095705754
694.095705754
694.095705754
694.095705754
694.095705754
694.095705754
694.095705754
694.095705754
694.095705754
694.095705754
694.095705754
694.095705754
694.095705754
694.095705754
694.095705754
694.095705754
694.095705754
694.095705754
694.095705754
694.095705754
694.095705754
694.095705754
694.095705754
694.095705754
694.095705754
694.095705754
694.095705754
694.095705754
694.095705754
694.095705754
694.095705754
694.095705754
694.095705754
694.095705754
694.095705754
694.095705754
694.095705754
694.095705754
694.095705754
694.095705754
694.095705754
694.095705754
694.095705754
694.095705754
694.095705754
694.095705754
694.095705754
694.095705754
694.095705754
694.095705754
694.095705754
694.095705754
694.095705754
694.095705754
694.095705754
694.095705754
694.095705754
694.095705754
694.095705754
694.095705754
694.095705754
694.095705754
694.095705754
694.095705754
694.095705754
694.095705754
694.095705754
694.095705754
694.095705754
694.095705754
694.095705754
694.095705754
694.095705754
694.095705754
694.095705754
694.095705754
694.095705754
694.095705754
694.095705754
694.095705754
694.095705754
694.095705754
694.095705754
694.095705754
694.095705754
694.095705754
694.095705754
694.095705754
694.095705754
694.095705754
694.095705754
694.095705754
694.095705754
694.095705754
694.095705754
694.095705754
694.095705754
694.095705754
694.095705754
694.095705754
694.095705754
694.095705754
694.095705754
694.095705754
694.095705754
694.095705754
694.095705754
694.095705754
694.095705754
694.095705754
694.095705754
694.095705754
694.095705754
694.095705754
694.095705754
694.095705754
694.095705754
694.095705754
694.095705754
694.095705754
694.095705754
694.095705754
694.095705754
694.095705754
694.095705754
694.095705754
694.095705754
694.095705754
694.095705754
694.095705754
694.095705754
694.095705754
694.095705754
694.095705754
694.095705754
694.095705754
694.095705754
694.095705754
694.095705754
694.095705754
694.095705754
694.095705754
694.095705754
694.095705754
694.095705754
694.095705754
694.095705754
694.095705754
694.095705754
694.095705754
694.095705754
694.095705754
694.095705754
694.095705754
694.095705754
694.095705754
694.095705754
694.095705754
694.095705754
694.095705754
694.095705754
694.095705754
694.095705754
694.095705754
694.095705754
694.095705754
694.095705754
694.095705754
692.612938817
692.612938817
692.612938817
692.612938817
692.612938817
692.612938817
692.612938817
692.612938817
692.612938817
692.612938817
692.612938817
692.612938817
692.612938817
692.612938817
692.612938817
692.612938817
692.612938817
692.612938817
692.612938817
692.612938817
692.612938817
692.612938817
692.612938817
692.612938817
692.612938817
692.612938817
692.612938817
692.612938817
692.612938817
692.612938817
692.612938817
692.612938817
692.612938817
692.612938817
692.612938817
692.612938817
692.612938817
692.612938817
692.612938817
692.612938817
692.612938817
692.612938817
692.612938817
692.612938817
692.612938817
692.612938817
692.612938817
692.612938817
692.612938817
692.612938817
692.612938817
692.612938817
692.612938817
692.612938817
692.612938817
692.612938817
692.612938817
692.612938817
692.612938817
692.612938817
692.612938817
692.612938817
692.612938817
692.612938817
692.612938817
692.612938817
692.612938817
692.612938817
692.612938817
692.612938817
692.612938817
692.612938817
692.612938817
692.612938817
692.612938817
692.612938817
692.612938817
692.612938817
692.612938817
692.612938817
692.612938817
692.612938817
692.612938817
692.612938817
692.612938817
692.612938817
692.612938817
692.612938817
692.612938817
692.612938817
692.612938817
692.612938817
692.612938817
692.612938817
692.612938817
692.612938817
692.612938817
692.612938817
692.612938817
692.612938817
692.612938817
692.612938817
692.612938817
692.612938817
692.612938817
692.612938817
692.612938817
692.612938817
692.612938817
692.612938817
692.612938817
692.612938817
692.612938817
692.612938817
690.585580448
690.585580448
690.585580448
690.585580448
690.585580448
690.528683684
690.528683684
690.528683684
690.528683684
690.528683684
690.528683684
690.528683684
690.528683684
690.528683684
690.528683684
690.528683684
690.528683684
690.528683684
690.528683684
690.528683684
690.528683684
690.528683684
690.528683684
690.528683684
690.528683684
690.528683684
690.528683684
690.528683684
690.528683684
690.528683684
690.528683684
690.528683684
690.528683684
690.528683684
690.528683684
690.528683684
690.528683684
690.528683684
690.528683684
690.528683684
690.528683684
690.528683684
690.528683684
690.528683684
690.528683684
690.528683684
690.528683684
690.528683684
690.528683684
690.528683684
690.528683684
690.528683684
690.528683684
690.528683684
690.528683684
690.528683684
690.528683684
690.528683684
690.528683684
690.528683684
690.528683684
690.528683684
690.528683684
690.528683684
690.528683684
690.528683684
690.528683684
690.528683684
690.528683684
690.528683684
690.528683684
690.528683684
690.528683684
690.528683684
690.528683684
690.528683684
690.528683684
690.528683684
690.528683684
690.528683684
690.528683684
690.528683684
683.20330951
683.20330951
683.20330951
683.20330951
683.20330951
683.20330951
683.20330951
683.20330951
683.20330951
683.20330951
683.20330951
683.20330951
683.20330951
683.20330951
683.20330951
683.20330951
683.20330951
683.20330951
683.20330951
683.20330951
683.20330951
683.20330951
683.20330951
683.20330951
683.20330951
683.20330951
683.20330951
683.20330951
683.20330951
683.20330951
683.20330951
683.20330951
683.20330951
683.20330951
683.20330951
683.20330951
683.20330951
683.20330951
683.20330951
683.20330951
683.20330951
683.20330951
683.20330951
683.20330951
683.20330951
683.20330951
683.20330951
683.20330951
683.20330951
683.20330951
683.20330951
683.20330951
683.20330951
683.20330951
683.20330951
683.20330951
683.20330951
683.20330951
683.20330951
683.20330951
683.20330951
683.20330951
683.20330951
683.20330951
683.20330951
683.20330951
683.20330951
683.20330951
683.20330951
683.20330951
683.20330951
683.20330951
683.20330951
683.20330951
683.20330951
683.20330951
683.20330951
683.20330951
683.20330951
683.20330951
683.20330951
683.20330951
683.20330951
683.20330951
683.20330951
683.20330951
683.20330951
683.20330951
683.20330951
683.20330951
683.20330951
683.20330951
683.20330951
683.20330951
683.20330951
683.20330951
682.71934471
682.71934471
682.71934471
682.71934471
682.71934471
682.71934471
682.71934471
682.71934471
682.71934471
682.71934471
682.71934471
682.71934471
682.71934471
682.71934471
682.71934471
682.71934471
682.71934471
682.71934471
682.71934471
682.71934471
682.71934471
682.71934471
682.71934471
682.71934471
682.71934471
682.71934471
682.71934471
682.71934471
682.71934471
682.71934471
682.71934471
682.71934471
682.71934471
682.71934471
682.71934471
682.71934471
682.71934471
677.857463337
677.857463337
677.857463337
677.857463337
677.857463337
677.857463337
677.857463337
677.857463337
677.857463337
677.857463337
677.857463337
677.857463337
677.857463337
677.857463337
677.857463337
677.857463337
677.857463337
677.857463337
677.857463337
677.857463337
677.857463337
677.857463337
677.857463337
677.857463337
677.857463337
677.857463337
677.857463337
677.857463337
677.857463337
677.857463337
677.857463337
677.857463337
677.857463337
677.857463337
677.857463337
677.857463337
677.857463337
677.857463337
677.857463337
677.857463337
677.857463337
677.857463337
677.857463337
677.857463337
677.857463337
677.857463337
677.857463337
677.857463337
677.857463337
677.857463337
677.857463337
677.857463337
677.857463337
677.857463337
677.857463337
677.857463337
677.857463337
677.857463337
677.857463337
677.857463337
677.857463337
677.857463337
677.857463337
676.463822056
676.463822056
676.463822056
676.463822056
676.463822056
676.463822056
676.463822056
676.463822056
676.463822056
676.463822056
676.463822056
676.463822056
676.463822056
676.463822056
676.463822056
676.463822056
676.463822056
676.463822056
676.463822056
676.463822056
676.463822056
676.463822056
676.463822056
676.463822056
676.463822056
676.463822056
676.463822056
676.463822056
676.463822056
676.463822056
676.463822056
676.463822056
676.463822056
676.463822056
676.463822056
676.463822056
676.463822056
676.463822056
676.463822056
676.463822056
676.463822056
676.463822056
676.463822056
676.463822056
676.463822056
676.463822056
676.463822056
676.463822056
676.463822056
675.861829956
675.861829956
675.861829956
675.861829956
675.861829956
675.861829956
675.861829956
675.861829956
675.861829956
675.861829956
675.861829956
675.861829956
675.861829956
675.861829956
675.861829956
675.861829956
675.861829956
675.861829956
675.861829956
675.861829956
675.861829956
675.861829956
675.861829956
675.861829956
675.861829956
675.861829956
675.861829956
675.861829956
675.861829956
675.861829956
675.861829956
675.861829956
675.861829956
675.861829956
675.861829956
675.861829956
675.861829956
675.861829956
675.861829956
675.861829956
675.861829956
675.861829956
675.861829956
675.861829956
675.861829956
675.861829956
671.880623194
671.880623194
671.880623194
671.880623194
671.880623194
671.880623194
671.880623194
671.880623194
671.880623194
671.880623194
671.880623194
671.880623194
671.880623194
671.880623194
671.880623194
671.880623194
671.880623194
671.880623194
671.880623194
671.880623194
671.880623194
671.880623194
671.880623194
671.880623194
671.880623194
671.880623194
671.880623194
671.880623194
671.880623194
671.880623194
671.880623194
671.880623194
671.880623194
671.880623194
671.880623194
671.880623194
671.880623194
671.880623194
671.880623194
671.880623194
671.880623194
668.650194969
668.650194969
668.650194969
668.650194969
668.650194969
668.650194969
668.650194969
668.650194969
668.650194969
668.650194969
668.650194969
668.650194969
668.650194969
668.650194969
668.650194969
668.650194969
668.650194969
668.650194969
668.650194969
668.650194969
668.650194969
668.650194969
668.650194969
668.650194969
668.650194969
668.650194969
668.650194969
668.650194969
668.650194969
668.650194969
668.650194969
668.650194969
668.650194969
668.650194969
668.650194969
668.650194969
668.650194969
668.650194969
668.650194969
668.650194969
668.650194969
668.650194969
668.650194969
668.650194969
668.650194969
668.650194969
668.559257884
668.559257884
668.559257884
668.559257884
668.559257884
668.559257884
668.559257884
668.559257884
668.559257884
668.559257884
668.559257884
668.559257884
668.559257884
668.559257884
668.559257884
662.834648493
662.834648493
662.834648493
662.834648493
662.834648493
662.834648493
662.834648493
662.834648493
662.834648493
662.834648493
662.834648493
662.834648493
662.834648493
662.834648493
662.834648493
662.834648493
662.834648493
662.834648493
662.834648493
662.834648493
662.834648493
662.834648493
662.834648493
662.834648493
662.834648493
662.834648493
650.801222192
650.801222192
650.801222192
650.801222192
650.801222192
650.801222192
650.801222192
650.801222192
650.801222192
650.801222192
650.801222192
650.801222192
650.801222192
650.801222192
650.801222192
647.061139656
647.061139656
639.369553662
639.369553662
639.369553662
639.369553662
639.369553662
639.369553662
639.369553662
639.369553662
639.369553662
639.369553662
639.369553662
639.369553662
639.369553662
639.369553662
639.369553662
639.369553662
639.369553662
639.369553662
639.369553662
639.369553662
639.369553662
639.369553662
639.369553662
639.369553662
639.369553662
639.369553662
639.369553662
639.369553662
639.369553662
639.369553662
639.369553662
639.369553662
639.369553662
639.369553662
639.369553662
639.369553662
639.369553662
639.369553662
639.369553662
639.369553662
639.369553662
639.369553662
639.369553662
639.369553662
639.369553662
639.369553662
639.369553662
639.369553662
639.369553662
639.369553662
639.369553662
639.369553662
639.369553662
639.369553662
639.369553662
639.369553662
639.369553662
639.369553662
639.369553662
639.369553662
639.369553662
639.369553662
639.369553662
639.369553662
639.369553662
639.369553662
639.369553662
639.369553662
639.369553662
639.369553662
639.369553662
639.369553662
639.369553662
639.369553662
639.369553662
639.369553662
639.369553662
639.369553662
639.369553662
639.369553662
639.369553662
639.369553662
639.369553662
639.369553662
639.369553662
639.369553662
639.369553662
639.369553662
639.369553662
639.369553662
639.369553662
639.369553662
639.369553662
639.369553662
639.369553662
636.249624172
636.249624172
636.249624172
636.249624172
636.249624172
636.249624172
636.249624172
636.249624172
636.249624172
636.249624172
636.249624172
636.249624172
636.249624172
636.249624172
636.249624172
636.249624172
636.249624172
636.249624172
636.249624172
636.249624172
636.249624172
636.249624172
636.249624172
636.249624172
636.249624172
636.249624172
636.249624172
636.249624172
636.249624172
636.249624172
636.249624172
636.249624172
636.249624172
636.249624172
636.249624172
636.249624172
636.249624172
636.249624172
636.249624172
636.249624172
636.249624172
636.249624172
636.249624172
636.249624172
636.249624172
636.249624172
636.249624172
636.249624172
636.249624172
636.249624172
636.249624172
636.249624172
636.249624172
636.249624172
636.249624172
636.249624172
636.249624172
636.249624172
636.249624172
636.249624172
636.249624172
636.249624172
636.249624172
636.249624172
636.249624172
636.249624172
636.249624172
636.249624172
636.249624172
636.249624172
636.249624172
636.249624172
636.249624172
636.249624172
636.249624172
636.249624172
636.249624172
636.249624172
636.249624172
636.249624172
636.249624172
636.249624172
636.249624172
636.249624172
636.249624172
636.249624172
636.249624172
636.249624172
636.249624172
636.249624172
636.249624172
636.249624172
636.249624172
636.249624172
636.249624172
636.249624172
636.249624172
636.249624172
636.249624172
636.249624172
636.249624172
636.249624172
636.249624172
636.249624172
636.249624172
636.249624172
636.249624172
636.249624172
636.249624172
636.249624172
636.249624172
636.249624172
636.249624172
636.249624172
636.249624172
636.249624172
636.249624172
636.249624172
636.249624172
636.249624172
636.249624172
636.249624172
636.249624172
636.249624172
636.249624172
636.249624172
636.249624172
636.249624172
636.249624172
636.249624172
636.249624172
636.249624172
636.249624172
636.249624172
636.249624172
636.249624172
636.249624172
636.249624172
636.249624172
636.249624172
636.249624172
636.249624172
636.249624172
636.249624172
636.249624172
636.249624172
636.249624172
636.249624172
636.249624172
636.249624172
636.249624172
636.249624172
636.249624172
636.249624172
636.249624172
636.249624172
636.249624172
636.249624172
636.249624172
636.249624172
636.249624172
636.249624172
636.249624172
636.249624172
636.249624172
636.249624172
636.249624172
636.249624172
636.249624172
636.249624172
636.249624172
636.249624172
636.249624172
636.249624172
636.249624172
636.249624172
636.249624172
636.249624172
636.249624172
636.249624172
636.249624172
636.249624172
636.249624172
636.249624172
636.249624172
636.249624172
636.249624172
636.249624172
636.249624172
636.249624172
636.249624172
636.249624172
636.249624172
636.249624172
636.249624172
636.249624172
636.249624172
636.249624172
636.249624172
636.249624172
636.249624172
636.249624172
636.249624172
636.249624172
636.249624172
636.249624172
636.249624172
636.249624172
636.249624172
636.249624172
636.249624172
636.249624172
636.249624172
636.249624172
636.249624172
636.249624172
636.249624172
636.249624172
636.249624172
636.249624172
636.249624172
636.249624172
636.249624172
636.249624172
636.249624172
636.249624172
636.249624172
636.249624172
636.249624172
636.249624172
636.249624172
636.249624172
636.249624172
636.249624172
636.249624172
636.249624172
636.249624172
636.249624172
636.249624172
636.249624172
636.249624172
636.249624172
636.249624172
636.249624172
636.249624172
636.249624172
636.249624172
636.249624172
636.249624172
636.249624172
636.249624172
636.249624172
636.249624172
636.249624172
636.249624172
636.249624172
636.249624172
636.249624172
636.249624172
636.249624172
636.249624172
636.249624172
636.249624172
636.249624172
636.249624172
636.249624172
636.249624172
636.249624172
636.249624172
636.249624172
636.249624172
636.249624172
636.249624172
636.249624172
636.249624172
636.249624172
636.249624172
636.249624172
636.249624172
636.249624172
636.249624172
636.249624172
636.249624172
636.249624172
636.249624172
636.249624172
636.249624172
636.249624172
636.249624172
636.249624172
636.249624172
636.249624172
636.249624172
636.249624172
636.249624172
636.249624172
636.249624172
636.249624172
636.249624172
636.249624172
636.249624172
636.249624172
636.249624172
636.249624172
636.249624172
636.249624172
636.249624172
636.249624172
636.249624172
636.249624172
636.249624172
636.249624172
636.249624172
636.249624172
636.249624172
636.249624172
636.249624172
636.249624172
636.249624172
636.249624172
636.249624172
636.249624172
636.249624172
636.249624172
636.249624172
636.249624172
636.249624172
636.249624172
636.249624172
636.249624172
636.249624172
636.249624172
636.249624172
636.249624172
636.249624172
636.249624172
636.249624172
636.249624172
636.249624172
636.249624172
636.249624172
636.249624172
636.249624172
636.249624172
636.249624172
636.249624172
636.249624172
636.249624172
636.249624172
636.249624172
636.249624172
636.249624172
636.249624172
636.249624172
636.249624172
636.249624172
636.249624172
636.249624172
636.249624172
636.249624172
636.249624172
636.249624172
636.249624172
636.249624172
636.249624172
636.249624172
636.249624172
636.249624172
636.249624172
636.249624172
636.249624172
636.249624172
636.249624172
636.249624172
636.249624172
636.249624172
636.249624172
636.249624172
636.249624172
636.249624172
636.249624172
636.249624172
636.249624172
636.249624172
636.249624172
636.249624172
636.249624172
636.249624172
636.249624172
636.249624172
636.249624172
636.249624172
636.249624172
636.249624172
636.249624172
636.249624172
636.249624172
636.249624172
636.249624172
636.249624172
636.249624172
636.249624172
636.249624172
636.249624172
636.249624172
636.249624172
636.249624172
636.249624172
636.249624172
636.249624172
636.249624172
636.249624172
636.249624172
636.249624172
636.249624172
636.249624172
636.249624172
636.249624172
636.249624172
636.249624172
636.249624172
636.249624172
636.249624172
636.249624172
636.249624172
636.249624172
636.249624172
636.249624172
636.249624172
636.249624172
636.249624172
636.249624172
636.249624172
636.249624172
636.249624172
636.249624172
636.249624172
636.249624172
636.249624172
636.249624172
636.249624172
636.249624172
636.249624172
636.249624172
636.249624172
635.918782335
635.918782335
635.918782335
635.918782335
635.918782335
635.918782335
635.918782335
635.918782335
635.918782335
635.918782335
635.918782335
635.918782335
635.918782335
635.918782335
635.918782335
635.918782335
635.918782335
635.918782335
635.918782335
635.918782335
635.918782335
635.918782335
635.918782335
635.918782335
635.918782335
635.918782335
635.918782335
635.918782335
635.918782335
635.918782335
635.918782335
635.918782335
635.918782335
635.918782335
635.918782335
635.918782335
635.918782335
635.918782335
635.918782335
635.918782335
635.918782335
635.918782335
635.918782335
635.918782335
635.918782335
635.918782335
635.918782335
635.918782335
635.918782335
635.918782335
635.918782335
635.918782335
635.918782335
635.918782335
635.918782335
635.918782335
635.918782335
635.918782335
635.918782335
635.918782335
635.918782335
635.918782335
635.918782335
635.918782335
635.918782335
635.918782335
635.918782335
635.918782335
635.918782335
635.918782335
635.918782335
635.918782335
635.918782335
635.918782335
635.918782335
635.918782335
635.918782335
635.918782335
635.918782335
635.918782335
635.918782335
635.918782335
635.918782335
635.918782335
635.918782335
635.918782335
635.918782335
635.918782335
635.918782335
635.918782335
635.918782335
635.918782335
635.918782335
635.918782335
635.918782335
635.918782335
635.918782335
635.918782335
635.918782335
635.918782335
635.918782335
635.918782335
635.918782335
635.918782335
635.918782335
635.918782335
635.918782335
635.918782335
635.918782335
635.918782335
635.918782335
635.918782335
635.918782335
635.918782335
635.918782335
635.918782335
635.918782335
635.918782335
635.918782335
635.918782335
635.918782335
635.918782335
635.918782335
635.918782335
635.918782335
635.918782335
635.918782335
635.918782335
635.918782335
635.918782335
635.918782335
635.918782335
635.918782335
635.918782335
635.918782335
635.918782335
635.918782335
635.918782335
635.918782335
635.918782335
635.918782335
635.918782335
635.918782335
635.918782335
635.918782335
635.918782335
635.918782335
635.918782335
635.918782335
635.918782335
635.918782335
635.918782335
635.918782335
635.918782335
635.918782335
635.918782335
635.918782335
635.918782335
635.918782335
635.918782335
635.918782335
635.918782335
635.918782335
635.918782335
635.918782335
635.918782335
635.918782335
635.918782335
635.918782335
635.918782335
635.918782335
635.918782335
635.918782335
635.918782335
635.918782335
635.918782335
635.918782335
635.918782335
635.918782335
635.918782335
635.918782335
635.918782335
635.918782335
635.918782335
635.918782335
635.918782335
635.918782335
635.918782335
635.918782335
635.918782335
635.918782335
635.918782335
635.918782335
635.918782335
635.918782335
635.918782335
635.918782335
635.918782335
635.918782335
635.918782335
635.918782335
635.918782335
635.918782335
635.918782335
635.918782335
635.918782335
635.918782335
635.918782335
635.918782335
635.918782335
635.918782335
635.918782335
635.918782335
635.918782335
635.918782335
635.918782335
635.918782335
635.918782335
635.918782335
635.918782335
635.918782335
635.918782335
635.918782335
635.918782335
635.918782335
635.918782335
635.918782335
635.918782335
635.918782335
635.918782335
635.918782335
635.918782335
635.918782335
635.918782335
635.918782335
635.918782335
635.918782335
635.918782335
635.918782335
635.918782335
635.918782335
635.918782335
635.918782335
635.918782335
635.918782335
635.918782335
635.918782335
635.918782335
635.918782335
635.918782335
635.918782335
635.918782335
635.918782335
635.918782335
635.918782335
635.918782335
635.918782335
635.918782335
635.918782335
635.918782335
635.918782335
635.918782335
635.918782335
635.918782335
635.918782335
635.918782335
635.918782335
635.918782335
635.918782335
635.918782335
635.918782335
635.918782335
635.918782335
635.918782335
635.918782335
635.918782335
635.918782335
635.918782335
635.918782335
635.918782335
635.918782335
635.918782335
635.918782335
635.918782335
635.918782335
635.918782335
635.918782335
635.918782335
635.918782335
635.918782335
635.918782335
635.918782335
635.918782335
635.918782335
635.918782335
635.918782335
635.918782335
635.918782335
635.918782335
635.918782335
635.918782335
635.918782335
635.918782335
635.918782335
635.918782335
635.918782335
635.918782335
635.918782335
635.918782335
635.918782335
635.918782335
635.918782335
635.918782335
635.918782335
635.918782335
635.918782335
635.918782335
635.918782335
635.918782335
635.918782335
635.918782335
635.918782335
635.918782335
635.918782335
635.918782335
635.918782335
635.918782335
635.918782335
635.918782335
635.918782335
635.918782335
635.918782335
635.918782335
635.918782335
635.918782335
635.918782335
635.918782335
635.918782335
635.918782335
635.918782335
635.918782335
635.918782335
635.918782335
635.918782335
635.918782335
635.918782335
635.918782335
635.918782335
635.918782335
635.918782335
635.918782335
635.918782335
635.918782335
635.918782335
635.918782335
635.918782335
635.918782335
635.918782335
635.918782335
635.918782335
635.918782335
635.918782335
635.918782335
635.918782335
635.918782335
635.918782335
635.918782335
635.918782335
635.918782335
635.918782335
635.918782335
635.918782335
635.918782335
635.918782335
635.918782335
635.918782335
635.918782335
635.918782335
635.918782335
635.918782335
635.918782335
635.918782335
635.918782335
635.918782335
635.918782335
635.918782335
635.918782335
635.918782335
635.918782335
635.918782335
635.918782335
635.918782335
635.918782335
635.918782335
635.918782335
635.918782335
635.918782335
635.918782335
635.918782335
635.918782335
635.918782335
635.918782335
635.918782335
635.918782335
635.918782335
635.918782335
635.918782335
635.918782335
635.918782335
635.918782335
635.918782335
635.918782335
635.918782335
635.918782335
635.918782335
635.918782335
635.918782335
635.918782335
635.918782335
635.918782335
635.918782335
635.201017606
635.201017606
635.201017606
635.201017606
635.201017606
635.201017606
635.201017606
635.201017606
635.201017606
635.201017606
635.201017606
635.201017606
635.201017606
635.201017606
635.201017606
635.201017606
635.201017606
635.201017606
635.201017606
635.201017606
635.201017606
635.201017606
635.201017606
635.201017606
635.201017606
635.201017606
635.201017606
635.201017606
635.201017606
635.201017606
635.201017606
635.201017606
635.201017606
635.201017606
635.201017606
635.201017606
635.201017606
635.201017606
635.201017606
635.201017606
635.201017606
635.201017606
635.201017606
635.201017606
635.201017606
635.201017606
635.201017606
635.201017606
635.201017606
635.201017606
635.201017606
635.201017606
635.201017606
635.201017606
635.201017606
635.201017606
635.201017606
635.201017606
635.201017606
635.201017606
635.201017606
635.201017606
635.201017606
635.201017606
635.201017606
635.201017606
635.201017606
635.201017606
635.201017606
635.201017606
635.201017606
635.201017606
635.201017606
635.201017606
635.201017606
635.201017606
635.201017606
635.201017606
635.201017606
635.201017606
635.201017606
635.201017606
635.201017606
635.201017606
635.201017606
635.201017606
635.201017606
635.201017606
635.201017606
635.201017606
635.201017606
635.201017606
635.201017606
635.201017606
635.201017606
635.201017606
635.201017606
635.201017606
635.201017606
635.201017606
635.201017606
635.201017606
635.201017606
635.201017606
635.201017606
635.201017606
635.201017606
635.201017606
635.201017606
635.201017606
635.201017606
635.201017606
635.201017606
635.201017606
635.201017606
635.201017606
635.201017606
635.201017606
635.201017606
635.201017606
635.201017606
635.201017606
635.201017606
635.201017606
635.201017606
635.201017606
635.201017606
635.201017606
635.201017606
635.201017606
635.201017606
635.201017606
635.201017606
635.201017606
635.201017606
635.201017606
635.201017606
635.201017606
635.201017606
635.201017606
635.201017606
635.201017606
635.201017606
635.201017606
635.201017606
635.201017606
635.201017606
635.201017606
635.201017606
635.201017606
635.201017606
635.201017606
635.201017606
635.201017606
635.201017606
635.201017606
635.201017606
635.201017606
635.201017606
635.201017606
635.201017606
635.201017606
635.201017606
635.201017606
635.201017606
635.201017606
635.201017606
635.201017606
635.201017606
635.201017606
635.201017606
635.201017606
635.201017606
635.201017606
635.201017606
635.201017606
635.201017606
635.201017606
635.201017606
635.201017606
635.201017606
635.201017606
635.201017606
635.201017606
635.201017606
635.201017606
635.201017606
635.201017606
635.201017606
635.201017606
635.201017606
635.201017606
635.201017606
635.201017606
635.201017606
635.201017606
635.201017606
635.201017606
635.201017606
635.201017606
635.201017606
635.201017606
635.201017606
635.201017606
635.201017606
635.201017606
635.201017606
635.201017606
635.201017606
635.201017606
635.201017606
635.201017606
635.201017606
635.201017606
635.201017606
635.201017606
635.201017606
635.201017606
635.201017606
635.201017606
635.201017606
635.201017606
635.201017606
635.201017606
635.201017606
635.201017606
635.201017606
635.201017606
635.201017606
635.201017606
635.201017606
635.201017606
635.201017606
635.201017606
635.201017606
635.201017606
635.201017606
635.201017606
635.201017606
635.201017606
635.201017606
635.201017606
635.201017606
635.201017606
635.201017606
635.201017606
635.201017606
635.201017606
635.201017606
635.201017606
635.201017606
635.201017606
635.201017606
635.201017606
635.201017606
635.201017606
635.201017606
635.201017606
635.201017606
635.201017606
635.201017606
635.201017606
635.201017606
635.201017606
635.201017606
635.201017606
635.201017606
635.201017606
635.201017606
635.201017606
635.201017606
635.201017606
635.201017606
635.201017606
635.201017606
632.850700963
632.850700963
632.850700963
632.850700963
632.850700963
632.850700963
632.850700963
632.850700963
632.850700963
632.850700963
632.850700963
632.850700963
632.850700963
632.850700963
632.850700963
632.850700963
632.850700963
632.850700963
632.850700963
632.850700963
632.850700963
632.850700963
632.850700963
632.850700963
632.850700963
632.850700963
632.850700963
632.850700963
632.850700963
632.850700963
632.850700963
632.850700963
632.850700963
632.850700963
632.850700963
632.850700963
632.850700963
632.850700963
632.850700963
632.850700963
632.850700963
632.850700963
632.850700963
632.850700963
632.850700963
632.850700963
632.850700963
632.850700963
632.850700963
632.850700963
632.850700963
632.850700963
632.850700963
632.850700963
632.850700963
632.850700963
632.850700963
632.850700963
632.850700963
632.850700963
632.850700963
631.453138623
631.453138623
631.453138623
631.453138623
631.453138623
631.453138623
631.453138623
631.453138623
631.453138623
631.453138623
631.453138623
631.453138623
631.453138623
631.453138623
631.453138623
631.453138623
631.453138623
631.453138623
631.453138623
631.453138623
631.453138623
631.453138623
631.453138623
631.453138623
631.453138623
631.453138623
631.453138623
631.453138623
631.453138623
631.453138623
631.453138623
631.453138623
631.453138623
631.453138623
631.453138623
631.453138623
631.453138623
631.453138623
631.453138623
631.453138623
631.453138623
631.453138623
631.453138623
631.453138623
631.453138623
631.453138623
631.453138623
631.453138623
631.453138623
631.453138623
631.453138623
631.453138623
631.453138623
631.453138623
631.453138623
631.453138623
631.453138623
631.453138623
631.453138623
631.453138623
631.453138623
631.453138623
631.453138623
631.453138623
631.453138623
631.453138623
631.453138623
631.453138623
631.453138623
631.453138623
631.453138623
631.453138623
631.453138623
631.453138623
631.453138623
631.453138623
631.453138623
631.453138623
631.453138623
631.453138623
631.453138623
631.453138623
631.453138623
631.453138623
631.453138623
631.453138623
631.453138623
631.453138623
631.453138623
631.453138623
631.453138623
631.453138623
631.453138623
631.453138623
631.453138623
631.453138623
631.453138623
631.453138623
631.453138623
631.453138623
631.453138623
631.453138623
631.453138623
631.453138623
631.453138623
631.453138623
631.453138623
631.453138623
631.453138623
631.453138623
631.453138623
631.453138623
631.453138623
631.453138623
631.453138623
631.453138623
631.453138623
631.453138623
631.453138623
631.453138623
631.453138623
631.453138623
631.453138623
631.453138623
631.453138623
631.453138623
631.453138623
631.453138623
631.453138623
631.453138623
631.453138623
631.453138623
631.453138623
631.453138623
631.453138623
631.453138623
631.453138623
631.453138623
631.453138623
631.453138623
631.453138623
631.453138623
631.453138623
631.453138623
631.453138623
631.453138623
631.453138623
631.453138623
631.453138623
631.453138623
631.453138623
631.453138623
