1652.04045115
1560.8685196
1560.8685196
1558.21999873
1558.21999873
1558.21999873
1526.01811008
1526.01811008
1526.01811008
1518.40106521
1512.50229791
1468.90681887
1468.90681887
1462.08192817
1462.08192817
1458.46684439
1458.46684439
1448.50014468
1444.63131332
1444.63131332
1444.63131332
1444.63131332
1443.96861323
1443.96861323
1425.69434775
1419.31514652
1419.31514652
1409.05037269
1407.72639872
1407.72639872
1407.72639872
1393.57086663
1390.16054089
1390.16054089
1390.16054089
1387.90080475
1387.90080475
1387.6646736
1387.6646736
1387.6646736
1387.6646736
1370.54853381
1370.54853381
1370.54853381
1347.72757716
1341.66754459
1341.66754459
1341.66754459
1341.66754459
1341.66754459
1341.66754459
1341.66754459
1327.12318969
1327.12318969
1327.12318969
1327.12318969
1327.12318969
1327.12318969
1279.56797791
1279.56797791
1279.53792663
1279.53792663
1278.75300692
1278.75300692
1272.36111312
1272.36111312
1272.36111312
1272.36111312
1272.36111312
1272.36111312
1272.36111312
1272.36111312
1266.99433237
1266.99433237
1266.99433237
1239.53618476
1239.53618476
1239.53618476
1239.53618476
1239.53618476
1239.53618476
1239.53618476
1239.53618476
1239.53618476
1239.53618476
1239.53618476
1239.53618476
1231.65590472
1231.65590472
1231.65590472
1231.65590472
1231.65590472
1231.65590472
1231.65590472
1231.65590472
1231.65590472
1231.65590472
1231.65590472
1231.65590472
1219.77659359
1219.77659359
1219.77659359
1211.94488065
1211.94488065
1211.94488065
1211.94488065
1211.94488065
1211.94488065
1211.94488065
1211.34205603
1211.34205603
1211.34205603
1211.34205603
1181.89537218
1181.89537218
1181.89537218
1181.89537218
1181.89537218
1181.89537218
1181.89537218
1153.83832474
1153.83832474
1153.83832474
1153.83832474
1153.83832474
1128.3146507
1128.3146507
1128.3146507
1128.3146507
1099.47635735
1099.47635735
1099.47635735
1099.47635735
1074.60278707
1074.60278707
1074.60278707
1074.60278707
1074.60278707
1074.60278707
1074.60278707
1074.60278707
1074.60278707
1062.57705306
1062.57705306
1062.57705306
1062.57705306
1062.57705306
1062.57705306
1047.46761777
1047.46761777
1045.31383054
1045.31383054
1045.31383054
1045.31383054
1045.31383054
1045.31383054
1045.31383054
1045.31383054
1045.31383054
1045.31383054
1045.31383054
1045.31383054
1045.31383054
1045.31383054
1045.31383054
1045.31383054
1045.31383054
1045.31383054
1045.31383054
1045.31383054
1043.58740385
1043.58740385
1043.58740385
1043.58740385
1043.58740385
1043.58740385
1043.58740385
1043.58740385
1043.58740385
1043.58740385
1043.58740385
1043.58740385
1043.58740385
1043.58740385
1043.58740385
1043.58740385
1043.58740385
1043.58740385
1043.58740385
1043.58740385
1043.58740385
1043.58740385
1043.58740385
1043.58740385
1030.34639824
1030.34639824
1030.34639824
1020.62078639
1020.62078639
1020.62078639
1020.62078639
1020.62078639
1020.62078639
1006.31443238
1006.31443238
1006.31443238
1006.31443238
1006.31443238
1006.31443238
1006.31443238
1006.31443238
1006.31443238
1006.31443238
1006.31443238
1006.31443238
1006.31443238
1006.31443238
996.844556098
996.844556098
996.625363955
996.625363955
996.625363955
996.625363955
996.625363955
996.625363955
996.625363955
996.625363955
996.625363955
996.625363955
987.521135682
987.521135682
987.521135682
987.521135682
987.521135682
987.521135682
987.521135682
987.521135682
987.521135682
987.521135682
987.521135682
987.521135682
987.521135682
987.521135682
973.693282479
965.848236008
965.848236008
965.848236008
965.848236008
965.848236008
965.848236008
965.848236008
965.848236008
965.848236008
965.848236008
965.848236008
965.848236008
965.848236008
965.848236008
965.848236008
965.848236008
965.848236008
965.848236008
965.848236008
965.848236008
965.848236008
965.848236008
965.848236008
965.848236008
965.848236008
965.848236008
965.848236008
965.848236008
965.848236008
965.848236008
965.848236008
965.848236008
965.848236008
965.848236008
965.848236008
965.848236008
965.848236008
954.811449887
954.811449887
948.481258474
948.481258474
948.481258474
948.481258474
948.481258474
948.481258474
948.481258474
948.481258474
948.481258474
948.481258474
948.481258474
944.761658122
944.761658122
944.761658122
944.761658122
944.761658122
944.761658122
944.761658122
944.761658122
944.761658122
944.761658122
944.761658122
944.761658122
944.761658122
944.761658122
944.761658122
944.761658122
944.761658122
944.761658122
944.761658122
944.761658122
943.515688775
943.515688775
943.515688775
943.515688775
943.515688775
943.515688775
943.515688775
943.515688775
943.515688775
943.515688775
943.515688775
943.515688775
933.019085091
933.019085091
933.019085091
933.019085091
933.019085091
933.019085091
933.019085091
923.745947597
923.745947597
923.745947597
923.745947597
923.745947597
923.745947597
923.745947597
923.745947597
923.745947597
923.745947597
923.745947597
923.745947597
899.932376442
899.932376442
899.932376442
899.932376442
899.932376442
899.932376442
899.932376442
899.932376442
899.932376442
899.932376442
899.932376442
899.932376442
899.932376442
899.932376442
899.932376442
899.932376442
899.932376442
899.932376442
899.932376442
899.932376442
899.932376442
899.932376442
899.932376442
899.932376442
899.932376442
899.932376442
899.932376442
899.932376442
899.932376442
899.932376442
899.932376442
899.932376442
899.932376442
895.229720962
895.229720962
895.229720962
895.229720962
895.229720962
895.229720962
882.486904319
882.486904319
882.486904319
882.486904319
882.486904319
882.486904319
882.486904319
882.486904319
882.486904319
882.486904319
882.486904319
882.486904319
882.486904319
882.486904319
882.486904319
882.486904319
882.486904319
882.486904319
882.486904319
882.486904319
882.486904319
882.486904319
882.486904319
882.486904319
882.486904319
882.486904319
882.486904319
882.486904319
882.486904319
882.486904319
882.486904319
882.486904319
882.486904319
882.486904319
882.486904319
882.486904319
882.486904319
881.489918982
881.489918982
881.489918982
877.136399207
877.136399207
877.136399207
877.136399207
877.136399207
877.136399207
877.136399207
877.136399207
877.136399207
877.136399207
877.136399207
877.136399207
877.136399207
877.136399207
877.136399207
877.136399207
877.136399207
877.136399207
877.136399207
877.136399207
877.136399207
877.136399207
877.136399207
877.136399207
877.136399207
877.136399207
877.136399207
877.136399207
877.136399207
877.136399207
870.101361761
870.101361761
870.101361761
870.101361761
870.101361761
870.101361761
870.101361761
870.101361761
870.101361761
870.101361761
870.101361761
870.101361761
870.101361761
870.101361761
870.101361761
870.101361761
870.101361761
870.101361761
870.101361761
870.101361761
870.101361761
870.101361761
870.101361761
870.101361761
870.101361761
870.101361761
863.761985483
863.761985483
863.761985483
863.761985483
863.761985483
863.761985483
863.761985483
863.761985483
863.761985483
863.761985483
863.761985483
863.761985483
863.761985483
863.761985483
863.761985483
863.761985483
863.761985483
863.761985483
863.761985483
863.761985483
863.761985483
863.761985483
863.761985483
863.761985483
863.761985483
863.761985483
863.761985483
863.761985483
863.761985483
861.613055153
861.613055153
861.613055153
861.613055153
861.613055153
861.613055153
861.613055153
861.613055153
861.613055153
861.613055153
861.613055153
861.613055153
861.613055153
861.613055153
861.613055153
861.613055153
861.613055153
861.613055153
861.613055153
861.613055153
861.613055153
861.613055153
861.613055153
861.613055153
861.613055153
861.613055153
861.613055153
861.613055153
861.613055153
861.613055153
861.613055153
861.613055153
861.613055153
861.613055153
861.613055153
861.613055153
861.613055153
861.613055153
861.613055153
861.613055153
861.613055153
861.613055153
861.613055153
861.613055153
861.613055153
861.613055153
861.613055153
861.613055153
861.613055153
861.613055153
861.613055153
861.613055153
861.613055153
861.613055153
855.590383135
855.590383135
855.590383135
855.590383135
855.590383135
855.590383135
855.590383135
855.590383135
855.590383135
855.590383135
854.80098966
854.80098966
854.80098966
854.80098966
854.80098966
854.80098966
854.80098966
854.80098966
854.80098966
854.80098966
854.80098966
854.80098966
854.80098966
854.80098966
854.80098966
854.80098966
854.80098966
854.80098966
854.80098966
854.80098966
854.80098966
854.80098966
854.80098966
852.933677293
852.933677293
852.933677293
852.933677293
852.933677293
852.933677293
852.933677293
852.933677293
852.933677293
852.933677293
852.933677293
845.070769941
845.070769941
845.070769941
845.070769941
845.070769941
845.070769941
845.070769941
845.070769941
845.070769941
845.070769941
845.070769941
845.070769941
845.070769941
845.070769941
845.070769941
845.070769941
845.070769941
845.070769941
845.070769941
845.070769941
845.070769941
845.070769941
845.070769941
845.070769941
845.070769941
845.070769941
842.263374325
842.263374325
842.263374325
842.263374325
842.263374325
842.263374325
836.166495864
836.166495864
836.166495864
836.166495864
836.166495864
836.166495864
836.166495864
836.166495864
836.166495864
836.166495864
836.166495864
836.166495864
835.249815559
835.249815559
835.249815559
835.249815559
835.249815559
835.249815559
835.249815559
835.249815559
835.249815559
835.249815559
835.249815559
835.249815559
835.249815559
835.249815559
835.249815559
835.249815559
835.249815559
835.249815559
835.249815559
835.249815559
835.249815559
835.249815559
835.249815559
832.200618021
832.200618021
832.200618021
832.200618021
832.200618021
832.200618021
832.200618021
832.200618021
832.200618021
832.200618021
832.200618021
832.200618021
832.200618021
832.200618021
832.200618021
832.200618021
832.200618021
832.200618021
832.200618021
832.200618021
832.200618021
832.200618021
832.200618021
832.200618021
832.200618021
832.200618021
832.200618021
832.200618021
832.200618021
832.200618021
832.200618021
832.200618021
832.200618021
832.200618021
832.200618021
832.200618021
832.200618021
832.200618021
832.200618021
832.200618021
832.200618021
832.200618021
832.200618021
832.200618021
832.200618021
832.200618021
832.200618021
832.200618021
832.200618021
832.200618021
831.021821481
831.021821481
831.021821481
831.021821481
831.021821481
831.021821481
831.021821481
831.021821481
831.021821481
831.021821481
831.021821481
822.199991994
822.199991994
822.199991994
822.199991994
822.199991994
822.199991994
822.199991994
822.199991994
822.199991994
822.199991994
822.199991994
822.199991994
822.199991994
822.199991994
822.199991994
822.199991994
822.199991994
822.199991994
822.199991994
822.199991994
822.199991994
822.199991994
812.629172698
812.629172698
812.629172698
800.627403501
800.627403501
800.627403501
800.627403501
800.627403501
800.627403501
800.627403501
800.627403501
800.627403501
798.64367196
798.64367196
798.64367196
798.64367196
798.64367196
798.64367196
798.64367196
798.64367196
798.64367196
798.64367196
798.64367196
798.64367196
798.64367196
798.64367196
798.64367196
798.64367196
798.64367196
798.64367196
798.64367196
798.64367196
798.64367196
798.64367196
798.64367196
798.64367196
798.64367196
798.64367196
798.64367196
798.64367196
798.64367196
798.64367196
798.64367196
798.64367196
798.64367196
798.64367196
798.64367196
798.64367196
798.64367196
798.64367196
798.64367196
798.64367196
798.64367196
798.64367196
798.64367196
798.64367196
798.64367196
798.64367196
798.64367196
798.64367196
798.64367196
798.64367196
798.64367196
798.64367196
798.64367196
798.64367196
798.64367196
798.64367196
798.64367196
798.64367196
798.64367196
798.64367196
798.64367196
798.64367196
798.64367196
798.64367196
798.64367196
798.64367196
798.64367196
798.64367196
798.64367196
798.64367196
798.64367196
798.64367196
798.64367196
798.64367196
798.64367196
798.64367196
798.64367196
798.64367196
798.64367196
798.64367196
796.519062533
796.519062533
796.519062533
796.519062533
796.519062533
796.519062533
784.899396722
784.899396722
784.899396722
784.899396722
784.899396722
784.899396722
784.899396722
784.899396722
784.899396722
784.899396722
784.899396722
784.899396722
784.899396722
784.899396722
784.899396722
784.899396722
784.899396722
784.899396722
784.899396722
784.899396722
784.899396722
784.899396722
784.899396722
784.899396722
784.899396722
784.899396722
784.899396722
784.899396722
784.899396722
784.899396722
784.899396722
784.899396722
784.899396722
784.899396722
784.899396722
780.35959202
774.98149994
774.98149994
774.98149994
774.98149994
774.98149994
774.98149994
774.98149994
774.98149994
774.98149994
774.98149994
773.472305618
773.472305618
773.472305618
773.472305618
773.472305618
773.472305618
773.472305618
773.472305618
773.472305618
773.472305618
773.472305618
773.472305618
773.472305618
773.472305618
773.472305618
773.472305618
773.472305618
773.472305618
773.472305618
773.472305618
773.472305618
773.472305618
773.472305618
773.472305618
773.472305618
773.472305618
773.472305618
773.472305618
773.472305618
773.472305618
773.472305618
773.472305618
773.472305618
773.472305618
773.472305618
773.472305618
773.472305618
773.472305618
773.472305618
773.472305618
773.472305618
773.472305618
773.472305618
773.472305618
773.472305618
773.472305618
773.472305618
773.472305618
773.472305618
773.472305618
773.472305618
773.472305618
773.472305618
773.472305618
773.472305618
773.472305618
773.472305618
773.472305618
773.472305618
773.472305618
773.472305618
773.472305618
773.472305618
773.472305618
773.472305618
757.077355594
757.077355594
757.077355594
757.077355594
757.077355594
749.529518742
749.529518742
749.529518742
749.529518742
749.529518742
749.529518742
749.529518742
749.529518742
749.529518742
749.529518742
749.529518742
749.529518742
749.529518742
749.529518742
749.529518742
749.529518742
749.529518742
749.529518742
749.529518742
749.529518742
749.529518742
749.529518742
749.529518742
749.529518742
749.529518742
749.529518742
749.529518742
749.529518742
749.529518742
749.529518742
749.529518742
749.529518742
749.529518742
749.529518742
749.529518742
749.529518742
749.529518742
749.529518742
749.529518742
749.529518742
749.529518742
742.440921216
742.440921216
742.440921216
742.440921216
742.440921216
742.440921216
742.440921216
742.440921216
742.440921216
742.440921216
742.440921216
742.440921216
742.440921216
742.440921216
742.440921216
742.440921216
742.440921216
742.440921216
742.440921216
742.440921216
742.440921216
742.440921216
742.440921216
742.440921216
742.440921216
742.440921216
742.440921216
742.440921216
742.440921216
742.440921216
742.440921216
742.440921216
742.440921216
742.440921216
742.440921216
742.440921216
742.440921216
742.440921216
742.440921216
742.440921216
742.440921216
742.440921216
742.440921216
742.440921216
742.440921216
742.440921216
742.440921216
742.440921216
742.440921216
742.440921216
742.440921216
742.440921216
742.440921216
742.440921216
742.440921216
742.440921216
742.440921216
742.440921216
742.440921216
742.440921216
742.440921216
742.440921216
742.440921216
742.440921216
742.440921216
742.440921216
742.440921216
742.440921216
742.440921216
742.440921216
742.440921216
742.440921216
742.440921216
742.440921216
742.440921216
742.440921216
742.440921216
742.440921216
742.440921216
742.440921216
742.440921216
742.440921216
742.440921216
742.440921216
742.440921216
742.440921216
742.440921216
742.440921216
742.440921216
742.440921216
742.440921216
742.440921216
742.440921216
742.440921216
742.440921216
742.440921216
742.440921216
742.440921216
742.440921216
742.440921216
742.440921216
742.440921216
742.440921216
742.440921216
742.440921216
742.440921216
742.440921216
742.440921216
742.440921216
742.440921216
742.440921216
742.440921216
742.440921216
742.440921216
742.440921216
742.440921216
742.440921216
742.440921216
742.440921216
742.440921216
742.440921216
742.440921216
742.440921216
742.440921216
742.440921216
742.440921216
742.440921216
742.440921216
742.440921216
742.440921216
742.440921216
742.440921216
742.440921216
742.440921216
742.440921216
742.440921216
742.440921216
742.440921216
742.440921216
742.440921216
742.440921216
742.385497643
742.385497643
742.385497643
742.385497643
742.385497643
742.385497643
742.385497643
742.385497643
742.385497643
742.385497643
742.385497643
742.385497643
742.385497643
742.385497643
742.385497643
742.385497643
742.385497643
742.385497643
742.385497643
742.385497643
742.385497643
742.385497643
742.385497643
742.385497643
742.385497643
742.385497643
742.385497643
742.385497643
742.385497643
742.385497643
742.385497643
742.385497643
742.385497643
739.821348731
739.821348731
739.821348731
739.821348731
739.821348731
739.821348731
739.821348731
739.821348731
739.821348731
739.821348731
739.821348731
739.821348731
739.821348731
737.195136719
737.195136719
737.195136719
737.195136719
737.195136719
737.195136719
737.195136719
737.195136719
737.195136719
737.195136719
737.195136719
737.195136719
737.195136719
737.195136719
737.195136719
737.195136719
737.195136719
737.195136719
737.195136719
737.195136719
737.195136719
737.195136719
737.195136719
737.195136719
737.195136719
737.195136719
737.195136719
737.195136719
737.195136719
737.195136719
737.195136719
737.195136719
737.195136719
737.195136719
737.195136719
737.195136719
737.195136719
737.195136719
737.195136719
737.195136719
737.195136719
737.195136719
737.195136719
737.195136719
737.195136719
737.195136719
737.195136719
737.195136719
737.195136719
737.195136719
737.195136719
737.195136719
737.195136719
737.195136719
737.195136719
737.195136719
737.195136719
737.195136719
737.195136719
737.195136719
737.195136719
737.195136719
737.195136719
737.195136719
737.195136719
737.195136719
737.195136719
737.195136719
737.195136719
737.195136719
737.195136719
737.195136719
737.195136719
737.195136719
737.195136719
737.195136719
737.195136719
737.195136719
737.195136719
737.195136719
737.195136719
737.195136719
737.195136719
737.195136719
737.195136719
737.195136719
737.195136719
737.195136719
737.195136719
737.195136719
737.195136719
737.195136719
737.195136719
737.195136719
737.195136719
737.195136719
737.195136719
737.195136719
737.195136719
737.195136719
737.195136719
737.195136719
737.195136719
737.195136719
737.195136719
737.195136719
737.195136719
737.195136719
737.195136719
737.195136719
737.195136719
737.195136719
737.195136719
737.195136719
737.195136719
737.195136719
737.195136719
737.195136719
737.195136719
737.195136719
737.195136719
737.195136719
737.195136719
737.195136719
737.195136719
737.195136719
737.195136719
737.195136719
737.195136719
737.195136719
737.195136719
737.195136719
737.195136719
737.195136719
737.195136719
737.195136719
737.195136719
737.195136719
737.195136719
737.195136719
737.195136719
737.195136719
737.195136719
737.195136719
737.195136719
737.195136719
737.195136719
737.195136719
737.195136719
737.195136719
737.195136719
737.195136719
737.195136719
737.195136719
737.195136719
737.195136719
737.195136719
737.195136719
737.195136719
737.195136719
737.195136719
737.195136719
737.195136719
737.195136719
737.195136719
737.195136719
737.195136719
737.195136719
737.195136719
737.195136719
737.195136719
737.195136719
737.195136719
737.195136719
737.195136719
737.195136719
737.195136719
737.195136719
737.195136719
737.195136719
737.195136719
737.195136719
737.195136719
737.195136719
737.195136719
737.195136719
737.195136719
737.195136719
737.195136719
737.195136719
737.195136719
737.195136719
737.195136719
737.195136719
737.195136719
737.195136719
737.195136719
737.195136719
737.195136719
737.195136719
737.195136719
737.195136719
737.195136719
737.195136719
737.195136719
737.195136719
737.195136719
737.195136719
737.195136719
737.195136719
737.195136719
737.195136719
737.195136719
737.195136719
737.195136719
737.195136719
737.195136719
737.195136719
737.195136719
737.195136719
737.195136719
737.195136719
737.195136719
737.195136719
737.195136719
737.195136719
737.195136719
737.195136719
737.195136719
737.195136719
737.195136719
737.195136719
737.195136719
737.195136719
737.195136719
737.195136719
737.195136719
737.195136719
737.195136719
737.195136719
737.195136719
737.195136719
737.195136719
737.195136719
737.195136719
737.195136719
737.195136719
737.195136719
737.195136719
737.195136719
737.195136719
737.195136719
737.195136719
737.195136719
737.195136719
737.195136719
737.195136719
737.195136719
737.195136719
737.195136719
737.195136719
737.195136719
737.195136719
737.195136719
737.195136719
737.195136719
737.195136719
737.195136719
737.195136719
737.195136719
737.195136719
737.195136719
737.195136719
737.195136719
737.195136719
737.195136719
737.195136719
737.195136719
737.195136719
737.195136719
737.195136719
737.195136719
737.195136719
737.195136719
737.195136719
737.195136719
737.195136719
737.195136719
737.195136719
737.195136719
737.195136719
737.195136719
737.195136719
737.195136719
737.195136719
737.195136719
737.195136719
737.195136719
737.195136719
737.195136719
737.195136719
737.195136719
737.195136719
737.195136719
737.195136719
737.195136719
737.195136719
737.195136719
737.195136719
737.195136719
737.195136719
737.195136719
737.195136719
737.195136719
737.195136719
737.195136719
737.195136719
737.195136719
737.195136719
737.195136719
737.195136719
737.195136719
737.195136719
737.195136719
737.195136719
737.195136719
737.195136719
737.195136719
737.195136719
737.195136719
737.195136719
737.195136719
737.195136719
737.195136719
737.195136719
737.195136719
737.195136719
737.195136719
737.195136719
737.195136719
737.195136719
737.195136719
737.195136719
737.195136719
737.195136719
737.195136719
737.195136719
737.195136719
737.195136719
737.195136719
737.195136719
737.195136719
737.195136719
737.195136719
737.195136719
737.195136719
737.195136719
737.195136719
737.195136719
737.195136719
737.195136719
737.195136719
737.195136719
737.195136719
737.195136719
737.195136719
737.195136719
737.195136719
737.195136719
737.195136719
737.195136719
737.195136719
737.195136719
737.195136719
737.195136719
737.195136719
737.195136719
737.195136719
737.195136719
737.195136719
737.195136719
737.195136719
737.195136719
737.195136719
737.195136719
735.907420443
735.907420443
735.907420443
735.907420443
735.907420443
735.907420443
735.907420443
735.907420443
735.907420443
735.907420443
735.907420443
735.907420443
735.907420443
735.907420443
735.907420443
735.907420443
735.907420443
735.907420443
735.907420443
728.315021737
728.315021737
728.315021737
728.315021737
728.315021737
728.315021737
728.315021737
728.315021737
728.315021737
728.315021737
728.315021737
728.315021737
728.315021737
728.315021737
728.315021737
728.315021737
728.315021737
728.315021737
728.315021737
728.315021737
728.315021737
728.315021737
728.315021737
728.315021737
728.315021737
728.315021737
728.315021737
728.315021737
728.315021737
728.315021737
728.315021737
728.315021737
728.315021737
728.315021737
728.315021737
728.315021737
728.315021737
728.315021737
728.315021737
728.315021737
728.315021737
728.315021737
728.315021737
728.315021737
728.315021737
728.315021737
728.315021737
728.315021737
728.315021737
728.315021737
728.315021737
728.315021737
728.315021737
728.315021737
728.315021737
728.315021737
728.315021737
728.315021737
728.315021737
720.856673574
720.856673574
720.856673574
720.856673574
720.856673574
720.856673574
720.856673574
720.856673574
720.856673574
720.856673574
720.856673574
720.856673574
720.856673574
720.856673574
720.856673574
720.856673574
720.856673574
720.856673574
720.856673574
720.856673574
720.856673574
720.856673574
720.856673574
720.856673574
720.856673574
720.856673574
720.856673574
720.856673574
720.856673574
720.856673574
720.856673574
720.856673574
720.856673574
720.856673574
720.856673574
720.856673574
720.856673574
720.856673574
720.856673574
720.856673574
720.856673574
720.856673574
720.856673574
720.856673574
720.856673574
720.856673574
720.856673574
720.856673574
720.856673574
720.856673574
720.856673574
720.856673574
720.856673574
720.856673574
717.292614753
717.292614753
717.292614753
717.292614753
717.292614753
717.292614753
717.292614753
717.292614753
717.292614753
717.292614753
717.292614753
717.292614753
717.292614753
717.292614753
717.292614753
717.292614753
717.292614753
717.292614753
717.292614753
717.292614753
717.292614753
717.292614753
717.292614753
717.292614753
717.292614753
717.292614753
717.292614753
717.292614753
717.292614753
717.292614753
717.292614753
717.292614753
717.292614753
717.292614753
717.292614753
717.292614753
717.292614753
717.292614753
717.292614753
717.292614753
717.292614753
717.292614753
717.292614753
717.292614753
717.292614753
717.292614753
717.292614753
713.31005867
713.31005867
713.31005867
713.31005867
713.31005867
713.31005867
713.31005867
713.31005867
713.31005867
713.31005867
713.31005867
713.31005867
713.31005867
706.783297685
706.783297685
706.783297685
706.783297685
706.783297685
706.783297685
706.783297685
706.783297685
706.783297685
706.783297685
706.783297685
706.783297685
706.783297685
706.783297685
706.783297685
706.783297685
706.783297685
706.783297685
706.783297685
706.783297685
706.783297685
706.783297685
706.783297685
706.783297685
706.783297685
706.783297685
706.783297685
706.783297685
706.783297685
703.366866267
703.366866267
703.366866267
703.366866267
703.366866267
703.366866267
703.366866267
703.366866267
703.366866267
703.366866267
703.366866267
703.366866267
703.366866267
703.366866267
703.366866267
703.366866267
703.366866267
703.366866267
703.366866267
703.366866267
703.366866267
703.366866267
703.366866267
703.366866267
697.583872808
697.583872808
695.226091132
695.226091132
695.226091132
695.226091132
695.226091132
695.226091132
695.226091132
695.226091132
695.226091132
695.226091132
695.226091132
695.226091132
695.226091132
695.226091132
695.226091132
695.226091132
695.226091132
695.226091132
695.226091132
695.226091132
695.226091132
695.226091132
695.226091132
695.226091132
695.226091132
695.226091132
695.226091132
695.226091132
695.226091132
695.226091132
695.226091132
695.226091132
695.226091132
695.226091132
695.226091132
695.226091132
695.226091132
695.226091132
695.226091132
695.226091132
695.226091132
695.226091132
695.226091132
686.474167928
686.474167928
686.474167928
686.474167928
686.142003212
686.142003212
686.142003212
686.142003212
686.142003212
686.142003212
686.142003212
686.142003212
686.142003212
686.142003212
686.142003212
686.142003212
686.142003212
686.142003212
686.142003212
686.142003212
686.142003212
686.142003212
686.142003212
686.142003212
686.142003212
686.142003212
686.142003212
686.142003212
686.142003212
686.142003212
686.142003212
686.142003212
686.142003212
686.142003212
686.142003212
686.142003212
686.142003212
686.142003212
686.142003212
686.142003212
686.142003212
686.142003212
686.142003212
686.142003212
686.142003212
686.142003212
686.142003212
686.142003212
686.142003212
686.142003212
686.142003212
686.142003212
686.142003212
686.142003212
686.142003212
686.142003212
686.142003212
686.142003212
686.142003212
686.142003212
686.142003212
686.142003212
686.142003212
683.443091675
683.443091675
683.443091675
683.443091675
683.443091675
683.443091675
683.443091675
683.443091675
683.443091675
683.443091675
683.443091675
683.443091675
683.443091675
683.443091675
683.443091675
683.443091675
683.443091675
683.443091675
683.443091675
683.443091675
683.443091675
683.443091675
683.443091675
683.443091675
683.443091675
683.443091675
683.443091675
683.443091675
683.443091675
683.443091675
683.443091675
683.443091675
683.443091675
683.443091675
683.443091675
683.443091675
683.443091675
683.443091675
683.443091675
683.443091675
683.443091675
683.443091675
683.443091675
683.443091675
683.443091675
683.443091675
683.443091675
683.443091675
683.443091675
683.443091675
683.443091675
683.443091675
683.443091675
683.443091675
683.443091675
683.443091675
683.443091675
683.443091675
683.443091675
683.443091675
683.443091675
683.443091675
683.443091675
683.443091675
683.443091675
683.443091675
683.443091675
683.443091675
683.443091675
683.443091675
683.443091675
683.443091675
683.443091675
683.443091675
683.443091675
683.443091675
683.443091675
683.443091675
683.443091675
683.443091675
683.443091675
683.443091675
683.443091675
683.443091675
683.443091675
683.443091675
683.443091675
682.470547122
682.470547122
682.470547122
682.470547122
682.470547122
682.470547122
682.470547122
682.470547122
682.470547122
682.470547122
682.470547122
682.470547122
682.470547122
682.470547122
682.470547122
682.470547122
682.470547122
682.470547122
682.470547122
682.470547122
682.470547122
682.470547122
682.470547122
682.470547122
682.470547122
682.470547122
682.470547122
682.470547122
682.470547122
682.470547122
682.470547122
682.470547122
682.470547122
682.470547122
682.470547122
682.470547122
682.470547122
682.470547122
682.470547122
682.470547122
682.470547122
682.470547122
682.470547122
682.470547122
682.470547122
682.470547122
682.470547122
682.470547122
682.470547122
682.470547122
682.470547122
682.470547122
682.470547122
682.470547122
682.470547122
682.470547122
682.470547122
682.470547122
682.470547122
682.470547122
682.470547122
682.470547122
682.470547122
682.470547122
682.470547122
682.470547122
682.470547122
682.470547122
682.470547122
682.470547122
682.470547122
682.470547122
682.470547122
682.470547122
682.470547122
682.470547122
682.470547122
682.470547122
682.470547122
682.470547122
682.470547122
682.470547122
682.470547122
682.470547122
682.470547122
682.470547122
682.470547122
682.470547122
682.470547122
682.470547122
682.470547122
682.470547122
682.470547122
682.470547122
682.470547122
682.470547122
682.470547122
682.470547122
682.470547122
682.470547122
682.470547122
682.470547122
682.470547122
682.470547122
682.470547122
682.470547122
682.470547122
682.470547122
682.470547122
682.470547122
682.470547122
682.470547122
682.470547122
682.470547122
682.470547122
682.470547122
682.470547122
682.470547122
682.470547122
682.470547122
682.470547122
682.470547122
682.470547122
682.470547122
682.470547122
682.470547122
682.470547122
682.470547122
682.470547122
682.470547122
682.470547122
682.470547122
682.470547122
682.470547122
682.470547122
682.470547122
682.470547122
682.470547122
682.470547122
682.470547122
682.470547122
682.470547122
682.470547122
682.470547122
682.470547122
682.470547122
682.470547122
682.470547122
682.470547122
682.470547122
682.470547122
682.470547122
682.470547122
682.470547122
682.470547122
682.470547122
682.470547122
682.470547122
682.470547122
682.470547122
682.470547122
682.470547122
682.470547122
682.470547122
682.470547122
682.470547122
682.470547122
682.470547122
682.470547122
682.470547122
682.470547122
682.470547122
682.470547122
682.470547122
673.973378015
673.973378015
673.973378015
673.973378015
673.973378015
673.973378015
673.973378015
673.973378015
673.973378015
673.973378015
673.335650334
673.335650334
673.335650334
673.335650334
673.335650334
673.335650334
673.335650334
673.335650334
673.335650334
673.335650334
673.335650334
673.335650334
673.335650334
673.335650334
673.335650334
673.335650334
673.335650334
673.335650334
673.335650334
673.335650334
673.335650334
673.335650334
673.335650334
673.335650334
673.335650334
673.335650334
673.335650334
673.335650334
673.335650334
673.335650334
673.335650334
673.335650334
673.335650334
673.335650334
673.335650334
673.335650334
673.335650334
673.335650334
673.335650334
673.335650334
673.335650334
673.335650334
673.335650334
673.335650334
673.335650334
673.335650334
673.335650334
673.335650334
673.335650334
673.335650334
673.335650334
673.335650334
673.335650334
673.335650334
673.335650334
673.335650334
673.335650334
673.335650334
673.335650334
673.335650334
673.335650334
673.335650334
673.335650334
673.335650334
673.335650334
673.335650334
673.335650334
673.335650334
673.335650334
673.335650334
673.335650334
673.335650334
673.335650334
673.335650334
669.179165128
669.179165128
669.179165128
669.179165128
669.179165128
669.179165128
669.179165128
669.179165128
669.179165128
669.179165128
669.179165128
669.179165128
669.179165128
669.179165128
669.179165128
669.179165128
669.179165128
669.179165128
669.179165128
669.179165128
669.179165128
669.179165128
669.179165128
669.179165128
669.179165128
669.179165128
669.179165128
669.179165128
669.179165128
669.179165128
669.179165128
669.179165128
669.179165128
669.179165128
669.179165128
669.179165128
669.179165128
669.179165128
669.179165128
669.179165128
669.179165128
666.756600171
666.756600171
666.756600171
666.756600171
666.756600171
666.756600171
666.756600171
666.756600171
666.756600171
666.756600171
666.756600171
666.756600171
666.756600171
666.756600171
666.756600171
666.756600171
666.756600171
666.756600171
666.756600171
666.756600171
666.756600171
666.756600171
666.756600171
666.756600171
666.756600171
666.756600171
666.756600171
666.756600171
666.756600171
666.756600171
666.756600171
666.756600171
666.756600171
666.756600171
666.756600171
666.756600171
666.756600171
666.756600171
666.756600171
666.756600171
666.756600171
666.756600171
666.756600171
666.756600171
666.756600171
666.756600171
666.756600171
666.756600171
666.756600171
666.756600171
666.756600171
666.756600171
666.756600171
666.756600171
666.756600171
666.756600171
666.756600171
666.756600171
666.756600171
666.756600171
666.756600171
666.756600171
666.756600171
666.756600171
666.756600171
666.756600171
666.756600171
666.756600171
666.756600171
666.756600171
666.756600171
666.756600171
666.756600171
666.756600171
666.756600171
666.756600171
666.756600171
666.756600171
666.756600171
666.756600171
666.756600171
666.756600171
666.756600171
666.756600171
666.756600171
666.756600171
666.756600171
666.756600171
666.756600171
666.756600171
666.756600171
666.756600171
666.756600171
666.756600171
666.756600171
666.756600171
666.756600171
666.756600171
666.756600171
666.756600171
666.756600171
666.756600171
666.756600171
666.756600171
666.756600171
666.756600171
666.756600171
666.756600171
666.756600171
666.756600171
666.756600171
666.756600171
666.756600171
666.756600171
666.756600171
666.756600171
666.756600171
666.756600171
666.756600171
666.756600171
666.756600171
666.756600171
666.756600171
666.756600171
666.756600171
666.756600171
666.756600171
666.756600171
666.756600171
666.756600171
666.756600171
666.756600171
666.756600171
666.756600171
666.756600171
666.756600171
666.756600171
666.756600171
666.756600171
666.756600171
666.756600171
666.756600171
666.756600171
666.756600171
666.756600171
666.756600171
666.756600171
666.756600171
666.756600171
666.756600171
666.756600171
666.756600171
666.756600171
666.756600171
666.756600171
666.756600171
666.756600171
666.756600171
666.756600171
666.756600171
653.164258546
653.164258546
653.164258546
653.164258546
653.164258546
653.164258546
653.164258546
653.164258546
653.164258546
653.164258546
653.164258546
653.164258546
653.164258546
653.164258546
653.164258546
653.164258546
653.164258546
653.164258546
653.164258546
653.164258546
653.164258546
653.164258546
653.164258546
653.164258546
653.164258546
653.164258546
653.164258546
653.164258546
653.164258546
653.164258546
653.164258546
653.164258546
653.164258546
653.164258546
653.164258546
653.164258546
653.164258546
653.164258546
653.164258546
653.164258546
653.164258546
653.164258546
653.164258546
653.164258546
653.164258546
653.164258546
653.164258546
653.164258546
653.164258546
653.164258546
653.164258546
653.164258546
653.164258546
653.164258546
653.164258546
653.164258546
653.164258546
653.164258546
653.164258546
653.164258546
653.164258546
653.164258546
653.164258546
653.164258546
653.164258546
653.164258546
653.164258546
653.164258546
653.164258546
653.164258546
653.164258546
653.164258546
653.164258546
653.164258546
653.164258546
653.164258546
653.164258546
653.164258546
653.164258546
653.164258546
653.164258546
653.164258546
653.164258546
653.164258546
653.164258546
653.164258546
653.164258546
653.164258546
653.164258546
653.164258546
653.164258546
653.164258546
648.772886712
648.772886712
648.772886712
648.772886712
648.772886712
648.772886712
648.772886712
648.772886712
648.772886712
648.772886712
648.772886712
648.772886712
648.772886712
648.772886712
648.772886712
648.772886712
648.772886712
648.772886712
648.772886712
648.772886712
648.772886712
648.772886712
648.772886712
648.772886712
648.772886712
648.772886712
648.772886712
648.772886712
648.772886712
648.772886712
648.772886712
648.772886712
648.772886712
648.772886712
648.772886712
648.772886712
648.772886712
648.772886712
648.772886712
648.772886712
648.772886712
648.772886712
648.772886712
648.772886712
648.772886712
648.772886712
648.772886712
648.772886712
648.772886712
648.772886712
648.772886712
648.772886712
648.772886712
648.772886712
648.772886712
648.772886712
648.772886712
648.772886712
648.772886712
648.772886712
648.772886712
648.772886712
648.772886712
648.772886712
648.772886712
648.772886712
648.772886712
648.772886712
648.772886712
648.772886712
648.772886712
648.772886712
648.772886712
648.772886712
648.772886712
648.772886712
648.772886712
648.772886712
648.772886712
648.772886712
648.772886712
648.772886712
648.772886712
644.696040355
644.696040355
644.696040355
644.696040355
644.696040355
644.696040355
644.696040355
644.696040355
644.696040355
644.696040355
644.696040355
644.696040355
644.696040355
644.696040355
644.696040355
644.696040355
644.696040355
644.696040355
644.696040355
644.696040355
644.696040355
644.696040355
644.696040355
644.696040355
644.696040355
644.696040355
644.696040355
644.696040355
644.696040355
644.696040355
644.696040355
644.696040355
644.696040355
644.696040355
644.696040355
644.696040355
644.696040355
644.696040355
644.696040355
644.696040355
644.696040355
644.696040355
644.696040355
644.696040355
644.696040355
644.696040355
644.696040355
644.696040355
644.696040355
644.696040355
644.696040355
644.696040355
644.696040355
644.696040355
644.696040355
644.696040355
644.696040355
644.696040355
644.696040355
644.696040355
644.696040355
644.696040355
644.696040355
644.696040355
644.696040355
644.696040355
644.696040355
644.696040355
644.696040355
644.696040355
644.696040355
644.696040355
644.696040355
644.696040355
639.09604958
639.09604958
639.09604958
639.09604958
639.09604958
639.09604958
639.09604958
639.09604958
639.09604958
639.09604958
639.09604958
639.09604958
639.09604958
639.09604958
639.09604958
639.09604958
639.09604958
639.09604958
639.09604958
639.09604958
639.09604958
639.09604958
639.09604958
639.09604958
639.09604958
639.09604958
639.09604958
639.09604958
639.09604958
639.09604958
639.09604958
639.09604958
639.09604958
639.09604958
639.09604958
639.09604958
639.09604958
639.09604958
639.09604958
639.09604958
639.09604958
639.09604958
639.09604958
639.09604958
639.09604958
639.09604958
639.09604958
639.09604958
639.09604958
639.09604958
639.09604958
639.09604958
639.09604958
639.09604958
639.09604958
639.09604958
639.09604958
639.09604958
639.09604958
639.09604958
639.09604958
639.09604958
639.09604958
639.09604958
639.09604958
639.09604958
639.09604958
639.09604958
639.09604958
639.09604958
639.09604958
639.09604958
639.09604958
639.09604958
639.09604958
639.09604958
639.09604958
639.09604958
639.09604958
639.09604958
639.09604958
639.09604958
639.09604958
639.09604958
639.09604958
639.09604958
639.09604958
639.09604958
639.09604958
639.09604958
639.09604958
639.09604958
639.09604958
639.09604958
639.09604958
639.09604958
639.09604958
639.09604958
639.09604958
639.09604958
639.09604958
639.09604958
639.09604958
639.09604958
639.09604958
639.09604958
639.09604958
639.09604958
639.09604958
639.09604958
639.09604958
639.09604958
639.09604958
639.09604958
639.09604958
639.09604958
639.09604958
639.09604958
639.09604958
639.09604958
639.09604958
639.09604958
639.09604958
639.09604958
639.09604958
639.09604958
639.09604958
639.09604958
639.09604958
639.09604958
639.09604958
639.09604958
639.09604958
639.09604958
639.09604958
639.09604958
639.09604958
639.09604958
639.09604958
639.09604958
639.09604958
639.09604958
639.09604958
639.09604958
639.09604958
639.09604958
639.09604958
639.09604958
639.09604958
639.09604958
639.09604958
639.09604958
639.09604958
639.09604958
639.09604958
639.09604958
639.09604958
639.09604958
639.09604958
639.09604958
639.09604958
639.09604958
639.09604958
639.09604958
639.09604958
639.09604958
639.09604958
639.09604958
639.09604958
639.09604958
639.09604958
639.09604958
639.09604958
639.09604958
639.09604958
639.09604958
639.09604958
639.09604958
639.09604958
639.09604958
639.09604958
639.09604958
639.09604958
639.09604958
639.09604958
639.09604958
639.09604958
639.09604958
639.09604958
639.09604958
639.09604958
639.09604958
639.09604958
639.09604958
639.09604958
639.09604958
639.09604958
639.09604958
639.09604958
639.09604958
639.09604958
639.09604958
639.09604958
639.09604958
639.09604958
639.09604958
639.09604958
639.09604958
639.09604958
639.09604958
639.09604958
639.09604958
639.09604958
639.09604958
639.09604958
639.09604958
639.09604958
638.032949571
638.032949571
638.032949571
638.032949571
638.032949571
638.032949571
638.032949571
638.032949571
638.032949571
638.032949571
638.032949571
638.032949571
638.032949571
638.032949571
638.032949571
638.032949571
638.032949571
638.032949571
638.032949571
638.032949571
638.032949571
638.032949571
638.032949571
638.032949571
638.032949571
638.032949571
638.032949571
638.032949571
638.032949571
638.032949571
638.032949571
638.032949571
638.032949571
638.032949571
638.032949571
638.032949571
638.032949571
638.032949571
638.032949571
638.032949571
638.032949571
638.032949571
638.032949571
638.032949571
638.032949571
638.032949571
638.032949571
638.032949571
638.032949571
638.032949571
638.032949571
638.032949571
638.032949571
638.032949571
638.032949571
638.032949571
638.032949571
638.032949571
638.032949571
638.032949571
638.032949571
638.032949571
638.032949571
638.032949571
638.032949571
638.032949571
638.032949571
638.032949571
638.032949571
638.032949571
638.032949571
638.032949571
638.032949571
638.032949571
638.032949571
638.032949571
638.032949571
638.032949571
638.032949571
638.032949571
638.032949571
638.032949571
638.032949571
638.032949571
638.032949571
638.032949571
638.032949571
638.032949571
638.032949571
638.032949571
638.032949571
638.032949571
638.032949571
638.032949571
638.032949571
638.032949571
638.032949571
638.032949571
638.032949571
638.032949571
638.032949571
638.032949571
638.032949571
638.032949571
638.032949571
638.032949571
638.032949571
638.032949571
638.032949571
638.032949571
638.032949571
638.032949571
638.032949571
638.032949571
638.032949571
638.032949571
638.032949571
638.032949571
638.032949571
638.032949571
638.032949571
638.032949571
638.032949571
638.032949571
638.032949571
638.032949571
638.032949571
638.032949571
638.032949571
638.032949571
638.032949571
638.032949571
638.032949571
638.032949571
638.032949571
638.032949571
638.032949571
638.032949571
638.032949571
638.032949571
638.032949571
638.032949571
638.032949571
638.032949571
638.032949571
638.032949571
638.032949571
638.032949571
638.032949571
638.032949571
638.032949571
638.032949571
638.032949571
638.032949571
638.032949571
638.032949571
638.032949571
638.032949571
638.032949571
638.032949571
638.032949571
638.032949571
638.032949571
638.032949571
638.032949571
638.032949571
638.032949571
638.032949571
638.032949571
638.032949571
638.032949571
638.032949571
638.032949571
638.032949571
638.032949571
638.032949571
638.032949571
638.032949571
638.032949571
638.032949571
638.032949571
638.032949571
638.032949571
638.032949571
638.032949571
638.032949571
638.032949571
638.032949571
638.032949571
638.032949571
638.032949571
638.032949571
638.032949571
638.032949571
638.032949571
638.032949571
638.032949571
638.032949571
638.032949571
638.032949571
638.032949571
638.032949571
638.032949571
638.032949571
638.032949571
638.032949571
638.032949571
638.032949571
638.032949571
638.032949571
638.032949571
638.032949571
638.032949571
638.032949571
638.032949571
638.032949571
638.032949571
638.032949571
638.032949571
638.032949571
638.032949571
638.032949571
638.032949571
638.032949571
638.032949571
638.032949571
638.032949571
638.032949571
638.032949571
638.032949571
638.032949571
638.032949571
638.032949571
638.032949571
638.032949571
638.032949571
638.032949571
638.032949571
638.032949571
638.032949571
638.032949571
638.032949571
638.032949571
638.032949571
638.032949571
638.032949571
634.130834312
634.130834312
634.130834312
634.130834312
634.130834312
634.130834312
634.130834312
634.130834312
634.130834312
634.130834312
634.130834312
634.130834312
634.130834312
634.130834312
634.130834312
634.130834312
634.130834312
634.130834312
634.130834312
634.130834312
634.130834312
634.130834312
634.130834312
634.130834312
634.130834312
634.130834312
634.130834312
634.130834312
634.130834312
634.130834312
634.130834312
634.130834312
634.130834312
634.130834312
634.130834312
634.130834312
634.130834312
634.130834312
634.130834312
634.130834312
634.130834312
634.130834312
634.130834312
634.130834312
634.130834312
633.154126494
633.154126494
633.154126494
633.154126494
633.154126494
633.154126494
633.154126494
633.154126494
633.154126494
633.154126494
633.154126494
633.154126494
633.154126494
633.154126494
633.154126494
633.154126494
633.154126494
633.154126494
633.154126494
633.154126494
633.154126494
633.154126494
633.154126494
633.154126494
633.154126494
633.154126494
633.154126494
633.154126494
633.154126494
633.154126494
633.154126494
633.154126494
633.154126494
633.154126494
633.154126494
633.154126494
633.154126494
633.154126494
633.154126494
633.154126494
633.154126494
633.154126494
633.154126494
631.115820711
631.115820711
631.115820711
631.115820711
631.115820711
631.115820711
631.115820711
631.115820711
631.115820711
631.115820711
631.115820711
631.115820711
631.115820711
631.115820711
631.115820711
631.115820711
631.115820711
631.115820711
631.115820711
631.115820711
631.115820711
631.115820711
631.115820711
631.115820711
631.115820711
631.115820711
631.115820711
631.115820711
631.115820711
631.115820711
631.115820711
631.115820711
631.115820711
631.115820711
631.115820711
631.115820711
631.115820711
631.115820711
631.115820711
631.115820711
631.115820711
631.115820711
631.115820711
631.115820711
631.115820711
631.115820711
631.115820711
631.115820711
631.115820711
631.115820711
631.115820711
631.115820711
631.115820711
631.115820711
631.115820711
631.115820711
631.115820711
631.115820711
631.115820711
631.115820711
631.115820711
631.115820711
631.115820711
631.115820711
631.115820711
631.115820711
631.115820711
631.115820711
631.115820711
631.115820711
631.115820711
631.115820711
631.115820711
631.115820711
631.115820711
631.115820711
631.115820711
631.115820711
631.115820711
631.115820711
631.115820711
631.115820711
631.115820711
631.115820711
631.115820711
631.115820711
631.115820711
631.115820711
631.115820711
631.115820711
631.115820711
629.030687295
629.030687295
629.030687295
629.030687295
629.030687295
629.030687295
629.030687295
629.030687295
629.030687295
629.030687295
629.030687295
629.030687295
629.030687295
629.030687295
629.030687295
629.030687295
629.030687295
629.030687295
629.030687295
629.030687295
629.030687295
629.030687295
629.030687295
629.030687295
629.030687295
629.030687295
629.030687295
629.030687295
629.030687295
629.030687295
629.030687295
629.030687295
629.030687295
629.030687295
629.030687295
629.030687295
629.030687295
629.030687295
629.030687295
629.030687295
629.030687295
629.030687295
629.030687295
629.030687295
629.030687295
629.030687295
629.030687295
629.030687295
629.030687295
629.030687295
629.030687295
629.030687295
629.030687295
629.030687295
629.030687295
629.030687295
629.030687295
629.030687295
629.030687295
629.030687295
629.030687295
629.030687295
629.030687295
629.030687295
629.030687295
629.030687295
629.030687295
629.030687295
629.030687295
629.030687295
629.030687295
629.030687295
629.030687295
629.030687295
629.030687295
629.030687295
629.030687295
629.030687295
629.030687295
629.030687295
629.030687295
629.030687295
629.030687295
629.030687295
629.030687295
629.030687295
629.030687295
629.030687295
629.030687295
629.030687295
629.030687295
629.030687295
626.064040468
626.064040468
626.064040468
626.064040468
626.064040468
626.064040468
626.064040468
626.064040468
626.064040468
626.064040468
626.064040468
626.064040468
626.064040468
626.064040468
626.064040468
626.064040468
626.064040468
626.064040468
626.064040468
626.064040468
626.064040468
626.064040468
626.064040468
626.064040468
626.064040468
626.064040468
626.064040468
626.064040468
626.064040468
626.064040468
626.064040468
626.064040468
626.064040468
626.064040468
626.064040468
626.064040468
626.064040468
626.064040468
626.064040468
626.064040468
626.064040468
626.064040468
626.064040468
626.064040468
626.064040468
626.064040468
626.064040468
626.064040468
626.064040468
626.064040468
626.064040468
626.064040468
626.064040468
626.064040468
626.064040468
626.064040468
626.064040468
626.064040468
626.064040468
626.064040468
626.064040468
626.064040468
626.064040468
626.064040468
626.064040468
626.064040468
626.064040468
626.064040468
626.064040468
626.064040468
626.064040468
626.064040468
626.064040468
626.064040468
626.064040468
626.064040468
626.064040468
626.064040468
626.064040468
626.064040468
626.064040468
626.064040468
626.064040468
626.064040468
626.064040468
626.064040468
626.064040468
626.064040468
626.064040468
626.064040468
626.064040468
626.064040468
626.064040468
626.064040468
626.064040468
626.064040468
626.064040468
626.064040468
626.064040468
626.064040468
626.064040468
626.064040468
626.064040468
626.064040468
626.064040468
626.064040468
626.064040468
626.064040468
626.064040468
626.064040468
626.064040468
626.064040468
626.064040468
626.064040468
626.064040468
626.064040468
626.064040468
626.064040468
626.064040468
626.064040468
626.064040468
626.064040468
626.064040468
626.064040468
626.064040468
626.064040468
626.064040468
626.064040468
626.064040468
626.064040468
626.064040468
626.064040468
626.064040468
626.064040468
626.064040468
626.064040468
626.064040468
626.064040468
626.064040468
626.064040468
626.064040468
626.064040468
626.064040468
626.064040468
626.064040468
626.064040468
626.064040468
626.064040468
626.064040468
626.064040468
626.064040468
626.064040468
626.064040468
626.064040468
626.064040468
626.064040468
626.064040468
626.064040468
626.064040468
626.064040468
626.064040468
626.064040468
626.064040468
626.064040468
626.064040468
626.064040468
626.064040468
626.064040468
626.064040468
626.064040468
626.064040468
626.064040468
626.064040468
626.064040468
626.064040468
626.064040468
626.064040468
626.064040468
626.064040468
626.064040468
626.064040468
626.064040468
626.064040468
626.064040468
626.064040468
626.064040468
626.064040468
626.064040468
626.064040468
626.064040468
626.064040468
626.064040468
626.064040468
626.064040468
626.064040468
626.064040468
626.064040468
626.064040468
626.064040468
626.064040468
626.064040468
626.064040468
626.064040468
626.064040468
626.064040468
626.064040468
626.064040468
626.064040468
626.064040468
626.064040468
626.064040468
626.064040468
626.064040468
626.064040468
626.064040468
626.064040468
626.064040468
626.064040468
626.064040468
626.064040468
626.064040468
626.064040468
626.064040468
626.064040468
626.064040468
626.064040468
626.064040468
626.064040468
626.064040468
626.064040468
626.064040468
626.064040468
626.064040468
626.064040468
626.064040468
626.064040468
626.064040468
626.064040468
626.064040468
626.064040468
626.064040468
626.064040468
626.064040468
626.064040468
626.064040468
626.064040468
626.064040468
626.064040468
626.064040468
626.064040468
626.064040468
626.064040468
626.064040468
626.064040468
626.064040468
626.064040468
626.064040468
626.064040468
626.064040468
626.064040468
626.064040468
626.064040468
626.064040468
626.064040468
626.064040468
626.064040468
626.064040468
626.064040468
626.064040468
626.064040468
626.064040468
626.064040468
626.064040468
626.064040468
626.064040468
626.064040468
626.064040468
626.064040468
626.064040468
626.064040468
626.064040468
626.064040468
626.064040468
626.064040468
626.064040468
626.064040468
626.064040468
626.064040468
626.064040468
626.064040468
626.064040468
626.064040468
626.064040468
626.064040468
626.064040468
626.064040468
626.064040468
626.064040468
626.064040468
626.064040468
626.064040468
626.064040468
626.064040468
626.064040468
626.064040468
626.064040468
626.064040468
626.064040468
626.064040468
626.064040468
626.064040468
626.064040468
626.064040468
626.064040468
626.064040468
626.064040468
626.064040468
626.064040468
626.064040468
626.064040468
626.064040468
626.064040468
626.064040468
626.064040468
626.064040468
626.064040468
626.064040468
626.064040468
626.064040468
626.064040468
626.064040468
626.064040468
626.064040468
626.064040468
626.064040468
626.064040468
626.064040468
626.064040468
626.064040468
626.064040468
626.064040468
626.064040468
626.064040468
626.064040468
626.064040468
626.064040468
626.064040468
626.064040468
626.064040468
626.064040468
626.064040468
626.064040468
626.064040468
626.064040468
626.064040468
626.064040468
626.064040468
626.064040468
626.064040468
626.064040468
626.064040468
626.064040468
626.064040468
626.064040468
626.064040468
626.064040468
626.064040468
626.064040468
626.064040468
626.064040468
626.064040468
626.064040468
626.064040468
626.064040468
626.064040468
626.064040468
626.064040468
626.064040468
626.064040468
626.064040468
626.064040468
626.064040468
626.064040468
626.064040468
626.064040468
626.064040468
626.064040468
626.064040468
626.064040468
626.064040468
626.064040468
626.064040468
626.064040468
626.064040468
626.064040468
626.064040468
626.064040468
626.064040468
626.064040468
626.064040468
626.064040468
626.064040468
626.064040468
626.064040468
626.064040468
626.064040468
626.064040468
626.064040468
626.064040468
626.064040468
626.064040468
626.064040468
626.064040468
626.064040468
626.064040468
626.064040468
626.064040468
626.064040468
626.064040468
626.064040468
626.064040468
626.064040468
626.064040468
626.064040468
626.064040468
626.064040468
626.064040468
626.064040468
626.064040468
626.064040468
626.064040468
624.305385431
624.305385431
624.305385431
624.305385431
624.305385431
624.305385431
624.305385431
624.305385431
624.305385431
624.305385431
624.305385431
624.305385431
624.305385431
624.305385431
624.305385431
624.305385431
624.305385431
624.305385431
624.305385431
624.305385431
624.305385431
624.305385431
624.305385431
624.305385431
624.305385431
624.305385431
624.305385431
624.305385431
624.305385431
624.305385431
624.305385431
624.305385431
624.305385431
624.305385431
624.305385431
624.305385431
624.305385431
624.305385431
624.305385431
624.305385431
624.305385431
624.305385431
624.305385431
624.305385431
624.305385431
624.305385431
624.305385431
624.305385431
624.305385431
624.305385431
624.305385431
624.305385431
624.305385431
624.305385431
624.305385431
624.305385431
624.305385431
624.305385431
624.305385431
624.305385431
624.305385431
624.305385431
624.305385431
624.305385431
624.305385431
624.305385431
624.305385431
624.305385431
624.305385431
624.305385431
624.305385431
624.305385431
624.305385431
624.305385431
624.305385431
624.305385431
624.305385431
624.305385431
624.305385431
624.305385431
624.305385431
624.305385431
624.305385431
624.305385431
624.305385431
624.305385431
624.305385431
624.305385431
624.305385431
624.305385431
624.305385431
624.305385431
624.305385431
624.305385431
624.305385431
624.305385431
624.305385431
624.305385431
624.305385431
624.305385431
624.305385431
624.305385431
624.305385431
624.305385431
624.305385431
624.305385431
624.305385431
624.305385431
624.305385431
624.305385431
624.305385431
624.305385431
624.305385431
624.305385431
624.305385431
624.305385431
624.305385431
624.305385431
624.305385431
624.305385431
624.305385431
624.305385431
624.305385431
624.305385431
624.305385431
624.305385431
624.305385431
624.305385431
624.305385431
624.305385431
624.305385431
624.305385431
624.305385431
624.305385431
624.305385431
624.305385431
624.305385431
624.305385431
624.305385431
624.305385431
624.305385431
624.305385431
624.305385431
624.305385431
624.305385431
624.305385431
624.305385431
624.305385431
624.305385431
624.305385431
624.305385431
624.305385431
624.305385431
624.305385431
624.305385431
624.305385431
624.305385431
624.305385431
624.305385431
624.305385431
624.305385431
624.305385431
624.305385431
624.305385431
624.305385431
624.305385431
624.305385431
624.305385431
624.305385431
624.305385431
624.305385431
624.305385431
624.305385431
624.305385431
624.305385431
624.305385431
624.305385431
624.305385431
624.305385431
624.305385431
624.305385431
624.305385431
624.305385431
624.305385431
624.305385431
624.305385431
624.305385431
624.305385431
624.305385431
624.305385431
624.305385431
624.305385431
624.305385431
624.305385431
624.305385431
624.305385431
624.305385431
624.305385431
623.959788429
623.959788429
623.959788429
623.959788429
623.959788429
623.959788429
623.959788429
623.959788429
623.959788429
623.959788429
623.959788429
623.959788429
623.959788429
623.959788429
623.959788429
623.959788429
623.959788429
623.959788429
623.959788429
623.959788429
623.959788429
623.959788429
623.959788429
623.959788429
623.959788429
623.959788429
623.959788429
623.959788429
623.959788429
623.959788429
623.959788429
623.959788429
623.959788429
623.959788429
623.959788429
623.959788429
623.959788429
623.959788429
623.959788429
623.959788429
623.959788429
623.959788429
623.959788429
623.959788429
623.959788429
623.959788429
623.959788429
623.959788429
623.959788429
623.959788429
623.959788429
623.959788429
623.959788429
623.959788429
623.959788429
623.959788429
623.959788429
623.959788429
623.959788429
623.959788429
623.959788429
623.959788429
623.959788429
623.959788429
623.959788429
623.959788429
623.598411189
623.598411189
623.598411189
623.598411189
623.598411189
623.598411189
623.598411189
623.598411189
623.598411189
623.598411189
623.598411189
623.598411189
623.598411189
623.598411189
623.598411189
623.598411189
623.598411189
623.598411189
623.598411189
623.598411189
623.598411189
623.598411189
623.598411189
623.598411189
623.598411189
623.598411189
623.598411189
623.598411189
623.598411189
623.598411189
623.598411189
623.598411189
623.598411189
623.598411189
623.598411189
623.598411189
623.598411189
623.598411189
623.598411189
623.598411189
623.598411189
623.598411189
623.598411189
623.598411189
623.598411189
623.598411189
623.598411189
623.598411189
623.598411189
623.598411189
623.598411189
623.598411189
623.598411189
623.598411189
623.598411189
623.598411189
623.598411189
623.598411189
623.598411189
623.598411189
623.598411189
623.598411189
623.598411189
623.598411189
623.598411189
623.598411189
623.598411189
623.598411189
623.598411189
623.598411189
620.617023061
620.617023061
620.617023061
620.617023061
620.617023061
620.617023061
620.617023061
620.617023061
620.617023061
620.617023061
620.617023061
620.617023061
620.617023061
620.617023061
620.617023061
620.617023061
620.617023061
620.617023061
620.617023061
620.617023061
620.617023061
620.617023061
620.617023061
620.617023061
620.617023061
620.617023061
620.617023061
620.617023061
620.617023061
620.617023061
620.617023061
620.617023061
620.617023061
620.617023061
620.617023061
620.617023061
620.617023061
620.617023061
620.617023061
620.617023061
620.617023061
620.617023061
620.617023061
620.617023061
620.617023061
620.617023061
620.617023061
620.617023061
620.617023061
620.617023061
620.617023061
620.617023061
620.617023061
620.617023061
620.617023061
620.617023061
620.617023061
620.617023061
620.617023061
620.617023061
620.617023061
620.617023061
620.617023061
620.617023061
618.58438348
618.58438348
618.58438348
618.58438348
618.58438348
618.58438348
618.58438348
618.58438348
618.58438348
618.58438348
618.58438348
618.58438348
618.58438348
618.58438348
618.58438348
618.58438348
618.58438348
618.58438348
618.58438348
618.58438348
618.58438348
618.58438348
618.58438348
618.58438348
618.58438348
618.58438348
618.58438348
618.58438348
618.58438348
618.58438348
618.58438348
618.58438348
618.58438348
618.58438348
618.58438348
618.58438348
618.58438348
618.58438348
618.58438348
618.58438348
618.58438348
618.58438348
618.58438348
618.58438348
618.58438348
618.58438348
618.58438348
618.58438348
618.58438348
618.58438348
618.58438348
618.58438348
618.58438348
618.58438348
618.58438348
618.58438348
618.58438348
618.58438348
618.58438348
618.58438348
618.58438348
618.58438348
618.58438348
618.58438348
618.58438348
618.58438348
618.58438348
618.58438348
618.58438348
618.58438348
618.58438348
618.58438348
618.58438348
618.58438348
618.58438348
618.58438348
618.58438348
618.58438348
618.58438348
618.58438348
618.58438348
618.58438348
618.58438348
618.58438348
618.58438348
618.58438348
618.58438348
618.58438348
618.58438348
618.58438348
618.58438348
618.58438348
618.58438348
618.58438348
618.58438348
618.58438348
618.58438348
618.58438348
618.58438348
618.58438348
618.58438348
618.58438348
618.58438348
618.58438348
618.58438348
618.58438348
618.58438348
618.58438348
618.58438348
618.58438348
618.58438348
618.58438348
618.58438348
618.58438348
618.58438348
618.58438348
618.58438348
618.58438348
618.58438348
618.58438348
618.58438348
618.58438348
618.58438348
618.58438348
618.58438348
618.58438348
618.58438348
618.58438348
618.58438348
618.58438348
618.58438348
618.58438348
618.58438348
618.58438348
618.58438348
618.58438348
618.58438348
618.58438348
618.58438348
618.58438348
618.58438348
618.58438348
618.58438348
618.58438348
618.58438348
618.58438348
618.58438348
618.58438348
618.58438348
618.58438348
618.58438348
618.58438348
618.58438348
617.677187432
617.677187432
617.677187432
617.677187432
617.677187432
617.677187432
617.677187432
617.677187432
617.677187432
617.677187432
617.677187432
617.677187432
617.677187432
617.677187432
617.677187432
617.677187432
617.677187432
617.677187432
617.677187432
617.677187432
617.677187432
617.677187432
617.677187432
617.677187432
617.677187432
617.677187432
617.677187432
617.677187432
617.677187432
617.677187432
617.677187432
617.677187432
617.677187432
617.677187432
617.677187432
617.677187432
617.677187432
617.677187432
617.677187432
617.677187432
617.677187432
617.677187432
617.677187432
617.677187432
617.677187432
617.677187432
617.677187432
617.677187432
617.677187432
617.677187432
617.677187432
617.677187432
617.677187432
617.677187432
617.677187432
617.677187432
617.677187432
617.677187432
617.677187432
617.677187432
617.677187432
617.677187432
617.677187432
617.677187432
617.677187432
617.677187432
617.677187432
617.677187432
617.677187432
617.677187432
617.677187432
617.677187432
617.677187432
617.677187432
617.677187432
617.677187432
617.677187432
617.677187432
617.677187432
617.677187432
617.677187432
617.677187432
617.677187432
617.677187432
617.677187432
617.677187432
617.677187432
617.677187432
617.677187432
617.677187432
617.677187432
617.677187432
617.677187432
617.677187432
617.677187432
617.677187432
617.677187432
617.677187432
617.677187432
617.677187432
617.677187432
617.677187432
617.677187432
617.677187432
617.677187432
617.677187432
617.677187432
617.677187432
617.677187432
617.677187432
617.677187432
617.677187432
617.677187432
617.677187432
617.677187432
617.677187432
617.677187432
617.677187432
617.677187432
617.677187432
617.677187432
617.677187432
617.677187432
617.677187432
617.677187432
617.677187432
617.677187432
617.677187432
617.677187432
617.677187432
617.677187432
617.677187432
617.677187432
617.677187432
617.677187432
617.677187432
617.677187432
617.677187432
617.677187432
617.677187432
617.677187432
617.677187432
617.677187432
617.677187432
617.677187432
617.677187432
617.677187432
617.677187432
617.677187432
617.677187432
617.677187432
617.677187432
617.677187432
617.677187432
617.677187432
617.677187432
617.677187432
617.677187432
617.677187432
617.677187432
617.677187432
617.677187432
617.677187432
617.677187432
617.677187432
617.677187432
617.677187432
617.677187432
617.677187432
617.677187432
617.677187432
617.677187432
617.677187432
617.677187432
617.677187432
617.677187432
617.677187432
617.677187432
617.677187432
617.677187432
617.677187432
617.677187432
617.677187432
617.677187432
617.677187432
617.677187432
617.677187432
617.677187432
617.677187432
617.677187432
617.677187432
617.677187432
617.677187432
617.677187432
617.677187432
617.677187432
617.677187432
617.677187432
617.677187432
617.677187432
617.677187432
617.677187432
617.677187432
617.677187432
617.677187432
617.677187432
617.677187432
617.677187432
617.677187432
617.677187432
617.677187432
617.677187432
617.677187432
617.677187432
617.677187432
617.677187432
617.677187432
617.677187432
617.677187432
617.677187432
617.677187432
617.677187432
617.677187432
617.677187432
617.677187432
617.677187432
617.677187432
617.677187432
617.677187432
617.677187432
617.677187432
617.677187432
617.677187432
617.677187432
617.677187432
617.677187432
617.677187432
617.677187432
617.677187432
617.677187432
617.677187432
617.677187432
617.677187432
617.677187432
617.677187432
617.677187432
617.677187432
617.677187432
617.677187432
617.677187432
617.677187432
617.677187432
617.677187432
617.677187432
617.677187432
617.677187432
617.677187432
617.677187432
617.677187432
617.677187432
617.677187432
617.677187432
617.677187432
617.677187432
617.677187432
617.677187432
617.677187432
617.677187432
617.677187432
617.677187432
617.677187432
617.677187432
617.677187432
617.677187432
617.677187432
617.677187432
617.677187432
617.677187432
617.677187432
617.677187432
617.677187432
617.677187432
617.677187432
617.677187432
617.677187432
617.677187432
617.677187432
617.677187432
617.677187432
617.677187432
617.677187432
617.677187432
617.677187432
617.677187432
617.677187432
617.677187432
617.677187432
617.677187432
617.677187432
617.677187432
617.677187432
617.677187432
617.677187432
617.677187432
617.677187432
617.677187432
617.677187432
617.677187432
617.677187432
617.677187432
617.677187432
617.677187432
617.677187432
617.677187432
617.677187432
617.677187432
617.677187432
617.677187432
617.677187432
617.677187432
617.677187432
617.677187432
617.677187432
617.677187432
617.677187432
617.677187432
617.677187432
617.677187432
617.677187432
617.677187432
617.677187432
617.677187432
617.677187432
617.677187432
617.677187432
617.677187432
617.677187432
617.677187432
617.677187432
617.677187432
617.677187432
617.677187432
617.677187432
617.677187432
617.677187432
617.677187432
617.677187432
617.677187432
617.677187432
617.677187432
617.677187432
617.677187432
617.677187432
617.677187432
617.677187432
617.677187432
617.677187432
617.677187432
617.677187432
617.677187432
617.677187432
617.677187432
617.677187432
617.677187432
617.677187432
617.677187432
617.677187432
617.677187432
617.677187432
617.677187432
617.677187432
617.677187432
617.677187432
617.677187432
617.677187432
617.677187432
617.677187432
617.677187432
617.677187432
617.677187432
617.677187432
617.677187432
617.677187432
617.677187432
617.677187432
617.677187432
617.677187432
617.677187432
617.677187432
617.677187432
617.677187432
617.677187432
617.677187432
617.677187432
617.677187432
617.677187432
617.677187432
617.677187432
617.677187432
617.677187432
617.677187432
617.677187432
617.677187432
617.677187432
617.677187432
617.677187432
617.677187432
617.677187432
617.677187432
617.677187432
617.677187432
617.677187432
617.677187432
617.677187432
617.677187432
617.677187432
617.677187432
617.677187432
617.677187432
617.677187432
617.677187432
617.677187432
617.677187432
617.677187432
617.677187432
617.677187432
617.677187432
617.677187432
617.677187432
617.677187432
617.677187432
617.677187432
617.677187432
617.677187432
617.677187432
617.677187432
617.677187432
617.677187432
617.677187432
617.677187432
617.677187432
617.677187432
617.677187432
617.677187432
617.677187432
617.677187432
617.677187432
617.677187432
617.677187432
617.677187432
617.677187432
617.677187432
617.677187432
617.677187432
617.677187432
617.677187432
617.677187432
617.677187432
617.677187432
617.677187432
617.677187432
617.677187432
617.677187432
617.677187432
617.677187432
617.677187432
617.677187432
617.677187432
617.677187432
617.677187432
617.677187432
617.677187432
617.677187432
617.677187432
617.677187432
617.677187432
617.677187432
617.677187432
617.677187432
617.677187432
617.677187432
617.677187432
617.677187432
617.677187432
617.677187432
617.677187432
617.677187432
617.677187432
617.677187432
617.677187432
617.677187432
617.677187432
617.677187432
617.677187432
617.677187432
617.677187432
617.677187432
617.677187432
617.677187432
617.677187432
615.677187432
615.677187432
615.677187432
615.677187432
615.677187432
615.677187432
615.677187432
615.677187432
615.677187432
615.677187432
615.677187432
615.677187432
615.677187432
615.677187432
615.677187432
615.677187432
615.677187432
615.677187432
615.677187432
615.677187432
615.677187432
615.677187432
615.677187432
615.677187432
615.677187432
615.677187432
615.677187432
615.677187432
615.677187432
615.677187432
615.677187432
615.677187432
615.677187432
615.677187432
615.677187432
615.677187432
615.677187432
615.677187432
615.677187432
615.677187432
615.677187432
615.677187432
615.677187432
615.677187432
615.677187432
615.677187432
615.677187432
615.677187432
615.677187432
615.677187432
615.677187432
615.677187432
