1562.339365
1562.339365
1562.339365
1549.10727687
1549.10727687
1549.10727687
1549.10727687
1538.66750669
1538.66750669
1536.21664165
1536.21664165
1536.21664165
1536.21664165
1527.19546814
1527.19546814
1527.19546814
1505.80473084
1470.62352453
1461.24172007
1461.24172007
1461.24172007
1461.24172007
1459.47516959
1459.47516959
1453.82347878
1453.82347878
1453.82347878
1453.72081001
1453.72081001
1453.72081001
1448.54553564
1448.54553564
1448.54553564
1448.54553564
1448.54553564
1438.6958712
1425.35416507
1425.35416507
1392.23374329
1373.41294641
1373.41294641
1372.54978947
1372.54978947
1372.54978947
1372.54978947
1372.54978947
1372.54978947
1372.54978947
1372.54978947
1372.54978947
1351.60046017
1351.60046017
1351.60046017
1348.25344415
1348.25344415
1348.25344415
1348.25344415
1348.25344415
1335.79475278
1335.79475278
1335.79475278
1324.36088395
1288.77937361
1288.77937361
1288.77937361
1288.77937361
1288.77937361
1275.77447462
1275.77447462
1275.77447462
1275.77447462
1275.77447462
1275.77447462
1275.77447462
1275.77447462
1275.77447462
1274.17825997
1274.17825997
1274.17825997
1271.69222092
1248.4317138
1248.4317138
1248.4317138
1248.4317138
1248.4317138
1248.4317138
1248.4317138
1247.9151281
1226.73183641
1175.94792904
1157.22619911
1157.22619911
1156.92786788
1156.92786788
1156.92786788
1156.92786788
1156.92786788
1152.36305559
1150.20258868
1150.20258868
1127.79763107
1127.79763107
1127.79763107
1127.79763107
1114.31825468
1114.31825468
1114.31825468
1114.31825468
1114.31825468
1114.31825468
1114.31825468
1114.31825468
1114.31825468
1114.31825468
1114.31825468
1114.31825468
1114.31825468
1114.31825468
1114.31825468
1114.31825468
1114.31825468
1114.31825468
1114.31825468
1114.01691022
1114.01691022
1114.01691022
1114.01691022
1114.01691022
1114.01691022
1114.01691022
1114.01691022
1114.01691022
1112.70949979
1112.70949979
1112.70949979
1112.70949979
1112.70949979
1112.70949979
1112.70949979
1112.70949979
1112.70949979
1112.70949979
1112.70949979
1112.70949979
1112.70949979
1112.70949979
1112.70949979
1112.70949979
1112.70949979
1112.70949979
1112.70949979
1112.70949979
1112.70949979
1112.70949979
1112.70949979
1112.70949979
1112.70949979
1112.70949979
1112.70949979
1112.70949979
1112.70949979
1112.70949979
1112.70949979
1112.70949979
1112.70949979
1112.70949979
1094.83497039
1094.83497039
1094.83497039
1094.83497039
1094.83497039
1094.83497039
1094.83497039
1094.83497039
1094.83497039
1094.83497039
1094.83497039
1094.83497039
1094.83497039
1091.29656972
1091.29656972
1091.29656972
1091.29656972
1091.29656972
1091.29656972
1091.29656972
1091.29656972
1091.29656972
1079.93523796
1079.93523796
1079.93523796
1079.93523796
1079.93523796
1079.93523796
1079.93523796
1079.49694152
1079.49694152
1079.49694152
1079.49694152
1079.49694152
1079.49694152
1079.49694152
1079.49694152
1079.49694152
1079.49694152
1079.49694152
1079.49694152
1079.49694152
1079.49694152
1079.49694152
1079.49694152
1079.49694152
1079.49694152
1079.49694152
1079.49694152
1079.49694152
1076.99470419
1076.99470419
1076.99470419
1076.99470419
1076.99470419
1076.99470419
1076.99470419
1071.79294275
1071.79294275
1049.12900793
1049.12900793
1049.12900793
1049.12900793
1049.12900793
1049.12900793
1049.12900793
1040.49687665
1040.49687665
1040.49687665
1040.49687665
1040.49687665
1040.49687665
1040.49687665
1040.49687665
1040.49687665
1040.49687665
1040.49687665
1040.49687665
1040.49687665
1040.49687665
1040.49687665
1040.49687665
1040.49687665
1040.49687665
1040.49687665
1040.49687665
1040.49687665
1040.49687665
1040.49687665
1040.49687665
1040.49687665
1040.49687665
1040.49687665
1040.49687665
1040.49687665
1040.49687665
1040.49687665
1008.40307198
1008.40307198
1008.40307198
1008.40307198
1008.40307198
1008.40307198
1008.40307198
1008.40307198
1008.40307198
1008.40307198
1008.40307198
1008.40307198
1008.40307198
1008.40307198
1006.43156635
1006.43156635
1006.43156635
1006.43156635
994.96920159
994.96920159
994.96920159
981.027307468
981.027307468
981.027307468
981.027307468
981.027307468
981.027307468
981.027307468
981.027307468
981.027307468
977.670371583
977.670371583
974.509877165
974.509877165
974.509877165
974.509877165
974.509877165
974.509877165
974.509877165
974.509877165
974.509877165
974.509877165
974.509877165
974.509877165
974.509877165
974.509877165
974.509877165
974.509877165
974.509877165
969.080776293
963.345250155
963.345250155
963.345250155
963.345250155
963.345250155
963.345250155
963.345250155
963.345250155
963.345250155
963.345250155
963.345250155
963.345250155
963.345250155
963.345250155
963.345250155
963.345250155
963.345250155
963.345250155
963.345250155
963.345250155
963.345250155
963.345250155
963.345250155
963.345250155
963.345250155
963.345250155
963.345250155
963.345250155
963.345250155
963.345250155
963.345250155
963.345250155
963.345250155
963.345250155
963.345250155
963.345250155
963.345250155
963.345250155
963.345250155
959.733214959
959.733214959
959.733214959
959.733214959
959.733214959
944.849348063
944.849348063
944.849348063
940.906580844
940.906580844
940.906580844
940.906580844
940.906580844
940.906580844
940.906580844
940.906580844
940.906580844
940.906580844
940.906580844
940.906580844
940.906580844
940.906580844
940.906580844
940.906580844
940.906580844
940.906580844
940.906580844
940.058817317
940.058817317
940.058817317
940.058817317
940.058817317
940.058817317
940.058817317
940.058817317
940.058817317
940.058817317
940.058817317
940.058817317
940.058817317
940.058817317
940.058817317
940.058817317
940.058817317
940.058817317
940.058817317
940.058817317
940.058817317
940.058817317
940.058817317
929.356599332
909.211188333
909.211188333
909.211188333
909.211188333
909.211188333
909.211188333
909.211188333
909.211188333
909.211188333
909.211188333
900.057835393
900.057835393
891.961721682
891.961721682
891.961721682
891.961721682
891.961721682
891.961721682
891.961721682
891.961721682
891.961721682
891.961721682
891.961721682
891.961721682
891.961721682
891.961721682
891.961721682
891.961721682
891.961721682
891.961721682
891.961721682
891.961721682
891.961721682
891.961721682
891.961721682
891.961721682
891.961721682
891.961721682
883.903423926
883.903423926
883.903423926
883.903423926
868.230446814
868.230446814
868.230446814
868.230446814
868.230446814
868.230446814
867.919083533
867.919083533
867.919083533
867.919083533
867.919083533
867.919083533
867.919083533
867.919083533
867.919083533
867.919083533
867.919083533
867.919083533
867.919083533
867.919083533
867.919083533
867.919083533
867.919083533
867.919083533
867.919083533
867.919083533
867.919083533
867.919083533
867.919083533
867.919083533
867.919083533
867.919083533
867.919083533
867.919083533
867.919083533
867.919083533
857.53270823
857.53270823
857.53270823
857.53270823
857.53270823
857.53270823
857.53270823
857.53270823
857.53270823
857.53270823
857.53270823
857.53270823
857.53270823
857.53270823
857.53270823
857.53270823
857.53270823
857.53270823
857.53270823
857.53270823
857.53270823
857.53270823
848.035528835
848.035528835
848.035528835
848.035528835
848.035528835
848.035528835
848.035528835
848.035528835
848.035528835
848.035528835
848.035528835
848.035528835
848.035528835
848.035528835
848.035528835
848.008428888
848.008428888
848.008428888
844.843779505
844.843779505
844.843779505
844.843779505
844.843779505
844.843779505
844.843779505
844.843779505
844.843779505
844.843779505
844.843779505
844.843779505
844.843779505
844.843779505
844.843779505
844.843779505
844.843779505
844.843779505
844.843779505
844.843779505
844.843779505
844.843779505
844.843779505
844.843779505
844.843779505
832.936284643
832.936284643
832.936284643
832.936284643
832.936284643
832.936284643
832.936284643
832.936284643
832.936284643
832.936284643
832.936284643
832.936284643
832.936284643
832.936284643
832.936284643
827.330867531
827.330867531
827.330867531
827.330867531
827.330867531
827.330867531
827.330867531
827.330867531
827.330867531
827.330867531
827.330867531
827.330867531
827.330867531
827.330867531
827.330867531
827.330867531
827.330867531
827.330867531
827.330867531
827.330867531
819.150957588
819.150957588
819.150957588
819.150957588
819.150957588
819.150957588
819.150957588
819.150957588
819.150957588
819.150957588
819.150957588
819.150957588
819.150957588
819.150957588
819.150957588
819.150957588
819.150957588
819.150957588
819.150957588
819.150957588
819.150957588
819.150957588
819.150957588
819.150957588
819.150957588
819.150957588
819.150957588
819.150957588
819.150957588
818.585225666
818.585225666
818.585225666
818.585225666
818.585225666
818.585225666
818.585225666
818.585225666
818.585225666
818.585225666
818.585225666
818.585225666
818.585225666
818.585225666
818.585225666
818.585225666
818.585225666
818.585225666
818.585225666
818.585225666
818.408059713
818.408059713
818.408059713
818.408059713
818.408059713
818.408059713
818.408059713
818.408059713
818.408059713
818.408059713
818.408059713
818.408059713
818.408059713
818.408059713
818.408059713
818.408059713
818.408059713
801.505561
801.505561
801.505561
801.505561
801.505561
801.505561
801.505561
801.505561
801.505561
801.505561
801.505561
801.505561
801.505561
801.505561
801.505561
801.505561
801.505561
801.505561
801.505561
801.505561
801.505561
801.505561
801.505561
801.505561
801.505561
801.505561
801.505561
801.505561
801.505561
801.505561
801.505561
801.505561
801.505561
801.505561
801.505561
801.505561
801.505561
801.505561
801.505561
801.505561
801.505561
801.505561
801.505561
801.505561
801.505561
801.505561
796.239050152
796.239050152
796.239050152
796.239050152
796.239050152
796.239050152
796.239050152
796.239050152
796.239050152
796.239050152
796.239050152
796.239050152
796.239050152
796.239050152
796.239050152
796.239050152
796.239050152
796.239050152
796.239050152
796.239050152
796.239050152
796.239050152
796.239050152
796.239050152
796.239050152
796.239050152
796.239050152
796.239050152
796.239050152
796.239050152
796.239050152
796.239050152
796.239050152
796.239050152
793.96575055
793.96575055
793.96575055
793.96575055
793.96575055
793.96575055
793.96575055
793.96575055
793.96575055
793.96575055
793.96575055
793.96575055
793.96575055
793.96575055
793.96575055
793.96575055
793.96575055
793.96575055
793.96575055
793.96575055
793.96575055
793.96575055
793.96575055
793.96575055
793.96575055
793.96575055
793.96575055
793.96575055
793.96575055
793.96575055
793.96575055
793.96575055
793.96575055
793.96575055
793.96575055
793.96575055
793.96575055
780.63256771
780.63256771
780.63256771
780.63256771
780.63256771
780.63256771
780.63256771
780.63256771
780.63256771
780.63256771
780.63256771
780.63256771
780.63256771
780.63256771
780.63256771
780.63256771
780.63256771
780.63256771
780.63256771
780.63256771
780.63256771
780.63256771
780.63256771
780.63256771
780.63256771
780.63256771
780.63256771
780.63256771
780.63256771
780.63256771
780.63256771
780.63256771
780.63256771
780.63256771
779.369993648
779.369993648
779.369993648
779.369993648
779.369993648
779.369993648
779.369993648
779.369993648
779.369993648
779.369993648
779.369993648
779.369993648
779.369993648
779.369993648
779.369993648
779.369993648
779.369993648
779.369993648
779.369993648
779.369993648
779.369993648
779.369993648
779.369993648
779.369993648
765.774831099
765.774831099
765.774831099
765.774831099
765.774831099
765.774831099
765.774831099
765.774831099
765.774831099
765.774831099
765.774831099
765.774831099
765.774831099
765.774831099
765.774831099
765.774831099
765.774831099
765.774831099
765.774831099
765.774831099
765.774831099
765.774831099
765.774831099
765.774831099
765.774831099
765.774831099
765.774831099
765.774831099
765.774831099
765.774831099
765.774831099
765.774831099
765.774831099
765.774831099
765.774831099
765.774831099
765.774831099
765.774831099
765.774831099
765.774831099
765.774831099
765.774831099
765.774831099
765.774831099
765.774831099
765.774831099
765.774831099
765.774831099
765.774831099
765.774831099
765.774831099
763.221343754
763.221343754
763.221343754
763.221343754
763.221343754
763.221343754
763.221343754
763.221343754
763.221343754
763.221343754
763.221343754
763.221343754
763.221343754
763.221343754
763.221343754
763.221343754
763.221343754
763.221343754
763.221343754
763.221343754
763.221343754
763.221343754
763.221343754
763.221343754
763.221343754
763.221343754
763.221343754
763.221343754
763.221343754
763.221343754
763.221343754
763.221343754
763.221343754
763.221343754
763.221343754
763.221343754
763.221343754
763.221343754
763.221343754
763.221343754
763.221343754
763.221343754
763.221343754
763.221343754
763.221343754
763.221343754
763.221343754
763.221343754
763.221343754
763.221343754
763.221343754
763.221343754
763.221343754
763.221343754
763.221343754
763.221343754
763.221343754
763.221343754
763.221343754
763.221343754
763.221343754
763.221343754
763.221343754
763.221343754
763.221343754
763.221343754
763.221343754
763.221343754
763.221343754
763.221343754
763.221343754
763.221343754
763.221343754
763.221343754
763.221343754
763.221343754
763.221343754
763.221343754
763.221343754
763.221343754
763.221343754
763.221343754
763.221343754
763.221343754
763.221343754
763.221343754
763.221343754
758.365314169
758.365314169
758.365314169
758.365314169
758.365314169
758.365314169
758.365314169
758.365314169
758.365314169
758.365314169
758.365314169
758.365314169
758.365314169
758.365314169
758.365314169
758.365314169
758.365314169
758.365314169
758.365314169
758.365314169
758.365314169
758.365314169
758.365314169
758.365314169
758.365314169
758.365314169
758.365314169
758.365314169
758.365314169
758.365314169
758.365314169
758.365314169
758.365314169
758.365314169
758.365314169
758.365314169
758.365314169
756.641138525
756.641138525
756.641138525
756.641138525
756.641138525
756.641138525
756.641138525
756.641138525
756.641138525
756.641138525
756.641138525
756.641138525
756.641138525
756.641138525
756.641138525
756.641138525
751.48274474
751.48274474
751.48274474
751.48274474
751.48274474
751.48274474
751.48274474
751.48274474
751.48274474
751.48274474
751.48274474
751.48274474
751.48274474
751.48274474
751.48274474
751.48274474
751.48274474
751.48274474
751.48274474
751.48274474
751.48274474
751.48274474
751.48274474
751.48274474
751.48274474
751.48274474
751.48274474
751.48274474
751.48274474
751.48274474
751.48274474
743.388655725
743.388655725
743.388655725
743.388655725
743.388655725
743.388655725
743.388655725
743.388655725
743.388655725
743.388655725
743.388655725
743.388655725
743.388655725
743.388655725
743.388655725
743.388655725
743.388655725
743.388655725
743.388655725
743.388655725
743.388655725
743.388655725
743.388655725
743.388655725
743.388655725
743.388655725
743.388655725
743.388655725
743.388655725
743.388655725
743.388655725
743.388655725
730.014700368
730.014700368
730.014700368
730.014700368
730.014700368
730.014700368
730.014700368
730.014700368
730.014700368
730.014700368
730.014700368
730.014700368
730.014700368
730.014700368
730.014700368
730.014700368
730.014700368
730.014700368
730.014700368
730.014700368
730.014700368
730.014700368
730.014700368
730.014700368
730.014700368
730.014700368
730.014700368
730.014700368
730.014700368
730.014700368
730.014700368
730.014700368
730.014700368
730.014700368
730.014700368
730.014700368
730.014700368
730.014700368
730.014700368
730.014700368
730.014700368
730.014700368
730.014700368
730.014700368
730.014700368
730.014700368
730.014700368
730.014700368
730.014700368
730.014700368
729.007086781
729.007086781
729.007086781
729.007086781
729.007086781
729.007086781
729.007086781
729.007086781
729.007086781
729.007086781
729.007086781
729.007086781
729.007086781
729.007086781
729.007086781
729.007086781
729.007086781
729.007086781
729.007086781
729.007086781
729.007086781
729.007086781
729.007086781
729.007086781
729.007086781
729.007086781
729.007086781
729.007086781
729.007086781
729.007086781
729.007086781
729.007086781
729.007086781
729.007086781
729.007086781
729.007086781
727.819123694
727.819123694
727.819123694
727.819123694
727.819123694
727.819123694
727.819123694
727.819123694
727.819123694
727.819123694
727.819123694
727.819123694
727.819123694
727.819123694
727.819123694
727.819123694
727.819123694
727.819123694
727.819123694
727.819123694
727.819123694
727.819123694
727.819123694
727.819123694
727.819123694
727.819123694
727.819123694
727.819123694
727.819123694
727.819123694
727.819123694
727.819123694
727.819123694
727.819123694
727.819123694
727.819123694
727.819123694
727.819123694
727.819123694
727.819123694
727.819123694
727.819123694
727.819123694
727.819123694
727.819123694
727.819123694
727.819123694
727.819123694
727.819123694
727.819123694
727.819123694
727.819123694
727.819123694
727.819123694
727.819123694
727.819123694
727.819123694
727.819123694
727.819123694
727.819123694
727.819123694
727.819123694
727.819123694
727.819123694
727.819123694
727.819123694
727.819123694
727.819123694
727.819123694
727.819123694
727.819123694
727.819123694
727.819123694
727.819123694
727.819123694
727.819123694
727.819123694
727.819123694
727.819123694
727.819123694
727.819123694
727.819123694
727.819123694
727.819123694
727.819123694
727.819123694
727.819123694
727.819123694
727.819123694
727.819123694
727.819123694
727.819123694
727.819123694
727.819123694
720.945655998
720.945655998
720.945655998
720.945655998
720.945655998
720.945655998
720.945655998
720.945655998
720.945655998
720.945655998
720.945655998
720.945655998
720.191625346
720.191625346
720.191625346
720.191625346
720.191625346
720.191625346
720.191625346
720.191625346
720.191625346
720.191625346
720.191625346
720.191625346
720.191625346
720.191625346
720.191625346
720.191625346
720.191625346
720.191625346
720.191625346
720.191625346
720.191625346
720.191625346
720.191625346
720.191625346
720.191625346
720.191625346
720.191625346
720.191625346
720.191625346
720.191625346
720.191625346
720.191625346
720.191625346
720.191625346
720.191625346
720.191625346
720.191625346
720.191625346
720.191625346
720.191625346
718.309970408
718.309970408
718.309970408
718.309970408
718.309970408
718.309970408
718.309970408
718.309970408
718.309970408
718.309970408
718.309970408
718.309970408
718.309970408
718.309970408
715.61877645
715.61877645
715.61877645
715.61877645
715.61877645
715.61877645
715.61877645
712.712443838
712.712443838
712.712443838
712.712443838
712.712443838
712.712443838
712.712443838
712.712443838
712.712443838
712.712443838
712.712443838
712.712443838
712.712443838
712.712443838
712.712443838
712.712443838
712.712443838
712.712443838
712.712443838
712.712443838
712.712443838
712.712443838
712.712443838
712.712443838
712.712443838
712.712443838
712.712443838
712.712443838
712.712443838
712.712443838
712.712443838
712.712443838
712.712443838
712.712443838
712.712443838
712.712443838
712.712443838
712.712443838
712.712443838
712.712443838
712.712443838
712.712443838
712.712443838
712.712443838
712.712443838
712.712443838
712.712443838
712.712443838
712.712443838
712.712443838
712.712443838
712.712443838
712.712443838
712.712443838
712.712443838
712.712443838
712.712443838
712.712443838
712.712443838
712.712443838
712.712443838
712.712443838
712.712443838
712.712443838
712.712443838
712.712443838
712.712443838
712.712443838
712.712443838
712.712443838
712.712443838
712.712443838
712.712443838
712.712443838
712.712443838
712.712443838
712.712443838
712.712443838
712.712443838
712.712443838
712.712443838
712.712443838
712.712443838
712.712443838
712.712443838
712.712443838
712.712443838
712.712443838
712.712443838
712.712443838
712.712443838
712.712443838
712.712443838
712.712443838
712.712443838
712.712443838
712.712443838
712.712443838
712.712443838
712.712443838
712.712443838
712.712443838
712.712443838
710.422115889
710.422115889
710.422115889
710.422115889
710.422115889
710.422115889
710.422115889
710.422115889
710.422115889
710.422115889
710.422115889
710.422115889
710.422115889
710.422115889
710.422115889
710.422115889
710.422115889
710.422115889
710.422115889
710.422115889
710.422115889
710.422115889
710.422115889
710.422115889
710.422115889
710.422115889
710.422115889
710.422115889
710.422115889
710.422115889
710.422115889
710.422115889
710.422115889
710.422115889
710.422115889
710.422115889
710.422115889
710.422115889
710.422115889
710.422115889
710.422115889
710.422115889
710.422115889
710.422115889
710.422115889
710.422115889
710.422115889
710.422115889
710.422115889
710.422115889
697.53117107
697.53117107
697.53117107
697.53117107
697.53117107
697.53117107
697.53117107
697.53117107
697.53117107
697.53117107
697.53117107
697.53117107
697.53117107
697.53117107
697.53117107
697.53117107
697.53117107
697.53117107
697.53117107
697.53117107
697.53117107
697.53117107
697.53117107
697.53117107
697.53117107
697.53117107
697.53117107
697.53117107
697.53117107
697.53117107
697.53117107
697.53117107
697.53117107
697.53117107
697.53117107
697.53117107
697.53117107
697.53117107
697.53117107
697.53117107
697.53117107
697.53117107
697.53117107
697.53117107
697.53117107
697.53117107
697.53117107
697.53117107
697.53117107
697.53117107
697.53117107
697.53117107
697.53117107
697.53117107
697.53117107
697.53117107
697.53117107
697.53117107
697.53117107
697.53117107
697.53117107
697.53117107
697.53117107
697.53117107
697.53117107
697.53117107
697.53117107
690.170062625
690.170062625
690.170062625
690.170062625
690.170062625
690.170062625
690.170062625
690.170062625
690.170062625
690.170062625
690.170062625
690.170062625
690.170062625
690.170062625
690.170062625
690.170062625
690.170062625
690.170062625
690.170062625
690.170062625
690.170062625
690.170062625
690.170062625
690.170062625
690.170062625
690.170062625
690.170062625
690.170062625
690.170062625
690.170062625
690.170062625
690.170062625
690.170062625
690.170062625
687.786261841
687.786261841
687.786261841
687.786261841
687.786261841
687.786261841
687.786261841
687.786261841
687.786261841
687.786261841
687.786261841
687.786261841
687.786261841
687.786261841
687.786261841
687.786261841
687.786261841
687.786261841
687.786261841
687.786261841
687.786261841
687.786261841
687.786261841
687.786261841
687.786261841
687.786261841
687.786261841
687.786261841
687.786261841
687.786261841
687.786261841
687.786261841
687.786261841
687.786261841
687.786261841
687.786261841
687.786261841
687.786261841
687.786261841
687.786261841
687.786261841
687.786261841
687.786261841
687.786261841
687.786261841
687.786261841
687.786261841
687.786261841
687.786261841
687.786261841
687.786261841
687.786261841
687.786261841
687.786261841
687.786261841
687.786261841
687.786261841
687.786261841
687.786261841
687.786261841
687.786261841
687.786261841
687.786261841
687.786261841
687.786261841
687.786261841
687.786261841
687.786261841
687.786261841
687.786261841
687.786261841
687.786261841
687.786261841
687.786261841
687.786261841
687.786261841
687.786261841
687.786261841
687.786261841
687.786261841
687.786261841
687.786261841
687.786261841
687.786261841
687.786261841
687.786261841
687.786261841
687.786261841
687.786261841
687.786261841
687.786261841
687.786261841
687.786261841
687.786261841
687.786261841
687.786261841
687.786261841
687.786261841
687.786261841
687.786261841
687.786261841
687.786261841
687.786261841
687.786261841
687.786261841
687.786261841
687.786261841
687.786261841
687.786261841
687.786261841
687.786261841
687.786261841
687.786261841
687.786261841
684.178456998
684.178456998
684.178456998
684.178456998
684.178456998
684.178456998
684.178456998
684.178456998
684.178456998
684.178456998
684.178456998
684.178456998
684.178456998
684.178456998
684.178456998
684.178456998
684.178456998
684.178456998
684.178456998
684.178456998
684.178456998
684.178456998
684.178456998
684.178456998
684.178456998
684.178456998
684.178456998
684.178456998
684.178456998
684.178456998
684.178456998
684.178456998
684.178456998
684.178456998
684.178456998
684.178456998
684.178456998
684.178456998
684.178456998
684.178456998
684.178456998
684.178456998
684.178456998
684.178456998
684.178456998
684.178456998
684.178456998
684.178456998
684.178456998
684.178456998
684.178456998
684.178456998
684.178456998
684.178456998
684.178456998
684.178456998
684.178456998
684.178456998
684.178456998
684.178456998
684.178456998
684.178456998
684.178456998
684.178456998
684.178456998
684.178456998
684.178456998
684.178456998
684.178456998
684.178456998
684.178456998
684.178456998
684.178456998
684.178456998
684.178456998
684.178456998
684.178456998
684.178456998
684.178456998
684.178456998
684.178456998
684.178456998
684.178456998
684.178456998
684.178456998
684.178456998
684.178456998
684.178456998
684.178456998
684.178456998
684.178456998
684.178456998
684.178456998
684.178456998
684.178456998
684.178456998
684.178456998
684.178456998
684.178456998
684.178456998
684.178456998
684.178456998
684.178456998
684.178456998
684.178456998
684.178456998
684.178456998
684.178456998
684.178456998
684.178456998
684.178456998
684.178456998
684.178456998
684.178456998
684.178456998
684.178456998
684.178456998
684.178456998
684.178456998
684.178456998
684.178456998
684.178456998
684.178456998
684.178456998
684.178456998
684.178456998
684.178456998
684.178456998
684.178456998
684.178456998
684.178456998
684.178456998
684.178456998
684.178456998
684.178456998
684.178456998
684.178456998
684.178456998
684.178456998
684.178456998
684.178456998
684.178456998
684.178456998
684.178456998
684.178456998
684.178456998
684.178456998
684.178456998
684.178456998
684.178456998
684.178456998
684.178456998
684.178456998
684.178456998
684.178456998
684.178456998
684.178456998
684.178456998
684.178456998
684.178456998
684.178456998
684.178456998
684.178456998
684.178456998
684.178456998
684.178456998
684.178456998
684.178456998
684.178456998
684.178456998
684.178456998
684.178456998
684.178456998
684.178456998
684.178456998
684.178456998
684.178456998
684.178456998
684.178456998
684.178456998
684.178456998
684.178456998
684.178456998
684.178456998
684.178456998
684.178456998
684.178456998
684.178456998
684.178456998
684.178456998
684.178456998
684.178456998
684.178456998
684.178456998
684.178456998
684.178456998
684.178456998
684.178456998
684.178456998
684.178456998
684.178456998
684.178456998
684.178456998
684.178456998
684.178456998
684.178456998
684.178456998
684.178456998
684.178456998
684.178456998
684.178456998
684.178456998
684.178456998
684.178456998
684.178456998
684.178456998
684.178456998
684.178456998
684.178456998
684.178456998
683.732795788
683.732795788
683.732795788
683.732795788
683.732795788
683.732795788
683.732795788
683.732795788
683.732795788
683.732795788
683.732795788
683.732795788
683.732795788
683.732795788
683.732795788
683.732795788
683.732795788
683.732795788
683.732795788
683.732795788
683.732795788
683.732795788
683.732795788
683.732795788
683.732795788
683.732795788
683.732795788
683.732795788
683.732795788
683.732795788
683.732795788
683.732795788
683.732795788
683.732795788
683.732795788
683.732795788
683.732795788
683.732795788
683.732795788
683.732795788
683.732795788
683.732795788
683.732795788
683.732795788
683.732795788
683.732795788
683.732795788
683.732795788
683.732795788
683.732795788
683.732795788
683.732795788
683.732795788
683.732795788
683.732795788
683.732795788
683.732795788
683.732795788
683.732795788
683.732795788
683.732795788
683.732795788
683.732795788
683.732795788
683.732795788
683.732795788
683.732795788
683.732795788
683.732795788
683.732795788
683.732795788
683.732795788
683.732795788
683.732795788
683.732795788
683.732795788
683.732795788
683.732795788
683.732795788
683.732795788
683.732795788
683.732795788
683.732795788
683.732795788
683.732795788
683.732795788
683.732795788
683.732795788
683.732795788
683.732795788
683.732795788
683.732795788
683.732795788
683.732795788
683.732795788
683.732795788
683.732795788
683.732795788
683.732795788
683.732795788
683.732795788
683.732795788
683.732795788
680.060813112
680.060813112
680.060813112
680.060813112
680.060813112
680.060813112
680.060813112
680.060813112
680.060813112
680.060813112
680.060813112
680.060813112
680.060813112
680.060813112
680.060813112
680.060813112
680.060813112
680.060813112
680.060813112
680.060813112
680.060813112
680.060813112
680.060813112
680.060813112
680.060813112
680.060813112
680.060813112
680.060813112
680.060813112
680.060813112
680.060813112
680.060813112
680.060813112
680.060813112
680.060813112
680.060813112
680.060813112
680.060813112
680.060813112
680.060813112
680.060813112
680.060813112
680.060813112
680.060813112
680.060813112
680.060813112
680.060813112
680.060813112
680.060813112
680.060813112
680.060813112
680.060813112
680.060813112
680.060813112
680.060813112
680.060813112
680.060813112
680.060813112
680.060813112
680.060813112
680.060813112
680.060813112
680.060813112
680.060813112
680.060813112
680.060813112
680.060813112
680.060813112
680.060813112
680.060813112
677.370580933
677.370580933
677.370580933
677.370580933
677.370580933
677.370580933
677.370580933
677.370580933
677.370580933
677.370580933
677.370580933
677.370580933
677.370580933
677.370580933
677.370580933
677.370580933
677.370580933
677.370580933
677.370580933
677.370580933
677.370580933
677.370580933
677.370580933
677.370580933
677.370580933
677.370580933
677.370580933
677.370580933
677.370580933
677.370580933
671.064464672
671.064464672
671.064464672
671.064464672
671.064464672
671.064464672
671.064464672
671.064464672
671.064464672
671.064464672
671.064464672
671.064464672
671.064464672
671.064464672
671.064464672
671.064464672
671.064464672
671.064464672
671.064464672
671.064464672
671.064464672
671.064464672
671.064464672
671.064464672
671.064464672
671.064464672
671.064464672
671.064464672
671.064464672
671.064464672
671.064464672
671.064464672
671.064464672
671.064464672
671.064464672
671.064464672
671.064464672
671.064464672
671.064464672
671.064464672
671.064464672
671.064464672
671.064464672
671.064464672
671.064464672
671.064464672
671.064464672
671.064464672
671.064464672
671.064464672
671.064464672
671.064464672
671.064464672
671.064464672
671.064464672
671.064464672
671.064464672
671.064464672
671.064464672
671.064464672
671.064464672
671.064464672
671.064464672
671.064464672
671.064464672
671.064464672
671.064464672
671.064464672
671.064464672
671.064464672
671.064464672
671.064464672
671.064464672
671.064464672
671.064464672
671.064464672
671.064464672
671.064464672
671.064464672
671.064464672
671.064464672
671.064464672
671.064464672
671.064464672
671.064464672
671.064464672
671.064464672
671.064464672
671.064464672
671.064464672
671.064464672
671.064464672
671.064464672
671.064464672
671.064464672
671.064464672
671.064464672
671.064464672
671.064464672
671.064464672
671.064464672
671.064464672
671.064464672
671.064464672
671.064464672
671.064464672
671.064464672
671.064464672
671.064464672
671.064464672
671.064464672
671.064464672
671.064464672
671.064464672
669.68819314
669.68819314
669.68819314
669.68819314
669.68819314
669.68819314
669.68819314
669.68819314
669.68819314
669.68819314
669.68819314
669.68819314
669.68819314
669.68819314
669.68819314
669.68819314
669.68819314
669.68819314
669.68819314
669.68819314
669.68819314
669.68819314
669.68819314
669.68819314
669.68819314
669.68819314
669.68819314
669.68819314
669.68819314
669.68819314
669.68819314
669.68819314
669.68819314
669.68819314
669.68819314
669.68819314
669.68819314
669.68819314
669.68819314
669.68819314
669.68819314
669.68819314
669.68819314
669.68819314
669.68819314
669.68819314
669.68819314
669.68819314
669.68819314
669.68819314
669.68819314
669.68819314
669.68819314
669.68819314
669.68819314
669.68819314
669.68819314
669.68819314
669.68819314
669.68819314
669.68819314
669.68819314
669.68819314
669.68819314
669.68819314
669.68819314
669.68819314
669.68819314
669.68819314
669.68819314
669.68819314
669.68819314
669.68819314
669.68819314
669.68819314
669.68819314
669.68819314
669.68819314
669.68819314
669.68819314
669.68819314
669.68819314
669.68819314
669.68819314
669.68819314
666.036060759
666.036060759
666.036060759
666.036060759
666.036060759
666.036060759
666.036060759
666.036060759
666.036060759
666.036060759
666.036060759
666.036060759
666.036060759
666.036060759
666.036060759
666.036060759
666.036060759
666.036060759
666.036060759
666.036060759
666.036060759
666.036060759
666.036060759
666.036060759
666.036060759
666.036060759
666.036060759
666.036060759
666.036060759
666.036060759
666.036060759
666.036060759
666.036060759
666.036060759
666.036060759
666.036060759
666.036060759
666.036060759
666.036060759
666.036060759
666.036060759
666.036060759
666.036060759
666.036060759
666.036060759
666.036060759
666.036060759
666.036060759
666.036060759
666.036060759
666.036060759
666.036060759
666.036060759
666.036060759
666.036060759
666.036060759
666.036060759
666.036060759
666.036060759
666.036060759
666.036060759
666.036060759
666.036060759
666.036060759
666.036060759
666.036060759
666.036060759
666.036060759
666.036060759
666.036060759
666.036060759
666.036060759
666.036060759
666.036060759
666.036060759
666.036060759
666.036060759
666.036060759
666.036060759
666.036060759
666.036060759
666.036060759
666.036060759
666.036060759
666.036060759
666.036060759
666.036060759
666.036060759
666.036060759
666.036060759
666.036060759
666.036060759
666.036060759
666.036060759
666.036060759
666.036060759
666.036060759
666.036060759
666.036060759
666.036060759
666.036060759
666.036060759
666.036060759
666.036060759
666.036060759
666.036060759
666.036060759
666.036060759
666.036060759
666.036060759
666.036060759
666.036060759
666.036060759
666.036060759
666.036060759
666.036060759
666.036060759
666.036060759
666.036060759
666.036060759
666.036060759
666.036060759
666.036060759
666.036060759
666.036060759
666.036060759
666.036060759
666.036060759
666.036060759
666.036060759
666.036060759
666.036060759
666.036060759
666.036060759
655.661318175
655.661318175
655.661318175
655.661318175
655.661318175
655.661318175
655.661318175
655.661318175
655.661318175
655.661318175
655.661318175
655.661318175
655.661318175
655.661318175
655.661318175
655.661318175
655.661318175
655.661318175
655.661318175
655.661318175
655.661318175
655.661318175
655.661318175
655.661318175
655.661318175
655.661318175
655.661318175
655.661318175
655.661318175
655.661318175
655.661318175
655.661318175
655.661318175
655.661318175
655.661318175
655.661318175
655.661318175
655.661318175
655.661318175
655.661318175
655.661318175
655.661318175
655.661318175
655.661318175
655.661318175
655.661318175
655.661318175
655.661318175
655.661318175
655.661318175
655.661318175
655.661318175
655.661318175
655.661318175
655.661318175
655.661318175
655.661318175
655.661318175
655.661318175
655.661318175
655.661318175
655.661318175
655.661318175
655.661318175
655.661318175
655.661318175
655.661318175
655.661318175
655.661318175
655.661318175
655.661318175
655.661318175
655.661318175
655.661318175
655.661318175
655.661318175
655.661318175
655.661318175
655.661318175
655.661318175
655.661318175
655.661318175
655.661318175
655.661318175
655.661318175
655.661318175
655.661318175
655.661318175
655.661318175
655.661318175
655.661318175
655.661318175
655.661318175
655.661318175
655.661318175
655.661318175
655.661318175
655.661318175
655.661318175
655.661318175
655.661318175
655.661318175
655.661318175
655.661318175
655.661318175
655.661318175
655.661318175
655.661318175
655.661318175
655.661318175
655.661318175
655.661318175
655.661318175
655.661318175
655.661318175
655.661318175
655.661318175
655.661318175
655.661318175
655.661318175
655.661318175
655.661318175
655.661318175
655.661318175
655.661318175
655.661318175
655.661318175
655.661318175
655.661318175
655.661318175
655.661318175
655.661318175
655.661318175
655.661318175
655.661318175
655.661318175
655.661318175
655.661318175
655.661318175
655.661318175
655.661318175
655.661318175
655.661318175
655.661318175
655.661318175
655.661318175
655.661318175
655.661318175
655.661318175
655.661318175
655.661318175
655.661318175
655.661318175
655.661318175
655.661318175
655.661318175
655.661318175
655.661318175
655.661318175
655.661318175
655.661318175
655.661318175
655.661318175
655.661318175
655.661318175
655.661318175
655.661318175
655.661318175
655.661318175
655.661318175
655.661318175
655.661318175
655.661318175
655.661318175
655.661318175
655.661318175
655.661318175
655.661318175
655.661318175
655.661318175
655.661318175
655.661318175
655.661318175
655.661318175
655.661318175
655.661318175
655.661318175
655.661318175
655.661318175
655.661318175
655.661318175
655.661318175
655.661318175
655.661318175
655.661318175
655.661318175
655.661318175
655.661318175
655.661318175
655.661318175
655.661318175
655.661318175
655.661318175
655.661318175
655.661318175
655.661318175
655.661318175
655.661318175
655.661318175
655.661318175
655.661318175
655.661318175
655.661318175
655.661318175
655.661318175
655.661318175
655.661318175
655.661318175
655.661318175
655.661318175
655.661318175
655.661318175
655.661318175
655.661318175
655.661318175
655.661318175
655.661318175
655.661318175
655.661318175
655.661318175
655.661318175
655.661318175
655.661318175
655.661318175
655.661318175
655.661318175
655.661318175
655.661318175
655.661318175
655.661318175
655.661318175
655.661318175
655.661318175
655.661318175
655.661318175
655.661318175
655.661318175
655.661318175
655.661318175
655.661318175
655.661318175
655.661318175
655.661318175
655.661318175
655.661318175
655.661318175
655.661318175
655.661318175
655.661318175
655.661318175
655.661318175
655.661318175
655.661318175
655.661318175
655.661318175
655.661318175
655.661318175
655.661318175
655.661318175
655.661318175
655.661318175
655.661318175
655.661318175
655.661318175
655.661318175
655.661318175
655.661318175
655.661318175
655.661318175
655.661318175
655.661318175
655.661318175
655.661318175
655.661318175
655.661318175
655.661318175
655.661318175
655.661318175
655.661318175
655.661318175
655.661318175
655.661318175
655.661318175
655.661318175
655.661318175
655.661318175
655.661318175
655.661318175
655.661318175
655.661318175
655.661318175
655.661318175
655.661318175
655.661318175
655.661318175
655.661318175
655.661318175
655.661318175
655.661318175
655.661318175
655.661318175
655.661318175
655.661318175
655.661318175
655.661318175
655.661318175
655.661318175
655.661318175
655.661318175
655.661318175
655.661318175
655.661318175
655.661318175
655.661318175
655.661318175
655.661318175
655.661318175
655.661318175
655.661318175
655.661318175
655.661318175
655.661318175
655.661318175
655.661318175
655.661318175
655.661318175
655.661318175
655.661318175
655.661318175
655.661318175
655.661318175
655.661318175
655.661318175
655.661318175
655.661318175
655.661318175
655.661318175
655.661318175
655.661318175
655.661318175
655.661318175
655.661318175
655.661318175
655.661318175
655.661318175
655.661318175
655.661318175
655.661318175
655.661318175
655.661318175
655.661318175
655.661318175
655.661318175
655.661318175
655.661318175
655.661318175
655.661318175
655.661318175
655.661318175
655.661318175
655.661318175
655.661318175
655.661318175
655.661318175
655.661318175
655.661318175
655.661318175
655.661318175
655.661318175
655.661318175
655.661318175
655.661318175
655.661318175
655.661318175
655.661318175
655.661318175
655.661318175
655.661318175
655.661318175
655.661318175
655.661318175
655.661318175
655.661318175
655.661318175
655.661318175
655.661318175
655.661318175
655.661318175
655.661318175
655.661318175
655.661318175
655.661318175
655.661318175
655.661318175
655.661318175
655.661318175
655.661318175
655.661318175
655.661318175
655.661318175
655.661318175
655.661318175
655.661318175
655.661318175
655.661318175
655.661318175
655.661318175
655.661318175
655.661318175
655.661318175
655.661318175
655.661318175
655.661318175
655.661318175
655.661318175
655.661318175
655.661318175
655.661318175
655.661318175
655.661318175
655.661318175
655.661318175
655.661318175
655.661318175
655.661318175
655.661318175
655.661318175
655.661318175
655.661318175
655.661318175
655.661318175
655.661318175
655.661318175
655.661318175
655.661318175
655.661318175
655.661318175
655.661318175
655.661318175
655.661318175
655.661318175
655.661318175
655.661318175
655.661318175
655.661318175
655.661318175
655.661318175
655.661318175
655.661318175
655.661318175
655.661318175
655.661318175
655.661318175
655.661318175
655.661318175
655.661318175
655.661318175
655.661318175
655.661318175
655.661318175
655.661318175
655.661318175
655.661318175
655.661318175
655.661318175
655.661318175
655.661318175
655.661318175
655.661318175
655.661318175
655.661318175
655.661318175
655.661318175
655.661318175
655.661318175
655.661318175
655.661318175
655.661318175
655.661318175
655.661318175
655.661318175
655.661318175
655.661318175
655.661318175
655.661318175
655.661318175
655.661318175
655.661318175
655.661318175
655.661318175
655.661318175
655.661318175
655.661318175
655.661318175
655.661318175
655.661318175
655.661318175
655.661318175
655.661318175
655.661318175
655.661318175
655.661318175
655.661318175
655.661318175
655.661318175
655.661318175
655.661318175
655.661318175
655.661318175
655.661318175
655.661318175
655.661318175
655.661318175
655.661318175
655.661318175
655.661318175
655.661318175
655.661318175
655.661318175
655.661318175
655.661318175
655.661318175
655.661318175
655.661318175
655.661318175
655.661318175
655.661318175
655.661318175
655.661318175
655.661318175
655.661318175
655.661318175
655.661318175
655.661318175
655.661318175
655.661318175
655.661318175
655.661318175
655.661318175
655.661318175
655.661318175
655.661318175
655.661318175
655.661318175
655.661318175
655.661318175
655.661318175
655.661318175
655.661318175
655.661318175
655.661318175
655.661318175
655.661318175
655.661318175
655.661318175
655.661318175
655.661318175
655.661318175
655.661318175
655.661318175
655.661318175
655.661318175
655.661318175
655.661318175
655.661318175
655.661318175
655.661318175
655.661318175
655.661318175
655.661318175
655.661318175
655.661318175
655.661318175
655.661318175
655.661318175
655.661318175
655.661318175
655.661318175
655.661318175
655.661318175
655.661318175
655.661318175
655.661318175
655.661318175
655.661318175
655.661318175
655.661318175
655.661318175
655.661318175
655.661318175
655.661318175
655.661318175
655.661318175
655.661318175
655.661318175
655.661318175
655.661318175
655.661318175
655.661318175
655.661318175
655.661318175
655.661318175
655.661318175
655.661318175
655.661318175
655.661318175
655.661318175
655.661318175
655.661318175
655.661318175
655.661318175
655.661318175
655.661318175
655.661318175
655.661318175
655.661318175
655.661318175
655.661318175
655.661318175
655.661318175
655.661318175
655.661318175
655.661318175
655.661318175
655.661318175
655.661318175
655.661318175
655.661318175
655.661318175
655.661318175
655.661318175
655.661318175
655.661318175
655.661318175
655.661318175
655.661318175
655.661318175
655.661318175
655.661318175
655.661318175
655.661318175
655.661318175
655.661318175
655.661318175
655.661318175
655.661318175
655.661318175
655.661318175
655.661318175
655.661318175
655.661318175
655.661318175
655.661318175
655.661318175
655.661318175
655.661318175
655.661318175
655.661318175
655.661318175
655.661318175
655.661318175
655.661318175
655.661318175
655.661318175
655.661318175
655.661318175
655.661318175
655.661318175
655.661318175
655.661318175
655.661318175
655.661318175
655.661318175
655.661318175
655.661318175
655.661318175
655.661318175
655.661318175
655.661318175
655.661318175
655.661318175
655.661318175
655.661318175
655.661318175
655.661318175
655.661318175
655.661318175
655.661318175
655.661318175
655.661318175
655.661318175
655.661318175
655.661318175
655.661318175
655.661318175
655.661318175
655.661318175
655.661318175
655.661318175
655.661318175
655.661318175
655.661318175
655.661318175
655.661318175
655.661318175
655.661318175
655.661318175
655.661318175
655.661318175
655.661318175
655.661318175
655.661318175
655.661318175
655.661318175
655.661318175
655.661318175
655.661318175
655.661318175
655.661318175
655.661318175
655.661318175
655.661318175
655.661318175
655.661318175
655.661318175
655.661318175
655.661318175
655.661318175
655.661318175
655.661318175
655.661318175
655.661318175
655.661318175
655.661318175
655.661318175
655.661318175
655.661318175
655.661318175
655.661318175
655.661318175
655.661318175
655.661318175
655.661318175
655.661318175
655.661318175
655.661318175
655.661318175
655.661318175
655.661318175
655.661318175
655.661318175
655.661318175
655.661318175
655.661318175
655.661318175
655.661318175
655.661318175
655.661318175
655.661318175
655.661318175
655.661318175
655.661318175
655.661318175
655.661318175
655.661318175
655.661318175
655.661318175
655.661318175
655.661318175
655.661318175
655.661318175
655.661318175
655.661318175
655.661318175
655.661318175
655.661318175
655.661318175
655.661318175
655.661318175
655.661318175
655.661318175
655.661318175
655.661318175
655.661318175
655.661318175
655.661318175
655.661318175
655.661318175
655.661318175
655.661318175
655.661318175
655.661318175
655.661318175
655.661318175
655.661318175
655.661318175
655.661318175
655.661318175
655.661318175
655.661318175
655.661318175
655.661318175
655.661318175
655.661318175
655.661318175
655.661318175
655.661318175
655.661318175
655.661318175
655.661318175
655.661318175
655.661318175
655.661318175
655.661318175
655.661318175
655.661318175
655.661318175
655.661318175
655.661318175
655.661318175
655.661318175
655.661318175
655.661318175
655.661318175
655.661318175
655.661318175
655.661318175
655.661318175
655.661318175
655.661318175
655.661318175
655.661318175
655.661318175
655.661318175
655.661318175
655.661318175
655.661318175
655.661318175
655.661318175
655.661318175
655.661318175
655.661318175
655.661318175
655.661318175
655.661318175
655.661318175
655.661318175
655.661318175
655.661318175
655.661318175
655.661318175
655.661318175
655.661318175
655.661318175
655.661318175
655.661318175
655.661318175
655.661318175
655.661318175
655.661318175
655.661318175
655.661318175
655.661318175
655.661318175
655.661318175
655.661318175
655.661318175
655.661318175
655.661318175
655.661318175
655.661318175
655.661318175
655.661318175
655.661318175
655.661318175
655.661318175
655.661318175
655.661318175
655.661318175
655.661318175
655.661318175
655.661318175
655.661318175
655.661318175
655.661318175
655.661318175
655.661318175
655.661318175
655.661318175
655.661318175
655.661318175
655.661318175
655.661318175
655.661318175
655.661318175
655.661318175
655.661318175
655.661318175
655.661318175
655.661318175
655.661318175
655.661318175
655.661318175
655.661318175
655.661318175
655.661318175
655.661318175
655.661318175
655.661318175
655.661318175
655.661318175
655.661318175
655.661318175
655.661318175
655.661318175
655.661318175
655.661318175
655.661318175
655.661318175
655.661318175
655.661318175
655.661318175
655.661318175
655.661318175
655.661318175
655.661318175
655.661318175
655.661318175
655.661318175
655.661318175
655.661318175
655.661318175
655.661318175
655.661318175
655.661318175
655.661318175
655.661318175
655.661318175
655.661318175
655.661318175
655.661318175
655.661318175
655.661318175
655.661318175
655.661318175
655.661318175
655.661318175
655.661318175
655.661318175
655.661318175
655.661318175
655.661318175
655.661318175
655.661318175
655.661318175
655.661318175
655.661318175
655.661318175
655.661318175
655.661318175
655.661318175
655.661318175
655.661318175
655.661318175
655.661318175
655.661318175
655.661318175
655.661318175
655.661318175
655.661318175
655.661318175
655.661318175
655.661318175
655.661318175
655.661318175
655.661318175
655.661318175
655.661318175
655.661318175
655.661318175
655.661318175
655.661318175
655.661318175
655.661318175
655.661318175
655.661318175
655.661318175
655.661318175
655.661318175
655.661318175
655.661318175
655.661318175
655.661318175
655.661318175
655.661318175
655.661318175
655.661318175
655.661318175
655.661318175
655.661318175
655.661318175
655.661318175
655.661318175
655.661318175
655.661318175
655.661318175
655.661318175
655.661318175
655.661318175
655.661318175
655.661318175
655.661318175
655.661318175
655.661318175
655.661318175
655.661318175
655.661318175
655.661318175
655.661318175
655.661318175
655.661318175
655.661318175
655.661318175
655.661318175
647.600991399
647.600991399
647.600991399
647.600991399
647.600991399
647.600991399
647.600991399
647.600991399
647.600991399
647.600991399
647.600991399
647.600991399
647.600991399
647.600991399
647.600991399
647.600991399
647.600991399
647.600991399
647.600991399
647.600991399
647.600991399
647.600991399
647.600991399
647.600991399
647.600991399
647.600991399
647.600991399
647.600991399
623.807220331
623.807220331
623.807220331
623.807220331
620.474027601
620.474027601
620.474027601
620.474027601
620.474027601
620.474027601
620.474027601
620.474027601
620.474027601
620.474027601
620.474027601
620.474027601
620.474027601
620.474027601
620.474027601
620.474027601
620.474027601
620.474027601
620.474027601
620.474027601
620.474027601
620.474027601
620.474027601
620.474027601
620.474027601
620.474027601
620.474027601
620.474027601
620.474027601
620.474027601
620.474027601
620.474027601
620.474027601
620.474027601
620.474027601
620.474027601
620.474027601
620.474027601
620.474027601
620.474027601
620.474027601
620.474027601
620.474027601
620.474027601
620.474027601
620.474027601
620.474027601
620.474027601
620.474027601
620.474027601
620.474027601
620.474027601
620.474027601
620.474027601
620.474027601
620.474027601
620.474027601
620.474027601
620.474027601
620.474027601
620.474027601
620.474027601
620.474027601
620.474027601
620.474027601
620.474027601
620.474027601
620.474027601
620.474027601
620.474027601
620.474027601
620.474027601
620.474027601
620.474027601
620.474027601
620.474027601
620.474027601
620.474027601
620.474027601
620.474027601
620.474027601
620.474027601
620.474027601
620.474027601
620.474027601
620.474027601
620.474027601
620.474027601
620.474027601
620.474027601
620.474027601
620.474027601
620.474027601
620.474027601
620.474027601
620.474027601
620.474027601
620.474027601
620.474027601
620.474027601
620.474027601
620.474027601
620.474027601
620.474027601
620.474027601
620.474027601
620.474027601
620.474027601
620.474027601
620.474027601
620.474027601
620.474027601
620.474027601
620.474027601
620.474027601
620.474027601
620.474027601
620.474027601
620.474027601
620.474027601
620.474027601
620.474027601
620.474027601
620.474027601
620.474027601
620.474027601
620.474027601
620.474027601
620.474027601
620.474027601
620.474027601
620.474027601
620.474027601
620.474027601
620.474027601
620.474027601
620.474027601
620.474027601
620.474027601
620.474027601
620.474027601
620.474027601
620.474027601
620.474027601
620.474027601
620.474027601
620.474027601
620.474027601
620.474027601
620.474027601
620.474027601
620.474027601
620.474027601
620.474027601
620.474027601
620.474027601
620.474027601
620.474027601
620.474027601
620.474027601
620.474027601
620.474027601
620.474027601
620.474027601
620.474027601
620.474027601
620.474027601
620.474027601
620.474027601
620.474027601
620.474027601
620.474027601
620.474027601
620.474027601
620.474027601
620.474027601
620.474027601
620.474027601
620.474027601
620.474027601
620.474027601
620.474027601
620.474027601
620.474027601
620.474027601
620.474027601
620.474027601
620.474027601
620.474027601
620.474027601
620.474027601
620.474027601
620.474027601
620.474027601
620.474027601
620.474027601
620.474027601
620.474027601
620.474027601
620.474027601
620.474027601
620.474027601
620.474027601
620.474027601
620.474027601
620.474027601
620.474027601
620.474027601
620.474027601
620.474027601
620.474027601
620.474027601
620.474027601
620.474027601
620.474027601
620.474027601
620.474027601
620.474027601
620.474027601
620.474027601
620.474027601
620.474027601
620.474027601
620.474027601
620.474027601
620.474027601
620.474027601
620.474027601
620.474027601
620.474027601
620.474027601
620.474027601
620.474027601
620.474027601
620.474027601
620.474027601
620.474027601
620.474027601
620.474027601
620.474027601
620.474027601
620.474027601
620.474027601
620.474027601
620.474027601
620.474027601
620.474027601
620.474027601
620.474027601
620.474027601
620.474027601
620.474027601
620.474027601
620.474027601
620.474027601
620.474027601
620.474027601
620.474027601
620.474027601
620.474027601
620.474027601
620.474027601
620.474027601
620.474027601
620.474027601
620.474027601
620.474027601
620.474027601
620.474027601
620.474027601
620.474027601
620.474027601
620.474027601
620.474027601
620.474027601
620.474027601
617.342946767
617.342946767
617.342946767
617.342946767
617.342946767
617.342946767
617.342946767
617.342946767
617.342946767
617.342946767
617.342946767
617.342946767
617.342946767
617.342946767
617.342946767
617.342946767
617.342946767
617.342946767
617.342946767
617.342946767
617.342946767
617.342946767
617.342946767
617.342946767
617.342946767
617.342946767
617.342946767
617.342946767
617.342946767
617.342946767
617.342946767
617.342946767
617.342946767
617.342946767
617.342946767
617.342946767
617.342946767
617.342946767
617.342946767
617.342946767
617.342946767
617.342946767
617.342946767
617.342946767
617.342946767
617.342946767
617.342946767
617.342946767
617.342946767
617.342946767
617.342946767
617.342946767
617.342946767
617.342946767
617.342946767
617.342946767
617.342946767
617.342946767
617.342946767
617.342946767
617.342946767
617.342946767
617.342946767
617.342946767
617.342946767
617.342946767
617.342946767
617.342946767
617.342946767
617.342946767
617.342946767
617.342946767
617.342946767
617.342946767
617.342946767
617.342946767
617.342946767
617.342946767
617.342946767
617.342946767
617.342946767
617.342946767
617.342946767
617.342946767
617.342946767
617.342946767
617.342946767
617.342946767
617.342946767
617.342946767
617.342946767
617.342946767
617.342946767
617.342946767
617.342946767
617.342946767
617.342946767
617.342946767
617.342946767
617.342946767
617.342946767
617.342946767
617.342946767
617.342946767
617.342946767
617.342946767
617.342946767
617.342946767
617.342946767
617.342946767
617.342946767
617.342946767
617.342946767
617.342946767
617.342946767
617.342946767
617.342946767
617.342946767
617.342946767
617.342946767
617.342946767
617.342946767
617.342946767
617.342946767
617.342946767
617.342946767
617.342946767
617.342946767
617.342946767
617.342946767
617.342946767
617.342946767
617.342946767
617.342946767
617.342946767
617.342946767
617.342946767
617.342946767
617.342946767
617.342946767
617.342946767
617.342946767
617.342946767
617.342946767
617.342946767
617.342946767
617.342946767
617.342946767
617.342946767
617.342946767
617.342946767
617.342946767
617.342946767
617.342946767
617.342946767
617.342946767
617.342946767
617.342946767
617.342946767
617.342946767
617.342946767
617.342946767
617.342946767
617.342946767
617.342946767
617.342946767
617.342946767
617.342946767
617.342946767
617.342946767
617.342946767
617.342946767
617.342946767
617.342946767
617.342946767
617.342946767
617.342946767
617.342946767
617.342946767
617.342946767
617.342946767
617.342946767
617.342946767
617.342946767
617.342946767
617.342946767
617.342946767
617.342946767
617.342946767
617.342946767
617.342946767
617.342946767
617.342946767
617.342946767
617.342946767
617.342946767
617.342946767
617.342946767
617.342946767
617.342946767
617.342946767
617.342946767
617.342946767
617.342946767
617.342946767
617.342946767
617.342946767
617.342946767
617.342946767
617.342946767
617.342946767
617.342946767
617.342946767
617.342946767
617.342946767
617.342946767
617.342946767
617.342946767
617.342946767
617.342946767
617.342946767
617.342946767
617.342946767
617.342946767
617.342946767
617.342946767
617.342946767
617.342946767
617.342946767
617.342946767
617.342946767
617.342946767
617.342946767
617.342946767
617.342946767
617.342946767
617.342946767
617.342946767
617.342946767
617.342946767
617.342946767
617.342946767
617.342946767
617.342946767
617.342946767
617.342946767
617.342946767
617.342946767
617.342946767
617.342946767
617.342946767
617.342946767
617.342946767
617.342946767
617.342946767
617.342946767
617.342946767
617.342946767
617.342946767
617.342946767
617.342946767
617.342946767
617.342946767
617.342946767
617.342946767
617.342946767
617.342946767
617.342946767
617.342946767
617.342946767
617.342946767
617.342946767
617.342946767
617.342946767
617.342946767
617.342946767
617.342946767
617.342946767
617.342946767
617.342946767
617.342946767
617.342946767
617.342946767
617.342946767
617.342946767
617.342946767
617.342946767
617.342946767
617.342946767
617.342946767
617.342946767
617.342946767
617.342946767
617.342946767
617.342946767
617.342946767
617.342946767
617.342946767
617.342946767
617.342946767
617.342946767
617.342946767
617.342946767
617.342946767
617.342946767
617.342946767
617.342946767
617.342946767
617.342946767
617.342946767
617.342946767
617.342946767
617.342946767
617.342946767
617.342946767
617.342946767
617.342946767
617.342946767
617.342946767
617.342946767
617.342946767
617.342946767
617.342946767
617.342946767
617.342946767
617.342946767
617.342946767
617.342946767
617.342946767
617.342946767
617.342946767
617.342946767
617.342946767
617.342946767
617.342946767
617.342946767
617.342946767
617.342946767
617.342946767
617.342946767
617.342946767
617.342946767
617.342946767
617.342946767
617.342946767
617.342946767
617.342946767
617.342946767
617.342946767
617.342946767
617.342946767
617.342946767
617.342946767
617.342946767
617.342946767
617.342946767
617.342946767
617.342946767
617.342946767
617.342946767
617.342946767
617.342946767
617.342946767
617.342946767
617.342946767
617.342946767
617.342946767
617.342946767
617.342946767
617.342946767
617.342946767
617.342946767
617.342946767
617.342946767
617.342946767
617.342946767
617.342946767
617.342946767
617.342946767
617.342946767
617.342946767
617.342946767
616.096977419
616.096977419
616.096977419
616.096977419
616.096977419
616.096977419
616.096977419
616.096977419
616.096977419
616.096977419
616.096977419
616.096977419
616.096977419
616.096977419
616.096977419
616.096977419
616.096977419
616.096977419
616.096977419
616.096977419
616.096977419
616.096977419
616.096977419
616.096977419
616.096977419
616.096977419
616.096977419
616.096977419
616.096977419
616.096977419
616.096977419
616.096977419
616.096977419
616.096977419
616.096977419
616.096977419
616.096977419
616.096977419
616.096977419
616.096977419
616.096977419
616.096977419
616.096977419
616.096977419
616.096977419
616.096977419
616.096977419
616.096977419
616.096977419
616.096977419
616.096977419
616.096977419
616.096977419
616.096977419
616.096977419
616.096977419
616.096977419
616.096977419
616.096977419
616.096977419
616.096977419
616.096977419
616.096977419
616.096977419
616.096977419
616.096977419
616.096977419
616.096977419
616.096977419
616.096977419
616.096977419
616.096977419
616.096977419
616.096977419
616.096977419
616.096977419
616.096977419
616.096977419
616.096977419
616.096977419
616.096977419
616.096977419
616.096977419
616.096977419
616.096977419
616.096977419
616.096977419
616.096977419
616.096977419
616.096977419
616.096977419
616.096977419
616.096977419
616.096977419
616.096977419
616.096977419
616.096977419
616.096977419
616.096977419
616.096977419
616.096977419
616.096977419
616.096977419
616.096977419
616.096977419
616.096977419
616.096977419
616.096977419
616.096977419
616.096977419
616.096977419
616.096977419
616.096977419
616.096977419
616.096977419
616.096977419
616.096977419
616.096977419
616.096977419
616.096977419
616.096977419
616.096977419
616.096977419
616.096977419
616.096977419
616.096977419
616.096977419
616.096977419
616.096977419
616.096977419
616.096977419
616.096977419
616.096977419
616.096977419
616.096977419
616.096977419
616.096977419
616.096977419
616.096977419
616.096977419
616.096977419
616.096977419
616.096977419
616.096977419
616.096977419
616.096977419
616.096977419
616.096977419
616.096977419
616.096977419
616.096977419
616.096977419
616.096977419
616.096977419
616.096977419
616.096977419
616.096977419
616.096977419
616.096977419
616.096977419
616.096977419
616.096977419
616.096977419
616.096977419
616.096977419
616.096977419
616.096977419
616.096977419
616.096977419
616.096977419
616.096977419
616.096977419
616.096977419
616.096977419
616.096977419
616.096977419
616.096977419
616.096977419
616.096977419
616.096977419
616.096977419
616.096977419
616.096977419
616.096977419
616.096977419
616.096977419
616.096977419
616.096977419
616.096977419
616.096977419
616.096977419
616.096977419
616.096977419
616.096977419
616.096977419
616.096977419
616.096977419
616.096977419
616.096977419
616.096977419
616.096977419
616.096977419
616.096977419
616.096977419
616.096977419
616.096977419
616.096977419
616.096977419
616.096977419
616.096977419
616.096977419
616.096977419
616.096977419
616.096977419
616.096977419
616.096977419
616.096977419
616.096977419
616.096977419
616.096977419
616.096977419
616.096977419
616.096977419
616.096977419
616.096977419
616.096977419
616.096977419
616.096977419
616.096977419
616.096977419
616.096977419
616.096977419
616.096977419
616.096977419
616.096977419
616.096977419
616.096977419
616.096977419
616.096977419
616.096977419
616.096977419
616.096977419
616.096977419
616.096977419
616.096977419
616.096977419
616.096977419
616.096977419
616.096977419
616.096977419
616.096977419
616.096977419
616.096977419
616.096977419
616.096977419
616.096977419
616.096977419
616.096977419
616.096977419
616.096977419
616.096977419
616.096977419
616.096977419
616.096977419
616.096977419
616.096977419
616.096977419
616.096977419
616.096977419
616.096977419
616.096977419
616.096977419
616.096977419
616.096977419
616.096977419
616.096977419
616.096977419
616.096977419
616.096977419
616.096977419
616.096977419
616.096977419
616.096977419
616.096977419
616.096977419
616.096977419
616.096977419
616.096977419
616.096977419
616.096977419
616.096977419
616.096977419
616.096977419
616.096977419
616.096977419
616.096977419
616.096977419
616.096977419
616.096977419
616.096977419
616.096977419
616.096977419
616.096977419
616.096977419
616.096977419
616.096977419
616.096977419
616.096977419
616.096977419
616.096977419
616.096977419
616.096977419
616.096977419
616.096977419
616.096977419
616.096977419
616.096977419
616.096977419
616.096977419
616.096977419
616.096977419
616.096977419
616.096977419
616.096977419
616.096977419
616.096977419
616.096977419
616.096977419
616.096977419
616.096977419
616.096977419
616.096977419
616.096977419
616.096977419
616.096977419
616.096977419
616.096977419
616.096977419
616.096977419
616.096977419
616.096977419
616.096977419
616.096977419
616.096977419
616.096977419
616.096977419
616.096977419
616.096977419
616.096977419
616.096977419
616.096977419
616.096977419
616.096977419
616.096977419
616.096977419
616.096977419
616.096977419
616.096977419
616.096977419
616.096977419
616.096977419
616.096977419
616.096977419
616.096977419
616.096977419
616.096977419
616.096977419
616.096977419
616.096977419
616.096977419
616.096977419
616.096977419
616.096977419
616.096977419
616.096977419
616.096977419
616.096977419
616.096977419
616.096977419
616.096977419
616.096977419
616.096977419
616.096977419
616.096977419
616.096977419
616.096977419
616.096977419
616.096977419
616.096977419
616.096977419
616.096977419
616.096977419
616.096977419
616.096977419
616.096977419
616.096977419
616.096977419
616.096977419
616.096977419
616.096977419
616.096977419
616.096977419
616.096977419
616.096977419
616.096977419
616.096977419
616.096977419
616.096977419
616.096977419
616.096977419
616.096977419
616.096977419
616.096977419
616.096977419
616.096977419
616.096977419
616.096977419
616.096977419
616.096977419
616.096977419
616.096977419
616.096977419
616.096977419
616.096977419
616.096977419
616.096977419
616.096977419
616.096977419
616.096977419
616.096977419
616.096977419
616.096977419
616.096977419
616.096977419
616.096977419
616.096977419
616.096977419
616.096977419
616.096977419
616.096977419
616.096977419
616.096977419
616.096977419
616.096977419
616.096977419
616.096977419
616.096977419
616.096977419
616.096977419
616.096977419
616.096977419
616.096977419
616.096977419
616.096977419
616.096977419
616.096977419
616.096977419
616.096977419
616.096977419
616.096977419
616.096977419
616.096977419
616.096977419
616.096977419
616.096977419
616.096977419
616.096977419
616.096977419
616.096977419
616.096977419
616.096977419
616.096977419
616.096977419
616.096977419
616.096977419
616.096977419
616.096977419
616.096977419
616.096977419
616.096977419
616.096977419
616.096977419
616.096977419
616.096977419
616.096977419
616.096977419
616.096977419
616.096977419
616.096977419
616.096977419
616.096977419
616.096977419
616.096977419
616.096977419
616.096977419
616.096977419
616.096977419
616.096977419
616.096977419
616.096977419
616.096977419
616.096977419
616.096977419
616.096977419
616.096977419
616.096977419
616.096977419
616.096977419
616.096977419
616.096977419
616.096977419
616.096977419
616.096977419
616.096977419
616.096977419
616.096977419
616.096977419
616.096977419
616.096977419
616.096977419
616.096977419
616.096977419
616.096977419
616.096977419
616.096977419
616.096977419
616.096977419
616.096977419
616.096977419
616.096977419
616.096977419
616.096977419
616.096977419
616.096977419
616.096977419
616.096977419
616.096977419
616.096977419
616.096977419
616.096977419
616.096977419
616.096977419
616.096977419
616.096977419
616.096977419
616.096977419
616.096977419
616.096977419
616.096977419
616.096977419
616.096977419
616.096977419
616.096977419
616.096977419
616.096977419
616.096977419
616.096977419
616.096977419
616.096977419
616.096977419
616.096977419
616.096977419
616.096977419
616.096977419
616.096977419
616.096977419
616.096977419
616.096977419
616.096977419
616.096977419
616.096977419
616.096977419
616.096977419
616.096977419
616.096977419
616.096977419
616.096977419
616.096977419
616.096977419
616.096977419
616.096977419
616.096977419
616.096977419
616.096977419
616.096977419
616.096977419
616.096977419
616.096977419
616.096977419
616.096977419
616.096977419
616.096977419
616.096977419
616.096977419
616.096977419
616.096977419
616.096977419
616.096977419
616.096977419
616.096977419
616.096977419
616.096977419
616.096977419
616.096977419
616.096977419
616.096977419
616.096977419
616.096977419
616.096977419
616.096977419
616.096977419
616.096977419
616.096977419
616.096977419
616.096977419
616.096977419
616.096977419
616.096977419
616.096977419
616.096977419
616.096977419
616.096977419
616.096977419
616.096977419
616.096977419
616.096977419
616.096977419
616.096977419
616.096977419
616.096977419
616.096977419
616.096977419
616.096977419
616.096977419
616.096977419
616.096977419
616.096977419
616.096977419
616.096977419
616.096977419
616.096977419
616.096977419
616.096977419
616.096977419
616.096977419
616.096977419
616.096977419
616.096977419
616.096977419
616.096977419
616.096977419
616.096977419
616.096977419
616.096977419
616.096977419
616.096977419
616.096977419
616.096977419
616.096977419
616.096977419
616.096977419
616.096977419
616.096977419
616.096977419
616.096977419
616.096977419
616.096977419
616.096977419
616.096977419
616.096977419
616.096977419
616.096977419
616.096977419
616.096977419
616.096977419
616.096977419
616.096977419
616.096977419
616.096977419
616.096977419
616.096977419
616.096977419
616.096977419
616.096977419
616.096977419
616.096977419
616.096977419
616.096977419
616.096977419
616.096977419
616.096977419
616.096977419
616.096977419
616.096977419
616.096977419
616.096977419
616.096977419
616.096977419
616.096977419
616.096977419
616.096977419
616.096977419
616.096977419
616.096977419
616.096977419
616.096977419
616.096977419
616.096977419
616.096977419
616.096977419
616.096977419
616.096977419
616.096977419
616.096977419
616.096977419
616.096977419
616.096977419
616.096977419
616.096977419
616.096977419
616.096977419
616.096977419
616.096977419
616.096977419
616.096977419
616.096977419
616.096977419
616.096977419
616.096977419
616.096977419
616.096977419
616.096977419
616.096977419
616.096977419
616.096977419
616.096977419
616.096977419
616.096977419
616.096977419
616.096977419
616.096977419
616.096977419
616.096977419
616.096977419
616.096977419
616.096977419
616.096977419
616.096977419
616.096977419
616.096977419
616.096977419
616.096977419
616.096977419
616.096977419
616.096977419
616.096977419
616.096977419
616.096977419
616.096977419
616.096977419
616.096977419
616.096977419
616.096977419
616.096977419
616.096977419
616.096977419
616.096977419
616.096977419
616.096977419
616.096977419
616.096977419
616.096977419
616.096977419
616.096977419
616.096977419
616.096977419
616.096977419
616.096977419
616.096977419
616.096977419
616.096977419
616.096977419
616.096977419
616.096977419
616.096977419
616.096977419
616.096977419
616.096977419
616.096977419
616.096977419
616.096977419
616.096977419
616.096977419
616.096977419
616.096977419
616.096977419
616.096977419
616.096977419
616.096977419
616.096977419
616.096977419
616.096977419
616.096977419
616.096977419
616.096977419
616.096977419
616.096977419
616.096977419
616.096977419
616.096977419
616.096977419
616.096977419
616.096977419
616.096977419
616.096977419
616.096977419
616.096977419
616.096977419
616.096977419
616.096977419
616.096977419
616.096977419
616.096977419
