1769.2223645
1756.45888899
1646.5760812
1619.92701068
1619.92701068
1619.92701068
1573.39207896
1573.39207896
1573.39207896
1557.22343127
1517.08694749
1490.72343351
1490.72343351
1490.72343351
1484.33320113
1468.73170267
1447.09249681
1447.09249681
1433.44453773
1416.30055758
1416.30055758
1399.1449832
1399.1449832
1399.1449832
1399.1449832
1399.1449832
1399.1449832
1399.1449832
1399.1449832
1399.1449832
1399.1449832
1399.1449832
1399.1449832
1399.1449832
1399.1449832
1399.1449832
1399.1449832
1362.87156496
1362.87156496
1362.87156496
1362.87156496
1282.46488719
1282.46488719
1282.46488719
1282.46488719
1282.46488719
1282.46488719
1271.20411655
1271.20411655
1271.20411655
1271.20411655
1271.20411655
1271.20411655
1271.20411655
1271.20411655
1271.20411655
1271.20411655
1271.20411655
1271.20411655
1271.20411655
1209.73768666
1209.73768666
1204.65554616
1204.65554616
1162.73279276
1162.73279276
1162.73279276
1162.73279276
1153.18025624
1153.18025624
1153.18025624
1153.18025624
1153.18025624
1153.18025624
1153.18025624
1153.18025624
1129.55678365
1129.55678365
1129.55678365
1107.58451036
1107.58451036
1107.58451036
1107.58451036
1107.58451036
1107.58451036
1107.58451036
1107.58451036
1107.58451036
1107.58451036
1107.58451036
1103.20255826
1103.20255826
1103.20255826
1103.20255826
1103.20255826
1091.7178473
1091.7178473
1091.7178473
1091.7178473
1073.5508368
1073.5508368
1073.5508368
1073.5508368
1046.92327294
1046.92327294
1046.92327294
1046.92327294
1046.92327294
1046.92327294
1046.92327294
1046.92327294
1046.92327294
1046.92327294
1046.92327294
1046.68733524
1046.68733524
1046.68733524
1046.68733524
1046.68733524
1046.68733524
1046.68733524
1046.68733524
1045.31660784
1045.31660784
1045.31660784
1045.31660784
1045.31660784
1045.31660784
1045.31660784
1038.68180374
1038.1744992
1024.40850192
1024.40850192
1024.40850192
1018.26171591
1018.26171591
1018.26171591
1018.26171591
1018.26171591
1006.11415748
1006.11415748
1006.11415748
1006.11415748
1006.11415748
993.78396096
993.78396096
993.78396096
993.78396096
993.78396096
993.78396096
993.78396096
993.78396096
993.78396096
993.78396096
993.78396096
993.78396096
984.548828975
984.548828975
984.548828975
976.84813972
976.84813972
963.659941053
963.659941053
963.659941053
963.659941053
963.659941053
963.659941053
963.659941053
963.659941053
963.659941053
963.659941053
963.659941053
954.34741017
954.34741017
954.34741017
954.34741017
954.34741017
954.34741017
954.34741017
954.34741017
954.34741017
944.90755707
944.90755707
944.90755707
944.90755707
944.90755707
944.90755707
944.90755707
944.90755707
944.90755707
944.531090309
944.531090309
918.210972956
918.210972956
918.210972956
918.210972956
918.210972956
886.705396047
886.705396047
886.705396047
886.705396047
886.705396047
886.705396047
886.705396047
886.705396047
886.705396047
886.705396047
886.705396047
886.705396047
886.705396047
886.705396047
886.705396047
886.705396047
886.705396047
886.705396047
886.705396047
886.705396047
886.705396047
886.705396047
886.705396047
886.705396047
886.705396047
886.705396047
886.705396047
886.705396047
886.705396047
886.705396047
886.705396047
886.705396047
886.705396047
886.705396047
886.705396047
886.705396047
886.705396047
886.705396047
886.705396047
886.705396047
886.705396047
886.705396047
886.705396047
886.705396047
886.705396047
886.705396047
886.705396047
886.705396047
886.705396047
886.705396047
886.705396047
886.705396047
886.705396047
886.705396047
886.705396047
886.705396047
886.705396047
886.705396047
886.705396047
886.705396047
886.705396047
886.705396047
886.705396047
886.705396047
886.705396047
886.705396047
886.705396047
886.705396047
886.705396047
886.705396047
886.705396047
886.705396047
886.705396047
886.705396047
886.705396047
886.705396047
886.705396047
886.705396047
886.705396047
886.705396047
886.705396047
886.705396047
886.705396047
886.705396047
886.705396047
886.705396047
886.705396047
886.705396047
886.705396047
886.705396047
886.705396047
886.705396047
886.705396047
886.705396047
886.705396047
886.705396047
886.705396047
886.705396047
886.705396047
886.705396047
886.705396047
886.705396047
886.705396047
886.705396047
886.705396047
886.705396047
886.705396047
886.705396047
886.705396047
884.954717483
884.954717483
884.954717483
884.954717483
884.954717483
884.747422103
884.747422103
884.747422103
884.747422103
884.747422103
884.747422103
884.747422103
884.747422103
884.747422103
884.747422103
884.747422103
884.747422103
884.747422103
884.747422103
884.747422103
884.747422103
884.747422103
884.747422103
884.747422103
884.747422103
884.747422103
884.747422103
884.747422103
884.747422103
884.747422103
884.747422103
884.747422103
884.747422103
884.747422103
884.747422103
884.747422103
884.747422103
884.747422103
884.747422103
884.747422103
884.747422103
884.747422103
884.747422103
884.747422103
884.747422103
884.747422103
884.747422103
884.747422103
884.747422103
884.747422103
884.747422103
884.747422103
884.747422103
884.747422103
884.747422103
884.747422103
884.747422103
884.747422103
884.747422103
884.747422103
884.747422103
864.626049719
864.626049719
864.626049719
864.626049719
864.626049719
864.626049719
864.626049719
864.626049719
864.626049719
864.626049719
864.626049719
864.626049719
864.626049719
864.626049719
864.626049719
864.626049719
864.626049719
864.626049719
864.626049719
864.626049719
864.626049719
864.626049719
864.626049719
864.626049719
864.626049719
864.626049719
864.626049719
864.626049719
864.626049719
864.626049719
864.626049719
864.626049719
864.626049719
864.626049719
864.626049719
864.626049719
864.626049719
864.626049719
864.626049719
864.626049719
864.626049719
864.626049719
864.626049719
864.626049719
864.626049719
864.626049719
864.626049719
864.626049719
864.626049719
864.626049719
864.626049719
864.626049719
864.626049719
864.626049719
864.626049719
864.626049719
864.626049719
864.626049719
864.626049719
864.626049719
864.626049719
864.626049719
864.626049719
864.626049719
864.626049719
864.626049719
864.626049719
864.626049719
864.626049719
864.626049719
864.626049719
864.626049719
864.626049719
864.626049719
864.626049719
864.626049719
864.626049719
864.626049719
864.626049719
843.868058347
843.868058347
843.868058347
843.868058347
843.868058347
843.868058347
843.868058347
843.868058347
843.868058347
843.868058347
843.868058347
843.868058347
843.868058347
843.868058347
843.868058347
843.868058347
843.868058347
843.868058347
843.868058347
843.868058347
843.868058347
843.868058347
843.868058347
843.868058347
843.868058347
831.505196705
831.505196705
831.505196705
831.505196705
831.505196705
831.505196705
831.505196705
831.505196705
831.505196705
831.505196705
831.505196705
831.505196705
831.505196705
831.505196705
831.505196705
831.505196705
831.505196705
831.505196705
831.505196705
831.505196705
831.505196705
831.505196705
831.505196705
831.505196705
831.505196705
831.505196705
831.505196705
831.505196705
831.505196705
831.505196705
831.505196705
831.505196705
831.505196705
831.505196705
831.505196705
831.505196705
831.505196705
831.505196705
831.505196705
831.505196705
831.505196705
831.505196705
831.505196705
831.505196705
831.505196705
831.505196705
831.505196705
831.505196705
831.505196705
831.505196705
831.505196705
831.505196705
831.505196705
831.505196705
831.505196705
831.505196705
831.505196705
831.505196705
831.505196705
831.505196705
831.505196705
831.505196705
824.465943107
824.465943107
824.465943107
824.465943107
824.465943107
824.465943107
824.465943107
824.465943107
824.465943107
824.465943107
824.465943107
824.465943107
824.465943107
824.465943107
824.465943107
824.465943107
806.654328128
806.654328128
806.654328128
806.654328128
806.654328128
806.654328128
806.654328128
806.654328128
806.654328128
806.654328128
806.654328128
806.654328128
806.654328128
806.654328128
806.654328128
806.654328128
806.654328128
806.654328128
806.654328128
806.654328128
806.654328128
806.654328128
799.934287483
799.934287483
799.934287483
799.934287483
799.934287483
799.934287483
799.934287483
799.934287483
799.934287483
799.934287483
799.934287483
799.934287483
799.934287483
799.934287483
795.495755597
795.495755597
771.675826567
771.675826567
771.675826567
771.675826567
771.675826567
771.675826567
771.675826567
771.675826567
771.675826567
771.675826567
771.675826567
771.675826567
771.675826567
771.675826567
771.675826567
771.675826567
771.675826567
771.675826567
771.675826567
771.675826567
771.675826567
767.627372116
767.627372116
767.627372116
767.627372116
767.627372116
767.627372116
767.627372116
767.627372116
767.627372116
767.627372116
767.627372116
767.627372116
767.627372116
767.627372116
767.627372116
767.627372116
767.627372116
767.627372116
767.627372116
767.627372116
767.627372116
767.627372116
767.627372116
767.627372116
766.150437515
766.150437515
766.150437515
766.150437515
766.150437515
766.150437515
766.150437515
766.150437515
766.150437515
766.150437515
766.150437515
766.150437515
766.150437515
766.150437515
766.150437515
766.150437515
766.150437515
766.150437515
766.150437515
766.150437515
766.150437515
766.150437515
766.150437515
766.150437515
757.778228654
757.778228654
757.778228654
757.778228654
757.778228654
757.778228654
757.778228654
757.778228654
757.778228654
757.778228654
757.778228654
757.778228654
757.778228654
757.778228654
757.778228654
757.778228654
757.778228654
757.778228654
757.778228654
757.778228654
757.778228654
757.778228654
757.778228654
757.778228654
757.778228654
757.778228654
757.778228654
757.778228654
757.778228654
757.778228654
757.778228654
757.778228654
757.778228654
757.778228654
757.778228654
757.778228654
757.778228654
757.778228654
757.778228654
757.778228654
757.778228654
757.778228654
757.778228654
757.778228654
757.778228654
757.778228654
757.778228654
757.778228654
757.778228654
757.778228654
757.778228654
757.778228654
757.778228654
757.778228654
757.778228654
757.778228654
757.778228654
757.778228654
757.778228654
757.778228654
757.778228654
757.778228654
757.778228654
754.459482559
753.318914013
753.318914013
753.318914013
753.318914013
753.318914013
753.318914013
753.318914013
753.318914013
753.318914013
753.318914013
753.318914013
753.318914013
753.318914013
753.318914013
753.318914013
753.318914013
753.318914013
749.837513995
749.837513995
749.837513995
749.837513995
749.837513995
749.837513995
749.837513995
749.837513995
749.837513995
749.837513995
749.837513995
749.837513995
749.837513995
749.837513995
749.837513995
749.837513995
749.837513995
749.837513995
749.837513995
749.837513995
749.837513995
749.837513995
749.837513995
749.837513995
749.837513995
749.837513995
749.837513995
749.837513995
749.837513995
738.112492037
738.112492037
738.112492037
738.112492037
738.112492037
738.112492037
738.112492037
738.112492037
738.112492037
738.112492037
738.112492037
738.112492037
738.112492037
738.112492037
738.112492037
738.112492037
738.112492037
738.112492037
738.112492037
738.112492037
738.112492037
738.112492037
738.112492037
738.112492037
738.112492037
738.112492037
738.112492037
738.112492037
738.112492037
738.112492037
738.112492037
738.112492037
738.112492037
738.112492037
738.112492037
738.112492037
738.112492037
738.112492037
738.112492037
738.112492037
738.112492037
738.112492037
738.112492037
738.112492037
738.112492037
738.112492037
738.112492037
738.112492037
738.112492037
738.112492037
738.112492037
738.112492037
738.112492037
738.112492037
738.112492037
738.112492037
738.112492037
738.112492037
738.112492037
738.112492037
738.112492037
737.133545843
737.133545843
727.891410402
727.360150095
727.360150095
727.360150095
727.360150095
727.360150095
717.173098721
717.173098721
717.173098721
717.173098721
717.173098721
717.173098721
717.173098721
717.173098721
717.173098721
717.173098721
717.173098721
714.273482356
714.273482356
714.273482356
714.273482356
714.273482356
714.273482356
714.273482356
714.273482356
714.273482356
714.273482356
714.273482356
714.273482356
714.273482356
714.273482356
714.273482356
714.273482356
714.273482356
714.273482356
714.273482356
714.273482356
714.273482356
714.273482356
714.273482356
714.273482356
714.273482356
714.273482356
714.273482356
714.273482356
714.273482356
714.273482356
714.273482356
714.273482356
714.273482356
714.273482356
714.273482356
714.273482356
714.273482356
714.273482356
714.273482356
714.273482356
714.273482356
714.273482356
714.273482356
714.273482356
714.273482356
714.273482356
714.273482356
706.889322835
703.459860586
703.459860586
703.459860586
703.459860586
703.459860586
703.459860586
703.459860586
703.459860586
703.459860586
703.459860586
703.459860586
703.459860586
703.459860586
703.459860586
703.459860586
703.459860586
703.459860586
703.459860586
703.459860586
703.459860586
703.044300107
703.044300107
703.044300107
703.044300107
703.044300107
703.044300107
703.044300107
700.868171987
700.868171987
700.868171987
700.868171987
700.868171987
700.868171987
700.868171987
700.868171987
700.868171987
700.868171987
700.868171987
700.868171987
700.868171987
700.868171987
700.868171987
700.868171987
700.868171987
700.868171987
700.868171987
700.868171987
700.868171987
700.868171987
700.868171987
700.868171987
700.868171987
700.868171987
700.868171987
700.868171987
700.868171987
700.868171987
700.868171987
700.868171987
700.868171987
700.868171987
700.868171987
700.868171987
700.868171987
700.868171987
700.868171987
700.868171987
700.868171987
700.868171987
700.868171987
700.868171987
700.868171987
700.868171987
700.868171987
700.868171987
700.868171987
700.868171987
700.868171987
691.495111776
691.495111776
691.495111776
691.495111776
691.495111776
691.495111776
691.495111776
691.495111776
691.495111776
691.495111776
691.495111776
691.495111776
691.495111776
691.495111776
691.495111776
691.495111776
690.946949457
690.946949457
690.946949457
690.946949457
690.946949457
690.946949457
690.946949457
690.946949457
690.946949457
690.946949457
690.946949457
690.946949457
690.946949457
690.946949457
690.946949457
690.946949457
690.946949457
690.946949457
690.946949457
690.946949457
690.946949457
690.946949457
690.946949457
690.946949457
690.946949457
690.946949457
684.701081206
684.701081206
684.701081206
684.701081206
684.701081206
684.701081206
684.701081206
684.701081206
684.701081206
684.701081206
684.701081206
684.701081206
684.701081206
684.701081206
684.701081206
684.701081206
684.701081206
684.701081206
684.701081206
684.701081206
684.701081206
684.701081206
684.701081206
684.701081206
684.701081206
684.701081206
684.701081206
684.701081206
684.701081206
684.701081206
684.701081206
684.701081206
684.701081206
678.117980332
678.117980332
678.117980332
678.117980332
678.117980332
678.117980332
678.117980332
678.117980332
678.117980332
678.117980332
678.117980332
678.117980332
678.117980332
678.117980332
678.117980332
678.117980332
678.117980332
678.117980332
678.117980332
678.117980332
678.117980332
672.851451133
672.851451133
672.851451133
672.851451133
672.851451133
672.851451133
672.851451133
672.851451133
672.851451133
672.851451133
672.851451133
672.851451133
660.925182217
660.925182217
660.925182217
660.925182217
660.925182217
660.925182217
660.925182217
660.925182217
660.925182217
660.925182217
660.925182217
660.925182217
660.108820185
660.108820185
660.108820185
660.108820185
660.108820185
660.108820185
660.108820185
660.108820185
660.108820185
660.108820185
660.108820185
660.108820185
660.108820185
654.045095888
654.045095888
654.045095888
654.045095888
654.045095888
654.045095888
654.045095888
654.045095888
654.045095888
654.045095888
654.045095888
654.045095888
654.045095888
654.045095888
654.045095888
654.045095888
654.045095888
654.045095888
654.045095888
654.045095888
654.045095888
654.045095888
654.045095888
654.045095888
654.045095888
654.045095888
654.045095888
654.045095888
654.045095888
654.045095888
654.045095888
654.045095888
654.045095888
654.045095888
654.045095888
654.045095888
654.045095888
654.045095888
654.045095888
654.045095888
654.045095888
654.045095888
654.045095888
654.045095888
654.045095888
654.045095888
654.045095888
654.045095888
654.045095888
654.045095888
654.045095888
654.045095888
654.045095888
654.045095888
654.045095888
654.045095888
654.045095888
654.045095888
654.045095888
654.045095888
654.045095888
654.045095888
654.045095888
635.710275859
635.710275859
635.710275859
635.710275859
635.710275859
635.710275859
635.710275859
635.710275859
635.710275859
635.710275859
635.710275859
635.710275859
635.710275859
635.710275859
635.710275859
635.710275859
635.710275859
635.710275859
635.710275859
635.710275859
635.710275859
635.710275859
635.710275859
635.710275859
635.710275859
635.710275859
635.710275859
635.710275859
635.710275859
635.710275859
635.710275859
635.710275859
635.710275859
635.710275859
635.710275859
635.710275859
635.710275859
635.710275859
635.710275859
635.710275859
635.710275859
635.710275859
635.710275859
635.710275859
635.710275859
635.710275859
635.710275859
635.710275859
635.710275859
635.710275859
635.710275859
634.40825596
634.40825596
634.40825596
634.40825596
634.40825596
634.40825596
634.40825596
634.40825596
634.40825596
634.40825596
634.40825596
634.40825596
634.40825596
634.40825596
634.40825596
634.40825596
634.40825596
634.40825596
634.40825596
634.40825596
634.40825596
634.40825596
634.40825596
634.40825596
634.40825596
634.40825596
634.40825596
634.40825596
634.40825596
634.40825596
634.40825596
634.40825596
634.40825596
634.40825596
634.40825596
634.40825596
634.40825596
634.40825596
634.40825596
634.40825596
634.40825596
634.40825596
634.40825596
634.40825596
634.40825596
634.40825596
634.40825596
634.40825596
634.40825596
634.40825596
634.40825596
634.40825596
634.40825596
634.40825596
634.40825596
634.40825596
634.40825596
634.40825596
634.40825596
634.40825596
634.40825596
634.40825596
634.40825596
628.676238054
628.676238054
628.676238054
628.676238054
628.676238054
628.676238054
628.676238054
628.676238054
628.676238054
628.676238054
628.676238054
628.676238054
628.676238054
628.676238054
628.676238054
628.676238054
628.676238054
628.676238054
628.676238054
628.676238054
627.888017588
627.888017588
627.888017588
627.888017588
627.888017588
627.888017588
627.888017588
627.888017588
627.888017588
627.888017588
627.888017588
627.888017588
627.888017588
627.888017588
627.888017588
627.888017588
627.888017588
627.888017588
627.888017588
627.888017588
627.888017588
627.888017588
627.888017588
627.888017588
627.888017588
627.888017588
627.888017588
627.888017588
627.888017588
627.888017588
627.888017588
627.888017588
627.888017588
627.888017588
627.888017588
627.888017588
627.888017588
627.888017588
627.888017588
627.888017588
627.888017588
627.888017588
627.888017588
627.888017588
627.888017588
627.888017588
627.888017588
627.888017588
627.888017588
627.888017588
627.888017588
627.888017588
627.888017588
627.888017588
627.888017588
627.888017588
627.888017588
627.888017588
627.888017588
627.888017588
627.888017588
627.888017588
627.888017588
627.888017588
627.888017588
627.888017588
627.888017588
627.888017588
627.888017588
627.888017588
627.888017588
627.888017588
627.888017588
627.888017588
627.888017588
627.888017588
627.888017588
627.888017588
627.888017588
627.888017588
627.888017588
625.736062157
625.736062157
625.736062157
625.736062157
625.736062157
625.736062157
625.736062157
625.736062157
625.736062157
625.736062157
625.736062157
625.736062157
625.736062157
625.736062157
625.736062157
625.736062157
625.736062157
625.736062157
625.736062157
625.736062157
625.736062157
625.736062157
625.736062157
625.736062157
625.736062157
625.736062157
625.736062157
625.736062157
625.736062157
625.736062157
625.736062157
625.736062157
625.736062157
625.736062157
625.736062157
625.736062157
625.736062157
625.736062157
625.736062157
625.736062157
625.736062157
625.736062157
625.736062157
625.736062157
625.736062157
625.736062157
625.736062157
625.736062157
625.736062157
625.736062157
625.736062157
625.736062157
625.736062157
625.736062157
625.736062157
625.736062157
625.736062157
625.736062157
625.736062157
625.736062157
625.736062157
625.736062157
625.736062157
625.736062157
625.736062157
625.736062157
625.736062157
625.736062157
625.736062157
625.736062157
625.736062157
625.736062157
625.736062157
625.736062157
625.736062157
625.736062157
625.736062157
625.736062157
625.736062157
625.736062157
625.736062157
625.736062157
625.736062157
625.736062157
625.736062157
625.736062157
625.736062157
625.736062157
623.997236776
623.997236776
623.997236776
623.997236776
623.997236776
623.997236776
623.997236776
623.997236776
623.997236776
623.997236776
623.997236776
623.997236776
623.997236776
623.997236776
623.997236776
623.997236776
623.997236776
623.997236776
623.997236776
623.997236776
623.997236776
623.997236776
623.997236776
623.997236776
623.997236776
623.997236776
623.997236776
623.997236776
623.997236776
623.997236776
623.997236776
623.997236776
623.997236776
623.997236776
623.997236776
623.997236776
623.997236776
623.997236776
623.997236776
623.997236776
623.997236776
623.997236776
623.997236776
623.997236776
623.997236776
623.997236776
623.997236776
623.997236776
623.997236776
623.997236776
623.997236776
623.997236776
623.997236776
623.997236776
623.997236776
623.997236776
623.997236776
623.997236776
623.997236776
623.997236776
623.997236776
623.997236776
623.997236776
623.997236776
623.997236776
623.997236776
623.997236776
623.997236776
623.997236776
623.997236776
623.997236776
623.997236776
623.997236776
623.997236776
623.997236776
623.997236776
623.997236776
623.997236776
623.997236776
623.997236776
623.997236776
623.997236776
623.997236776
623.997236776
623.997236776
623.997236776
623.997236776
623.997236776
623.997236776
623.997236776
623.997236776
623.997236776
623.997236776
623.997236776
623.997236776
623.997236776
623.997236776
623.997236776
623.997236776
623.997236776
623.997236776
623.997236776
623.997236776
623.997236776
623.997236776
623.997236776
623.997236776
623.997236776
623.997236776
623.997236776
623.997236776
623.997236776
623.997236776
623.997236776
623.997236776
623.997236776
623.997236776
623.997236776
623.997236776
623.997236776
623.997236776
623.997236776
623.997236776
623.997236776
623.997236776
623.997236776
623.997236776
623.997236776
623.997236776
623.997236776
623.997236776
623.997236776
623.997236776
623.997236776
623.997236776
623.997236776
623.997236776
623.997236776
623.997236776
623.997236776
623.997236776
623.997236776
623.997236776
623.997236776
623.997236776
623.997236776
623.997236776
623.997236776
622.960923323
622.960923323
622.960923323
622.960923323
622.960923323
622.960923323
622.960923323
622.960923323
622.960923323
622.960923323
622.960923323
622.960923323
622.960923323
622.960923323
622.960923323
622.960923323
622.960923323
622.960923323
622.960923323
622.960923323
622.960923323
622.960923323
622.960923323
622.960923323
622.960923323
622.960923323
622.960923323
622.960923323
622.960923323
622.960923323
622.960923323
622.960923323
622.960923323
622.960923323
622.960923323
622.960923323
622.960923323
622.960923323
622.960923323
622.960923323
622.960923323
622.960923323
622.960923323
622.960923323
622.960923323
622.960923323
622.960923323
622.960923323
622.960923323
622.960923323
622.960923323
622.960923323
622.960923323
622.960923323
622.960923323
622.960923323
622.960923323
622.960923323
622.960923323
622.960923323
622.960923323
622.960923323
622.960923323
622.960923323
622.960923323
622.960923323
622.960923323
622.960923323
622.960923323
622.960923323
622.960923323
622.960923323
622.960923323
622.960923323
622.960923323
622.960923323
622.960923323
622.960923323
622.960923323
622.960923323
622.960923323
622.960923323
622.960923323
622.960923323
622.960923323
622.960923323
622.960923323
622.960923323
622.960923323
622.960923323
622.960923323
622.960923323
622.960923323
622.960923323
622.960923323
622.960923323
622.960923323
622.960923323
622.960923323
622.960923323
622.960923323
622.960923323
622.960923323
622.960923323
622.960923323
622.960923323
622.960923323
622.960923323
622.960923323
622.960923323
622.960923323
622.960923323
622.960923323
622.960923323
620.061306959
620.061306959
620.061306959
620.061306959
620.061306959
620.061306959
620.061306959
620.061306959
620.061306959
620.061306959
620.061306959
620.061306959
610.831747531
610.831747531
610.831747531
610.831747531
610.831747531
610.831747531
610.831747531
610.831747531
610.831747531
610.831747531
610.831747531
610.831747531
610.831747531
610.831747531
610.831747531
610.831747531
610.831747531
610.831747531
610.831747531
610.831747531
610.831747531
610.831747531
610.831747531
610.831747531
610.831747531
610.831747531
610.831747531
610.831747531
610.831747531
610.831747531
610.831747531
610.831747531
610.831747531
610.831747531
610.831747531
610.831747531
610.831747531
610.831747531
610.831747531
610.831747531
610.831747531
610.831747531
610.831747531
610.831747531
610.831747531
610.831747531
610.831747531
610.831747531
610.831747531
610.831747531
610.831747531
610.831747531
610.831747531
610.831747531
610.831747531
610.831747531
610.831747531
610.831747531
610.831747531
610.831747531
610.831747531
610.831747531
610.831747531
610.831747531
610.831747531
610.831747531
610.831747531
610.831747531
610.831747531
608.296279364
608.296279364
608.296279364
608.296279364
608.296279364
608.296279364
608.296279364
608.296279364
608.296279364
608.296279364
608.296279364
608.296279364
608.296279364
608.296279364
608.296279364
608.296279364
608.296279364
608.296279364
608.296279364
608.296279364
608.296279364
608.296279364
608.296279364
608.296279364
608.296279364
608.296279364
608.296279364
608.296279364
608.296279364
608.296279364
608.296279364
608.296279364
608.296279364
608.296279364
608.296279364
608.296279364
608.296279364
608.296279364
608.296279364
608.296279364
608.296279364
608.296279364
608.296279364
608.296279364
608.296279364
608.296279364
608.296279364
607.889224432
607.889224432
607.889224432
607.889224432
607.889224432
607.889224432
607.889224432
607.889224432
607.889224432
607.889224432
607.889224432
607.889224432
607.889224432
607.889224432
607.889224432
607.889224432
607.889224432
607.889224432
607.889224432
607.889224432
607.889224432
607.889224432
607.889224432
607.889224432
607.889224432
607.889224432
607.889224432
607.889224432
607.889224432
607.889224432
607.889224432
607.889224432
607.889224432
607.889224432
607.889224432
607.889224432
607.889224432
607.889224432
607.889224432
607.889224432
607.889224432
607.889224432
607.889224432
607.889224432
607.889224432
607.889224432
607.889224432
607.889224432
607.889224432
607.889224432
607.889224432
607.889224432
607.889224432
607.889224432
607.889224432
607.889224432
607.889224432
607.889224432
607.889224432
607.889224432
607.889224432
607.889224432
607.889224432
607.889224432
607.889224432
607.889224432
607.889224432
607.889224432
607.889224432
607.889224432
607.889224432
607.889224432
607.889224432
607.889224432
607.889224432
607.889224432
607.889224432
607.889224432
607.889224432
607.889224432
607.889224432
607.889224432
607.889224432
607.889224432
607.889224432
607.889224432
607.889224432
607.889224432
607.889224432
607.889224432
607.889224432
607.889224432
607.889224432
607.889224432
607.889224432
607.889224432
607.889224432
607.655955647
607.655955647
607.655955647
607.655955647
607.655955647
607.655955647
607.655955647
607.655955647
607.655955647
607.655955647
607.655955647
607.655955647
607.655955647
607.655955647
607.655955647
607.655955647
607.655955647
607.655955647
607.655955647
607.655955647
607.655955647
607.655955647
607.655955647
607.655955647
607.655955647
607.655955647
607.655955647
607.655955647
607.655955647
607.655955647
607.655955647
607.655955647
607.655955647
607.655955647
607.655955647
607.655955647
607.655955647
607.655955647
605.003410943
605.003410943
605.003410943
605.003410943
605.003410943
605.003410943
605.003410943
605.003410943
605.003410943
605.003410943
605.003410943
605.003410943
605.003410943
605.003410943
605.003410943
605.003410943
605.003410943
605.003410943
605.003410943
605.003410943
605.003410943
605.003410943
605.003410943
605.003410943
605.003410943
605.003410943
605.003410943
605.003410943
605.003410943
605.003410943
605.003410943
605.003410943
605.003410943
605.003410943
605.003410943
605.003410943
605.003410943
605.003410943
605.003410943
605.003410943
605.003410943
605.003410943
605.003410943
605.003410943
605.003410943
605.003410943
605.003410943
605.003410943
605.003410943
605.003410943
605.003410943
605.003410943
605.003410943
605.003410943
605.003410943
605.003410943
605.003410943
605.003410943
605.003410943
605.003410943
605.003410943
605.003410943
605.003410943
605.003410943
605.003410943
605.003410943
605.003410943
605.003410943
605.003410943
605.003410943
605.003410943
605.003410943
605.003410943
605.003410943
605.003410943
605.003410943
605.003410943
605.003410943
605.003410943
605.003410943
605.003410943
605.003410943
605.003410943
605.003410943
605.003410943
605.003410943
605.003410943
605.003410943
605.003410943
605.003410943
605.003410943
605.003410943
605.003410943
605.003410943
605.003410943
601.550544552
601.550544552
601.550544552
601.550544552
601.550544552
601.550544552
601.550544552
601.550544552
601.550544552
601.550544552
601.550544552
601.550544552
601.550544552
601.550544552
601.550544552
601.550544552
601.550544552
601.550544552
601.550544552
601.550544552
601.550544552
601.550544552
597.165815533
597.165815533
597.165815533
597.165815533
597.165815533
597.165815533
597.165815533
597.165815533
597.165815533
597.165815533
597.165815533
597.165815533
597.165815533
597.165815533
597.165815533
597.165815533
597.165815533
597.165815533
597.165815533
597.165815533
597.165815533
597.165815533
597.165815533
597.165815533
597.165815533
597.165815533
597.165815533
597.165815533
597.165815533
597.165815533
597.165815533
597.165815533
597.165815533
597.165815533
597.165815533
597.165815533
597.165815533
597.165815533
597.165815533
597.165815533
597.165815533
597.165815533
597.165815533
597.165815533
597.165815533
597.165815533
597.165815533
597.165815533
597.165815533
597.165815533
597.165815533
597.165815533
597.165815533
597.165815533
597.165815533
597.165815533
597.165815533
597.165815533
597.165815533
597.165815533
597.165815533
597.165815533
597.165815533
597.165815533
597.165815533
597.165815533
597.165815533
597.165815533
597.165815533
597.165815533
597.165815533
597.165815533
597.165815533
597.165815533
597.165815533
597.165815533
597.165815533
597.165815533
597.165815533
597.165815533
597.165815533
597.165815533
597.165815533
597.165815533
597.165815533
597.165815533
597.165815533
597.165815533
597.165815533
597.165815533
597.165815533
597.165815533
597.165815533
597.165815533
597.165815533
597.165815533
597.165815533
597.165815533
597.165815533
597.165815533
597.165815533
597.165815533
597.165815533
597.165815533
597.165815533
597.165815533
597.165815533
597.165815533
597.165815533
597.165815533
597.165815533
597.165815533
597.165815533
597.165815533
597.165815533
597.165815533
597.165815533
597.165815533
597.165815533
597.165815533
597.165815533
597.165815533
597.165815533
597.165815533
597.165815533
597.165815533
597.165815533
597.165815533
580.790426819
580.790426819
580.790426819
580.790426819
580.790426819
580.790426819
580.790426819
580.790426819
580.790426819
580.790426819
580.790426819
580.790426819
580.790426819
580.790426819
580.790426819
580.790426819
580.790426819
580.790426819
580.790426819
580.790426819
580.790426819
580.790426819
580.790426819
580.790426819
580.790426819
580.790426819
580.790426819
580.790426819
580.790426819
580.790426819
580.790426819
580.790426819
580.790426819
580.790426819
580.790426819
580.790426819
580.790426819
580.790426819
580.790426819
580.790426819
580.790426819
580.790426819
580.790426819
580.790426819
580.790426819
580.790426819
580.790426819
580.790426819
580.790426819
580.790426819
580.790426819
580.790426819
580.790426819
580.790426819
580.790426819
580.790426819
580.790426819
580.790426819
580.790426819
580.790426819
580.790426819
580.790426819
580.790426819
580.790426819
580.790426819
580.790426819
580.790426819
580.790426819
580.790426819
580.790426819
580.790426819
580.790426819
580.790426819
580.790426819
580.790426819
580.790426819
580.790426819
580.790426819
580.790426819
580.790426819
580.790426819
580.790426819
580.790426819
580.790426819
580.790426819
580.790426819
580.790426819
580.790426819
580.790426819
580.790426819
580.790426819
580.790426819
580.790426819
580.790426819
580.790426819
580.790426819
580.790426819
580.790426819
580.790426819
580.790426819
580.790426819
580.790426819
580.790426819
580.790426819
580.790426819
580.790426819
580.790426819
580.790426819
580.790426819
580.790426819
580.790426819
580.790426819
580.790426819
580.790426819
580.790426819
580.790426819
580.790426819
580.790426819
580.790426819
580.790426819
580.790426819
580.790426819
580.790426819
580.790426819
580.790426819
580.790426819
580.790426819
580.790426819
580.790426819
580.790426819
580.790426819
580.790426819
580.790426819
580.790426819
580.790426819
580.790426819
580.790426819
580.790426819
580.790426819
580.790426819
580.790426819
580.790426819
580.790426819
580.790426819
580.790426819
580.790426819
580.790426819
579.470341317
579.470341317
579.470341317
579.470341317
579.470341317
579.470341317
579.470341317
579.470341317
579.470341317
579.470341317
579.470341317
579.470341317
579.470341317
579.470341317
579.470341317
579.470341317
579.470341317
579.470341317
579.470341317
579.470341317
579.470341317
579.470341317
579.470341317
579.470341317
579.470341317
579.470341317
579.470341317
579.470341317
579.470341317
579.470341317
579.470341317
579.470341317
579.470341317
579.470341317
579.470341317
579.470341317
579.470341317
579.470341317
579.470341317
579.470341317
579.470341317
579.470341317
579.470341317
579.470341317
579.470341317
579.470341317
579.470341317
579.470341317
579.470341317
579.470341317
579.470341317
579.470341317
579.470341317
579.470341317
579.470341317
579.470341317
579.470341317
579.470341317
576.335097676
576.335097676
576.335097676
576.335097676
576.335097676
576.335097676
576.335097676
576.335097676
576.335097676
576.335097676
576.335097676
566.332223061
566.332223061
566.332223061
566.332223061
566.332223061
566.332223061
566.332223061
566.332223061
564.889804078
564.889804078
564.889804078
564.889804078
564.889804078
564.889804078
564.889804078
564.889804078
564.889804078
564.889804078
564.889804078
564.889804078
564.889804078
564.889804078
564.889804078
564.889804078
564.889804078
564.889804078
564.889804078
564.889804078
555.276012567
555.276012567
555.276012567
555.276012567
555.276012567
551.985586306
551.985586306
551.985586306
551.985586306
551.985586306
551.985586306
551.985586306
551.985586306
551.985586306
551.985586306
551.985586306
551.985586306
551.985586306
551.985586306
551.985586306
551.985586306
551.985586306
551.985586306
551.985586306
551.985586306
551.985586306
551.985586306
551.985586306
551.985586306
551.985586306
551.985586306
551.985586306
551.985586306
551.985586306
551.985586306
551.985586306
551.985586306
551.985586306
551.985586306
551.985586306
551.985586306
551.985586306
551.985586306
551.985586306
551.985586306
551.985586306
551.985586306
551.985586306
551.985586306
551.985586306
551.985586306
551.985586306
551.985586306
551.985586306
551.985586306
551.985586306
551.985586306
551.985586306
551.985586306
551.985586306
551.985586306
551.985586306
551.985586306
551.985586306
551.985586306
551.985586306
551.985586306
551.985586306
551.985586306
551.985586306
551.985586306
551.985586306
551.985586306
551.985586306
551.985586306
551.985586306
551.985586306
551.985586306
551.985586306
551.985586306
551.985586306
551.359107042
551.359107042
551.359107042
551.359107042
551.359107042
551.359107042
551.359107042
551.359107042
551.359107042
551.359107042
551.359107042
551.359107042
551.359107042
551.359107042
551.359107042
551.359107042
551.359107042
551.359107042
551.359107042
551.359107042
551.359107042
551.359107042
551.359107042
551.359107042
551.359107042
551.359107042
551.359107042
551.359107042
551.359107042
551.359107042
551.359107042
551.359107042
551.359107042
551.359107042
551.359107042
551.359107042
551.359107042
551.359107042
551.359107042
551.359107042
551.359107042
551.359107042
551.359107042
551.359107042
551.359107042
551.359107042
551.359107042
551.359107042
551.359107042
551.359107042
551.359107042
551.359107042
551.359107042
551.359107042
551.359107042
551.359107042
551.359107042
551.359107042
551.359107042
551.359107042
551.359107042
551.359107042
551.359107042
551.359107042
551.359107042
551.359107042
551.359107042
551.359107042
551.359107042
551.359107042
551.359107042
551.359107042
551.359107042
551.359107042
551.359107042
551.359107042
551.359107042
551.359107042
551.359107042
551.359107042
551.359107042
551.359107042
551.359107042
551.359107042
551.359107042
551.359107042
551.359107042
551.359107042
551.359107042
551.359107042
551.359107042
551.359107042
551.359107042
551.359107042
551.359107042
551.359107042
551.359107042
551.359107042
551.359107042
551.359107042
551.359107042
551.359107042
551.359107042
551.359107042
551.359107042
551.359107042
551.359107042
551.359107042
551.359107042
551.359107042
551.359107042
551.359107042
551.359107042
551.359107042
551.359107042
551.359107042
551.359107042
551.359107042
551.359107042
551.359107042
551.359107042
551.359107042
551.359107042
551.359107042
551.359107042
551.359107042
551.359107042
551.359107042
551.359107042
551.359107042
551.359107042
551.359107042
551.359107042
551.359107042
551.359107042
551.359107042
551.359107042
551.359107042
551.359107042
551.359107042
551.359107042
551.359107042
551.359107042
551.359107042
551.359107042
551.359107042
551.359107042
551.359107042
551.359107042
551.359107042
551.359107042
551.359107042
551.359107042
551.359107042
551.359107042
551.359107042
551.359107042
551.359107042
551.359107042
551.359107042
551.359107042
551.359107042
551.359107042
551.359107042
551.359107042
551.359107042
551.359107042
551.359107042
551.359107042
551.359107042
551.359107042
551.359107042
551.359107042
551.359107042
551.359107042
551.359107042
551.359107042
551.359107042
551.359107042
551.359107042
551.359107042
551.359107042
551.359107042
551.359107042
551.359107042
551.359107042
551.359107042
551.359107042
551.359107042
551.359107042
551.359107042
551.359107042
551.359107042
551.359107042
551.359107042
551.359107042
551.359107042
551.359107042
551.359107042
551.359107042
551.359107042
551.359107042
551.359107042
551.359107042
551.359107042
551.359107042
551.359107042
551.359107042
551.359107042
551.359107042
551.359107042
551.359107042
551.359107042
551.359107042
551.359107042
551.359107042
551.359107042
551.359107042
551.359107042
551.359107042
551.359107042
551.359107042
551.359107042
551.359107042
551.359107042
551.359107042
551.359107042
551.359107042
551.359107042
551.359107042
551.359107042
551.359107042
551.359107042
551.359107042
551.359107042
551.359107042
551.359107042
551.359107042
551.359107042
551.359107042
551.359107042
551.359107042
551.359107042
551.359107042
551.359107042
551.359107042
551.359107042
551.359107042
551.359107042
551.359107042
551.359107042
551.359107042
551.359107042
551.359107042
551.359107042
551.359107042
551.359107042
551.359107042
551.359107042
551.359107042
551.359107042
551.359107042
551.359107042
551.359107042
551.359107042
551.359107042
551.359107042
551.359107042
551.359107042
551.359107042
551.359107042
551.359107042
551.359107042
551.359107042
551.359107042
551.359107042
551.359107042
551.359107042
551.359107042
551.359107042
551.359107042
551.359107042
551.359107042
551.359107042
551.359107042
551.359107042
551.359107042
551.359107042
551.359107042
551.359107042
551.359107042
551.359107042
551.359107042
551.359107042
551.359107042
551.359107042
551.359107042
551.359107042
551.359107042
551.359107042
551.359107042
551.359107042
551.359107042
551.359107042
551.359107042
551.359107042
551.359107042
551.359107042
551.359107042
551.359107042
551.359107042
551.359107042
551.359107042
551.359107042
551.359107042
551.359107042
551.359107042
551.359107042
551.359107042
551.359107042
551.359107042
551.359107042
551.359107042
551.359107042
551.359107042
551.359107042
551.359107042
551.359107042
551.359107042
551.359107042
551.359107042
551.359107042
551.359107042
551.359107042
551.359107042
551.359107042
551.359107042
551.359107042
551.359107042
551.359107042
551.359107042
551.359107042
551.359107042
551.359107042
551.359107042
551.359107042
551.359107042
551.359107042
551.359107042
551.359107042
551.359107042
551.359107042
551.359107042
551.359107042
551.359107042
551.359107042
551.359107042
551.359107042
551.359107042
551.359107042
551.359107042
551.359107042
551.359107042
551.359107042
551.359107042
551.359107042
551.359107042
551.359107042
551.359107042
551.359107042
551.359107042
551.359107042
551.359107042
551.359107042
551.359107042
551.359107042
551.359107042
551.359107042
551.359107042
551.359107042
551.359107042
551.359107042
551.359107042
551.359107042
551.359107042
551.359107042
551.359107042
551.359107042
551.359107042
551.359107042
551.359107042
551.359107042
551.359107042
551.359107042
551.359107042
551.359107042
551.359107042
551.359107042
551.359107042
551.359107042
551.359107042
551.359107042
551.359107042
551.359107042
551.359107042
551.359107042
551.359107042
551.359107042
551.359107042
551.359107042
551.359107042
551.359107042
551.359107042
551.359107042
551.359107042
551.359107042
551.359107042
551.359107042
551.359107042
551.359107042
551.359107042
551.359107042
551.359107042
551.359107042
551.359107042
551.359107042
551.359107042
551.359107042
551.359107042
551.359107042
550.455070549
550.455070549
550.455070549
550.455070549
550.455070549
550.455070549
550.455070549
550.455070549
550.455070549
550.455070549
550.455070549
550.455070549
550.455070549
550.455070549
550.455070549
550.455070549
550.455070549
550.455070549
550.455070549
550.455070549
550.455070549
550.455070549
550.455070549
550.455070549
550.455070549
550.455070549
550.455070549
550.455070549
550.455070549
550.455070549
550.455070549
550.455070549
550.455070549
550.455070549
550.455070549
550.455070549
550.455070549
550.455070549
550.455070549
550.455070549
550.455070549
550.455070549
550.455070549
550.455070549
550.455070549
550.455070549
550.455070549
550.455070549
550.455070549
550.455070549
550.455070549
550.455070549
550.455070549
550.455070549
550.455070549
550.455070549
550.455070549
550.455070549
550.455070549
550.455070549
550.455070549
550.455070549
550.455070549
550.455070549
550.455070549
550.455070549
550.455070549
550.455070549
550.455070549
550.455070549
550.455070549
550.455070549
550.455070549
550.455070549
550.455070549
550.455070549
550.455070549
550.455070549
550.455070549
550.455070549
550.455070549
550.455070549
550.455070549
550.455070549
550.455070549
550.455070549
550.455070549
550.455070549
550.455070549
550.455070549
550.455070549
550.455070549
550.455070549
550.455070549
550.455070549
550.455070549
550.455070549
550.455070549
550.455070549
550.455070549
550.455070549
550.455070549
550.455070549
550.455070549
550.455070549
550.455070549
550.455070549
550.455070549
550.455070549
550.455070549
550.455070549
550.455070549
550.455070549
550.455070549
550.455070549
550.455070549
550.455070549
550.455070549
550.455070549
550.455070549
550.455070549
550.455070549
550.455070549
550.455070549
550.455070549
550.455070549
550.455070549
550.455070549
550.455070549
550.455070549
550.455070549
550.455070549
550.455070549
550.455070549
550.455070549
550.455070549
550.455070549
550.455070549
550.455070549
550.455070549
550.455070549
550.455070549
550.455070549
550.455070549
550.455070549
550.455070549
550.455070549
550.455070549
550.455070549
550.455070549
550.455070549
550.455070549
550.455070549
550.455070549
550.455070549
550.455070549
550.455070549
550.455070549
550.455070549
550.455070549
550.455070549
550.455070549
550.455070549
550.455070549
550.455070549
550.455070549
550.455070549
550.455070549
550.455070549
550.455070549
550.455070549
550.455070549
550.455070549
550.455070549
550.455070549
550.455070549
550.455070549
550.455070549
550.455070549
550.455070549
550.455070549
550.455070549
550.455070549
550.455070549
550.455070549
550.455070549
550.455070549
550.455070549
550.455070549
550.455070549
550.455070549
550.455070549
550.455070549
550.455070549
550.455070549
550.455070549
550.455070549
550.455070549
550.455070549
550.455070549
550.455070549
550.455070549
550.455070549
550.455070549
550.455070549
550.455070549
550.455070549
550.455070549
550.455070549
550.455070549
550.455070549
550.455070549
550.455070549
550.455070549
550.455070549
550.455070549
550.455070549
550.455070549
550.455070549
550.455070549
550.455070549
550.455070549
550.455070549
550.455070549
550.455070549
550.455070549
550.455070549
550.455070549
550.455070549
550.455070549
550.455070549
550.455070549
550.455070549
550.455070549
550.455070549
550.455070549
550.455070549
550.455070549
550.455070549
550.455070549
550.455070549
550.455070549
550.455070549
550.455070549
550.455070549
550.455070549
550.455070549
550.455070549
550.455070549
550.455070549
550.455070549
550.455070549
550.455070549
550.455070549
550.455070549
550.455070549
550.455070549
550.455070549
550.455070549
550.455070549
550.455070549
550.455070549
550.455070549
550.455070549
550.455070549
550.455070549
550.455070549
550.455070549
550.455070549
550.455070549
550.455070549
550.455070549
550.455070549
550.455070549
550.455070549
550.455070549
550.455070549
550.455070549
550.455070549
550.455070549
550.455070549
550.455070549
550.455070549
550.455070549
550.455070549
550.455070549
550.455070549
550.455070549
550.455070549
550.455070549
550.455070549
550.455070549
550.455070549
550.455070549
550.455070549
550.455070549
550.455070549
550.455070549
550.455070549
550.455070549
550.455070549
550.455070549
550.455070549
550.455070549
550.455070549
550.455070549
550.455070549
550.455070549
550.455070549
550.455070549
550.455070549
550.455070549
550.455070549
550.455070549
550.455070549
550.455070549
550.455070549
550.455070549
550.455070549
550.455070549
550.455070549
550.455070549
550.455070549
550.455070549
550.455070549
550.455070549
550.455070549
550.455070549
550.455070549
550.455070549
550.455070549
550.455070549
550.455070549
550.455070549
550.455070549
550.455070549
550.455070549
550.455070549
550.455070549
550.455070549
550.455070549
550.455070549
550.455070549
550.455070549
550.455070549
550.455070549
550.455070549
550.455070549
550.455070549
550.455070549
550.455070549
550.455070549
550.455070549
550.455070549
550.455070549
550.455070549
550.455070549
550.455070549
550.455070549
550.455070549
550.455070549
550.455070549
550.455070549
550.455070549
550.455070549
550.455070549
550.455070549
550.455070549
550.455070549
550.455070549
550.455070549
550.455070549
550.455070549
550.455070549
550.455070549
550.455070549
550.455070549
550.455070549
550.455070549
550.455070549
550.455070549
550.455070549
550.455070549
550.455070549
550.455070549
550.455070549
550.455070549
550.455070549
550.455070549
550.455070549
550.455070549
550.455070549
550.455070549
550.455070549
550.455070549
550.455070549
550.455070549
550.455070549
550.455070549
550.455070549
550.455070549
550.455070549
550.455070549
550.455070549
550.455070549
550.455070549
550.455070549
550.455070549
550.455070549
550.455070549
550.455070549
550.455070549
550.455070549
550.455070549
550.455070549
550.455070549
550.455070549
550.455070549
550.455070549
550.455070549
550.455070549
550.455070549
550.455070549
550.455070549
550.455070549
550.455070549
550.455070549
550.455070549
550.455070549
550.455070549
550.455070549
550.455070549
550.455070549
550.455070549
550.455070549
550.455070549
550.455070549
550.455070549
550.455070549
550.455070549
550.455070549
550.455070549
550.455070549
550.455070549
550.455070549
550.455070549
550.455070549
550.455070549
550.455070549
550.455070549
550.455070549
550.455070549
550.455070549
550.455070549
550.455070549
550.455070549
550.455070549
550.455070549
550.455070549
550.455070549
550.455070549
550.455070549
550.455070549
550.455070549
550.455070549
550.455070549
550.455070549
550.455070549
550.455070549
550.455070549
550.455070549
550.455070549
550.455070549
550.455070549
550.455070549
550.455070549
550.455070549
550.455070549
550.455070549
550.455070549
550.455070549
550.455070549
550.455070549
550.455070549
550.455070549
550.455070549
550.455070549
550.455070549
550.455070549
550.455070549
550.455070549
550.455070549
550.455070549
550.455070549
550.455070549
550.455070549
550.455070549
550.455070549
550.455070549
550.455070549
550.455070549
550.455070549
550.455070549
550.455070549
550.455070549
550.455070549
550.455070549
550.455070549
550.455070549
550.455070549
550.455070549
550.455070549
550.455070549
550.455070549
550.455070549
550.455070549
550.455070549
550.455070549
550.455070549
550.455070549
550.455070549
550.455070549
550.455070549
550.455070549
550.455070549
550.455070549
550.455070549
550.455070549
550.455070549
550.455070549
550.455070549
550.455070549
550.455070549
550.455070549
550.455070549
550.455070549
550.455070549
550.455070549
550.455070549
550.455070549
550.455070549
550.455070549
550.455070549
550.455070549
550.455070549
550.455070549
550.455070549
550.455070549
550.455070549
550.455070549
550.455070549
550.455070549
550.455070549
550.455070549
550.455070549
550.455070549
550.455070549
550.455070549
550.455070549
550.455070549
550.455070549
550.455070549
550.455070549
550.455070549
550.455070549
550.455070549
550.455070549
550.455070549
550.455070549
550.455070549
550.455070549
550.455070549
550.455070549
550.455070549
550.455070549
550.455070549
550.455070549
550.455070549
550.455070549
550.455070549
550.455070549
550.455070549
550.455070549
550.455070549
550.455070549
550.455070549
550.455070549
550.455070549
550.455070549
550.455070549
550.455070549
550.455070549
550.455070549
550.455070549
550.455070549
550.455070549
550.455070549
550.455070549
550.455070549
550.455070549
550.455070549
550.455070549
550.455070549
550.455070549
550.455070549
550.455070549
550.455070549
550.455070549
550.455070549
550.455070549
550.455070549
550.455070549
550.455070549
550.455070549
550.455070549
550.455070549
550.455070549
550.455070549
550.455070549
550.455070549
550.455070549
550.455070549
550.455070549
550.455070549
550.455070549
550.455070549
550.455070549
550.455070549
550.455070549
550.455070549
550.455070549
550.455070549
550.455070549
550.455070549
550.455070549
550.455070549
550.455070549
550.455070549
550.455070549
550.455070549
550.455070549
550.455070549
550.455070549
550.455070549
550.455070549
550.455070549
550.455070549
550.455070549
550.455070549
550.455070549
550.455070549
550.455070549
550.455070549
550.455070549
550.455070549
550.455070549
550.455070549
550.455070549
550.455070549
550.455070549
550.455070549
550.455070549
550.455070549
550.455070549
550.455070549
550.455070549
550.455070549
550.455070549
550.455070549
550.455070549
550.455070549
550.455070549
550.455070549
550.455070549
550.455070549
550.455070549
550.455070549
550.455070549
550.455070549
550.455070549
550.455070549
550.455070549
550.455070549
550.455070549
550.455070549
550.455070549
550.455070549
550.455070549
550.455070549
550.455070549
550.455070549
550.455070549
550.455070549
550.455070549
550.455070549
550.455070549
550.455070549
550.455070549
550.455070549
550.455070549
550.455070549
550.455070549
550.455070549
550.455070549
550.455070549
550.455070549
550.455070549
550.455070549
550.455070549
550.455070549
550.455070549
550.455070549
550.455070549
550.455070549
550.455070549
550.455070549
550.455070549
550.455070549
550.455070549
550.455070549
550.455070549
550.455070549
550.455070549
550.455070549
550.455070549
550.455070549
550.455070549
550.455070549
550.455070549
550.455070549
550.455070549
550.455070549
550.455070549
550.455070549
550.455070549
550.455070549
550.455070549
550.455070549
550.455070549
550.455070549
550.455070549
550.455070549
550.455070549
550.455070549
550.455070549
550.455070549
550.455070549
550.455070549
550.455070549
550.455070549
550.455070549
550.455070549
550.455070549
550.455070549
550.455070549
550.455070549
550.455070549
550.455070549
550.455070549
550.455070549
550.455070549
550.455070549
550.455070549
550.455070549
550.455070549
550.455070549
550.455070549
550.455070549
550.455070549
550.455070549
550.455070549
550.455070549
550.455070549
550.455070549
550.455070549
550.455070549
550.455070549
550.455070549
550.455070549
550.455070549
550.455070549
550.455070549
550.455070549
550.455070549
550.455070549
550.455070549
550.455070549
550.455070549
550.455070549
550.455070549
550.455070549
550.455070549
550.455070549
550.455070549
550.455070549
550.455070549
550.455070549
550.455070549
550.455070549
550.455070549
550.455070549
550.455070549
550.455070549
550.455070549
550.455070549
550.455070549
550.455070549
550.455070549
550.455070549
550.455070549
550.455070549
550.455070549
550.455070549
550.455070549
550.455070549
550.455070549
550.455070549
550.455070549
550.455070549
550.455070549
550.455070549
550.455070549
550.455070549
550.455070549
550.455070549
550.455070549
550.455070549
550.455070549
550.455070549
550.455070549
550.455070549
550.455070549
550.455070549
550.455070549
550.455070549
550.455070549
550.455070549
550.455070549
550.455070549
550.455070549
550.455070549
550.455070549
550.455070549
550.455070549
550.455070549
550.455070549
550.455070549
550.455070549
550.455070549
550.455070549
550.455070549
550.455070549
550.455070549
550.455070549
550.455070549
550.455070549
550.455070549
550.455070549
550.455070549
550.455070549
550.455070549
550.455070549
550.455070549
550.455070549
550.455070549
550.455070549
550.455070549
550.455070549
550.455070549
550.455070549
550.455070549
550.455070549
550.455070549
550.455070549
550.455070549
550.455070549
550.455070549
550.455070549
550.455070549
550.455070549
550.455070549
550.455070549
550.455070549
550.455070549
550.455070549
550.455070549
550.455070549
550.455070549
550.455070549
550.455070549
550.455070549
550.455070549
550.455070549
550.455070549
550.455070549
550.455070549
550.455070549
550.455070549
550.455070549
550.455070549
550.455070549
550.455070549
550.455070549
550.455070549
550.455070549
550.455070549
550.455070549
550.455070549
550.455070549
550.455070549
550.455070549
550.455070549
550.455070549
550.455070549
550.455070549
550.455070549
550.455070549
550.455070549
550.455070549
550.455070549
550.455070549
550.455070549
550.455070549
550.455070549
550.455070549
550.455070549
550.455070549
550.455070549
550.455070549
550.455070549
550.455070549
550.455070549
550.455070549
550.455070549
550.455070549
550.455070549
550.455070549
550.455070549
550.455070549
550.455070549
550.455070549
550.455070549
550.455070549
550.455070549
550.455070549
550.455070549
550.455070549
550.455070549
550.455070549
550.455070549
550.455070549
550.455070549
550.455070549
550.455070549
550.455070549
550.455070549
550.455070549
550.455070549
550.455070549
550.455070549
550.455070549
550.455070549
550.455070549
550.455070549
550.455070549
550.455070549
550.455070549
550.455070549
550.455070549
550.455070549
550.455070549
550.455070549
550.455070549
550.455070549
550.455070549
550.455070549
550.455070549
550.455070549
550.455070549
550.455070549
550.455070549
550.455070549
538.87555384
538.87555384
538.87555384
538.87555384
538.87555384
538.87555384
538.87555384
538.87555384
538.87555384
538.87555384
538.87555384
538.87555384
538.87555384
538.87555384
538.87555384
538.87555384
538.87555384
538.87555384
538.87555384
538.87555384
538.87555384
538.87555384
538.87555384
538.87555384
538.87555384
538.87555384
538.87555384
538.87555384
538.87555384
538.87555384
538.87555384
538.87555384
538.87555384
538.87555384
538.87555384
538.87555384
538.87555384
538.87555384
538.87555384
538.87555384
538.87555384
538.87555384
538.87555384
538.87555384
538.87555384
538.87555384
538.87555384
538.87555384
538.87555384
538.87555384
538.87555384
538.87555384
538.87555384
538.87555384
538.87555384
538.87555384
538.87555384
538.87555384
538.87555384
538.87555384
538.87555384
538.87555384
538.87555384
538.87555384
538.87555384
538.87555384
538.87555384
538.87555384
538.87555384
538.87555384
538.87555384
538.87555384
538.87555384
538.87555384
538.87555384
538.87555384
538.87555384
538.87555384
538.87555384
538.87555384
538.87555384
538.87555384
538.87555384
538.87555384
538.87555384
538.87555384
538.87555384
538.87555384
538.87555384
538.87555384
538.87555384
538.87555384
538.87555384
538.87555384
538.87555384
538.87555384
538.87555384
538.87555384
538.87555384
538.87555384
538.87555384
538.87555384
538.87555384
538.87555384
538.87555384
538.87555384
538.87555384
538.87555384
538.87555384
538.87555384
538.87555384
538.87555384
538.87555384
538.87555384
538.87555384
538.87555384
538.87555384
538.87555384
538.87555384
538.87555384
538.87555384
538.87555384
538.87555384
538.87555384
538.87555384
538.87555384
538.87555384
538.87555384
538.87555384
538.87555384
538.87555384
538.87555384
538.87555384
538.87555384
538.87555384
538.87555384
538.87555384
538.87555384
538.87555384
538.87555384
538.87555384
538.87555384
538.87555384
538.87555384
538.87555384
538.87555384
538.87555384
538.87555384
538.87555384
538.87555384
538.87555384
538.87555384
538.87555384
538.87555384
538.87555384
538.87555384
538.87555384
538.87555384
538.87555384
538.87555384
538.87555384
538.87555384
538.87555384
538.87555384
538.87555384
538.87555384
538.87555384
538.87555384
538.87555384
538.87555384
538.87555384
538.87555384
538.87555384
538.87555384
538.87555384
538.87555384
538.87555384
538.87555384
538.87555384
538.87555384
538.87555384
538.87555384
538.87555384
538.87555384
538.87555384
538.87555384
538.87555384
538.87555384
538.87555384
538.87555384
538.87555384
538.87555384
538.87555384
538.87555384
538.87555384
538.87555384
538.87555384
538.87555384
538.87555384
538.87555384
538.87555384
538.87555384
538.87555384
538.87555384
538.87555384
538.87555384
538.87555384
538.87555384
538.87555384
538.87555384
538.87555384
538.87555384
538.87555384
538.87555384
538.87555384
538.87555384
538.87555384
538.87555384
538.87555384
538.87555384
538.87555384
538.87555384
538.87555384
538.87555384
538.87555384
538.87555384
538.87555384
538.87555384
538.87555384
538.87555384
538.87555384
538.87555384
538.87555384
538.87555384
538.87555384
538.87555384
538.87555384
538.87555384
538.87555384
538.87555384
538.87555384
538.87555384
538.87555384
538.87555384
538.87555384
538.87555384
538.87555384
538.87555384
538.87555384
538.87555384
538.87555384
538.87555384
538.87555384
538.87555384
538.87555384
538.87555384
538.87555384
538.87555384
538.87555384
538.87555384
538.87555384
538.87555384
538.87555384
538.87555384
538.87555384
538.87555384
538.87555384
538.87555384
538.87555384
538.87555384
538.87555384
538.87555384
538.87555384
538.87555384
538.87555384
538.87555384
538.87555384
538.87555384
538.87555384
538.87555384
538.87555384
538.87555384
538.87555384
538.87555384
538.87555384
538.87555384
538.87555384
538.87555384
538.87555384
538.87555384
538.87555384
538.87555384
538.87555384
538.87555384
538.87555384
538.87555384
538.87555384
538.87555384
538.87555384
538.87555384
538.87555384
538.87555384
538.87555384
538.87555384
538.87555384
538.87555384
538.87555384
538.87555384
538.87555384
538.87555384
538.87555384
538.87555384
538.87555384
538.87555384
538.87555384
538.87555384
538.87555384
538.87555384
538.87555384
538.87555384
538.87555384
538.87555384
538.87555384
538.87555384
538.87555384
538.87555384
538.87555384
538.87555384
538.87555384
538.87555384
538.87555384
538.87555384
538.87555384
538.87555384
538.87555384
538.87555384
538.87555384
538.87555384
538.87555384
538.87555384
538.87555384
538.87555384
538.87555384
538.87555384
538.87555384
538.87555384
538.87555384
538.87555384
538.87555384
538.87555384
538.87555384
538.87555384
538.87555384
538.87555384
538.87555384
538.87555384
538.87555384
538.87555384
538.87555384
538.87555384
538.87555384
538.87555384
538.87555384
538.87555384
538.87555384
538.87555384
538.87555384
538.87555384
538.87555384
538.87555384
538.87555384
538.87555384
538.87555384
538.87555384
538.87555384
538.87555384
538.87555384
538.87555384
538.87555384
538.87555384
538.87555384
538.87555384
538.87555384
538.87555384
538.87555384
538.87555384
538.87555384
538.87555384
538.87555384
538.87555384
538.87555384
538.87555384
538.87555384
538.87555384
538.87555384
538.87555384
538.87555384
538.87555384
538.87555384
538.87555384
538.87555384
538.87555384
538.87555384
538.87555384
538.87555384
538.87555384
538.87555384
538.87555384
538.87555384
538.87555384
538.87555384
538.87555384
538.87555384
538.87555384
538.87555384
538.87555384
538.87555384
538.87555384
538.87555384
538.87555384
538.87555384
538.87555384
538.87555384
538.87555384
538.87555384
538.87555384
538.87555384
538.87555384
538.87555384
538.87555384
538.87555384
538.87555384
538.87555384
538.87555384
538.87555384
538.87555384
538.87555384
538.87555384
538.87555384
538.87555384
538.87555384
538.87555384
538.87555384
538.87555384
538.87555384
538.87555384
538.87555384
538.87555384
538.87555384
538.87555384
538.87555384
538.87555384
538.87555384
538.87555384
538.87555384
538.87555384
538.87555384
538.87555384
538.87555384
538.87555384
538.87555384
538.87555384
538.87555384
538.87555384
538.87555384
538.87555384
538.87555384
538.87555384
538.87555384
538.87555384
538.87555384
538.87555384
538.87555384
538.87555384
538.87555384
538.87555384
538.87555384
538.87555384
538.87555384
538.87555384
538.87555384
538.87555384
538.87555384
538.87555384
538.87555384
538.87555384
538.87555384
538.87555384
538.87555384
538.87555384
538.87555384
538.87555384
538.87555384
538.87555384
538.87555384
538.87555384
538.87555384
538.87555384
538.87555384
538.87555384
538.87555384
538.87555384
538.87555384
538.87555384
538.87555384
538.87555384
538.87555384
538.87555384
538.87555384
538.87555384
538.87555384
538.87555384
538.87555384
538.87555384
538.87555384
538.87555384
538.87555384
538.87555384
538.87555384
538.87555384
538.87555384
538.87555384
538.87555384
538.87555384
538.87555384
538.87555384
538.87555384
538.87555384
538.87555384
538.87555384
538.87555384
538.87555384
538.87555384
538.87555384
538.87555384
538.87555384
538.87555384
538.87555384
538.87555384
538.87555384
538.87555384
538.87555384
538.87555384
538.87555384
538.87555384
538.87555384
538.87555384
538.87555384
538.87555384
538.87555384
538.87555384
538.87555384
538.87555384
538.87555384
538.87555384
538.87555384
538.87555384
538.87555384
538.87555384
538.87555384
538.87555384
538.87555384
538.87555384
538.87555384
538.87555384
538.87555384
538.87555384
538.87555384
538.87555384
538.87555384
538.87555384
538.87555384
538.87555384
538.87555384
538.87555384
538.87555384
538.87555384
538.87555384
538.87555384
538.87555384
538.87555384
538.87555384
538.87555384
538.87555384
538.87555384
538.87555384
538.87555384
538.87555384
538.87555384
538.87555384
538.87555384
538.87555384
538.87555384
538.87555384
538.87555384
538.87555384
538.87555384
538.87555384
538.87555384
538.87555384
538.87555384
538.87555384
538.87555384
538.87555384
538.87555384
538.87555384
538.87555384
538.87555384
538.87555384
538.87555384
538.87555384
538.87555384
538.87555384
538.87555384
538.87555384
538.87555384
538.87555384
538.87555384
538.87555384
538.87555384
538.87555384
538.87555384
538.87555384
538.87555384
538.87555384
538.87555384
538.87555384
538.87555384
538.87555384
538.87555384
538.87555384
538.87555384
538.87555384
538.87555384
538.87555384
538.87555384
538.87555384
538.87555384
538.87555384
538.87555384
538.87555384
538.87555384
538.87555384
538.87555384
538.87555384
538.87555384
538.87555384
538.87555384
538.87555384
538.87555384
538.87555384
538.87555384
538.87555384
538.87555384
538.87555384
538.87555384
538.87555384
538.87555384
538.87555384
538.87555384
538.87555384
538.87555384
538.87555384
538.87555384
538.87555384
538.87555384
538.87555384
538.87555384
538.87555384
538.87555384
538.87555384
538.87555384
538.87555384
538.87555384
538.87555384
538.87555384
538.87555384
538.87555384
538.87555384
538.87555384
538.87555384
538.87555384
538.87555384
538.87555384
538.87555384
538.87555384
538.87555384
538.87555384
538.87555384
538.87555384
538.87555384
538.87555384
538.87555384
538.87555384
538.87555384
538.87555384
538.87555384
538.87555384
538.87555384
538.87555384
538.87555384
538.87555384
538.87555384
538.87555384
538.87555384
538.87555384
538.87555384
538.87555384
538.87555384
538.87555384
538.87555384
538.87555384
538.87555384
538.87555384
538.87555384
538.87555384
538.87555384
538.87555384
538.87555384
538.87555384
538.87555384
538.87555384
538.87555384
538.87555384
538.87555384
538.87555384
538.87555384
538.87555384
538.87555384
538.87555384
538.87555384
538.87555384
538.87555384
538.87555384
538.87555384
538.87555384
538.87555384
538.87555384
538.87555384
538.87555384
538.87555384
538.87555384
538.87555384
538.87555384
538.87555384
538.87555384
538.87555384
538.87555384
538.87555384
538.87555384
538.87555384
538.87555384
538.87555384
538.87555384
538.87555384
538.87555384
538.87555384
538.87555384
538.87555384
538.87555384
538.87555384
538.87555384
538.87555384
538.87555384
538.87555384
538.87555384
538.87555384
538.87555384
538.87555384
538.87555384
538.87555384
538.87555384
538.87555384
538.87555384
538.87555384
538.87555384
538.87555384
538.87555384
538.87555384
538.87555384
538.87555384
538.87555384
538.87555384
538.87555384
538.87555384
538.87555384
538.87555384
538.87555384
538.87555384
538.87555384
538.87555384
538.87555384
538.87555384
538.87555384
538.87555384
538.87555384
538.87555384
538.87555384
538.87555384
538.87555384
538.87555384
538.87555384
538.87555384
538.87555384
538.87555384
538.87555384
538.87555384
538.87555384
538.87555384
538.87555384
538.87555384
538.87555384
538.87555384
538.87555384
538.87555384
538.87555384
538.87555384
538.87555384
538.87555384
538.87555384
538.87555384
538.87555384
538.87555384
538.87555384
538.87555384
538.87555384
538.87555384
538.87555384
538.87555384
538.87555384
538.87555384
538.87555384
538.87555384
538.87555384
538.87555384
538.87555384
538.87555384
538.87555384
538.87555384
538.87555384
538.87555384
538.87555384
538.87555384
538.87555384
538.87555384
538.87555384
538.87555384
538.87555384
538.87555384
538.87555384
538.87555384
538.87555384
538.87555384
538.87555384
538.87555384
538.87555384
538.87555384
538.87555384
538.87555384
538.87555384
538.87555384
538.87555384
538.87555384
538.87555384
538.87555384
538.87555384
538.87555384
538.87555384
538.87555384
538.87555384
538.87555384
538.87555384
538.87555384
538.87555384
538.87555384
538.87555384
538.87555384
538.87555384
538.87555384
538.87555384
538.87555384
538.87555384
538.87555384
538.87555384
538.87555384
538.87555384
538.87555384
538.87555384
538.87555384
538.87555384
538.87555384
538.87555384
538.87555384
538.87555384
538.87555384
538.87555384
538.87555384
538.87555384
538.87555384
538.87555384
538.87555384
538.87555384
538.87555384
538.87555384
538.87555384
538.87555384
538.87555384
538.87555384
538.87555384
538.87555384
538.87555384
538.87555384
538.87555384
538.87555384
538.87555384
538.87555384
538.87555384
538.87555384
538.87555384
538.87555384
538.87555384
538.87555384
538.87555384
538.87555384
538.87555384
538.87555384
538.87555384
538.87555384
538.87555384
538.87555384
538.87555384
538.87555384
538.87555384
538.87555384
538.87555384
538.87555384
538.87555384
538.87555384
538.87555384
538.87555384
538.87555384
538.87555384
538.87555384
538.87555384
538.87555384
538.87555384
538.87555384
538.87555384
538.87555384
538.87555384
538.87555384
538.87555384
538.87555384
538.87555384
538.87555384
538.87555384
538.87555384
538.87555384
538.87555384
538.87555384
538.87555384
538.87555384
538.87555384
538.87555384
538.87555384
538.87555384
538.87555384
538.87555384
538.87555384
538.87555384
538.87555384
538.87555384
538.87555384
538.87555384
538.87555384
538.87555384
538.87555384
538.87555384
538.87555384
538.87555384
538.87555384
538.87555384
538.87555384
538.87555384
538.87555384
538.87555384
538.87555384
538.87555384
538.87555384
538.87555384
538.87555384
538.87555384
538.87555384
538.87555384
538.87555384
538.87555384
538.87555384
538.87555384
538.87555384
538.87555384
538.87555384
538.87555384
538.87555384
538.87555384
538.87555384
538.87555384
538.87555384
538.87555384
538.87555384
538.87555384
538.87555384
538.87555384
538.87555384
538.87555384
538.87555384
538.87555384
538.87555384
538.87555384
538.87555384
538.87555384
538.87555384
538.87555384
