1638.11795576
1528.30030503
1484.31403539
1473.14273197
1406.31092789
1374.9781643
1334.66960142
1253.57595387
1250.13718016
1236.52776923
1221.37315067
1210.35949497
1199.858898
1180.78747679
1176.22635664
1176.62385914
1157.85385753
1154.1488382
1134.10338225
1153.26839816
1149.35893416
1145.36844177
1144.65507029
1115.42202728
1114.46898972
1099.93606138
1076.70650235
1071.05484425
1090.47627548
1058.81593203
1034.25514622
1033.51280866
1032.04305288
1034.67126287
1058.48316285
1035.93444876
1031.53441226
1024.59960335
1036.84167083
1009.97797328
1003.34567944
1008.49760186
1044.14289996
1043.31262663
1038.0013079
1029.32125776
1041.98755062
1045.2577962
1051.50226726
1059.0985087
1048.11421007
1063.70104157
1042.51206618
1042.51206618
1030.54032868
1037.52010243
1052.45457777
1088.95941106
1084.56605765
1051.95716291
1053.00817931
1033.49528694
1013.19147839
1017.69032939
1021.18446798
1051.39006585
1051.39006585
1052.81678135
1063.25849881
1045.885593
1043.14227331
1014.30556709
1030.25698496
1057.07759633
1045.05228513
1051.5951915
1041.12345791
1023.10835359
1030.01998576
1042.40458127
1059.88484444
1041.17968011
1036.43094382
1032.45287864
997.482491827
997.482491827
997.482491827
997.482491827
992.279078189
984.21168006
984.21168006
988.407078597
976.74097975
975.456839644
975.456839644
970.747997498
944.640129196
933.229257162
936.098066536
938.504384708
931.686464372
932.069782978
932.069782978
932.069782978
918.845614305
918.845614305
920.892823156
920.892823156
920.892823156
920.892823156
920.892823156
905.582276409
905.582276409
905.582276409
882.059762888
865.923734359
865.923734359
865.923734359
866.787953661
866.787953661
866.787953661
866.787953661
866.787953661
866.787953661
866.787953661
850.413193629
850.413193629
850.413193629
850.413193629
850.413193629
850.413193629
850.413193629
850.413193629
850.413193629
846.776516967
840.741123025
840.741123025
840.741123025
840.741123025
840.741123025
837.72515051
837.72515051
837.72515051
837.72515051
831.405653414
831.405653414
831.405653414
831.405653414
831.405653414
831.405653414
831.405653414
830.306426025
828.281813844
817.862381333
817.862381333
817.862381333
817.862381333
817.862381333
818.246708581
818.246708581
818.246708581
818.246708581
818.246708581
818.246708581
818.246708581
815.094473869
815.094473869
815.094473869
815.094473869
815.094473869
815.094473869
815.094473869
815.094473869
807.765374893
807.765374893
793.49164223
793.49164223
793.49164223
793.49164223
793.49164223
793.49164223
793.49164223
793.49164223
790.221708567
790.221708567
790.221708567
790.221708567
790.221708567
790.221708567
787.395275357
787.395275357
787.395275357
787.395275357
787.395275357
787.395275357
787.395275357
776.39531495
776.39531495
776.39531495
776.39531495
753.47460036
753.47460036
753.47460036
753.47460036
753.47460036
753.47460036
753.47460036
740.85321674
740.85321674
740.85321674
740.85321674
740.85321674
740.85321674
740.85321674
740.85321674
739.423706292
739.423706292
731.256109094
731.256109094
731.256109094
731.256109094
731.256109094
731.256109094
731.256109094
731.256109094
731.256109094
731.256109094
731.256109094
731.256109094
731.256109094
731.256109094
731.256109094
729.602347729
729.602347729
729.602347729
729.602347729
729.602347729
729.602347729
729.602347729
729.602347729
729.602347729
722.773620831
722.773620831
722.773620831
722.773620831
722.773620831
722.773620831
722.773620831
722.773620831
718.546844625
718.546844625
718.546844625
718.546844625
718.546844625
718.546844625
718.546844625
718.546844625
718.546844625
715.199647481
715.199647481
715.199647481
715.199647481
715.199647481
715.199647481
715.199647481
715.199647481
715.199647481
715.199647481
709.287766493
709.287766493
709.287766493
709.287766493
709.287766493
709.287766493
709.287766493
709.287766493
709.287766493
709.287766493
709.287766493
706.811134584
706.811134584
706.811134584
706.811134584
706.811134584
706.811134584
706.811134584
706.811134584
706.811134584
706.811134584
706.811134584
706.811134584
706.811134584
706.811134584
706.811134584
706.811134584
706.811134584
706.811134584
706.811134584
706.811134584
706.811134584
706.811134584
706.811134584
706.811134584
706.811134584
706.811134584
706.811134584
706.811134584
706.811134584
706.811134584
706.811134584
706.811134584
706.811134584
706.811134584
706.811134584
706.811134584
706.811134584
706.811134584
706.811134584
706.811134584
706.811134584
706.811134584
706.811134584
706.811134584
706.811134584
706.811134584
706.811134584
706.811134584
706.811134584
706.811134584
706.811134584
706.811134584
706.811134584
706.811134584
706.811134584
706.811134584
706.811134584
706.811134584
706.811134584
706.811134584
706.811134584
706.811134584
706.811134584
706.811134584
706.811134584
706.811134584
706.811134584
706.811134584
706.811134584
706.811134584
706.811134584
706.811134584
706.811134584
706.811134584
706.811134584
706.811134584
706.811134584
706.811134584
706.811134584
706.811134584
706.811134584
706.811134584
706.811134584
706.811134584
706.811134584
706.811134584
706.811134584
706.811134584
706.811134584
706.811134584
706.811134584
706.811134584
706.811134584
706.811134584
706.811134584
706.811134584
704.669134661
704.669134661
704.669134661
704.669134661
704.669134661
704.669134661
704.669134661
704.669134661
704.669134661
704.669134661
704.669134661
704.669134661
703.813584979
698.212390255
698.212390255
698.212390255
690.077172449
681.047045597
681.047045597
681.047045597
681.047045597
681.047045597
681.047045597
681.047045597
681.047045597
681.047045597
681.047045597
681.047045597
681.047045597
681.047045597
681.047045597
681.047045597
681.047045597
681.047045597
681.047045597
681.047045597
681.047045597
681.047045597
681.047045597
680.644698894
680.644698894
680.644698894
680.644698894
680.644698894
680.644698894
680.644698894
680.644698894
680.644698894
680.644698894
680.644698894
680.644698894
680.644698894
680.644698894
680.644698894
680.644698894
680.644698894
680.644698894
680.644698894
680.644698894
680.644698894
680.644698894
680.644698894
680.644698894
680.644698894
680.644698894
680.644698894
680.644698894
680.644698894
680.644698894
680.644698894
680.644698894
680.644698894
680.644698894
680.644698894
680.644698894
680.644698894
680.644698894
680.644698894
680.644698894
680.644698894
680.644698894
680.644698894
680.644698894
680.644698894
680.644698894
680.644698894
680.644698894
680.644698894
680.644698894
680.644698894
680.644698894
680.644698894
680.644698894
680.644698894
680.644698894
680.644698894
680.644698894
680.644698894
680.644698894
680.644698894
680.644698894
680.644698894
680.644698894
680.644698894
680.644698894
680.644698894
680.644698894
680.644698894
674.121944069
674.121944069
674.121944069
674.121944069
674.121944069
674.121944069
674.121944069
674.121944069
674.121944069
674.121944069
674.121944069
674.121944069
674.121944069
674.121944069
674.121944069
674.121944069
674.121944069
674.121944069
674.121944069
674.121944069
674.121944069
674.121944069
669.386615268
669.386615268
669.386615268
669.386615268
669.386615268
669.386615268
669.386615268
669.386615268
669.386615268
669.386615268
669.386615268
669.386615268
669.386615268
669.386615268
669.386615268
669.386615268
669.386615268
669.386615268
669.386615268
669.386615268
669.386615268
669.386615268
669.386615268
669.386615268
669.386615268
669.386615268
669.386615268
667.553087109
667.553087109
667.553087109
667.553087109
667.553087109
667.553087109
667.553087109
667.553087109
667.553087109
667.553087109
667.553087109
667.553087109
667.553087109
667.553087109
667.553087109
667.553087109
667.553087109
667.553087109
667.553087109
667.553087109
667.553087109
667.553087109
667.553087109
667.553087109
667.553087109
667.553087109
667.553087109
667.553087109
667.553087109
667.553087109
667.553087109
667.553087109
667.553087109
667.553087109
667.553087109
667.553087109
667.553087109
659.38486642
659.38486642
659.38486642
659.38486642
659.38486642
659.38486642
659.38486642
659.38486642
659.38486642
659.38486642
659.38486642
659.38486642
659.38486642
659.38486642
659.38486642
659.38486642
659.38486642
659.38486642
659.38486642
659.38486642
659.38486642
659.38486642
659.38486642
659.38486642
659.38486642
659.38486642
659.38486642
659.38486642
659.38486642
659.38486642
659.38486642
659.38486642
659.38486642
659.38486642
659.38486642
659.38486642
659.38486642
659.38486642
659.38486642
659.38486642
659.38486642
659.38486642
659.38486642
659.38486642
659.38486642
659.38486642
659.38486642
659.38486642
659.38486642
659.38486642
659.38486642
659.38486642
659.38486642
659.38486642
659.38486642
659.38486642
659.38486642
659.38486642
659.38486642
659.38486642
659.38486642
659.38486642
659.38486642
659.38486642
659.38486642
659.38486642
659.38486642
659.38486642
659.38486642
659.38486642
659.38486642
659.38486642
659.38486642
659.38486642
659.38486642
659.38486642
659.38486642
659.38486642
659.38486642
659.38486642
659.38486642
659.38486642
659.38486642
659.38486642
659.38486642
659.38486642
659.38486642
659.38486642
659.38486642
659.38486642
659.38486642
659.38486642
659.38486642
659.38486642
659.38486642
659.38486642
659.38486642
659.38486642
659.38486642
659.38486642
659.38486642
659.38486642
659.38486642
659.38486642
659.38486642
659.38486642
659.38486642
659.38486642
659.38486642
659.38486642
659.38486642
659.38486642
659.38486642
659.38486642
659.38486642
659.38486642
659.38486642
659.38486642
659.38486642
659.38486642
659.38486642
659.38486642
659.38486642
659.38486642
659.38486642
659.38486642
659.38486642
659.38486642
659.38486642
659.38486642
659.38486642
659.38486642
659.38486642
659.38486642
659.38486642
659.38486642
654.298822953
654.298822953
654.298822953
654.298822953
654.298822953
654.298822953
654.298822953
654.298822953
654.298822953
654.298822953
654.298822953
654.298822953
654.298822953
654.298822953
654.298822953
654.298822953
654.298822953
654.298822953
654.298822953
654.298822953
654.298822953
654.298822953
654.298822953
654.298822953
654.298822953
654.298822953
654.298822953
654.298822953
654.298822953
654.298822953
654.298822953
654.298822953
654.298822953
654.298822953
654.298822953
654.298822953
654.298822953
654.298822953
654.298822953
654.298822953
654.298822953
654.298822953
654.298822953
651.424262603
651.424262603
651.424262603
651.424262603
651.424262603
651.424262603
651.424262603
651.424262603
651.424262603
651.424262603
651.424262603
651.424262603
651.424262603
651.424262603
651.424262603
651.424262603
651.424262603
651.424262603
651.424262603
651.424262603
651.424262603
651.424262603
651.424262603
651.424262603
651.424262603
651.424262603
651.424262603
651.424262603
651.424262603
651.424262603
651.424262603
651.424262603
651.424262603
651.424262603
651.424262603
651.424262603
651.424262603
651.424262603
651.424262603
651.424262603
651.424262603
651.424262603
651.424262603
651.424262603
651.424262603
651.424262603
651.424262603
651.424262603
651.424262603
651.424262603
651.424262603
651.424262603
651.424262603
651.424262603
651.424262603
651.424262603
651.424262603
651.424262603
651.424262603
651.424262603
651.424262603
651.424262603
651.424262603
651.424262603
651.424262603
651.424262603
651.424262603
651.424262603
651.424262603
651.424262603
651.424262603
651.424262603
651.424262603
651.424262603
651.424262603
651.424262603
651.424262603
651.424262603
651.424262603
651.424262603
651.424262603
651.424262603
651.424262603
651.424262603
651.424262603
651.424262603
651.424262603
651.424262603
651.424262603
651.424262603
651.424262603
651.424262603
651.424262603
651.424262603
651.424262603
651.424262603
651.424262603
651.424262603
651.424262603
651.424262603
651.424262603
651.424262603
651.424262603
651.424262603
651.424262603
651.424262603
651.424262603
651.424262603
651.424262603
651.424262603
651.424262603
651.424262603
651.424262603
651.424262603
651.424262603
651.424262603
651.424262603
651.424262603
651.424262603
651.424262603
651.424262603
651.424262603
651.424262603
651.424262603
651.424262603
651.424262603
651.424262603
651.424262603
648.862480131
648.862480131
648.862480131
648.862480131
648.862480131
648.862480131
648.862480131
648.862480131
648.862480131
648.862480131
648.862480131
648.862480131
648.862480131
648.862480131
648.862480131
648.862480131
648.862480131
648.862480131
648.862480131
648.862480131
648.862480131
648.862480131
648.862480131
648.862480131
648.862480131
648.862480131
648.862480131
648.862480131
648.862480131
648.862480131
648.862480131
648.862480131
648.862480131
648.862480131
648.862480131
648.862480131
648.862480131
648.862480131
648.862480131
648.862480131
648.862480131
648.862480131
648.862480131
648.862480131
648.862480131
648.862480131
648.862480131
648.862480131
648.862480131
648.862480131
648.862480131
648.862480131
648.862480131
648.862480131
648.862480131
648.862480131
648.862480131
648.862480131
648.862480131
648.862480131
648.862480131
648.862480131
648.862480131
648.862480131
648.862480131
648.862480131
648.862480131
648.862480131
648.862480131
648.862480131
648.862480131
648.862480131
648.862480131
648.862480131
648.862480131
648.862480131
648.862480131
648.862480131
648.862480131
648.862480131
648.862480131
648.862480131
648.862480131
648.862480131
648.862480131
648.862480131
648.862480131
648.862480131
648.862480131
648.862480131
648.862480131
648.862480131
648.862480131
648.862480131
648.862480131
648.862480131
648.862480131
648.862480131
648.862480131
648.862480131
648.862480131
648.862480131
648.862480131
648.862480131
648.862480131
648.862480131
648.862480131
648.862480131
648.862480131
648.862480131
648.862480131
648.862480131
648.862480131
648.862480131
648.862480131
648.862480131
648.862480131
648.862480131
648.862480131
648.862480131
648.862480131
648.862480131
648.862480131
648.862480131
648.862480131
648.862480131
648.862480131
648.862480131
648.862480131
648.862480131
648.862480131
648.862480131
648.862480131
648.862480131
648.862480131
648.862480131
648.862480131
648.862480131
648.862480131
648.862480131
648.862480131
648.862480131
648.862480131
648.862480131
648.862480131
648.862480131
648.862480131
648.862480131
648.862480131
648.862480131
648.862480131
648.862480131
648.862480131
648.862480131
648.862480131
648.862480131
648.862480131
648.862480131
648.862480131
648.862480131
648.862480131
648.862480131
648.862480131
648.862480131
648.862480131
648.862480131
648.862480131
648.862480131
648.862480131
648.862480131
648.862480131
648.862480131
648.862480131
648.862480131
648.862480131
648.862480131
648.862480131
648.862480131
648.862480131
648.862480131
648.862480131
648.862480131
648.862480131
648.862480131
648.862480131
648.862480131
648.862480131
648.862480131
648.862480131
648.862480131
648.862480131
648.862480131
648.862480131
648.862480131
648.862480131
648.862480131
648.862480131
648.862480131
648.862480131
648.862480131
648.862480131
648.862480131
648.862480131
648.862480131
648.862480131
648.862480131
648.862480131
648.862480131
648.862480131
648.862480131
648.862480131
648.862480131
648.862480131
648.862480131
648.862480131
648.862480131
648.862480131
648.862480131
648.862480131
648.862480131
648.862480131
648.862480131
648.862480131
648.862480131
648.862480131
648.862480131
648.862480131
648.862480131
648.862480131
648.862480131
648.862480131
648.862480131
648.862480131
648.862480131
648.862480131
648.862480131
648.862480131
648.862480131
648.862480131
648.862480131
648.862480131
648.862480131
648.862480131
648.862480131
648.862480131
648.862480131
648.862480131
648.862480131
648.862480131
648.862480131
648.862480131
648.862480131
648.862480131
648.862480131
648.862480131
648.862480131
648.862480131
648.862480131
648.862480131
648.862480131
648.862480131
648.862480131
648.862480131
648.862480131
648.862480131
648.862480131
648.862480131
648.862480131
648.862480131
648.862480131
648.862480131
648.862480131
648.862480131
648.862480131
648.862480131
648.862480131
648.862480131
648.862480131
648.862480131
648.862480131
648.862480131
648.862480131
648.862480131
648.862480131
648.862480131
648.862480131
648.862480131
648.862480131
648.862480131
648.862480131
648.862480131
648.862480131
648.862480131
648.862480131
648.862480131
648.862480131
648.862480131
648.862480131
648.862480131
648.862480131
648.862480131
648.862480131
648.862480131
648.862480131
648.862480131
648.862480131
648.862480131
648.862480131
648.862480131
648.862480131
648.862480131
648.862480131
648.862480131
648.862480131
648.862480131
648.862480131
648.862480131
648.862480131
648.862480131
648.862480131
648.862480131
648.862480131
648.862480131
648.862480131
648.862480131
648.862480131
648.862480131
648.862480131
648.862480131
648.862480131
648.862480131
648.862480131
648.862480131
648.862480131
648.862480131
648.862480131
648.862480131
648.862480131
648.862480131
648.862480131
648.862480131
648.862480131
648.862480131
648.862480131
648.862480131
648.862480131
648.862480131
648.862480131
648.862480131
648.862480131
648.862480131
648.862480131
648.862480131
648.862480131
648.862480131
648.862480131
648.862480131
648.862480131
648.862480131
648.862480131
648.862480131
648.862480131
648.862480131
648.862480131
648.862480131
648.862480131
648.862480131
648.862480131
648.862480131
648.862480131
648.862480131
648.862480131
648.862480131
648.862480131
648.862480131
648.862480131
648.862480131
648.862480131
648.862480131
648.862480131
648.862480131
648.862480131
648.862480131
648.862480131
648.862480131
648.862480131
648.862480131
648.862480131
648.862480131
648.862480131
648.862480131
648.862480131
648.862480131
648.862480131
648.862480131
648.862480131
648.862480131
648.862480131
648.862480131
648.862480131
648.862480131
648.862480131
648.862480131
648.862480131
648.862480131
648.862480131
648.862480131
648.862480131
648.862480131
648.862480131
648.862480131
648.862480131
648.862480131
648.862480131
648.862480131
648.862480131
648.862480131
648.862480131
648.862480131
648.862480131
648.862480131
648.862480131
648.862480131
648.862480131
648.862480131
648.862480131
648.862480131
648.862480131
648.862480131
648.862480131
648.862480131
648.862480131
648.862480131
648.862480131
648.862480131
648.862480131
648.862480131
648.862480131
648.862480131
648.862480131
648.862480131
648.862480131
648.862480131
648.862480131
648.862480131
648.862480131
648.862480131
648.862480131
648.862480131
648.862480131
648.862480131
648.862480131
648.862480131
648.862480131
648.862480131
648.862480131
648.862480131
648.862480131
648.862480131
648.862480131
648.862480131
648.862480131
648.862480131
648.862480131
648.862480131
648.862480131
648.862480131
648.862480131
648.862480131
648.862480131
648.862480131
648.862480131
648.862480131
648.862480131
648.862480131
648.862480131
648.862480131
648.862480131
648.862480131
648.862480131
648.862480131
648.862480131
648.862480131
648.862480131
648.862480131
648.862480131
648.862480131
648.862480131
648.862480131
648.862480131
648.862480131
648.862480131
648.862480131
648.862480131
648.862480131
648.862480131
648.862480131
648.862480131
648.862480131
648.862480131
648.862480131
648.862480131
648.862480131
648.862480131
648.862480131
648.862480131
648.862480131
648.862480131
648.862480131
648.862480131
648.862480131
648.862480131
648.862480131
648.862480131
648.862480131
648.862480131
648.862480131
648.862480131
648.862480131
648.862480131
648.862480131
648.862480131
648.862480131
648.862480131
648.862480131
648.862480131
648.862480131
648.862480131
648.862480131
648.862480131
648.862480131
648.862480131
648.862480131
648.862480131
648.862480131
648.862480131
648.862480131
648.862480131
648.862480131
648.862480131
648.862480131
648.862480131
648.862480131
648.862480131
648.862480131
648.862480131
648.862480131
648.862480131
648.862480131
648.862480131
648.862480131
648.862480131
648.862480131
648.862480131
648.862480131
648.862480131
648.862480131
648.862480131
648.862480131
648.862480131
648.862480131
648.862480131
648.862480131
648.862480131
648.862480131
648.862480131
648.862480131
648.862480131
648.862480131
648.862480131
648.862480131
648.862480131
648.862480131
648.862480131
648.862480131
648.862480131
648.862480131
648.862480131
648.862480131
648.862480131
648.862480131
648.862480131
648.862480131
648.862480131
648.862480131
648.862480131
648.862480131
648.862480131
648.862480131
648.862480131
648.862480131
648.862480131
648.862480131
648.862480131
648.862480131
648.862480131
648.862480131
648.862480131
648.862480131
648.862480131
648.862480131
648.862480131
648.862480131
648.862480131
648.862480131
648.862480131
648.862480131
648.862480131
648.862480131
648.862480131
648.862480131
648.862480131
648.862480131
648.862480131
648.862480131
648.862480131
648.862480131
648.862480131
648.862480131
648.862480131
648.862480131
648.862480131
648.862480131
648.862480131
648.862480131
648.862480131
648.862480131
648.862480131
648.862480131
648.862480131
648.862480131
648.862480131
648.862480131
648.862480131
648.862480131
648.862480131
648.862480131
648.862480131
648.862480131
648.862480131
648.862480131
648.862480131
648.862480131
648.862480131
648.862480131
648.862480131
648.862480131
648.862480131
648.862480131
648.862480131
648.862480131
648.862480131
648.862480131
648.862480131
648.862480131
648.862480131
648.862480131
648.862480131
648.862480131
648.862480131
648.862480131
648.862480131
648.862480131
648.862480131
648.862480131
648.862480131
648.862480131
648.862480131
648.862480131
648.862480131
648.862480131
648.862480131
648.862480131
648.862480131
648.862480131
648.862480131
648.862480131
648.862480131
648.862480131
648.862480131
648.862480131
648.862480131
648.862480131
648.862480131
648.862480131
648.862480131
648.862480131
648.862480131
648.862480131
648.862480131
648.862480131
648.862480131
648.862480131
648.862480131
648.862480131
648.862480131
648.862480131
648.862480131
648.862480131
648.862480131
648.862480131
648.862480131
648.862480131
648.862480131
648.862480131
648.862480131
648.862480131
648.862480131
648.862480131
648.862480131
648.862480131
648.862480131
648.862480131
648.862480131
648.862480131
648.862480131
648.862480131
648.862480131
648.862480131
648.862480131
648.862480131
648.862480131
648.862480131
648.862480131
648.862480131
648.862480131
648.862480131
648.862480131
648.862480131
648.862480131
648.862480131
648.862480131
648.862480131
648.862480131
648.862480131
648.862480131
648.862480131
648.862480131
648.862480131
648.862480131
648.862480131
648.862480131
648.862480131
648.862480131
648.862480131
648.862480131
648.862480131
648.862480131
648.862480131
648.862480131
648.862480131
648.862480131
648.862480131
648.862480131
648.862480131
648.862480131
648.862480131
648.862480131
648.862480131
648.862480131
648.862480131
648.862480131
648.862480131
648.862480131
648.862480131
648.862480131
648.862480131
648.862480131
648.862480131
648.862480131
648.862480131
648.862480131
648.862480131
648.862480131
648.862480131
648.862480131
648.862480131
648.862480131
648.862480131
648.862480131
648.862480131
648.862480131
648.862480131
648.862480131
648.862480131
648.862480131
648.862480131
648.862480131
648.862480131
648.862480131
648.862480131
648.862480131
648.862480131
648.862480131
648.862480131
648.862480131
648.862480131
648.862480131
648.862480131
648.862480131
648.862480131
648.862480131
648.862480131
648.862480131
648.862480131
648.862480131
648.862480131
648.862480131
648.862480131
648.862480131
648.862480131
648.862480131
648.862480131
648.862480131
648.862480131
648.862480131
648.862480131
648.862480131
648.862480131
648.862480131
648.862480131
648.862480131
648.862480131
648.862480131
648.862480131
648.862480131
648.862480131
648.862480131
648.862480131
648.862480131
648.862480131
648.862480131
648.862480131
648.862480131
648.862480131
648.862480131
648.862480131
648.862480131
648.862480131
648.862480131
648.862480131
648.862480131
648.862480131
648.862480131
648.862480131
648.862480131
648.862480131
648.862480131
648.862480131
648.862480131
648.862480131
648.862480131
648.862480131
648.862480131
648.862480131
648.862480131
648.862480131
648.862480131
648.862480131
648.862480131
648.862480131
648.862480131
648.862480131
648.862480131
648.862480131
648.862480131
648.862480131
648.862480131
648.862480131
648.862480131
648.862480131
648.862480131
648.862480131
648.862480131
648.862480131
648.862480131
648.862480131
648.862480131
648.862480131
648.862480131
648.862480131
648.862480131
648.862480131
648.862480131
648.862480131
648.862480131
648.862480131
648.862480131
648.862480131
648.862480131
648.862480131
648.862480131
648.862480131
648.862480131
648.862480131
648.862480131
648.862480131
648.862480131
648.862480131
648.862480131
648.862480131
648.862480131
648.862480131
648.862480131
648.862480131
648.862480131
648.862480131
648.862480131
648.862480131
648.862480131
648.862480131
648.862480131
648.862480131
648.862480131
648.862480131
648.862480131
648.862480131
648.862480131
648.862480131
648.862480131
648.862480131
648.862480131
648.862480131
648.862480131
648.862480131
648.862480131
648.862480131
648.862480131
648.862480131
648.862480131
648.862480131
648.862480131
648.862480131
648.862480131
648.862480131
648.862480131
648.862480131
648.862480131
648.862480131
648.862480131
648.862480131
648.862480131
648.862480131
648.862480131
648.862480131
648.862480131
648.862480131
648.862480131
648.862480131
648.862480131
648.862480131
648.862480131
648.862480131
648.862480131
648.862480131
648.862480131
648.862480131
648.862480131
648.862480131
648.862480131
648.862480131
648.862480131
648.862480131
648.862480131
648.862480131
648.862480131
648.862480131
648.862480131
648.862480131
648.862480131
648.862480131
648.862480131
648.862480131
648.862480131
648.862480131
648.862480131
648.862480131
648.862480131
648.862480131
648.862480131
648.862480131
648.862480131
648.862480131
648.862480131
648.862480131
648.862480131
648.862480131
648.862480131
648.862480131
648.862480131
648.862480131
648.862480131
648.862480131
648.862480131
648.862480131
648.862480131
648.862480131
648.862480131
648.862480131
648.862480131
648.862480131
648.862480131
648.862480131
648.862480131
648.862480131
648.862480131
648.862480131
648.862480131
648.862480131
648.862480131
648.862480131
648.862480131
648.862480131
648.862480131
648.862480131
648.862480131
648.862480131
648.862480131
648.862480131
648.862480131
648.862480131
648.862480131
648.862480131
648.862480131
648.862480131
648.862480131
648.862480131
648.862480131
648.862480131
648.862480131
648.862480131
648.862480131
648.862480131
648.862480131
648.862480131
648.862480131
648.862480131
648.862480131
648.862480131
648.862480131
648.862480131
648.862480131
648.862480131
648.862480131
648.862480131
648.862480131
648.862480131
648.862480131
648.862480131
648.862480131
648.862480131
648.862480131
648.862480131
648.862480131
648.862480131
648.862480131
648.862480131
648.862480131
648.862480131
648.862480131
648.862480131
648.862480131
648.862480131
648.862480131
648.862480131
648.862480131
648.862480131
648.862480131
648.862480131
648.862480131
648.862480131
648.862480131
648.862480131
648.862480131
648.862480131
648.862480131
648.862480131
648.862480131
648.862480131
648.862480131
648.862480131
648.862480131
648.862480131
648.862480131
648.862480131
648.862480131
648.862480131
648.862480131
648.862480131
648.862480131
648.862480131
648.862480131
648.862480131
648.862480131
648.862480131
648.862480131
648.862480131
648.862480131
648.862480131
648.862480131
648.862480131
648.862480131
648.862480131
648.862480131
648.862480131
648.862480131
648.862480131
648.862480131
648.862480131
648.862480131
648.862480131
648.862480131
648.862480131
648.862480131
648.862480131
648.862480131
648.862480131
648.862480131
648.862480131
648.862480131
648.862480131
648.862480131
648.862480131
648.862480131
648.862480131
648.862480131
648.862480131
648.862480131
648.862480131
648.862480131
648.862480131
648.862480131
648.862480131
648.862480131
648.862480131
648.862480131
648.862480131
648.862480131
648.862480131
648.862480131
648.862480131
648.862480131
648.862480131
648.862480131
648.862480131
648.862480131
648.862480131
648.862480131
648.862480131
648.862480131
648.862480131
648.862480131
648.862480131
648.862480131
648.862480131
648.862480131
648.862480131
648.862480131
648.862480131
648.862480131
648.862480131
648.862480131
648.862480131
648.862480131
648.862480131
648.862480131
648.862480131
648.862480131
648.862480131
648.862480131
648.862480131
648.862480131
648.862480131
648.862480131
648.862480131
648.862480131
648.862480131
648.862480131
648.862480131
648.862480131
648.862480131
648.862480131
648.862480131
648.862480131
648.862480131
648.862480131
648.862480131
648.862480131
648.862480131
648.862480131
648.862480131
648.862480131
648.862480131
648.862480131
648.862480131
648.862480131
648.862480131
648.862480131
648.862480131
648.862480131
648.862480131
648.862480131
648.862480131
648.862480131
648.862480131
648.862480131
648.862480131
648.862480131
648.862480131
648.862480131
648.862480131
648.862480131
648.862480131
648.862480131
648.862480131
648.862480131
648.862480131
648.862480131
648.862480131
648.862480131
648.862480131
648.862480131
648.862480131
648.862480131
648.862480131
648.862480131
648.862480131
648.862480131
648.862480131
648.862480131
648.862480131
648.862480131
648.862480131
648.862480131
648.862480131
648.862480131
648.862480131
648.862480131
648.862480131
648.862480131
648.862480131
648.862480131
648.862480131
648.862480131
648.862480131
648.862480131
648.862480131
648.862480131
648.862480131
648.862480131
648.862480131
648.862480131
648.862480131
648.862480131
648.862480131
648.862480131
648.862480131
648.862480131
648.862480131
648.862480131
648.862480131
648.862480131
648.862480131
648.862480131
648.862480131
648.862480131
648.862480131
648.862480131
648.862480131
648.862480131
648.862480131
648.862480131
648.862480131
648.862480131
648.862480131
648.862480131
648.862480131
648.862480131
648.862480131
648.862480131
648.862480131
648.862480131
648.862480131
648.862480131
648.862480131
648.862480131
648.862480131
648.862480131
648.862480131
648.862480131
648.862480131
648.862480131
648.862480131
648.862480131
648.862480131
648.862480131
648.862480131
648.862480131
648.862480131
648.862480131
648.862480131
648.862480131
648.862480131
648.862480131
648.862480131
648.862480131
648.862480131
648.862480131
648.862480131
648.862480131
648.862480131
648.862480131
648.862480131
648.862480131
648.862480131
648.862480131
648.862480131
648.862480131
648.862480131
648.862480131
648.862480131
648.862480131
648.862480131
648.862480131
648.862480131
648.862480131
648.862480131
648.862480131
648.862480131
648.862480131
648.862480131
648.862480131
648.862480131
648.862480131
648.862480131
648.862480131
648.862480131
648.862480131
648.862480131
648.862480131
648.862480131
648.862480131
648.862480131
648.862480131
648.862480131
648.862480131
648.862480131
648.862480131
648.862480131
648.862480131
648.862480131
648.862480131
648.862480131
648.862480131
648.862480131
648.862480131
648.862480131
648.862480131
648.862480131
648.862480131
648.862480131
648.862480131
648.862480131
648.862480131
648.862480131
648.862480131
648.862480131
648.862480131
648.862480131
648.862480131
648.862480131
648.862480131
648.862480131
648.862480131
648.862480131
648.862480131
648.862480131
648.862480131
648.862480131
648.862480131
648.862480131
648.862480131
648.862480131
648.862480131
648.862480131
648.862480131
648.862480131
648.862480131
648.862480131
648.862480131
648.862480131
648.862480131
648.862480131
648.862480131
648.862480131
648.862480131
648.862480131
648.862480131
648.862480131
648.862480131
648.862480131
648.862480131
648.862480131
648.862480131
648.862480131
648.862480131
648.862480131
648.862480131
648.862480131
648.862480131
648.862480131
648.862480131
648.862480131
648.862480131
648.862480131
648.862480131
648.862480131
648.862480131
648.862480131
648.862480131
648.862480131
648.862480131
648.862480131
648.862480131
648.862480131
648.862480131
648.862480131
648.862480131
648.862480131
648.862480131
648.862480131
648.862480131
648.862480131
648.862480131
648.862480131
648.862480131
648.862480131
648.862480131
648.862480131
648.862480131
648.862480131
648.862480131
648.862480131
648.862480131
648.862480131
648.862480131
648.862480131
648.862480131
648.862480131
648.862480131
648.862480131
648.862480131
648.862480131
648.862480131
648.862480131
648.862480131
648.862480131
648.862480131
648.862480131
648.862480131
648.862480131
648.862480131
648.862480131
648.862480131
648.862480131
648.862480131
648.862480131
648.862480131
648.862480131
648.862480131
648.862480131
648.862480131
648.862480131
648.862480131
648.862480131
648.862480131
648.862480131
648.862480131
648.862480131
648.862480131
648.862480131
648.862480131
648.862480131
648.862480131
648.862480131
648.862480131
648.862480131
648.862480131
648.862480131
648.862480131
648.862480131
648.862480131
648.862480131
648.862480131
648.862480131
648.862480131
648.862480131
648.862480131
648.862480131
648.862480131
648.862480131
648.862480131
648.862480131
648.862480131
648.862480131
648.862480131
648.862480131
648.862480131
648.862480131
648.862480131
648.862480131
648.862480131
648.862480131
648.862480131
648.862480131
648.862480131
648.862480131
648.862480131
648.862480131
648.862480131
648.862480131
648.862480131
648.862480131
648.862480131
648.862480131
648.862480131
648.862480131
648.862480131
648.862480131
648.862480131
648.862480131
648.862480131
648.862480131
648.862480131
648.862480131
648.862480131
648.862480131
648.862480131
648.862480131
648.862480131
648.862480131
648.862480131
648.862480131
648.862480131
648.862480131
648.862480131
648.862480131
648.862480131
648.862480131
648.862480131
648.862480131
648.862480131
648.862480131
648.862480131
648.862480131
648.862480131
648.862480131
648.862480131
648.862480131
648.862480131
648.862480131
648.862480131
648.862480131
648.862480131
648.862480131
648.862480131
648.862480131
648.862480131
648.862480131
648.862480131
648.862480131
648.862480131
648.862480131
648.862480131
648.862480131
648.862480131
648.862480131
648.862480131
648.862480131
648.862480131
648.862480131
648.862480131
648.862480131
648.862480131
648.862480131
648.862480131
648.862480131
648.862480131
648.862480131
648.862480131
648.862480131
648.862480131
648.862480131
648.862480131
648.862480131
648.862480131
648.862480131
648.862480131
648.862480131
648.862480131
648.862480131
648.862480131
648.862480131
648.862480131
648.862480131
648.862480131
648.862480131
648.862480131
648.862480131
648.862480131
648.862480131
648.862480131
648.862480131
648.862480131
648.862480131
648.862480131
648.862480131
648.862480131
648.862480131
648.862480131
648.862480131
648.862480131
648.862480131
648.862480131
648.862480131
648.862480131
648.862480131
648.862480131
648.862480131
648.862480131
648.862480131
648.862480131
648.862480131
648.862480131
648.862480131
648.862480131
648.862480131
648.862480131
648.862480131
648.862480131
648.862480131
648.862480131
648.862480131
648.862480131
648.862480131
648.862480131
648.862480131
648.862480131
648.862480131
648.862480131
648.862480131
648.862480131
648.862480131
648.862480131
648.862480131
648.862480131
648.862480131
648.862480131
648.862480131
648.862480131
648.862480131
648.862480131
648.862480131
648.862480131
648.862480131
648.862480131
648.862480131
648.862480131
648.862480131
648.862480131
648.862480131
648.862480131
648.862480131
648.862480131
648.862480131
648.862480131
648.862480131
648.862480131
648.862480131
648.862480131
648.862480131
648.862480131
648.862480131
648.862480131
648.862480131
648.862480131
648.862480131
648.862480131
648.862480131
648.862480131
648.862480131
648.862480131
648.862480131
648.862480131
648.862480131
648.862480131
648.862480131
648.862480131
648.862480131
648.862480131
648.862480131
648.862480131
648.862480131
648.862480131
648.862480131
648.862480131
648.862480131
648.862480131
648.862480131
648.862480131
648.862480131
648.862480131
648.862480131
648.862480131
648.862480131
648.862480131
648.862480131
648.862480131
648.862480131
648.862480131
648.862480131
648.862480131
648.862480131
648.862480131
648.862480131
648.862480131
648.862480131
648.862480131
648.862480131
648.862480131
648.862480131
648.862480131
648.862480131
648.862480131
648.862480131
648.862480131
648.862480131
648.862480131
648.862480131
648.862480131
648.862480131
648.862480131
648.862480131
648.862480131
648.862480131
648.862480131
648.862480131
648.862480131
648.862480131
648.862480131
648.862480131
648.862480131
648.862480131
648.862480131
648.862480131
648.862480131
648.862480131
648.862480131
648.862480131
648.862480131
648.862480131
648.862480131
648.862480131
648.862480131
648.862480131
648.862480131
648.862480131
648.862480131
648.862480131
648.862480131
648.862480131
648.862480131
648.862480131
648.862480131
648.862480131
648.862480131
648.862480131
648.862480131
648.862480131
648.862480131
648.862480131
648.862480131
648.862480131
648.862480131
648.862480131
648.862480131
648.862480131
648.862480131
648.862480131
648.862480131
648.862480131
648.862480131
648.862480131
648.862480131
648.862480131
648.862480131
648.862480131
648.862480131
648.862480131
648.862480131
648.862480131
648.862480131
648.862480131
648.862480131
648.862480131
648.862480131
648.862480131
648.862480131
648.862480131
648.862480131
648.862480131
648.862480131
648.862480131
648.862480131
648.862480131
648.862480131
648.862480131
648.862480131
648.862480131
648.862480131
648.862480131
648.862480131
648.862480131
648.862480131
648.862480131
648.862480131
648.862480131
648.862480131
648.862480131
648.862480131
648.862480131
648.862480131
648.862480131
648.862480131
648.862480131
648.862480131
648.862480131
648.862480131
648.862480131
648.862480131
648.862480131
648.862480131
648.862480131
648.862480131
648.862480131
648.862480131
648.862480131
648.862480131
648.862480131
648.862480131
648.862480131
648.862480131
648.862480131
648.862480131
648.862480131
648.862480131
648.862480131
648.862480131
648.862480131
648.862480131
648.862480131
648.862480131
648.862480131
648.862480131
648.862480131
648.862480131
648.862480131
648.862480131
648.862480131
648.862480131
648.862480131
648.862480131
648.862480131
648.862480131
648.862480131
648.862480131
648.862480131
648.862480131
648.862480131
648.862480131
648.862480131
648.862480131
648.862480131
648.862480131
648.862480131
648.862480131
648.862480131
648.862480131
648.862480131
648.862480131
648.862480131
648.862480131
648.862480131
648.862480131
648.862480131
648.862480131
648.862480131
648.862480131
648.862480131
648.862480131
648.862480131
648.862480131
648.862480131
648.862480131
648.862480131
648.862480131
648.862480131
648.862480131
648.862480131
648.862480131
648.862480131
648.862480131
648.862480131
648.862480131
648.862480131
648.862480131
648.862480131
648.862480131
648.862480131
648.862480131
648.862480131
648.862480131
648.862480131
648.862480131
648.862480131
648.862480131
648.862480131
648.862480131
648.862480131
648.862480131
648.862480131
648.862480131
648.862480131
648.862480131
648.862480131
648.862480131
648.862480131
648.862480131
648.862480131
648.862480131
648.862480131
648.862480131
648.862480131
648.862480131
648.862480131
648.862480131
648.862480131
648.862480131
648.862480131
648.862480131
648.862480131
648.862480131
648.862480131
648.862480131
648.862480131
648.862480131
648.862480131
648.862480131
648.862480131
648.862480131
648.862480131
648.862480131
648.862480131
648.862480131
648.862480131
648.862480131
648.862480131
648.862480131
648.862480131
648.862480131
648.862480131
648.862480131
648.862480131
648.862480131
648.862480131
648.862480131
648.862480131
648.862480131
648.862480131
648.862480131
648.862480131
648.862480131
648.862480131
648.862480131
648.862480131
648.862480131
648.862480131
648.862480131
648.862480131
648.862480131
648.862480131
648.862480131
648.862480131
648.862480131
648.862480131
648.862480131
648.862480131
648.862480131
648.862480131
648.862480131
648.862480131
648.862480131
648.862480131
648.862480131
648.862480131
648.862480131
648.862480131
648.862480131
648.862480131
648.862480131
648.862480131
648.862480131
648.862480131
648.862480131
648.862480131
648.862480131
648.862480131
648.862480131
648.862480131
648.862480131
648.862480131
648.862480131
648.862480131
648.862480131
648.862480131
648.862480131
648.862480131
648.862480131
648.862480131
648.862480131
648.862480131
648.862480131
648.862480131
648.862480131
648.862480131
648.862480131
648.862480131
648.862480131
648.862480131
648.862480131
648.862480131
648.862480131
648.862480131
648.862480131
648.862480131
648.862480131
648.862480131
648.862480131
648.862480131
648.862480131
648.862480131
648.862480131
648.862480131
648.862480131
648.862480131
648.862480131
648.862480131
648.862480131
648.862480131
648.862480131
648.862480131
648.862480131
648.862480131
648.862480131
648.862480131
648.862480131
648.862480131
648.862480131
648.862480131
648.862480131
648.862480131
648.862480131
648.862480131
648.862480131
648.862480131
648.862480131
648.862480131
648.862480131
648.862480131
648.862480131
648.862480131
648.862480131
648.862480131
648.862480131
648.862480131
648.862480131
648.862480131
648.862480131
648.862480131
648.862480131
648.862480131
648.862480131
648.862480131
648.862480131
648.862480131
648.862480131
648.862480131
648.862480131
648.862480131
648.862480131
648.862480131
648.862480131
648.862480131
648.862480131
648.862480131
648.862480131
648.862480131
648.862480131
648.862480131
648.862480131
648.862480131
648.862480131
648.862480131
648.862480131
648.862480131
648.862480131
648.862480131
648.862480131
648.862480131
648.862480131
648.862480131
648.862480131
648.862480131
648.862480131
648.862480131
648.862480131
648.862480131
648.862480131
648.862480131
648.862480131
648.862480131
648.862480131
648.862480131
648.862480131
648.862480131
648.862480131
648.862480131
648.862480131
648.862480131
648.862480131
648.862480131
648.862480131
648.862480131
648.862480131
648.862480131
648.862480131
648.862480131
648.862480131
648.862480131
648.862480131
648.862480131
648.862480131
648.862480131
648.862480131
648.862480131
648.862480131
648.862480131
648.862480131
648.862480131
648.862480131
648.862480131
648.862480131
648.862480131
648.862480131
648.862480131
648.862480131
648.862480131
648.862480131
648.862480131
648.862480131
648.862480131
648.862480131
648.862480131
648.862480131
648.862480131
648.862480131
648.862480131
648.862480131
648.862480131
648.862480131
648.862480131
648.862480131
648.862480131
648.862480131
648.862480131
648.862480131
648.862480131
648.862480131
648.862480131
648.862480131
648.862480131
648.862480131
648.862480131
648.862480131
648.862480131
648.862480131
648.862480131
648.862480131
648.862480131
648.862480131
648.862480131
648.862480131
648.862480131
648.862480131
648.862480131
648.862480131
648.862480131
648.862480131
648.862480131
648.862480131
648.862480131
648.862480131
648.862480131
648.862480131
648.862480131
648.862480131
648.862480131
648.862480131
648.862480131
648.862480131
648.862480131
648.862480131
648.862480131
648.862480131
648.862480131
648.862480131
648.862480131
648.862480131
648.862480131
648.862480131
648.862480131
648.862480131
648.862480131
648.862480131
648.862480131
648.862480131
648.862480131
648.862480131
648.862480131
648.862480131
648.862480131
648.862480131
648.862480131
648.862480131
648.862480131
648.862480131
648.862480131
648.862480131
648.862480131
648.862480131
648.862480131
648.862480131
648.862480131
648.862480131
648.862480131
648.862480131
648.862480131
648.862480131
648.862480131
648.862480131
648.862480131
648.862480131
648.862480131
648.862480131
648.862480131
648.862480131
648.862480131
648.862480131
648.862480131
648.862480131
648.862480131
648.862480131
648.862480131
648.862480131
648.862480131
648.862480131
648.862480131
648.862480131
648.862480131
648.862480131
648.862480131
648.862480131
648.862480131
648.862480131
648.862480131
648.862480131
648.862480131
648.862480131
648.862480131
648.862480131
648.862480131
648.862480131
648.862480131
648.862480131
648.862480131
648.862480131
648.862480131
648.862480131
648.862480131
648.862480131
648.862480131
648.862480131
648.862480131
648.862480131
648.862480131
648.862480131
648.862480131
648.862480131
648.862480131
648.862480131
648.862480131
648.862480131
648.862480131
648.862480131
648.862480131
648.862480131
648.862480131
648.862480131
648.862480131
648.862480131
648.862480131
648.862480131
648.862480131
648.862480131
648.862480131
648.862480131
648.862480131
648.862480131
648.862480131
648.862480131
648.862480131
648.862480131
648.862480131
648.862480131
648.862480131
648.862480131
648.862480131
648.862480131
648.862480131
648.862480131
648.862480131
648.862480131
648.862480131
648.862480131
648.862480131
648.862480131
648.862480131
648.862480131
648.862480131
648.862480131
648.862480131
648.862480131
648.862480131
648.862480131
648.862480131
648.862480131
648.862480131
648.862480131
648.862480131
648.862480131
648.862480131
648.862480131
648.862480131
648.862480131
648.862480131
648.862480131
648.862480131
648.862480131
648.862480131
648.862480131
648.862480131
648.862480131
648.862480131
648.862480131
648.862480131
648.862480131
648.862480131
648.862480131
648.862480131
648.862480131
648.862480131
648.862480131
648.862480131
648.862480131
648.862480131
648.862480131
648.862480131
648.862480131
648.862480131
648.862480131
648.862480131
648.862480131
648.862480131
648.862480131
648.862480131
648.862480131
648.862480131
648.862480131
648.862480131
648.862480131
648.862480131
648.862480131
648.862480131
648.862480131
648.862480131
648.862480131
648.862480131
648.862480131
648.862480131
648.862480131
648.862480131
648.862480131
648.862480131
648.862480131
648.862480131
648.862480131
648.862480131
648.862480131
648.862480131
648.862480131
648.862480131
648.862480131
648.862480131
648.862480131
648.862480131
648.862480131
648.862480131
648.862480131
648.862480131
648.862480131
648.862480131
648.862480131
648.862480131
648.862480131
648.862480131
648.862480131
648.862480131
648.862480131
648.862480131
648.862480131
648.862480131
648.862480131
648.862480131
648.862480131
648.862480131
648.862480131
648.862480131
648.862480131
648.862480131
648.862480131
648.862480131
648.862480131
648.862480131
648.862480131
648.862480131
648.862480131
648.862480131
648.862480131
648.862480131
648.862480131
648.862480131
648.862480131
648.862480131
648.862480131
648.862480131
648.862480131
648.862480131
648.862480131
648.862480131
648.862480131
648.862480131
648.862480131
648.862480131
648.862480131
648.862480131
648.862480131
648.862480131
648.862480131
648.862480131
648.862480131
648.862480131
648.862480131
648.862480131
648.862480131
648.862480131
648.862480131
648.862480131
648.862480131
648.862480131
648.862480131
648.862480131
648.862480131
648.862480131
648.862480131
648.862480131
648.862480131
648.862480131
648.862480131
648.862480131
648.862480131
648.862480131
648.862480131
648.862480131
648.862480131
648.862480131
648.862480131
648.862480131
648.862480131
648.862480131
648.862480131
648.862480131
648.862480131
648.862480131
648.862480131
648.862480131
648.862480131
648.862480131
648.862480131
648.862480131
648.862480131
648.862480131
648.862480131
648.862480131
648.862480131
648.862480131
648.862480131
648.862480131
648.862480131
648.862480131
648.862480131
648.862480131
648.862480131
648.862480131
648.862480131
648.862480131
648.862480131
648.862480131
648.862480131
648.862480131
648.862480131
648.862480131
648.862480131
648.862480131
648.862480131
648.862480131
648.862480131
648.862480131
648.862480131
648.862480131
648.862480131
648.862480131
648.862480131
648.862480131
648.862480131
648.862480131
648.862480131
648.862480131
648.862480131
648.862480131
648.862480131
648.862480131
648.862480131
648.862480131
648.862480131
648.862480131
648.862480131
648.862480131
648.862480131
648.862480131
648.862480131
648.862480131
648.862480131
648.862480131
648.862480131
648.862480131
648.862480131
648.862480131
648.862480131
648.862480131
648.862480131
648.862480131
648.862480131
648.862480131
648.862480131
648.862480131
648.862480131
648.862480131
648.862480131
648.862480131
648.862480131
648.862480131
648.862480131
648.862480131
648.862480131
648.862480131
648.862480131
648.862480131
648.862480131
648.862480131
648.862480131
648.862480131
648.862480131
648.862480131
648.862480131
648.862480131
648.862480131
648.862480131
648.862480131
648.862480131
648.862480131
648.862480131
648.862480131
648.862480131
648.862480131
648.862480131
648.862480131
648.862480131
648.862480131
648.862480131
648.862480131
648.862480131
648.862480131
648.862480131
648.862480131
648.862480131
648.862480131
648.862480131
648.862480131
648.862480131
648.862480131
648.862480131
648.862480131
648.862480131
648.862480131
648.862480131
648.862480131
648.862480131
648.862480131
648.862480131
648.862480131
648.862480131
648.862480131
648.862480131
648.862480131
648.862480131
648.862480131
648.862480131
648.862480131
648.862480131
648.862480131
648.862480131
648.862480131
648.862480131
648.862480131
648.862480131
648.862480131
648.862480131
648.862480131
648.862480131
648.862480131
648.862480131
648.862480131
648.862480131
648.862480131
648.862480131
648.862480131
648.862480131
648.862480131
648.862480131
648.862480131
648.862480131
648.862480131
648.862480131
648.862480131
648.862480131
648.862480131
648.862480131
648.862480131
648.862480131
648.862480131
648.862480131
648.862480131
648.862480131
648.862480131
648.862480131
648.862480131
648.862480131
648.862480131
648.862480131
648.862480131
648.862480131
648.862480131
648.862480131
648.862480131
648.862480131
648.862480131
648.862480131
648.862480131
648.862480131
648.862480131
648.862480131
648.862480131
648.862480131
648.862480131
648.862480131
648.862480131
648.862480131
648.862480131
648.862480131
648.862480131
648.862480131
648.862480131
648.862480131
648.862480131
648.862480131
648.862480131
648.862480131
648.862480131
648.862480131
648.862480131
648.862480131
648.862480131
648.862480131
648.862480131
648.862480131
648.862480131
648.862480131
648.862480131
648.862480131
648.862480131
648.862480131
648.862480131
648.862480131
648.862480131
648.862480131
648.862480131
648.862480131
648.862480131
648.862480131
648.862480131
648.862480131
648.862480131
648.862480131
648.862480131
648.862480131
648.862480131
648.862480131
648.862480131
648.862480131
648.862480131
648.862480131
648.862480131
648.862480131
648.862480131
648.862480131
648.862480131
648.862480131
648.862480131
648.862480131
648.862480131
648.862480131
648.862480131
648.862480131
648.862480131
648.862480131
648.862480131
648.862480131
648.862480131
648.862480131
648.862480131
648.862480131
648.862480131
648.862480131
648.862480131
648.862480131
648.862480131
648.862480131
648.862480131
648.862480131
648.862480131
648.862480131
648.862480131
648.862480131
648.862480131
648.862480131
648.862480131
648.862480131
648.862480131
648.862480131
648.862480131
648.862480131
648.862480131
648.862480131
648.862480131
648.862480131
648.862480131
648.862480131
648.862480131
648.862480131
648.862480131
648.862480131
648.862480131
648.862480131
648.862480131
648.862480131
648.862480131
648.862480131
648.862480131
648.862480131
648.862480131
648.862480131
648.862480131
648.862480131
648.862480131
648.862480131
648.862480131
648.862480131
648.862480131
648.862480131
648.862480131
648.862480131
648.862480131
648.862480131
648.862480131
648.862480131
648.862480131
648.862480131
648.862480131
648.862480131
648.862480131
648.862480131
648.862480131
648.862480131
648.862480131
648.862480131
648.862480131
648.862480131
648.862480131
648.862480131
648.862480131
648.862480131
648.862480131
648.862480131
648.862480131
648.862480131
648.862480131
648.862480131
648.862480131
648.862480131
648.862480131
648.862480131
648.862480131
648.862480131
648.862480131
648.862480131
648.862480131
648.862480131
648.862480131
648.862480131
648.862480131
648.862480131
648.862480131
648.862480131
648.862480131
648.862480131
648.862480131
648.862480131
648.862480131
648.862480131
648.862480131
648.862480131
648.862480131
648.862480131
648.862480131
648.862480131
648.862480131
648.862480131
648.862480131
648.862480131
648.862480131
648.862480131
648.862480131
648.862480131
648.862480131
648.862480131
648.862480131
648.862480131
648.862480131
648.862480131
648.862480131
648.862480131
648.862480131
648.862480131
648.862480131
648.862480131
648.862480131
648.862480131
648.862480131
648.862480131
648.862480131
648.862480131
648.862480131
648.862480131
648.862480131
648.862480131
648.862480131
648.862480131
648.862480131
648.862480131
648.862480131
648.862480131
648.862480131
648.862480131
648.862480131
648.862480131
648.862480131
648.862480131
648.862480131
648.862480131
648.862480131
648.862480131
648.862480131
648.862480131
648.862480131
648.862480131
648.862480131
648.862480131
648.862480131
648.862480131
648.862480131
648.862480131
648.862480131
648.862480131
648.862480131
648.862480131
648.862480131
648.862480131
648.862480131
648.862480131
648.862480131
648.862480131
648.862480131
648.862480131
648.862480131
648.862480131
648.862480131
648.862480131
648.862480131
648.862480131
648.862480131
648.862480131
648.862480131
648.862480131
648.862480131
648.862480131
648.862480131
648.862480131
648.862480131
648.862480131
648.862480131
648.862480131
648.862480131
648.862480131
648.862480131
648.862480131
648.862480131
648.862480131
648.862480131
648.862480131
648.862480131
648.862480131
648.862480131
648.862480131
648.862480131
648.862480131
648.862480131
648.862480131
648.862480131
648.862480131
648.862480131
648.862480131
648.862480131
648.862480131
648.862480131
648.862480131
648.862480131
648.862480131
648.862480131
648.862480131
648.862480131
648.862480131
648.862480131
648.862480131
648.862480131
648.862480131
648.862480131
648.862480131
648.862480131
648.862480131
648.862480131
648.862480131
648.862480131
648.862480131
648.862480131
648.862480131
648.862480131
648.862480131
648.862480131
648.862480131
648.862480131
648.862480131
648.862480131
648.862480131
648.862480131
648.862480131
648.862480131
648.862480131
648.862480131
648.862480131
648.862480131
648.862480131
648.862480131
648.862480131
648.862480131
648.862480131
648.862480131
648.862480131
648.862480131
648.862480131
648.862480131
648.862480131
648.862480131
648.862480131
648.862480131
648.862480131
648.862480131
648.862480131
648.862480131
648.862480131
648.862480131
648.862480131
648.862480131
648.862480131
648.862480131
648.862480131
648.862480131
648.862480131
648.862480131
648.862480131
648.862480131
648.862480131
648.862480131
648.862480131
648.862480131
648.862480131
648.862480131
648.862480131
648.862480131
648.862480131
648.862480131
648.862480131
648.862480131
648.862480131
648.862480131
648.862480131
648.862480131
648.862480131
648.862480131
648.862480131
648.862480131
648.862480131
648.862480131
648.862480131
648.862480131
648.862480131
648.862480131
648.862480131
648.862480131
648.862480131
648.862480131
648.862480131
648.862480131
648.862480131
648.862480131
648.862480131
648.862480131
648.862480131
648.862480131
648.862480131
648.862480131
648.862480131
648.862480131
648.862480131
648.862480131
648.862480131
648.862480131
648.862480131
648.862480131
648.862480131
648.862480131
648.862480131
648.862480131
648.862480131
648.862480131
648.862480131
648.862480131
648.862480131
648.862480131
648.862480131
648.862480131
648.862480131
648.862480131
648.862480131
648.862480131
648.862480131
648.862480131
648.862480131
648.862480131
648.862480131
648.862480131
648.862480131
648.862480131
648.862480131
648.862480131
648.862480131
648.862480131
648.862480131
648.862480131
648.862480131
648.862480131
648.862480131
648.862480131
648.862480131
648.862480131
648.862480131
648.862480131
648.862480131
648.862480131
648.862480131
648.862480131
648.862480131
648.862480131
648.862480131
648.862480131
648.862480131
648.862480131
648.862480131
648.862480131
648.862480131
648.862480131
648.862480131
648.862480131
648.862480131
648.862480131
648.862480131
648.862480131
648.862480131
648.862480131
648.862480131
648.862480131
648.862480131
648.862480131
648.862480131
648.862480131
648.862480131
648.862480131
648.862480131
648.862480131
648.862480131
648.862480131
648.862480131
648.862480131
648.862480131
648.862480131
648.862480131
648.862480131
648.862480131
648.862480131
648.862480131
648.862480131
648.862480131
648.862480131
648.862480131
648.862480131
648.862480131
648.862480131
648.862480131
648.862480131
648.862480131
648.862480131
648.862480131
648.862480131
648.862480131
648.862480131
648.862480131
648.862480131
648.862480131
648.862480131
648.862480131
648.862480131
648.862480131
648.862480131
648.862480131
648.862480131
648.862480131
648.862480131
648.862480131
648.862480131
648.862480131
648.862480131
648.862480131
648.862480131
648.862480131
648.862480131
648.862480131
648.862480131
648.862480131
648.862480131
648.862480131
648.862480131
648.862480131
648.862480131
648.862480131
648.862480131
648.862480131
648.862480131
648.862480131
648.862480131
648.862480131
648.862480131
648.862480131
648.862480131
648.862480131
648.862480131
648.862480131
648.862480131
648.862480131
648.862480131
648.862480131
648.862480131
648.862480131
648.862480131
648.862480131
648.862480131
648.862480131
648.862480131
648.862480131
648.862480131
648.862480131
648.862480131
648.862480131
648.862480131
648.862480131
648.862480131
648.862480131
648.862480131
648.862480131
648.862480131
648.862480131
648.862480131
648.862480131
648.862480131
648.862480131
648.862480131
648.862480131
648.862480131
648.862480131
648.862480131
648.862480131
648.862480131
648.862480131
648.862480131
648.862480131
648.862480131
648.862480131
648.862480131
648.862480131
648.862480131
648.862480131
648.862480131
648.862480131
648.862480131
648.862480131
648.862480131
648.862480131
648.862480131
648.862480131
648.862480131
648.862480131
648.862480131
648.862480131
648.862480131
648.862480131
648.862480131
648.862480131
648.862480131
648.862480131
648.862480131
648.862480131
648.862480131
648.862480131
648.862480131
648.862480131
648.862480131
648.862480131
648.862480131
648.862480131
648.862480131
648.862480131
648.862480131
648.862480131
648.862480131
648.862480131
648.862480131
648.862480131
648.862480131
648.862480131
648.862480131
648.862480131
648.862480131
648.862480131
648.862480131
648.862480131
648.862480131
648.862480131
648.862480131
648.862480131
648.862480131
648.862480131
648.862480131
648.862480131
648.862480131
648.862480131
648.862480131
648.862480131
648.862480131
648.862480131
648.862480131
648.862480131
648.862480131
648.862480131
648.862480131
648.862480131
648.862480131
648.862480131
648.862480131
648.862480131
648.862480131
648.862480131
648.862480131
648.862480131
648.862480131
648.862480131
648.862480131
648.862480131
648.862480131
648.862480131
648.862480131
648.862480131
648.862480131
648.862480131
648.862480131
648.862480131
648.862480131
648.862480131
648.862480131
648.862480131
648.862480131
648.862480131
648.862480131
648.862480131
648.862480131
648.862480131
648.862480131
648.862480131
648.862480131
648.862480131
648.862480131
648.862480131
648.862480131
648.862480131
648.862480131
648.862480131
648.862480131
648.862480131
648.862480131
648.862480131
648.862480131
648.862480131
648.862480131
648.862480131
648.862480131
648.862480131
648.862480131
648.862480131
648.862480131
648.862480131
648.862480131
648.862480131
648.862480131
648.862480131
648.862480131
648.862480131
648.862480131
648.862480131
648.862480131
648.862480131
648.862480131
648.862480131
648.862480131
648.862480131
648.862480131
648.862480131
648.862480131
648.862480131
648.862480131
648.862480131
648.862480131
648.862480131
648.862480131
648.862480131
648.862480131
648.862480131
648.862480131
648.862480131
648.862480131
648.862480131
648.862480131
648.862480131
648.862480131
648.862480131
648.862480131
648.862480131
648.862480131
648.862480131
648.862480131
648.862480131
648.862480131
648.862480131
648.862480131
648.862480131
648.862480131
648.862480131
648.862480131
648.862480131
648.862480131
648.862480131
648.862480131
648.862480131
648.862480131
648.862480131
648.862480131
648.862480131
648.862480131
648.862480131
648.862480131
648.862480131
648.862480131
648.862480131
648.862480131
648.862480131
648.862480131
648.862480131
648.862480131
648.862480131
648.862480131
648.862480131
648.862480131
648.862480131
648.862480131
648.862480131
648.862480131
648.862480131
648.862480131
648.862480131
648.862480131
648.862480131
648.862480131
648.862480131
648.862480131
648.862480131
648.862480131
648.862480131
648.862480131
648.862480131
648.862480131
648.862480131
648.862480131
648.862480131
648.862480131
648.862480131
648.862480131
648.862480131
648.862480131
648.862480131
648.862480131
648.862480131
648.862480131
648.862480131
648.862480131
648.862480131
648.862480131
648.862480131
648.862480131
648.862480131
648.862480131
648.862480131
648.862480131
648.862480131
648.862480131
648.862480131
648.862480131
648.862480131
648.862480131
648.862480131
648.862480131
648.862480131
648.862480131
648.862480131
648.862480131
648.862480131
648.862480131
648.862480131
648.862480131
648.862480131
648.862480131
648.862480131
648.862480131
648.862480131
648.862480131
648.862480131
648.862480131
648.862480131
648.862480131
648.862480131
648.862480131
648.862480131
648.862480131
648.862480131
648.862480131
648.862480131
648.862480131
648.862480131
648.862480131
648.862480131
648.862480131
648.862480131
648.862480131
648.862480131
648.862480131
648.862480131
648.862480131
648.862480131
648.862480131
648.862480131
648.862480131
648.862480131
648.862480131
648.862480131
648.862480131
648.862480131
648.862480131
648.862480131
648.862480131
648.862480131
648.862480131
648.862480131
648.862480131
648.862480131
648.862480131
648.862480131
648.862480131
648.862480131
648.862480131
648.862480131
648.862480131
648.862480131
648.862480131
648.862480131
648.862480131
648.862480131
648.862480131
648.862480131
648.862480131
648.862480131
648.862480131
648.862480131
648.862480131
648.862480131
648.862480131
648.862480131
648.862480131
648.862480131
648.862480131
648.862480131
648.862480131
648.862480131
648.862480131
648.862480131
648.862480131
648.862480131
648.862480131
648.862480131
648.862480131
648.862480131
648.862480131
648.862480131
648.862480131
648.862480131
648.862480131
648.862480131
648.862480131
648.862480131
648.862480131
648.862480131
648.862480131
648.862480131
648.862480131
648.862480131
648.862480131
648.862480131
648.862480131
648.862480131
648.862480131
648.862480131
648.862480131
648.862480131
648.862480131
648.862480131
648.862480131
648.862480131
648.862480131
648.862480131
648.862480131
648.862480131
648.862480131
648.862480131
648.862480131
648.862480131
648.862480131
648.862480131
648.862480131
648.862480131
648.862480131
648.862480131
648.862480131
648.862480131
648.862480131
648.862480131
648.862480131
648.862480131
648.862480131
648.862480131
648.862480131
648.862480131
648.862480131
648.862480131
648.862480131
648.862480131
648.862480131
648.862480131
648.862480131
648.862480131
648.862480131
648.862480131
648.862480131
648.862480131
648.862480131
648.862480131
648.862480131
648.862480131
648.862480131
648.862480131
648.862480131
648.862480131
648.862480131
648.862480131
648.862480131
648.862480131
648.862480131
648.862480131
648.862480131
648.862480131
648.862480131
648.862480131
648.862480131
648.862480131
648.862480131
648.862480131
648.862480131
648.862480131
648.862480131
648.862480131
648.862480131
648.862480131
648.862480131
648.862480131
648.862480131
648.862480131
648.862480131
648.862480131
648.862480131
648.862480131
648.862480131
648.862480131
648.862480131
648.862480131
648.862480131
648.862480131
648.862480131
648.862480131
648.862480131
648.862480131
648.862480131
648.862480131
648.862480131
648.862480131
648.862480131
648.862480131
648.862480131
648.862480131
648.862480131
648.862480131
648.862480131
648.862480131
648.862480131
648.862480131
648.862480131
648.862480131
648.862480131
648.862480131
648.862480131
648.862480131
648.862480131
648.862480131
648.862480131
648.862480131
648.862480131
648.862480131
648.862480131
648.862480131
648.862480131
648.862480131
648.862480131
648.862480131
648.862480131
648.862480131
648.862480131
648.862480131
648.862480131
648.862480131
648.862480131
648.862480131
648.862480131
648.862480131
648.862480131
648.862480131
648.862480131
648.862480131
648.862480131
648.862480131
648.862480131
648.862480131
648.862480131
648.862480131
648.862480131
648.862480131
648.862480131
648.862480131
648.862480131
648.862480131
648.862480131
648.862480131
648.862480131
648.862480131
648.862480131
648.862480131
648.862480131
648.862480131
648.862480131
648.862480131
648.862480131
648.862480131
648.862480131
648.862480131
648.862480131
648.862480131
648.862480131
648.862480131
648.862480131
648.862480131
648.862480131
648.862480131
648.862480131
648.862480131
648.862480131
648.862480131
648.862480131
648.862480131
648.862480131
648.862480131
648.862480131
648.862480131
648.862480131
648.862480131
648.862480131
648.862480131
648.862480131
648.862480131
648.862480131
648.862480131
648.862480131
648.862480131
648.862480131
648.862480131
648.862480131
648.862480131
648.862480131
648.862480131
648.862480131
648.862480131
648.862480131
648.862480131
648.862480131
648.862480131
648.862480131
648.862480131
648.862480131
648.862480131
648.862480131
648.862480131
648.862480131
648.862480131
648.862480131
648.862480131
648.862480131
648.862480131
648.862480131
648.862480131
648.862480131
648.862480131
648.862480131
648.862480131
648.862480131
648.862480131
648.862480131
648.862480131
648.862480131
648.862480131
648.862480131
648.862480131
648.862480131
648.862480131
648.862480131
648.862480131
648.862480131
648.862480131
648.862480131
648.862480131
648.862480131
648.862480131
648.862480131
648.862480131
648.862480131
648.862480131
648.862480131
648.862480131
648.862480131
648.862480131
648.862480131
648.862480131
648.862480131
648.862480131
648.862480131
648.862480131
648.862480131
648.862480131
648.862480131
648.862480131
648.862480131
648.862480131
648.862480131
648.862480131
648.862480131
648.862480131
648.862480131
648.862480131
648.862480131
648.862480131
648.862480131
648.862480131
648.862480131
648.862480131
648.862480131
648.862480131
648.862480131
648.862480131
648.862480131
648.862480131
648.862480131
648.862480131
648.862480131
648.862480131
648.862480131
648.862480131
648.862480131
648.862480131
648.862480131
648.862480131
648.862480131
648.862480131
648.862480131
648.862480131
648.862480131
648.862480131
648.862480131
648.862480131
648.862480131
648.862480131
648.862480131
648.862480131
648.862480131
648.862480131
648.862480131
648.862480131
648.862480131
648.862480131
648.862480131
648.862480131
648.862480131
648.862480131
648.862480131
648.862480131
648.862480131
648.862480131
648.862480131
648.862480131
648.862480131
648.862480131
648.862480131
648.862480131
648.862480131
648.862480131
648.862480131
648.862480131
648.862480131
648.862480131
648.862480131
648.862480131
648.862480131
648.862480131
648.862480131
648.862480131
648.862480131
648.862480131
648.862480131
648.862480131
648.862480131
648.862480131
648.862480131
648.862480131
648.862480131
648.862480131
648.862480131
648.862480131
648.862480131
648.862480131
648.862480131
648.862480131
648.862480131
648.862480131
648.862480131
648.862480131
648.862480131
648.862480131
648.862480131
648.862480131
648.862480131
648.862480131
648.862480131
648.862480131
648.862480131
648.862480131
648.862480131
648.862480131
648.862480131
648.862480131
648.862480131
648.862480131
648.862480131
648.862480131
648.862480131
648.862480131
648.862480131
648.862480131
648.862480131
648.862480131
648.862480131
648.862480131
648.862480131
648.862480131
648.862480131
648.862480131
648.862480131
648.862480131
648.862480131
648.862480131
648.862480131
648.862480131
648.862480131
648.862480131
648.862480131
648.862480131
648.862480131
648.862480131
648.862480131
648.862480131
648.862480131
648.862480131
648.862480131
648.862480131
648.862480131
648.862480131
648.862480131
648.862480131
648.862480131
648.862480131
648.862480131
648.862480131
648.862480131
648.862480131
648.862480131
648.862480131
648.862480131
648.862480131
648.862480131
648.862480131
648.862480131
648.862480131
648.862480131
648.862480131
648.862480131
648.862480131
648.862480131
648.862480131
648.862480131
648.862480131
648.862480131
648.862480131
648.862480131
648.862480131
648.862480131
648.862480131
648.862480131
648.862480131
648.862480131
648.862480131
648.862480131
648.862480131
648.862480131
648.862480131
648.862480131
648.862480131
648.862480131
648.862480131
648.862480131
648.862480131
648.862480131
648.862480131
648.862480131
648.862480131
648.862480131
648.862480131
648.862480131
648.862480131
648.862480131
648.862480131
648.862480131
648.862480131
648.862480131
648.862480131
648.862480131
648.862480131
648.862480131
648.862480131
648.862480131
648.862480131
648.862480131
648.862480131
648.862480131
648.862480131
648.862480131
648.862480131
648.862480131
648.862480131
648.862480131
648.862480131
648.862480131
648.862480131
648.862480131
648.862480131
648.862480131
648.862480131
648.862480131
648.862480131
648.862480131
648.862480131
648.862480131
648.862480131
648.862480131
648.862480131
648.862480131
648.862480131
648.862480131
648.862480131
648.862480131
648.862480131
648.862480131
648.862480131
648.862480131
648.862480131
648.862480131
648.862480131
648.862480131
