1608.46508848
1543.25616366
1500.14198017
1478.77676747
1447.77140824
1408.99693786
1379.51846969
1368.23541435
1369.92014239
1370.18837972
1368.96463756
1343.10138276
1328.45075361
1311.08372891
1297.51542143
1266.91664003
1260.71758483
1250.17450424
1241.65341326
1241.70863039
1241.04260246
1206.17964694
1163.50799611
1134.5910865
1148.33936693
1135.07263325
1130.96415094
1131.4753222
1135.64970792
1134.60162463
1127.38812127
1106.5915811
1086.37483319
1100.62135821
1108.92004351
1099.37406079
1088.02226016
1077.10197238
1077.88371916
1063.22642852
1058.2595087
1048.28441776
1042.59769476
1035.45211959
1026.59836785
998.863801365
995.583234767
1019.10356145
1041.73739894
1042.16478777
1017.34588054
1026.33122735
1036.85708413
1005.99385871
1005.34843504
1011.12338134
996.508322671
1001.76942425
1003.88349785
1014.3805583
1014.3805583
1015.36573196
1015.36573196
1013.70862355
1024.4141523
1001.45963125
1029.09319118
1013.88804908
1005.07715644
1013.57479813
969.589155497
955.4727209
955.4727209
955.4727209
942.532254793
920.091946827
920.091946827
930.528952194
930.528952194
929.89671562
929.89671562
924.389143716
939.203911927
938.990349429
912.813559888
912.813559888
912.813559888
906.196711855
888.210422025
880.859037943
879.882637055
872.744734414
872.744734414
867.633042805
867.633042805
867.633042805
867.633042805
867.633042805
867.633042805
865.56091162
865.56091162
865.56091162
865.56091162
865.56091162
866.273209543
866.273209543
879.473893111
879.473893111
879.473893111
892.04944057
854.676944502
854.676944502
854.676944502
854.676944502
849.405706783
842.495502548
834.576878701
834.576878701
834.576878701
820.464109042
820.513897208
819.987663473
820.180336996
820.180336996
820.180336996
820.180336996
820.180336996
809.001135395
808.376140491
801.363109535
797.045626717
794.033208179
794.033208179
794.033208179
790.75815273
790.75815273
784.301734531
785.195051496
785.195051496
785.195051496
785.195051496
782.506295356
782.506295356
770.195979435
770.195979435
770.195979435
770.195979435
770.195979435
770.195979435
746.781245274
746.781245274
746.781245274
746.781245274
746.781245274
737.322389811
737.322389811
737.322389811
737.322389811
737.322389811
737.322389811
718.098861532
718.015247945
718.015247945
718.015247945
715.941476119
715.941476119
709.459609182
709.459609182
709.459609182
704.942922192
704.942922192
704.942922192
704.942922192
704.942922192
704.942922192
704.942922192
704.942922192
704.159425206
704.159425206
704.159425206
704.159425206
704.159425206
704.159425206
704.159425206
704.159425206
704.159425206
691.742781158
691.742781158
691.742781158
689.762424073
689.762424073
689.762424073
689.762424073
689.762424073
689.762424073
689.762424073
689.762424073
689.762424073
689.762424073
689.762424073
689.762424073
689.762424073
689.762424073
689.762424073
689.762424073
689.143659635
682.746322681
682.746322681
682.746322681
682.746322681
682.746322681
682.746322681
682.746322681
682.746322681
682.746322681
682.746322681
682.746322681
682.746322681
682.746322681
682.746322681
682.746322681
682.746322681
682.746322681
682.746322681
682.746322681
682.746322681
682.746322681
682.746322681
676.970823178
676.970823178
676.970823178
676.970823178
676.970823178
676.970823178
676.970823178
676.970823178
676.970823178
669.835759529
669.835759529
662.546223616
662.546223616
662.546223616
662.546223616
662.546223616
662.546223616
662.546223616
662.546223616
662.546223616
662.546223616
662.546223616
662.546223616
662.546223616
662.546223616
662.546223616
662.546223616
662.546223616
662.546223616
662.546223616
662.546223616
662.546223616
662.546223616
662.546223616
662.546223616
662.546223616
662.546223616
662.546223616
660.316051085
660.316051085
660.316051085
660.316051085
660.316051085
660.316051085
660.316051085
660.316051085
660.316051085
660.316051085
660.316051085
660.316051085
657.832757759
657.832757759
657.832757759
657.832757759
657.60158167
657.60158167
657.60158167
657.081592164
657.081592164
657.081592164
657.081592164
657.081592164
657.081592164
657.081592164
657.081592164
657.081592164
657.081592164
657.081592164
657.081592164
657.081592164
657.081592164
657.081592164
657.081592164
657.081592164
654.803270396
654.803270396
654.803270396
654.803270396
654.803270396
654.803270396
654.803270396
654.803270396
652.345115437
652.345115437
652.345115437
652.345115437
652.345115437
652.345115437
642.473096499
642.473096499
642.473096499
642.473096499
642.473096499
642.473096499
642.473096499
642.473096499
642.473096499
642.473096499
642.473096499
642.473096499
642.473096499
642.473096499
642.473096499
642.473096499
642.473096499
642.473096499
642.473096499
642.473096499
642.473096499
642.473096499
642.473096499
642.473096499
642.473096499
642.473096499
642.473096499
642.473096499
642.473096499
642.473096499
642.473096499
642.473096499
642.473096499
642.473096499
642.473096499
642.473096499
635.503205974
635.503205974
635.503205974
635.503205974
635.503205974
635.503205974
627.839630008
627.839630008
625.631458105
625.631458105
625.631458105
625.631458105
625.631458105
625.631458105
625.631458105
625.631458105
625.631458105
625.631458105
625.631458105
625.631458105
625.631458105
625.631458105
625.631458105
625.631458105
625.631458105
625.631458105
625.631458105
625.631458105
620.033550321
620.033550321
620.033550321
620.033550321
620.033550321
620.033550321
620.033550321
620.033550321
620.033550321
620.033550321
620.033550321
620.033550321
620.033550321
620.033550321
620.033550321
620.033550321
620.033550321
620.033550321
620.033550321
620.033550321
620.033550321
620.033550321
620.033550321
620.033550321
620.033550321
620.033550321
620.033550321
620.033550321
620.033550321
620.033550321
620.033550321
620.033550321
620.033550321
620.033550321
620.033550321
620.033550321
620.033550321
620.033550321
620.033550321
620.033550321
620.033550321
620.033550321
620.033550321
620.033550321
620.033550321
620.033550321
620.033550321
620.033550321
620.033550321
620.033550321
620.033550321
620.033550321
620.033550321
620.033550321
620.033550321
620.033550321
620.033550321
620.033550321
620.033550321
620.033550321
620.033550321
620.033550321
620.033550321
620.033550321
620.033550321
620.033550321
620.033550321
620.033550321
620.033550321
620.033550321
620.033550321
620.033550321
620.033550321
620.033550321
620.033550321
620.033550321
620.033550321
620.033550321
620.033550321
620.033550321
616.468251382
616.468251382
613.16847807
613.16847807
613.16847807
613.16847807
613.16847807
613.16847807
613.16847807
613.16847807
613.16847807
613.16847807
613.16847807
613.16847807
613.16847807
613.16847807
613.16847807
613.16847807
613.16847807
613.16847807
613.16847807
613.16847807
613.16847807
613.16847807
613.16847807
613.16847807
613.16847807
613.16847807
613.16847807
613.16847807
613.16847807
613.16847807
613.16847807
613.16847807
613.16847807
613.16847807
613.16847807
613.16847807
613.16847807
613.16847807
613.16847807
613.16847807
613.16847807
613.16847807
613.16847807
613.16847807
606.576914932
606.576914932
606.576914932
606.576914932
606.576914932
606.576914932
606.576914932
606.576914932
606.576914932
606.576914932
606.576914932
606.576914932
606.576914932
606.576914932
606.576914932
606.576914932
606.576914932
606.399950946
606.399950946
606.399950946
606.399950946
606.399950946
606.399950946
605.632380632
605.632380632
605.632380632
605.632380632
605.632380632
600.050367068
600.050367068
600.050367068
595.743547793
595.743547793
595.743547793
595.743547793
595.743547793
595.743547793
595.743547793
595.743547793
595.743547793
595.743547793
595.743547793
595.743547793
595.743547793
595.743547793
595.743547793
595.743547793
595.743547793
595.743547793
595.376416596
595.376416596
595.376416596
595.376416596
595.376416596
595.376416596
595.376416596
595.376416596
595.376416596
595.376416596
595.376416596
595.376416596
594.702253473
594.702253473
594.702253473
594.702253473
594.702253473
594.702253473
594.702253473
594.702253473
594.702253473
594.702253473
594.702253473
594.702253473
594.702253473
594.034033636
594.034033636
594.034033636
594.034033636
594.034033636
594.034033636
594.034033636
594.034033636
594.034033636
594.034033636
594.034033636
592.173537853
592.173537853
592.173537853
592.173537853
592.173537853
592.173537853
592.173537853
592.173537853
592.173537853
592.173537853
592.173537853
592.173537853
583.885515233
583.885515233
583.885515233
583.885515233
583.885515233
583.885515233
583.885515233
583.885515233
583.885515233
583.885515233
583.885515233
583.885515233
583.885515233
583.885515233
583.885515233
583.885515233
583.885515233
583.885515233
583.885515233
583.885515233
583.885515233
583.885515233
583.885515233
583.885515233
583.885515233
583.885515233
583.885515233
583.885515233
583.885515233
583.885515233
583.885515233
583.885515233
583.885515233
583.885515233
583.885515233
583.885515233
582.280809364
582.280809364
582.280809364
582.280809364
582.280809364
582.280809364
582.280809364
582.280809364
582.280809364
582.280809364
582.280809364
582.280809364
582.280809364
582.280809364
582.280809364
582.280809364
582.280809364
582.280809364
582.280809364
582.280809364
582.280809364
582.280809364
582.280809364
582.280809364
582.280809364
582.280809364
582.280809364
582.280809364
582.280809364
582.280809364
582.280809364
582.280809364
582.280809364
582.280809364
582.280809364
582.280809364
582.280809364
582.280809364
582.280809364
582.280809364
582.280809364
582.280809364
582.280809364
582.280809364
582.280809364
582.280809364
582.280809364
582.280809364
582.280809364
582.280809364
582.280809364
582.280809364
582.280809364
582.280809364
582.280809364
582.280809364
582.280809364
582.280809364
582.280809364
582.280809364
582.280809364
582.280809364
582.280809364
582.280809364
582.280809364
582.280809364
582.280809364
582.280809364
582.280809364
582.280809364
582.280809364
582.280809364
582.280809364
582.280809364
582.280809364
582.280809364
582.280809364
582.280809364
582.280809364
582.280809364
582.280809364
582.280809364
582.280809364
582.280809364
582.280809364
582.280809364
582.280809364
582.280809364
582.280809364
582.280809364
582.280809364
582.280809364
582.280809364
582.280809364
582.280809364
582.280809364
582.280809364
582.280809364
582.280809364
582.280809364
582.280809364
582.280809364
582.280809364
582.280809364
582.280809364
582.280809364
582.280809364
582.280809364
582.280809364
582.280809364
582.280809364
582.280809364
582.280809364
582.280809364
582.280809364
582.280809364
582.280809364
582.280809364
582.280809364
582.280809364
582.280809364
582.280809364
582.280809364
582.280809364
582.280809364
582.280809364
582.280809364
582.280809364
582.280809364
582.280809364
582.280809364
582.280809364
582.280809364
582.280809364
582.280809364
582.280809364
582.280809364
582.280809364
582.280809364
582.280809364
582.280809364
582.280809364
582.280809364
582.280809364
582.280809364
582.280809364
582.280809364
582.280809364
582.280809364
582.280809364
582.280809364
582.280809364
582.280809364
582.280809364
582.280809364
582.280809364
582.280809364
582.280809364
582.280809364
582.280809364
582.280809364
582.280809364
582.280809364
582.280809364
582.280809364
582.280809364
582.280809364
582.280809364
582.280809364
582.280809364
582.280809364
582.280809364
582.280809364
582.280809364
582.280809364
582.280809364
582.280809364
582.280809364
582.280809364
577.55179437
577.55179437
577.55179437
577.55179437
577.55179437
577.55179437
577.55179437
577.55179437
577.55179437
577.55179437
577.55179437
577.55179437
577.55179437
577.55179437
577.55179437
577.55179437
577.55179437
577.55179437
577.55179437
577.55179437
577.55179437
577.55179437
577.55179437
577.55179437
577.55179437
577.55179437
577.55179437
577.55179437
577.55179437
577.55179437
577.55179437
577.55179437
577.55179437
577.55179437
577.55179437
577.55179437
577.55179437
577.55179437
577.55179437
577.55179437
577.55179437
577.55179437
577.55179437
577.55179437
577.55179437
577.55179437
577.55179437
577.55179437
577.55179437
577.55179437
577.55179437
577.55179437
577.55179437
577.55179437
577.55179437
577.55179437
577.55179437
577.55179437
577.55179437
577.55179437
577.55179437
577.55179437
577.55179437
577.55179437
577.55179437
577.55179437
577.55179437
577.55179437
577.55179437
577.55179437
577.55179437
577.55179437
577.55179437
577.55179437
573.258758834
573.258758834
573.258758834
573.258758834
573.258758834
573.258758834
573.258758834
573.258758834
573.258758834
573.258758834
573.258758834
573.258758834
573.258758834
573.258758834
573.258758834
573.258758834
573.258758834
573.258758834
573.258758834
573.258758834
573.258758834
573.258758834
573.258758834
573.258758834
573.258758834
573.258758834
573.258758834
573.258758834
573.258758834
573.258758834
573.258758834
573.258758834
573.258758834
573.258758834
573.258758834
573.258758834
573.258758834
573.258758834
573.258758834
573.258758834
573.258758834
573.258758834
573.258758834
573.258758834
573.258758834
573.258758834
573.258758834
573.258758834
573.258758834
573.258758834
573.258758834
573.258758834
573.258758834
573.258758834
573.258758834
573.258758834
572.393386051
572.393386051
572.393386051
572.393386051
572.393386051
572.393386051
572.393386051
572.393386051
572.393386051
572.393386051
569.52180286
569.52180286
569.52180286
569.52180286
569.52180286
569.52180286
569.52180286
569.52180286
569.52180286
569.52180286
569.52180286
569.52180286
569.52180286
569.52180286
569.52180286
569.52180286
569.52180286
569.52180286
569.52180286
569.52180286
569.52180286
569.52180286
569.52180286
569.52180286
569.52180286
569.52180286
569.52180286
569.52180286
569.52180286
569.52180286
569.52180286
569.52180286
569.52180286
569.52180286
569.52180286
569.52180286
569.52180286
569.52180286
569.52180286
565.708085882
565.708085882
565.708085882
565.708085882
565.708085882
565.708085882
565.708085882
565.708085882
565.708085882
565.708085882
565.708085882
565.708085882
565.708085882
565.708085882
565.708085882
565.708085882
565.708085882
565.708085882
565.708085882
565.708085882
565.708085882
565.708085882
565.708085882
565.708085882
565.708085882
565.708085882
565.708085882
565.708085882
565.708085882
565.708085882
565.708085882
565.708085882
565.708085882
565.708085882
565.708085882
565.708085882
565.708085882
565.708085882
565.708085882
565.708085882
565.708085882
565.708085882
565.708085882
565.708085882
565.708085882
565.708085882
565.708085882
565.708085882
565.708085882
565.708085882
565.708085882
565.708085882
565.708085882
565.708085882
565.708085882
565.708085882
565.708085882
565.708085882
565.708085882
565.708085882
565.708085882
565.708085882
565.708085882
565.708085882
565.708085882
565.708085882
565.708085882
565.708085882
565.708085882
565.708085882
565.708085882
565.708085882
565.708085882
565.708085882
565.708085882
565.708085882
565.708085882
565.708085882
565.708085882
565.708085882
565.708085882
565.708085882
565.708085882
565.708085882
565.708085882
565.708085882
565.708085882
565.708085882
565.708085882
565.708085882
565.708085882
565.708085882
565.708085882
565.708085882
565.708085882
565.708085882
565.708085882
565.708085882
565.708085882
565.708085882
565.708085882
565.708085882
565.708085882
565.708085882
565.708085882
565.708085882
565.708085882
565.708085882
565.708085882
565.708085882
565.708085882
565.708085882
565.708085882
565.708085882
565.708085882
565.708085882
565.708085882
565.708085882
565.708085882
565.708085882
565.708085882
565.708085882
565.708085882
565.708085882
565.708085882
565.708085882
565.708085882
565.708085882
565.708085882
565.708085882
565.708085882
565.708085882
565.708085882
565.708085882
565.708085882
565.708085882
565.708085882
565.708085882
565.708085882
565.708085882
565.708085882
565.708085882
565.708085882
565.708085882
565.708085882
565.708085882
565.708085882
565.708085882
565.708085882
565.708085882
565.708085882
565.708085882
565.708085882
565.708085882
565.708085882
565.708085882
565.708085882
565.708085882
565.708085882
565.708085882
565.708085882
565.708085882
565.708085882
565.708085882
565.708085882
565.708085882
565.708085882
565.708085882
565.708085882
565.708085882
565.708085882
565.708085882
565.708085882
565.708085882
565.708085882
565.708085882
565.708085882
565.708085882
565.708085882
565.708085882
565.708085882
565.708085882
565.708085882
565.708085882
565.708085882
565.708085882
565.708085882
565.708085882
565.708085882
565.708085882
565.708085882
565.708085882
565.708085882
565.708085882
565.708085882
565.708085882
565.708085882
565.708085882
565.708085882
565.708085882
565.708085882
565.708085882
565.708085882
565.708085882
565.708085882
565.708085882
565.708085882
565.708085882
565.708085882
565.708085882
565.708085882
565.708085882
565.708085882
565.708085882
565.708085882
565.708085882
565.708085882
565.708085882
565.708085882
565.708085882
565.708085882
565.708085882
565.708085882
565.708085882
565.708085882
565.708085882
565.708085882
565.708085882
565.708085882
565.708085882
565.708085882
565.708085882
565.708085882
565.708085882
565.708085882
565.708085882
565.708085882
565.708085882
565.708085882
565.708085882
565.708085882
565.708085882
565.708085882
565.708085882
565.708085882
565.708085882
565.708085882
565.708085882
565.708085882
565.708085882
565.708085882
565.708085882
565.708085882
565.708085882
565.708085882
565.708085882
565.708085882
565.708085882
565.708085882
565.708085882
565.708085882
565.708085882
565.708085882
565.708085882
565.708085882
565.708085882
565.708085882
565.708085882
565.708085882
565.708085882
565.708085882
565.708085882
565.708085882
565.708085882
565.708085882
565.708085882
565.708085882
565.708085882
565.708085882
565.708085882
565.708085882
565.708085882
565.708085882
565.708085882
565.708085882
565.708085882
565.708085882
565.708085882
565.708085882
565.708085882
565.708085882
565.708085882
565.708085882
565.708085882
565.708085882
565.708085882
565.708085882
565.708085882
565.708085882
565.708085882
565.708085882
565.708085882
565.708085882
565.708085882
565.708085882
565.708085882
565.708085882
565.708085882
565.708085882
565.708085882
565.708085882
565.708085882
565.708085882
565.708085882
565.708085882
565.708085882
565.708085882
565.708085882
565.708085882
565.708085882
565.708085882
565.708085882
565.708085882
565.708085882
565.708085882
565.708085882
565.708085882
565.708085882
565.708085882
565.708085882
565.708085882
565.708085882
565.708085882
565.708085882
565.708085882
565.708085882
565.708085882
565.708085882
565.708085882
565.708085882
565.708085882
565.708085882
565.708085882
565.708085882
565.708085882
565.708085882
565.708085882
565.708085882
565.708085882
565.708085882
565.708085882
565.708085882
565.708085882
565.708085882
565.708085882
565.708085882
565.708085882
565.708085882
565.708085882
565.708085882
565.708085882
565.708085882
565.708085882
565.708085882
565.708085882
565.708085882
565.708085882
565.708085882
565.708085882
565.708085882
565.708085882
565.708085882
565.708085882
565.708085882
565.708085882
565.708085882
565.708085882
565.708085882
565.708085882
565.708085882
565.708085882
565.708085882
565.708085882
565.708085882
565.708085882
565.708085882
565.708085882
565.708085882
565.708085882
565.708085882
565.708085882
565.708085882
565.708085882
565.708085882
565.708085882
565.708085882
565.708085882
565.708085882
565.708085882
565.708085882
565.708085882
565.708085882
565.708085882
565.708085882
565.708085882
565.708085882
565.708085882
565.708085882
565.708085882
565.708085882
565.708085882
565.708085882
565.708085882
565.708085882
565.708085882
565.708085882
565.708085882
565.708085882
565.708085882
565.708085882
565.708085882
565.708085882
565.708085882
565.708085882
565.708085882
565.708085882
565.708085882
565.708085882
565.708085882
565.708085882
565.708085882
565.708085882
565.708085882
565.708085882
565.708085882
565.708085882
565.708085882
565.708085882
565.708085882
565.708085882
565.708085882
565.708085882
565.708085882
565.708085882
565.708085882
565.708085882
565.708085882
565.708085882
565.708085882
565.708085882
565.708085882
565.708085882
565.708085882
565.708085882
565.708085882
565.708085882
565.708085882
565.708085882
565.708085882
565.708085882
565.708085882
565.708085882
565.708085882
565.708085882
565.708085882
565.708085882
565.708085882
565.708085882
565.708085882
565.708085882
565.708085882
565.708085882
565.708085882
565.708085882
565.708085882
565.708085882
565.708085882
565.708085882
565.708085882
565.708085882
565.708085882
565.708085882
565.708085882
565.708085882
565.708085882
565.708085882
565.708085882
565.708085882
565.708085882
565.708085882
565.708085882
565.708085882
565.708085882
565.708085882
565.708085882
565.708085882
565.708085882
565.708085882
565.708085882
565.708085882
565.708085882
565.708085882
565.708085882
565.708085882
565.708085882
565.708085882
565.708085882
565.708085882
565.708085882
565.708085882
565.708085882
565.708085882
565.708085882
565.708085882
565.708085882
565.708085882
565.708085882
565.708085882
565.708085882
565.708085882
565.708085882
565.708085882
565.708085882
565.708085882
565.708085882
565.708085882
565.708085882
565.708085882
565.708085882
565.708085882
565.708085882
565.708085882
565.708085882
565.708085882
565.708085882
565.708085882
565.708085882
565.708085882
565.708085882
565.708085882
565.708085882
565.708085882
565.708085882
565.708085882
565.708085882
565.708085882
565.708085882
565.708085882
565.708085882
565.708085882
565.708085882
565.708085882
565.708085882
565.708085882
565.708085882
565.708085882
565.708085882
565.708085882
565.708085882
565.708085882
565.708085882
565.708085882
565.708085882
565.708085882
565.708085882
565.708085882
565.708085882
565.708085882
565.708085882
565.708085882
565.708085882
565.708085882
565.708085882
565.708085882
565.708085882
565.708085882
565.708085882
565.708085882
565.708085882
565.708085882
565.708085882
565.708085882
565.708085882
565.708085882
565.708085882
565.708085882
565.708085882
565.708085882
565.708085882
565.708085882
565.708085882
565.708085882
565.708085882
565.708085882
565.708085882
565.708085882
565.708085882
565.708085882
565.708085882
565.708085882
565.708085882
565.708085882
565.708085882
565.708085882
565.708085882
565.708085882
565.708085882
565.708085882
565.708085882
565.708085882
565.708085882
565.708085882
565.708085882
565.708085882
565.708085882
565.708085882
565.708085882
565.708085882
565.708085882
565.708085882
565.708085882
565.708085882
565.708085882
565.708085882
565.708085882
565.708085882
565.708085882
565.708085882
565.708085882
565.708085882
565.708085882
565.708085882
565.708085882
565.708085882
565.708085882
565.708085882
565.708085882
565.708085882
565.708085882
565.708085882
565.708085882
565.708085882
565.708085882
565.708085882
565.708085882
565.708085882
565.708085882
565.708085882
565.708085882
565.708085882
565.708085882
565.708085882
565.708085882
565.708085882
565.708085882
565.708085882
565.708085882
565.708085882
565.708085882
565.708085882
565.708085882
565.708085882
565.708085882
565.708085882
565.708085882
565.708085882
565.708085882
565.708085882
565.708085882
565.708085882
565.708085882
565.708085882
565.708085882
565.708085882
565.708085882
565.708085882
565.708085882
565.708085882
565.708085882
565.708085882
565.708085882
565.708085882
565.708085882
565.708085882
565.708085882
565.708085882
565.708085882
565.708085882
565.708085882
565.708085882
565.708085882
565.708085882
565.708085882
565.708085882
565.708085882
565.708085882
565.708085882
565.708085882
565.708085882
565.708085882
565.708085882
565.708085882
565.708085882
565.708085882
565.708085882
565.708085882
565.708085882
565.708085882
565.708085882
565.708085882
565.708085882
565.708085882
565.708085882
565.708085882
565.708085882
565.708085882
565.708085882
565.708085882
565.708085882
565.708085882
565.708085882
565.708085882
565.708085882
565.708085882
565.708085882
565.708085882
565.708085882
565.708085882
565.708085882
565.708085882
565.708085882
565.708085882
565.708085882
565.708085882
565.708085882
565.708085882
565.708085882
565.708085882
565.708085882
565.708085882
565.708085882
565.708085882
565.708085882
565.708085882
565.708085882
565.708085882
565.708085882
565.708085882
565.708085882
565.708085882
565.708085882
565.708085882
565.708085882
565.708085882
565.708085882
565.708085882
565.708085882
565.708085882
565.708085882
565.708085882
565.708085882
565.708085882
565.708085882
565.708085882
565.708085882
565.708085882
565.708085882
565.708085882
565.708085882
565.708085882
565.708085882
565.708085882
565.708085882
565.708085882
565.708085882
565.708085882
565.708085882
565.708085882
565.708085882
565.708085882
565.708085882
565.708085882
565.708085882
565.708085882
565.708085882
565.708085882
565.708085882
565.708085882
565.708085882
565.708085882
565.708085882
565.708085882
565.708085882
565.708085882
565.708085882
565.708085882
565.708085882
565.708085882
565.708085882
565.708085882
565.708085882
565.708085882
565.708085882
565.708085882
565.708085882
565.708085882
565.708085882
565.708085882
565.708085882
565.708085882
565.708085882
565.708085882
565.708085882
565.708085882
565.708085882
565.708085882
565.708085882
565.708085882
565.708085882
565.708085882
565.708085882
565.708085882
565.708085882
565.708085882
565.708085882
565.708085882
565.708085882
565.708085882
565.708085882
565.708085882
565.708085882
565.708085882
565.708085882
565.708085882
565.708085882
565.708085882
565.708085882
565.708085882
565.708085882
565.708085882
565.708085882
565.708085882
565.708085882
565.708085882
565.708085882
565.708085882
565.708085882
565.708085882
565.708085882
565.708085882
565.708085882
565.708085882
565.708085882
565.708085882
565.708085882
565.708085882
565.708085882
565.708085882
565.708085882
565.708085882
565.708085882
565.708085882
565.708085882
565.708085882
565.708085882
565.708085882
565.708085882
565.708085882
565.708085882
565.708085882
565.708085882
565.708085882
565.708085882
565.708085882
565.708085882
565.708085882
565.708085882
565.708085882
565.708085882
565.708085882
565.708085882
565.708085882
565.708085882
565.708085882
565.708085882
565.708085882
565.708085882
565.708085882
565.708085882
565.708085882
565.708085882
565.708085882
565.708085882
565.708085882
565.708085882
565.708085882
565.708085882
565.708085882
565.708085882
565.708085882
565.708085882
565.708085882
565.708085882
565.708085882
565.708085882
565.708085882
565.708085882
565.708085882
565.708085882
565.708085882
565.708085882
565.708085882
565.708085882
565.708085882
565.708085882
565.708085882
565.708085882
565.708085882
565.708085882
565.708085882
565.708085882
565.708085882
565.708085882
565.708085882
565.708085882
565.708085882
565.708085882
565.708085882
565.708085882
565.708085882
565.708085882
565.708085882
565.708085882
565.708085882
565.708085882
565.708085882
565.708085882
565.708085882
565.708085882
565.708085882
565.708085882
565.708085882
565.708085882
565.708085882
565.708085882
565.708085882
565.708085882
565.708085882
565.708085882
565.708085882
565.708085882
565.708085882
565.708085882
565.708085882
565.708085882
565.708085882
565.708085882
565.708085882
565.708085882
565.708085882
565.708085882
565.708085882
565.708085882
565.708085882
565.708085882
565.708085882
565.708085882
565.708085882
565.708085882
565.708085882
565.708085882
565.708085882
565.708085882
565.708085882
565.708085882
565.708085882
565.708085882
565.708085882
565.708085882
565.708085882
565.708085882
565.708085882
565.708085882
565.708085882
565.708085882
565.708085882
565.708085882
565.708085882
565.708085882
565.708085882
565.708085882
565.708085882
565.708085882
565.708085882
565.708085882
565.708085882
565.708085882
565.708085882
565.708085882
565.708085882
565.708085882
565.708085882
565.708085882
565.708085882
565.708085882
565.708085882
565.708085882
565.708085882
565.708085882
565.708085882
565.708085882
565.708085882
565.708085882
565.708085882
565.708085882
565.708085882
565.708085882
565.708085882
565.708085882
565.708085882
565.708085882
565.708085882
565.708085882
565.708085882
565.708085882
565.708085882
565.708085882
565.708085882
565.708085882
565.708085882
565.708085882
565.708085882
565.708085882
565.708085882
565.708085882
565.708085882
565.708085882
565.708085882
565.708085882
565.708085882
565.708085882
565.708085882
565.708085882
565.708085882
565.708085882
565.708085882
565.708085882
565.708085882
565.708085882
565.708085882
565.708085882
565.708085882
565.708085882
565.708085882
565.708085882
565.708085882
565.708085882
565.708085882
565.708085882
565.708085882
565.708085882
565.708085882
565.708085882
565.708085882
565.708085882
565.708085882
565.708085882
565.708085882
565.708085882
565.708085882
565.708085882
565.708085882
565.708085882
565.708085882
565.708085882
565.708085882
565.708085882
565.708085882
565.708085882
565.708085882
565.708085882
565.708085882
565.708085882
565.708085882
565.708085882
565.708085882
565.708085882
565.708085882
565.708085882
565.708085882
565.708085882
565.708085882
565.708085882
565.708085882
565.708085882
565.708085882
565.708085882
565.708085882
565.708085882
565.708085882
565.708085882
565.708085882
565.708085882
565.708085882
565.708085882
565.708085882
565.708085882
565.708085882
565.708085882
565.708085882
565.708085882
565.708085882
565.708085882
565.708085882
565.708085882
565.708085882
565.708085882
565.708085882
565.708085882
565.708085882
565.708085882
565.708085882
565.708085882
565.708085882
565.708085882
565.708085882
565.708085882
565.708085882
565.708085882
565.708085882
565.708085882
565.708085882
565.708085882
565.708085882
565.708085882
565.708085882
565.708085882
565.708085882
565.708085882
565.708085882
565.708085882
565.708085882
565.708085882
565.708085882
565.708085882
565.708085882
565.708085882
565.708085882
565.708085882
565.708085882
565.708085882
565.708085882
565.708085882
565.708085882
565.708085882
565.708085882
565.708085882
565.708085882
565.708085882
565.708085882
565.708085882
565.708085882
565.708085882
565.708085882
565.708085882
565.708085882
565.708085882
565.708085882
565.708085882
565.708085882
565.708085882
565.708085882
565.708085882
565.708085882
565.708085882
565.708085882
565.708085882
565.708085882
565.708085882
565.708085882
565.708085882
565.708085882
565.708085882
565.708085882
565.708085882
565.708085882
565.708085882
565.708085882
565.708085882
565.708085882
565.708085882
565.708085882
565.708085882
565.708085882
565.708085882
565.708085882
565.708085882
565.708085882
565.708085882
565.708085882
565.708085882
565.708085882
565.708085882
565.708085882
565.708085882
565.708085882
565.708085882
565.708085882
565.708085882
565.708085882
565.708085882
565.708085882
565.708085882
565.708085882
565.708085882
565.708085882
565.708085882
565.708085882
565.708085882
565.708085882
565.708085882
565.708085882
565.708085882
565.708085882
565.708085882
565.708085882
565.708085882
565.708085882
565.708085882
565.708085882
565.708085882
565.708085882
565.708085882
565.708085882
565.708085882
565.708085882
565.708085882
565.708085882
565.708085882
565.708085882
565.708085882
565.708085882
565.708085882
565.708085882
565.708085882
565.708085882
565.708085882
565.708085882
565.708085882
565.708085882
565.708085882
565.708085882
565.708085882
565.708085882
565.708085882
565.708085882
565.708085882
565.708085882
565.708085882
565.708085882
565.708085882
565.708085882
565.708085882
565.708085882
565.708085882
565.708085882
565.708085882
565.708085882
565.708085882
565.708085882
565.708085882
565.708085882
565.708085882
565.708085882
565.708085882
565.708085882
565.708085882
565.708085882
565.708085882
565.708085882
565.708085882
565.708085882
565.708085882
565.708085882
565.708085882
565.708085882
565.708085882
565.708085882
565.708085882
565.708085882
565.708085882
565.708085882
565.708085882
565.708085882
565.708085882
565.708085882
565.708085882
565.708085882
565.708085882
565.708085882
565.708085882
565.708085882
565.708085882
565.708085882
565.708085882
565.708085882
565.708085882
565.708085882
565.708085882
565.708085882
565.708085882
565.708085882
565.708085882
565.708085882
565.708085882
565.708085882
565.708085882
565.708085882
565.708085882
565.708085882
565.708085882
565.708085882
565.708085882
565.708085882
565.708085882
565.708085882
565.708085882
565.708085882
565.708085882
565.708085882
565.708085882
565.708085882
565.708085882
565.708085882
565.708085882
565.708085882
565.708085882
565.708085882
565.708085882
565.708085882
565.708085882
565.708085882
565.708085882
565.708085882
565.708085882
565.708085882
565.708085882
565.708085882
565.708085882
565.708085882
565.708085882
565.708085882
565.708085882
565.708085882
565.708085882
565.708085882
565.708085882
565.708085882
565.708085882
565.708085882
565.708085882
565.708085882
565.708085882
565.708085882
565.708085882
565.708085882
565.708085882
565.708085882
565.708085882
565.708085882
565.708085882
565.708085882
565.708085882
565.708085882
565.708085882
565.708085882
565.708085882
565.708085882
565.708085882
565.708085882
565.708085882
565.708085882
565.708085882
565.708085882
565.708085882
565.708085882
565.708085882
565.708085882
565.708085882
565.708085882
565.708085882
565.708085882
565.708085882
565.708085882
565.708085882
565.708085882
565.708085882
565.708085882
565.708085882
565.708085882
565.708085882
565.708085882
565.708085882
565.708085882
565.708085882
565.708085882
565.708085882
565.708085882
565.708085882
565.708085882
565.708085882
565.708085882
565.708085882
565.708085882
565.708085882
565.708085882
565.708085882
565.708085882
565.708085882
565.708085882
565.708085882
565.708085882
565.708085882
565.708085882
565.708085882
565.708085882
565.708085882
565.708085882
565.708085882
565.708085882
565.708085882
565.708085882
565.708085882
565.708085882
565.708085882
565.708085882
565.708085882
565.708085882
565.708085882
565.708085882
565.708085882
565.708085882
565.708085882
565.708085882
565.708085882
565.708085882
565.708085882
565.708085882
565.708085882
565.708085882
565.708085882
565.708085882
565.708085882
565.708085882
565.708085882
565.708085882
565.708085882
565.708085882
565.708085882
565.708085882
565.708085882
565.708085882
565.708085882
565.708085882
565.708085882
565.708085882
565.708085882
565.708085882
565.708085882
565.708085882
565.708085882
565.708085882
565.708085882
565.708085882
565.708085882
565.708085882
565.708085882
565.708085882
565.708085882
565.708085882
565.708085882
565.708085882
565.708085882
565.708085882
565.708085882
565.708085882
565.708085882
565.708085882
565.708085882
565.708085882
565.708085882
565.708085882
565.708085882
565.708085882
565.708085882
565.708085882
565.708085882
565.708085882
565.708085882
565.708085882
565.708085882
565.708085882
565.708085882
565.708085882
565.708085882
565.708085882
565.708085882
565.708085882
565.708085882
565.708085882
565.708085882
565.708085882
565.708085882
565.708085882
565.708085882
565.708085882
565.708085882
565.708085882
565.708085882
565.708085882
565.708085882
565.708085882
565.708085882
565.708085882
565.708085882
565.708085882
565.708085882
565.708085882
565.708085882
565.708085882
565.708085882
565.708085882
565.708085882
565.708085882
565.708085882
565.708085882
565.708085882
565.708085882
565.708085882
565.708085882
565.708085882
565.708085882
565.708085882
565.708085882
565.708085882
565.708085882
565.708085882
565.708085882
565.708085882
565.708085882
565.708085882
565.708085882
565.708085882
565.708085882
565.708085882
565.708085882
565.708085882
565.708085882
565.708085882
565.708085882
565.708085882
565.708085882
565.708085882
565.708085882
565.708085882
565.708085882
565.708085882
565.708085882
565.708085882
565.708085882
565.708085882
565.708085882
565.708085882
565.708085882
565.708085882
565.708085882
565.708085882
565.708085882
565.708085882
565.708085882
565.708085882
565.708085882
565.708085882
565.708085882
565.708085882
565.708085882
565.708085882
565.708085882
565.708085882
565.708085882
565.708085882
565.708085882
565.708085882
565.708085882
565.708085882
565.708085882
565.708085882
565.708085882
565.708085882
565.708085882
565.708085882
565.708085882
565.708085882
565.708085882
565.708085882
565.708085882
565.708085882
565.708085882
565.708085882
565.708085882
565.708085882
565.708085882
565.708085882
565.708085882
565.708085882
565.708085882
565.708085882
565.708085882
565.708085882
565.708085882
565.708085882
565.708085882
565.708085882
565.708085882
565.708085882
565.708085882
565.708085882
565.708085882
565.708085882
565.708085882
565.708085882
565.708085882
565.708085882
565.708085882
565.708085882
565.708085882
565.708085882
565.708085882
565.708085882
565.708085882
565.708085882
565.708085882
565.708085882
565.708085882
565.708085882
565.708085882
565.708085882
565.708085882
565.708085882
565.708085882
565.708085882
565.708085882
565.708085882
565.708085882
565.708085882
565.708085882
565.708085882
565.708085882
565.708085882
565.708085882
565.708085882
565.708085882
565.708085882
565.708085882
565.708085882
565.708085882
565.708085882
565.708085882
565.708085882
565.708085882
565.708085882
565.708085882
565.708085882
565.708085882
565.708085882
565.708085882
565.708085882
565.708085882
565.708085882
565.708085882
565.708085882
565.708085882
565.708085882
565.708085882
565.708085882
565.708085882
565.708085882
565.708085882
565.708085882
565.708085882
565.708085882
565.708085882
565.708085882
565.708085882
565.708085882
565.708085882
565.708085882
565.708085882
565.708085882
565.708085882
565.708085882
565.708085882
565.708085882
565.708085882
565.708085882
565.708085882
565.708085882
565.708085882
565.708085882
565.708085882
565.708085882
565.708085882
565.708085882
565.708085882
565.708085882
565.708085882
565.708085882
565.708085882
565.708085882
565.708085882
565.708085882
565.708085882
565.708085882
565.708085882
565.708085882
565.708085882
565.708085882
565.708085882
565.708085882
565.708085882
565.708085882
565.708085882
565.708085882
565.708085882
565.708085882
565.708085882
565.708085882
565.708085882
565.708085882
565.708085882
565.708085882
565.708085882
565.708085882
565.708085882
565.708085882
565.708085882
565.708085882
565.708085882
565.708085882
565.708085882
565.708085882
565.708085882
565.708085882
565.708085882
565.708085882
565.708085882
565.708085882
565.708085882
565.708085882
565.708085882
565.708085882
565.708085882
565.708085882
565.708085882
565.708085882
565.708085882
565.708085882
565.708085882
565.708085882
565.708085882
565.708085882
565.708085882
565.708085882
565.708085882
565.708085882
565.708085882
565.708085882
565.708085882
565.708085882
565.708085882
565.708085882
565.708085882
565.708085882
565.708085882
565.708085882
565.708085882
565.708085882
565.708085882
565.708085882
565.708085882
565.708085882
565.708085882
565.708085882
565.708085882
565.708085882
565.708085882
565.708085882
565.708085882
565.708085882
565.708085882
565.708085882
565.708085882
565.708085882
565.708085882
565.708085882
565.708085882
565.708085882
565.708085882
565.708085882
565.708085882
565.708085882
565.708085882
565.708085882
565.708085882
565.708085882
565.708085882
565.708085882
565.708085882
565.708085882
565.708085882
565.708085882
565.708085882
565.708085882
565.708085882
565.708085882
565.708085882
565.708085882
565.708085882
565.708085882
565.708085882
565.708085882
565.708085882
565.708085882
565.708085882
565.708085882
565.708085882
565.708085882
565.708085882
565.708085882
565.708085882
565.708085882
565.708085882
565.708085882
565.708085882
565.708085882
565.708085882
565.708085882
565.708085882
565.708085882
565.708085882
565.708085882
565.708085882
565.708085882
565.708085882
565.708085882
565.708085882
565.708085882
565.708085882
565.708085882
565.708085882
565.708085882
565.708085882
565.708085882
565.708085882
565.708085882
565.708085882
565.708085882
565.708085882
565.708085882
565.708085882
565.708085882
565.708085882
565.708085882
565.708085882
565.708085882
565.708085882
565.708085882
565.708085882
565.708085882
565.708085882
565.708085882
565.708085882
565.708085882
565.708085882
565.708085882
565.708085882
565.708085882
565.708085882
565.708085882
565.708085882
565.708085882
565.708085882
565.708085882
565.708085882
565.708085882
565.708085882
565.708085882
565.708085882
565.708085882
565.708085882
565.708085882
565.708085882
565.708085882
565.708085882
565.708085882
565.708085882
565.708085882
565.708085882
565.708085882
565.708085882
565.708085882
565.708085882
565.708085882
565.708085882
565.708085882
565.708085882
565.708085882
565.708085882
565.708085882
565.708085882
565.708085882
565.708085882
565.708085882
565.708085882
565.708085882
565.708085882
565.708085882
565.708085882
565.708085882
565.708085882
565.708085882
565.708085882
565.708085882
565.708085882
565.708085882
565.708085882
565.708085882
565.708085882
565.708085882
565.708085882
565.708085882
565.708085882
565.708085882
565.708085882
565.708085882
565.708085882
565.708085882
565.708085882
565.708085882
565.708085882
565.708085882
565.708085882
565.708085882
565.708085882
565.708085882
565.708085882
565.708085882
565.708085882
565.708085882
565.708085882
565.708085882
565.708085882
565.708085882
565.708085882
565.708085882
565.708085882
565.708085882
565.708085882
565.708085882
565.708085882
565.708085882
565.708085882
565.708085882
565.708085882
565.708085882
565.708085882
565.708085882
565.708085882
565.708085882
565.708085882
565.708085882
565.708085882
565.708085882
565.708085882
565.708085882
565.708085882
565.708085882
565.708085882
565.708085882
565.708085882
565.708085882
565.708085882
565.708085882
565.708085882
565.708085882
565.708085882
565.708085882
565.708085882
565.708085882
565.708085882
565.708085882
565.708085882
565.708085882
565.708085882
565.708085882
565.708085882
565.708085882
565.708085882
565.708085882
565.708085882
565.708085882
565.708085882
565.708085882
565.708085882
565.708085882
565.708085882
565.708085882
565.708085882
565.708085882
565.708085882
565.708085882
565.708085882
565.708085882
565.708085882
565.708085882
565.708085882
565.708085882
565.708085882
565.708085882
565.708085882
565.708085882
565.708085882
565.708085882
565.708085882
565.708085882
565.708085882
565.708085882
565.708085882
565.708085882
565.708085882
565.708085882
565.708085882
565.708085882
565.708085882
565.708085882
565.708085882
565.708085882
565.708085882
565.708085882
565.708085882
565.708085882
565.708085882
565.708085882
565.708085882
565.708085882
565.708085882
565.708085882
565.708085882
565.708085882
565.708085882
565.708085882
565.708085882
565.708085882
565.708085882
565.708085882
565.708085882
565.708085882
565.708085882
565.708085882
565.708085882
565.708085882
565.708085882
565.708085882
565.708085882
565.708085882
565.708085882
565.708085882
565.708085882
565.708085882
565.708085882
565.708085882
565.708085882
565.708085882
565.708085882
565.708085882
565.708085882
565.708085882
565.708085882
565.708085882
565.708085882
565.708085882
565.708085882
565.708085882
565.708085882
565.708085882
565.708085882
565.708085882
565.708085882
565.708085882
565.708085882
565.708085882
565.708085882
565.708085882
565.708085882
565.708085882
565.708085882
565.708085882
565.708085882
565.708085882
565.708085882
565.708085882
565.708085882
565.708085882
565.708085882
565.708085882
565.708085882
565.708085882
565.708085882
565.708085882
565.708085882
565.708085882
565.708085882
565.708085882
565.708085882
565.708085882
565.708085882
565.708085882
565.708085882
565.708085882
565.708085882
565.708085882
565.708085882
565.708085882
565.708085882
565.708085882
565.708085882
565.708085882
565.708085882
565.708085882
565.708085882
565.708085882
565.708085882
565.708085882
565.708085882
565.708085882
565.708085882
565.708085882
565.708085882
565.708085882
565.708085882
565.708085882
565.708085882
565.708085882
565.708085882
565.708085882
565.708085882
565.708085882
565.708085882
565.708085882
565.708085882
565.708085882
565.708085882
565.708085882
565.708085882
565.708085882
565.708085882
565.708085882
565.708085882
565.708085882
565.708085882
565.708085882
565.708085882
565.708085882
565.708085882
565.708085882
565.708085882
565.708085882
565.708085882
565.708085882
565.708085882
565.708085882
565.708085882
565.708085882
565.708085882
565.708085882
565.708085882
565.708085882
565.708085882
565.708085882
565.708085882
565.708085882
565.708085882
565.708085882
565.708085882
565.708085882
565.708085882
565.708085882
565.708085882
565.708085882
565.708085882
565.708085882
565.708085882
565.708085882
565.708085882
565.708085882
565.708085882
565.708085882
565.708085882
565.708085882
565.708085882
565.708085882
565.708085882
565.708085882
565.708085882
565.708085882
565.708085882
565.708085882
565.708085882
565.708085882
565.708085882
565.708085882
565.708085882
565.708085882
565.708085882
565.708085882
565.708085882
565.708085882
565.708085882
565.708085882
565.708085882
565.708085882
565.708085882
565.708085882
565.708085882
565.708085882
565.708085882
565.708085882
565.708085882
565.708085882
565.708085882
565.708085882
565.708085882
565.708085882
565.708085882
565.708085882
565.708085882
565.708085882
565.708085882
565.708085882
565.708085882
565.708085882
565.708085882
565.708085882
565.708085882
565.708085882
565.708085882
565.708085882
565.708085882
565.708085882
565.708085882
565.708085882
565.708085882
565.708085882
565.708085882
565.708085882
565.708085882
565.708085882
565.708085882
565.708085882
565.708085882
565.708085882
565.708085882
565.708085882
565.708085882
565.708085882
565.708085882
565.708085882
565.708085882
565.708085882
565.708085882
565.708085882
565.708085882
565.708085882
565.708085882
565.708085882
565.708085882
565.708085882
565.708085882
565.708085882
565.708085882
565.708085882
565.708085882
565.708085882
565.708085882
565.708085882
565.708085882
565.708085882
565.708085882
565.708085882
565.708085882
565.708085882
565.708085882
565.708085882
565.708085882
565.708085882
565.708085882
565.708085882
565.708085882
565.708085882
565.708085882
565.708085882
565.708085882
565.708085882
565.708085882
565.708085882
565.708085882
565.708085882
565.708085882
565.708085882
565.708085882
565.708085882
565.708085882
565.708085882
565.708085882
565.708085882
565.708085882
565.708085882
565.708085882
565.708085882
565.708085882
565.708085882
565.708085882
565.708085882
565.708085882
565.708085882
565.708085882
565.708085882
565.708085882
565.708085882
565.708085882
565.708085882
565.708085882
565.708085882
565.708085882
565.708085882
565.708085882
565.708085882
565.708085882
565.708085882
565.708085882
565.708085882
565.708085882
565.708085882
565.708085882
565.708085882
565.708085882
565.708085882
565.708085882
565.708085882
565.708085882
565.708085882
565.708085882
565.708085882
565.708085882
565.708085882
565.708085882
565.708085882
565.708085882
565.708085882
565.708085882
565.708085882
565.708085882
565.708085882
565.708085882
565.708085882
565.708085882
565.708085882
565.708085882
565.708085882
565.708085882
565.708085882
565.708085882
565.708085882
565.708085882
565.708085882
565.708085882
565.708085882
565.708085882
565.708085882
565.708085882
565.708085882
565.708085882
565.708085882
565.708085882
565.708085882
565.708085882
565.708085882
565.708085882
565.708085882
565.708085882
565.708085882
565.708085882
565.708085882
565.708085882
565.708085882
565.708085882
565.708085882
565.708085882
565.708085882
565.708085882
565.708085882
565.708085882
565.708085882
565.708085882
565.708085882
565.708085882
565.708085882
565.708085882
565.708085882
565.708085882
565.708085882
565.708085882
565.708085882
565.708085882
565.708085882
565.708085882
565.708085882
565.708085882
565.708085882
565.708085882
565.708085882
565.708085882
565.708085882
565.708085882
565.708085882
565.708085882
565.708085882
565.708085882
565.708085882
565.708085882
565.708085882
565.708085882
565.708085882
565.708085882
565.708085882
565.708085882
565.708085882
565.708085882
565.708085882
565.708085882
565.708085882
565.708085882
565.708085882
565.708085882
565.708085882
565.708085882
565.708085882
565.708085882
565.708085882
565.708085882
565.708085882
565.708085882
565.708085882
565.708085882
565.708085882
565.708085882
565.708085882
565.708085882
565.708085882
565.708085882
565.708085882
565.708085882
565.708085882
565.708085882
565.708085882
565.708085882
565.708085882
565.708085882
565.708085882
565.708085882
565.708085882
565.708085882
565.708085882
565.708085882
565.708085882
565.708085882
565.708085882
565.708085882
565.708085882
565.708085882
565.708085882
565.708085882
565.708085882
565.708085882
565.708085882
565.708085882
565.708085882
565.708085882
565.708085882
565.708085882
565.708085882
565.708085882
565.708085882
565.708085882
565.708085882
565.708085882
565.708085882
565.708085882
565.708085882
565.708085882
565.708085882
565.708085882
565.708085882
565.708085882
565.708085882
565.708085882
565.708085882
565.708085882
565.708085882
565.708085882
565.708085882
565.708085882
565.708085882
565.708085882
565.708085882
565.708085882
565.708085882
565.708085882
565.708085882
565.708085882
565.708085882
565.708085882
565.708085882
565.708085882
565.708085882
565.708085882
565.708085882
565.708085882
565.708085882
565.708085882
565.708085882
565.708085882
565.708085882
565.708085882
565.708085882
565.708085882
565.708085882
565.708085882
565.708085882
565.708085882
565.708085882
565.708085882
565.708085882
565.708085882
565.708085882
565.708085882
565.708085882
565.708085882
565.708085882
565.708085882
565.708085882
565.708085882
565.708085882
565.708085882
565.708085882
565.708085882
565.708085882
565.708085882
565.708085882
565.708085882
565.708085882
565.708085882
565.708085882
565.708085882
565.708085882
565.708085882
565.708085882
565.708085882
565.708085882
565.708085882
565.708085882
565.708085882
565.708085882
565.708085882
565.708085882
565.708085882
565.708085882
565.708085882
565.708085882
565.708085882
565.708085882
565.708085882
565.708085882
565.708085882
565.708085882
565.708085882
565.708085882
565.708085882
565.708085882
565.708085882
565.708085882
565.708085882
565.708085882
565.708085882
565.708085882
565.708085882
565.708085882
565.708085882
565.708085882
565.708085882
565.708085882
565.708085882
565.708085882
565.708085882
565.708085882
565.708085882
565.708085882
565.708085882
565.708085882
565.708085882
565.708085882
565.708085882
565.708085882
565.708085882
565.708085882
565.708085882
565.708085882
565.708085882
565.708085882
565.708085882
565.708085882
565.708085882
565.708085882
565.708085882
565.708085882
565.708085882
565.708085882
565.708085882
565.708085882
565.708085882
565.708085882
565.708085882
565.708085882
565.708085882
565.708085882
565.708085882
565.708085882
565.708085882
565.708085882
565.708085882
565.708085882
565.708085882
565.708085882
565.708085882
565.708085882
565.708085882
565.708085882
565.708085882
565.708085882
565.708085882
565.708085882
565.708085882
565.708085882
565.708085882
565.708085882
565.708085882
565.708085882
565.708085882
565.708085882
565.708085882
565.708085882
565.708085882
565.708085882
565.708085882
565.708085882
565.708085882
565.708085882
565.708085882
565.708085882
565.708085882
565.708085882
565.708085882
565.708085882
565.708085882
565.708085882
565.708085882
565.708085882
565.708085882
565.708085882
565.708085882
565.708085882
565.708085882
565.708085882
565.708085882
565.708085882
565.708085882
565.708085882
565.708085882
565.708085882
565.708085882
565.708085882
565.708085882
565.708085882
565.708085882
565.708085882
565.708085882
565.708085882
565.708085882
565.708085882
565.708085882
565.708085882
565.708085882
565.708085882
565.708085882
565.708085882
565.708085882
565.708085882
565.708085882
565.708085882
565.708085882
565.708085882
565.708085882
565.708085882
565.708085882
565.708085882
565.708085882
565.708085882
565.708085882
565.708085882
565.708085882
565.708085882
565.708085882
565.708085882
565.708085882
565.708085882
565.708085882
565.708085882
565.708085882
565.708085882
565.708085882
565.708085882
565.708085882
565.708085882
565.708085882
565.708085882
565.708085882
565.708085882
565.708085882
565.708085882
565.708085882
565.708085882
565.708085882
565.708085882
565.708085882
565.708085882
565.708085882
565.708085882
565.708085882
565.708085882
565.708085882
565.708085882
565.708085882
565.708085882
565.708085882
565.708085882
565.708085882
565.708085882
565.708085882
565.708085882
565.708085882
565.708085882
565.708085882
565.708085882
565.708085882
565.708085882
565.708085882
565.708085882
565.708085882
565.708085882
565.708085882
565.708085882
565.708085882
565.708085882
565.708085882
565.708085882
565.708085882
565.708085882
565.708085882
565.708085882
565.708085882
565.708085882
565.708085882
565.708085882
565.708085882
565.708085882
565.708085882
565.708085882
565.708085882
565.708085882
565.708085882
565.708085882
565.708085882
565.708085882
565.708085882
565.708085882
565.708085882
565.708085882
565.708085882
565.708085882
565.708085882
565.708085882
565.708085882
565.708085882
565.708085882
565.708085882
565.708085882
565.708085882
565.708085882
565.708085882
565.708085882
565.708085882
565.708085882
565.708085882
565.708085882
565.708085882
565.708085882
565.708085882
565.708085882
565.708085882
565.708085882
565.708085882
565.708085882
565.708085882
565.708085882
565.708085882
565.708085882
565.708085882
565.708085882
565.708085882
565.708085882
565.708085882
565.708085882
565.708085882
565.708085882
565.708085882
565.708085882
565.708085882
565.708085882
565.708085882
565.708085882
565.708085882
565.708085882
565.708085882
565.708085882
565.708085882
565.708085882
565.708085882
565.708085882
565.708085882
565.708085882
565.708085882
565.708085882
565.708085882
565.708085882
565.708085882
565.708085882
565.708085882
565.708085882
565.708085882
565.708085882
565.708085882
565.708085882
565.708085882
565.708085882
565.708085882
565.708085882
565.708085882
565.708085882
565.708085882
565.708085882
565.708085882
565.708085882
565.708085882
565.708085882
565.708085882
565.708085882
565.708085882
565.708085882
565.708085882
565.708085882
565.708085882
565.708085882
565.708085882
565.708085882
565.708085882
565.708085882
565.708085882
565.708085882
565.708085882
565.708085882
565.708085882
565.708085882
565.708085882
565.708085882
565.708085882
565.708085882
565.708085882
565.708085882
565.708085882
565.708085882
565.708085882
565.708085882
565.708085882
565.708085882
565.708085882
565.708085882
565.708085882
565.708085882
565.708085882
565.708085882
565.708085882
565.708085882
565.708085882
565.708085882
565.708085882
565.708085882
565.708085882
565.708085882
565.708085882
565.708085882
565.708085882
565.708085882
565.708085882
565.708085882
565.708085882
565.708085882
565.708085882
565.708085882
565.708085882
565.708085882
565.708085882
565.708085882
565.708085882
565.708085882
565.708085882
565.708085882
565.708085882
565.708085882
565.708085882
565.708085882
565.708085882
565.708085882
565.708085882
565.708085882
565.708085882
565.708085882
565.708085882
565.708085882
565.708085882
565.708085882
565.708085882
565.708085882
565.708085882
565.708085882
565.708085882
565.708085882
565.708085882
565.708085882
565.708085882
565.708085882
565.708085882
565.708085882
565.708085882
565.708085882
565.708085882
565.708085882
565.708085882
565.708085882
565.708085882
565.708085882
565.708085882
565.708085882
565.708085882
565.708085882
565.708085882
565.708085882
565.708085882
565.708085882
565.708085882
565.708085882
565.708085882
565.708085882
565.708085882
565.708085882
565.708085882
565.708085882
565.708085882
565.708085882
565.708085882
565.708085882
565.708085882
565.708085882
565.708085882
565.708085882
565.708085882
565.708085882
565.708085882
565.708085882
565.708085882
565.708085882
565.708085882
565.708085882
565.708085882
565.708085882
565.708085882
565.708085882
565.708085882
565.708085882
565.708085882
565.708085882
565.708085882
565.708085882
565.708085882
565.708085882
565.708085882
565.708085882
565.708085882
565.708085882
565.708085882
565.708085882
565.708085882
565.708085882
565.708085882
565.708085882
565.708085882
565.708085882
565.708085882
565.708085882
565.708085882
565.708085882
565.708085882
565.708085882
565.708085882
565.708085882
565.708085882
565.708085882
565.708085882
565.708085882
565.708085882
565.708085882
565.708085882
565.708085882
565.708085882
565.708085882
565.708085882
565.708085882
565.708085882
565.708085882
565.708085882
565.708085882
565.708085882
565.708085882
565.708085882
565.708085882
565.708085882
565.708085882
565.708085882
565.708085882
565.708085882
565.708085882
565.708085882
565.708085882
565.708085882
565.708085882
565.708085882
565.708085882
565.708085882
565.708085882
565.708085882
565.708085882
565.708085882
565.708085882
565.708085882
565.708085882
565.708085882
565.708085882
565.708085882
565.708085882
565.708085882
565.708085882
565.708085882
565.708085882
565.708085882
565.708085882
565.708085882
565.708085882
565.708085882
565.708085882
565.708085882
565.708085882
565.708085882
565.708085882
565.708085882
565.708085882
565.708085882
565.708085882
565.708085882
565.708085882
565.708085882
565.708085882
565.708085882
565.708085882
565.708085882
565.708085882
565.708085882
565.708085882
565.708085882
565.708085882
565.708085882
565.708085882
565.708085882
565.708085882
565.708085882
565.708085882
565.708085882
565.708085882
565.708085882
565.708085882
565.708085882
565.708085882
565.708085882
565.708085882
565.708085882
565.708085882
565.708085882
565.708085882
565.708085882
565.708085882
565.708085882
565.708085882
565.708085882
565.708085882
565.708085882
565.708085882
565.708085882
565.708085882
565.708085882
565.708085882
565.708085882
565.708085882
565.708085882
565.708085882
565.708085882
565.708085882
565.708085882
565.708085882
565.708085882
565.708085882
565.708085882
565.708085882
565.708085882
565.708085882
565.708085882
565.708085882
565.708085882
565.708085882
565.708085882
565.708085882
565.708085882
565.708085882
565.708085882
565.708085882
565.708085882
565.708085882
565.708085882
565.708085882
565.708085882
565.708085882
565.708085882
565.708085882
565.708085882
565.708085882
565.708085882
565.708085882
565.708085882
565.708085882
565.708085882
565.708085882
565.708085882
565.708085882
565.708085882
565.708085882
565.708085882
565.708085882
565.708085882
565.708085882
565.708085882
565.708085882
565.708085882
565.708085882
565.708085882
565.708085882
565.708085882
565.708085882
565.708085882
565.708085882
565.708085882
565.708085882
565.708085882
565.708085882
565.708085882
565.708085882
565.708085882
565.708085882
565.708085882
565.708085882
565.708085882
565.708085882
565.708085882
565.708085882
565.708085882
565.708085882
565.708085882
565.708085882
565.708085882
565.708085882
565.708085882
565.708085882
565.708085882
565.708085882
565.708085882
565.708085882
565.708085882
565.708085882
565.708085882
565.708085882
565.708085882
565.708085882
565.708085882
565.708085882
565.708085882
565.708085882
565.708085882
565.708085882
565.708085882
565.708085882
565.708085882
565.708085882
565.708085882
565.708085882
565.708085882
565.708085882
565.708085882
565.708085882
565.708085882
565.708085882
565.708085882
565.708085882
565.708085882
565.708085882
565.708085882
565.708085882
565.708085882
565.708085882
565.708085882
565.708085882
565.708085882
565.708085882
565.708085882
565.708085882
565.708085882
565.708085882
565.708085882
565.708085882
565.708085882
565.708085882
565.708085882
565.708085882
565.708085882
565.708085882
565.708085882
565.708085882
565.708085882
565.708085882
565.708085882
565.708085882
565.708085882
565.708085882
565.708085882
565.708085882
565.708085882
565.708085882
565.708085882
565.708085882
565.708085882
565.708085882
565.708085882
565.708085882
565.708085882
565.708085882
565.708085882
565.708085882
565.708085882
565.708085882
565.708085882
565.708085882
565.708085882
565.708085882
565.708085882
565.708085882
565.708085882
565.708085882
565.708085882
565.708085882
565.708085882
565.708085882
565.708085882
565.708085882
565.708085882
565.708085882
565.708085882
565.708085882
565.708085882
565.708085882
565.708085882
565.708085882
565.708085882
565.708085882
565.708085882
565.708085882
565.708085882
565.708085882
565.708085882
565.708085882
565.708085882
565.708085882
565.708085882
565.708085882
565.708085882
565.708085882
565.708085882
565.708085882
565.708085882
565.708085882
565.708085882
565.708085882
565.708085882
565.708085882
565.708085882
565.708085882
565.708085882
565.708085882
565.708085882
565.708085882
565.708085882
565.708085882
565.708085882
565.708085882
565.708085882
565.708085882
565.708085882
565.708085882
565.708085882
565.708085882
565.708085882
565.708085882
565.708085882
565.708085882
565.708085882
565.708085882
565.708085882
565.708085882
565.708085882
565.708085882
565.708085882
565.708085882
565.708085882
565.708085882
565.708085882
565.708085882
565.708085882
565.708085882
565.708085882
565.708085882
565.708085882
565.708085882
565.708085882
565.708085882
565.708085882
565.708085882
565.708085882
565.708085882
565.708085882
565.708085882
565.708085882
565.708085882
565.708085882
565.708085882
565.708085882
565.708085882
565.708085882
565.708085882
565.708085882
565.708085882
565.708085882
565.708085882
565.708085882
565.708085882
565.708085882
565.708085882
565.708085882
565.708085882
565.708085882
565.708085882
565.708085882
565.708085882
565.708085882
565.708085882
565.708085882
565.708085882
565.708085882
565.708085882
565.708085882
565.708085882
565.708085882
565.708085882
565.708085882
565.708085882
565.708085882
565.708085882
565.708085882
565.708085882
565.708085882
565.708085882
565.708085882
565.708085882
565.708085882
565.708085882
565.708085882
565.708085882
565.708085882
565.708085882
565.708085882
565.708085882
565.708085882
565.708085882
565.708085882
565.708085882
565.708085882
565.708085882
565.708085882
565.708085882
565.708085882
565.708085882
565.708085882
565.708085882
565.708085882
565.708085882
565.708085882
565.708085882
565.708085882
565.708085882
565.708085882
565.708085882
565.708085882
565.708085882
565.708085882
565.708085882
565.708085882
565.708085882
565.708085882
565.708085882
565.708085882
565.708085882
565.708085882
565.708085882
565.708085882
565.708085882
565.708085882
565.708085882
565.708085882
565.708085882
565.708085882
565.708085882
565.708085882
565.708085882
565.708085882
565.708085882
565.708085882
565.708085882
565.708085882
565.708085882
565.708085882
565.708085882
565.708085882
565.708085882
565.708085882
565.708085882
565.708085882
565.708085882
565.708085882
565.708085882
565.708085882
565.708085882
565.708085882
565.708085882
565.708085882
565.708085882
565.708085882
565.708085882
565.708085882
565.708085882
565.708085882
565.708085882
565.708085882
565.708085882
565.708085882
565.708085882
565.708085882
565.708085882
565.708085882
565.708085882
565.708085882
565.708085882
565.708085882
565.708085882
565.708085882
565.708085882
565.708085882
565.708085882
565.708085882
565.708085882
565.708085882
565.708085882
565.708085882
565.708085882
565.708085882
565.708085882
565.708085882
565.708085882
565.708085882
565.708085882
565.708085882
565.708085882
565.708085882
565.708085882
565.708085882
565.708085882
565.708085882
565.708085882
565.708085882
565.708085882
565.708085882
565.708085882
565.708085882
565.708085882
565.708085882
565.708085882
565.708085882
565.708085882
565.708085882
565.708085882
565.708085882
565.708085882
565.708085882
565.708085882
565.708085882
565.708085882
565.708085882
565.708085882
565.708085882
565.708085882
565.708085882
565.708085882
565.708085882
565.708085882
565.708085882
565.708085882
565.708085882
565.708085882
565.708085882
565.708085882
565.708085882
565.708085882
565.708085882
565.708085882
565.708085882
565.708085882
565.708085882
565.708085882
565.708085882
565.708085882
565.708085882
565.708085882
565.708085882
565.708085882
565.708085882
565.708085882
565.708085882
565.708085882
565.708085882
565.708085882
565.708085882
565.708085882
565.708085882
565.708085882
565.708085882
565.708085882
565.708085882
565.708085882
565.708085882
565.708085882
565.708085882
565.708085882
565.708085882
565.708085882
565.708085882
565.708085882
565.708085882
565.708085882
565.708085882
565.708085882
565.708085882
565.708085882
565.708085882
565.708085882
565.708085882
565.708085882
565.708085882
565.708085882
565.708085882
565.708085882
565.708085882
565.708085882
565.708085882
565.708085882
565.708085882
565.708085882
565.708085882
565.708085882
565.708085882
565.708085882
565.708085882
565.708085882
565.708085882
565.708085882
565.708085882
565.708085882
565.708085882
565.708085882
565.708085882
565.708085882
565.708085882
565.708085882
565.708085882
565.708085882
565.708085882
565.708085882
565.708085882
565.708085882
565.708085882
565.708085882
565.708085882
565.708085882
565.708085882
565.708085882
565.708085882
565.708085882
565.708085882
565.708085882
565.708085882
565.708085882
565.708085882
565.708085882
565.708085882
565.708085882
565.708085882
565.708085882
565.708085882
565.708085882
565.708085882
565.708085882
565.708085882
565.708085882
565.708085882
565.708085882
565.708085882
565.708085882
565.708085882
565.708085882
565.708085882
565.708085882
565.708085882
565.708085882
565.708085882
565.708085882
565.708085882
565.708085882
565.708085882
565.708085882
565.708085882
565.708085882
565.708085882
565.708085882
565.708085882
565.708085882
565.708085882
565.708085882
565.708085882
565.708085882
565.708085882
565.708085882
565.708085882
565.708085882
565.708085882
565.708085882
565.708085882
565.708085882
565.708085882
565.708085882
565.708085882
565.708085882
565.708085882
565.708085882
565.708085882
565.708085882
565.708085882
565.708085882
565.708085882
565.708085882
565.708085882
565.708085882
565.708085882
565.708085882
565.708085882
565.708085882
565.708085882
565.708085882
565.708085882
565.708085882
565.708085882
565.708085882
565.708085882
565.708085882
565.708085882
565.708085882
565.708085882
565.708085882
565.708085882
565.708085882
565.708085882
565.708085882
565.708085882
565.708085882
565.708085882
565.708085882
565.708085882
565.708085882
565.708085882
565.708085882
565.708085882
565.708085882
565.708085882
565.708085882
565.708085882
565.708085882
565.708085882
565.708085882
565.708085882
565.708085882
565.708085882
565.708085882
565.708085882
565.708085882
565.708085882
565.708085882
565.708085882
565.708085882
565.708085882
565.708085882
565.708085882
565.708085882
565.708085882
565.708085882
565.708085882
565.708085882
565.708085882
565.708085882
565.708085882
565.708085882
565.708085882
565.708085882
565.708085882
565.708085882
565.708085882
565.708085882
565.708085882
565.708085882
565.708085882
565.708085882
565.708085882
565.708085882
565.708085882
565.708085882
565.708085882
565.708085882
565.708085882
565.708085882
565.708085882
565.708085882
565.708085882
565.708085882
565.708085882
565.708085882
565.708085882
565.708085882
565.708085882
565.708085882
565.708085882
565.708085882
565.708085882
565.708085882
565.708085882
565.708085882
565.708085882
565.708085882
565.708085882
565.708085882
565.708085882
565.708085882
565.708085882
565.708085882
565.708085882
565.708085882
565.708085882
565.708085882
565.708085882
565.708085882
565.708085882
565.708085882
565.708085882
565.708085882
565.708085882
565.708085882
565.708085882
565.708085882
565.708085882
565.708085882
565.708085882
565.708085882
565.708085882
565.708085882
565.708085882
565.708085882
565.708085882
565.708085882
565.708085882
565.708085882
565.708085882
565.708085882
565.708085882
565.708085882
565.708085882
565.708085882
565.708085882
565.708085882
565.708085882
565.708085882
565.708085882
565.708085882
565.708085882
565.708085882
565.708085882
565.708085882
565.708085882
565.708085882
565.708085882
565.708085882
565.708085882
565.708085882
565.708085882
565.708085882
565.708085882
565.708085882
565.708085882
565.708085882
565.708085882
565.708085882
565.708085882
565.708085882
565.708085882
565.708085882
565.708085882
565.708085882
565.708085882
565.708085882
565.708085882
565.708085882
565.708085882
565.708085882
565.708085882
565.708085882
565.708085882
565.708085882
565.708085882
565.708085882
565.708085882
565.708085882
565.708085882
565.708085882
565.708085882
565.708085882
565.708085882
565.708085882
565.708085882
565.708085882
565.708085882
565.708085882
565.708085882
565.708085882
565.708085882
565.708085882
565.708085882
565.708085882
565.708085882
565.708085882
565.708085882
565.708085882
565.708085882
565.708085882
565.708085882
565.708085882
565.708085882
565.708085882
565.708085882
565.708085882
565.708085882
565.708085882
565.708085882
565.708085882
565.708085882
565.708085882
565.708085882
565.708085882
565.708085882
565.708085882
565.708085882
565.708085882
565.708085882
565.708085882
565.708085882
565.708085882
565.708085882
565.708085882
565.708085882
565.708085882
565.708085882
565.708085882
565.708085882
565.708085882
565.708085882
565.708085882
565.708085882
565.708085882
565.708085882
565.708085882
565.708085882
565.708085882
565.708085882
565.708085882
565.708085882
565.708085882
565.708085882
565.708085882
565.708085882
565.708085882
565.708085882
565.708085882
565.708085882
565.708085882
565.708085882
565.708085882
565.708085882
565.708085882
565.708085882
565.708085882
565.708085882
565.708085882
565.708085882
565.708085882
565.708085882
565.708085882
565.708085882
565.708085882
565.708085882
565.708085882
565.708085882
565.708085882
565.708085882
565.708085882
565.708085882
565.708085882
565.708085882
