1436.08847432
1430.58378228
1407.08376055
1371.93859535
1364.28137187
1361.373316
1349.66240201
1298.31654672
1290.12045556
1282.43233802
1289.88408629
1289.23467867
1279.85493711
1262.4280564
1230.49443665
1233.28743045
1236.09843448
1264.94599172
1233.26196921
1239.89302059
1211.57612696
1204.76734977
1199.3464667
1175.10191007
1175.10191007
1186.59452834
1175.53279843
1183.54306227
1188.83206797
1205.75707728
1210.62536235
1202.27059921
1190.8306937
1189.69406989
1183.81507936
1121.40024818
1117.66247513
1101.4463044
1120.96389785
1131.29499922
1117.26706564
1085.34994591
1094.40017549
1092.33032864
1075.73996812
1056.21639864
1067.82009485
1065.07367563
1064.50914333
1050.37303374
1054.60985512
1031.22926786
1003.2460796
959.686422711
959.686422711
962.019398616
960.913971101
977.818152101
993.136458614
989.503128211
989.503128211
980.131282221
959.655474719
934.978704875
913.761424737
912.649598879
921.626089837
933.323955519
940.109532055
958.058591894
954.099856712
964.919408338
947.249914939
951.767765115
934.187846555
933.966447801
938.025771861
948.790699954
966.503750322
966.503750322
966.050927647
966.684411526
940.108304111
938.204001239
939.29277203
923.283858444
942.641290824
942.641290824
942.641290824
954.892671386
949.419279615
961.798443791
961.798443791
962.981494057
965.900752142
965.900752142
968.743032867
973.557732173
947.341696911
940.367369256
933.240589455
933.240589455
942.675304821
934.196638845
934.196638845
931.756502628
931.756502628
926.471709524
926.471709524
926.471709524
924.743120707
924.743120707
924.743120707
924.743120707
922.036496718
921.130863396
921.130863396
921.130863396
922.612872775
922.612872775
905.594595617
893.272026502
883.495194505
867.011023966
867.771139154
867.771139154
869.240882622
869.240882622
869.240882622
869.240882622
869.240882622
869.240882622
869.240882622
846.711997781
846.711997781
846.711997781
846.711997781
846.711997781
846.711997781
846.711997781
846.711997781
838.29454278
830.725358791
830.610314653
830.610314653
830.610314653
826.834689279
826.834689279
826.834689279
826.834689279
826.834689279
826.834689279
814.124489759
814.124489759
810.036894086
810.036894086
810.036894086
810.036894086
810.036894086
804.01646197
804.01646197
797.104403349
794.96216948
794.96216948
794.96216948
794.96216948
794.96216948
794.96216948
794.96216948
794.96216948
794.96216948
794.96216948
787.884234011
787.884234011
781.438891006
777.933162359
777.933162359
777.933162359
777.933162359
777.933162359
777.933162359
777.933162359
777.933162359
777.933162359
777.933162359
777.933162359
775.816252081
775.816252081
775.816252081
775.816252081
775.264692751
775.264692751
775.264692751
775.264692751
775.264692751
775.264692751
775.264692751
775.264692751
775.264692751
769.429845373
769.429845373
761.443836083
761.443836083
761.443836083
761.139560077
757.788124925
757.788124925
757.788124925
757.788124925
757.788124925
756.264224107
756.264224107
756.264224107
756.264224107
753.103464537
753.103464537
753.103464537
753.103464537
753.103464537
753.103464537
753.103464537
753.103464537
753.103464537
753.103464537
753.103464537
753.103464537
753.103464537
753.103464537
753.103464537
753.103464537
753.103464537
753.103464537
752.275576124
752.275576124
752.275576124
752.275576124
752.275576124
752.275576124
752.275576124
752.275576124
747.422755149
747.422755149
744.486728839
744.486728839
744.486728839
740.628560362
740.628560362
740.628560362
740.628560362
740.628560362
740.628560362
740.628560362
740.628560362
740.628560362
739.726145899
739.726145899
739.726145899
739.726145899
736.771215942
736.771215942
736.771215942
736.771215942
736.771215942
736.021526675
736.021526675
736.021526675
736.021526675
736.021526675
728.023554207
728.023554207
728.023554207
728.023554207
728.023554207
728.023554207
728.023554207
728.023554207
728.023554207
728.023554207
728.023554207
728.023554207
728.023554207
728.023554207
728.023554207
728.023554207
728.023554207
722.706606684
722.706606684
722.706606684
722.706606684
722.706606684
722.706606684
722.706606684
722.706606684
722.706606684
722.706606684
722.706606684
722.706606684
722.706606684
722.706606684
722.706606684
722.706606684
722.706606684
722.706606684
722.706606684
722.706606684
722.706606684
722.706606684
722.706606684
722.706606684
722.706606684
722.706606684
722.706606684
722.706606684
722.706606684
722.706606684
722.706606684
722.706606684
722.706606684
722.619315434
722.619315434
722.619315434
722.619315434
722.619315434
722.619315434
722.619315434
722.619315434
722.619315434
717.282033739
717.282033739
717.282033739
717.282033739
717.133328886
717.133328886
717.133328886
717.133328886
717.133328886
717.133328886
717.133328886
717.133328886
717.133328886
717.133328886
717.133328886
717.133328886
717.133328886
690.38361836
690.38361836
690.38361836
690.38361836
690.38361836
690.38361836
690.38361836
690.38361836
690.38361836
690.38361836
690.38361836
690.38361836
690.38361836
690.38361836
690.38361836
690.38361836
690.38361836
688.907453161
688.907453161
688.907453161
688.907453161
688.907453161
688.907453161
688.907453161
688.907453161
688.907453161
688.907453161
688.907453161
688.907453161
688.907453161
688.907453161
688.907453161
688.907453161
688.907453161
688.907453161
688.907453161
688.907453161
688.680474169
688.680474169
688.680474169
685.923775948
685.923775948
685.923775948
678.077955673
678.077955673
678.077955673
678.077955673
678.077955673
678.077955673
678.077955673
678.077955673
671.929284251
671.929284251
671.929284251
671.929284251
671.929284251
671.929284251
671.929284251
671.929284251
670.62287981
670.62287981
670.62287981
670.62287981
670.62287981
670.62287981
670.62287981
670.62287981
670.62287981
670.62287981
670.62287981
670.62287981
670.62287981
670.62287981
670.62287981
670.62287981
670.62287981
670.62287981
670.62287981
670.62287981
670.62287981
670.62287981
670.62287981
670.62287981
670.62287981
670.62287981
670.62287981
670.62287981
665.342608804
665.342608804
665.342608804
665.342608804
665.342608804
665.342608804
665.342608804
665.342608804
665.342608804
665.342608804
665.342608804
665.342608804
665.342608804
665.342608804
665.342608804
665.342608804
665.342608804
665.342608804
665.342608804
665.342608804
665.342608804
665.342608804
665.342608804
665.342608804
665.342608804
665.342608804
665.342608804
665.342608804
665.342608804
665.342608804
665.342608804
665.342608804
665.342608804
665.342608804
665.342608804
665.342608804
665.342608804
665.342608804
665.342608804
665.342608804
665.342608804
665.342608804
665.342608804
665.342608804
665.342608804
665.342608804
665.342608804
665.342608804
665.342608804
665.342608804
665.342608804
665.342608804
665.342608804
665.342608804
665.342608804
665.342608804
665.342608804
665.342608804
665.342608804
665.342608804
665.342608804
665.342608804
665.342608804
665.342608804
665.342608804
665.342608804
665.342608804
665.342608804
665.342608804
665.342608804
665.342608804
665.342608804
665.342608804
665.342608804
665.342608804
665.342608804
665.342608804
665.342608804
665.342608804
665.342608804
665.342608804
665.342608804
665.342608804
665.342608804
665.342608804
665.342608804
657.447210758
657.447210758
657.447210758
657.447210758
657.447210758
657.447210758
657.447210758
657.447210758
657.447210758
657.447210758
657.447210758
657.447210758
657.447210758
657.400583975
657.400583975
657.400583975
657.400583975
657.400583975
657.400583975
657.400583975
657.400583975
657.400583975
657.400583975
657.400583975
657.400583975
657.400583975
657.400583975
657.400583975
657.400583975
657.400583975
657.400583975
657.400583975
657.400583975
657.400583975
657.400583975
657.400583975
657.400583975
657.400583975
657.400583975
657.400583975
657.400583975
657.400583975
657.400583975
657.400583975
657.400583975
657.400583975
657.400583975
657.400583975
657.400583975
657.400583975
657.400583975
657.400583975
657.400583975
657.400583975
657.400583975
657.400583975
657.400583975
657.400583975
657.400583975
657.400583975
653.927069098
653.927069098
653.927069098
653.927069098
653.927069098
653.927069098
653.927069098
653.927069098
653.927069098
653.927069098
653.927069098
653.927069098
653.927069098
653.927069098
653.927069098
653.927069098
653.927069098
653.927069098
653.927069098
653.927069098
653.927069098
653.927069098
653.927069098
653.927069098
653.927069098
653.927069098
653.927069098
653.927069098
653.927069098
653.927069098
653.927069098
653.927069098
653.927069098
653.927069098
653.927069098
653.927069098
653.927069098
653.927069098
653.927069098
653.927069098
653.927069098
652.835033339
652.835033339
652.835033339
652.835033339
652.835033339
652.835033339
652.835033339
652.835033339
652.835033339
652.835033339
652.835033339
652.835033339
652.835033339
652.835033339
652.835033339
652.835033339
652.835033339
652.835033339
652.835033339
652.835033339
652.835033339
652.835033339
652.835033339
652.835033339
652.835033339
652.835033339
652.835033339
652.835033339
652.835033339
652.835033339
647.771990102
647.771990102
647.771990102
647.771990102
645.709609131
645.709609131
645.709609131
645.709609131
645.709609131
645.709609131
643.110199491
643.110199491
643.110199491
641.65582246
641.65582246
641.65582246
641.65582246
641.65582246
641.65582246
641.65582246
641.65582246
639.149758475
639.149758475
639.149758475
639.149758475
639.149758475
639.149758475
639.149758475
639.149758475
639.149758475
639.149758475
639.149758475
639.149758475
639.149758475
639.149758475
639.149758475
639.149758475
639.149758475
639.149758475
639.149758475
639.149758475
639.149758475
639.149758475
639.149758475
639.149758475
639.149758475
637.6827473
637.6827473
637.6827473
637.6827473
637.6827473
637.6827473
637.6827473
637.6827473
637.6827473
637.6827473
637.6827473
637.6827473
637.6827473
637.6827473
637.6827473
637.6827473
637.6827473
637.6827473
637.6827473
637.6827473
637.6827473
637.6827473
637.6827473
637.6827473
637.6827473
637.6827473
637.6827473
637.6827473
637.6827473
637.6827473
637.6827473
637.6827473
637.6827473
637.6827473
637.6827473
637.6827473
631.762227575
631.762227575
631.762227575
631.762227575
631.762227575
631.762227575
631.762227575
631.762227575
631.762227575
631.762227575
631.762227575
631.762227575
631.762227575
631.762227575
631.762227575
631.762227575
631.762227575
631.762227575
631.762227575
631.762227575
631.762227575
631.762227575
631.762227575
631.762227575
631.762227575
631.762227575
631.762227575
631.762227575
631.762227575
631.762227575
631.762227575
631.762227575
631.762227575
631.762227575
631.762227575
631.762227575
631.762227575
631.762227575
631.762227575
631.762227575
631.762227575
631.762227575
631.762227575
631.762227575
631.762227575
631.762227575
631.762227575
631.762227575
631.762227575
629.720036918
629.720036918
629.720036918
629.720036918
629.720036918
629.720036918
629.720036918
629.720036918
629.720036918
629.720036918
629.720036918
629.720036918
629.720036918
629.720036918
629.720036918
629.720036918
629.720036918
629.720036918
629.720036918
629.720036918
629.720036918
629.720036918
629.720036918
629.720036918
629.720036918
629.720036918
629.720036918
629.720036918
629.720036918
629.720036918
629.720036918
629.720036918
629.720036918
629.720036918
629.720036918
629.720036918
629.720036918
629.720036918
629.720036918
629.720036918
629.720036918
629.720036918
629.720036918
629.720036918
629.720036918
629.720036918
629.720036918
629.720036918
629.720036918
629.720036918
629.720036918
629.720036918
629.720036918
629.720036918
629.720036918
629.720036918
629.720036918
629.720036918
629.720036918
629.720036918
629.720036918
629.720036918
629.720036918
629.720036918
629.720036918
629.720036918
629.720036918
629.720036918
629.720036918
629.720036918
629.720036918
629.720036918
629.720036918
629.720036918
629.720036918
629.720036918
629.720036918
629.720036918
629.720036918
629.720036918
629.720036918
629.720036918
629.720036918
629.720036918
629.720036918
629.720036918
629.720036918
629.720036918
629.720036918
629.720036918
629.720036918
629.720036918
629.720036918
629.720036918
629.720036918
629.720036918
629.720036918
629.720036918
629.720036918
629.720036918
629.720036918
629.720036918
629.720036918
629.720036918
629.720036918
629.720036918
629.720036918
629.720036918
629.720036918
629.720036918
629.720036918
629.720036918
629.720036918
629.720036918
629.720036918
629.720036918
629.720036918
629.720036918
629.720036918
629.720036918
629.720036918
629.720036918
629.720036918
629.720036918
629.720036918
629.720036918
629.720036918
629.720036918
629.720036918
629.720036918
629.720036918
627.278538909
627.278538909
627.278538909
627.278538909
627.278538909
627.278538909
627.278538909
627.278538909
627.278538909
627.278538909
627.278538909
627.278538909
627.278538909
627.278538909
627.278538909
627.278538909
627.278538909
627.278538909
627.278538909
627.278538909
627.278538909
627.278538909
627.278538909
627.278538909
627.278538909
627.278538909
626.857581726
626.857581726
626.857581726
626.857581726
626.857581726
626.857581726
626.857581726
626.857581726
626.857581726
626.857581726
626.857581726
626.857581726
626.857581726
626.857581726
626.857581726
626.857581726
626.857581726
626.857581726
626.857581726
626.857581726
626.857581726
626.857581726
626.857581726
626.857581726
626.857581726
626.857581726
626.857581726
626.857581726
626.857581726
626.857581726
626.857581726
626.857581726
626.857581726
626.857581726
626.857581726
626.857581726
626.857581726
626.857581726
626.857581726
626.857581726
626.857581726
626.857581726
626.857581726
626.857581726
626.857581726
626.857581726
626.857581726
626.857581726
626.857581726
626.857581726
626.857581726
626.857581726
626.857581726
626.857581726
626.857581726
626.385921958
626.385921958
626.385921958
626.385921958
626.385921958
626.385921958
626.385921958
626.385921958
626.385921958
626.385921958
626.385921958
626.385921958
626.385921958
626.385921958
626.385921958
626.385921958
626.385921958
626.385921958
626.385921958
626.385921958
626.385921958
626.385921958
626.385921958
626.385921958
626.385921958
626.385921958
626.385921958
626.385921958
626.385921958
626.385921958
626.385921958
626.385921958
626.385921958
626.385921958
626.385921958
626.385921958
626.385921958
626.385921958
626.385921958
626.385921958
626.385921958
626.385921958
626.385921958
626.385921958
626.385921958
626.385921958
626.385921958
626.385921958
626.385921958
626.385921958
626.385921958
626.385921958
626.385921958
626.385921958
626.385921958
626.385921958
626.385921958
626.385921958
626.385921958
624.393659967
624.096932989
624.096932989
624.096932989
621.628459161
621.628459161
621.628459161
621.628459161
621.628459161
621.628459161
621.628459161
621.628459161
621.628459161
621.628459161
620.397634734
620.397634734
620.397634734
620.397634734
620.397634734
620.397634734
620.397634734
620.397634734
620.397634734
620.397634734
620.397634734
620.397634734
620.397634734
620.397634734
620.397634734
620.397634734
620.397634734
620.397634734
620.397634734
620.397634734
620.397634734
620.397634734
620.397634734
620.397634734
620.397634734
620.397634734
620.397634734
620.397634734
620.397634734
620.397634734
620.397634734
620.397634734
620.397634734
620.397634734
620.397634734
620.397634734
620.397634734
620.397634734
620.397634734
620.397634734
620.397634734
620.397634734
620.397634734
620.397634734
620.397634734
620.397634734
620.397634734
620.397634734
620.397634734
620.397634734
620.397634734
620.397634734
620.397634734
620.397634734
620.397634734
620.397634734
620.397634734
620.397634734
616.506259824
616.506259824
616.506259824
616.506259824
616.506259824
616.506259824
616.506259824
616.506259824
616.506259824
616.506259824
616.506259824
616.506259824
616.506259824
616.506259824
616.506259824
616.506259824
616.506259824
616.506259824
616.506259824
616.506259824
616.506259824
616.506259824
616.506259824
616.506259824
616.506259824
616.506259824
616.506259824
616.506259824
616.506259824
616.506259824
616.506259824
616.506259824
616.506259824
616.506259824
613.309663647
613.309663647
613.309663647
613.309663647
613.309663647
613.309663647
613.309663647
613.309663647
613.309663647
613.309663647
613.309663647
613.309663647
613.309663647
613.309663647
613.309663647
613.309663647
613.309663647
613.309663647
613.309663647
613.309663647
613.309663647
613.309663647
613.309663647
613.309663647
613.309663647
613.309663647
613.309663647
613.309663647
613.309663647
613.309663647
613.309663647
613.309663647
613.309663647
613.309663647
613.309663647
613.309663647
613.309663647
613.309663647
613.309663647
613.309663647
613.309663647
613.309663647
613.309663647
613.309663647
613.309663647
613.309663647
613.309663647
613.309663647
613.309663647
613.309663647
613.309663647
613.309663647
613.309663647
613.309663647
613.309663647
613.309663647
613.309663647
613.309663647
613.309663647
613.309663647
613.309663647
613.309663647
613.309663647
613.309663647
613.309663647
613.309663647
613.309663647
613.309663647
613.309663647
613.309663647
613.309663647
613.309663647
613.309663647
613.309663647
613.309663647
613.309663647
613.309663647
613.309663647
613.309663647
613.309663647
613.309663647
610.797995176
610.797995176
610.797995176
610.797995176
610.797995176
610.797995176
610.797995176
610.797995176
610.797995176
610.797995176
610.797995176
610.797995176
610.797995176
610.797995176
610.797995176
610.797995176
610.797995176
610.797995176
610.797995176
610.797995176
610.797995176
610.797995176
610.797995176
610.797995176
610.797995176
610.797995176
610.797995176
610.797995176
610.797995176
610.797995176
610.797995176
610.797995176
610.797995176
610.797995176
610.797995176
610.797995176
610.797995176
610.797995176
610.797995176
610.797995176
610.797995176
610.797995176
610.797995176
610.797995176
610.797995176
610.797995176
610.797995176
610.797995176
610.797995176
610.797995176
610.797995176
610.797995176
610.797995176
610.797995176
610.797995176
610.797995176
610.797995176
610.797995176
610.797995176
610.797995176
610.797995176
610.797995176
610.797995176
610.797995176
610.797995176
610.797995176
610.797995176
610.797995176
610.797995176
610.797995176
610.797995176
610.797995176
610.797995176
610.797995176
610.797995176
610.797995176
610.797995176
610.797995176
610.797995176
610.797995176
610.797995176
610.797995176
610.797995176
610.797995176
610.797995176
610.797995176
610.797995176
610.797995176
610.797995176
610.797995176
610.797995176
610.797995176
610.797995176
610.797995176
610.797995176
610.797995176
610.797995176
610.797995176
610.797995176
610.797995176
610.797995176
610.797995176
610.797995176
610.797995176
610.797995176
610.797995176
610.797995176
610.797995176
610.797995176
610.797995176
610.797995176
610.797995176
610.797995176
610.797995176
610.797995176
610.797995176
610.797995176
610.797995176
610.797995176
610.797995176
610.797995176
610.797995176
610.797995176
610.797995176
610.797995176
610.797995176
610.797995176
610.797995176
610.797995176
610.797995176
610.797995176
610.797995176
610.797995176
610.797995176
610.797995176
610.797995176
610.797995176
610.797995176
610.797995176
610.797995176
610.797995176
610.797995176
610.797995176
610.797995176
610.797995176
610.797995176
610.797995176
610.797995176
610.797995176
610.797995176
610.797995176
610.797995176
610.797995176
610.797995176
610.797995176
610.797995176
610.797995176
610.797995176
610.797995176
610.797995176
610.797995176
610.797995176
610.797995176
610.797995176
610.797995176
610.797995176
610.797995176
610.797995176
610.797995176
610.797995176
610.797995176
610.797995176
610.797995176
610.797995176
610.797995176
610.797995176
610.797995176
610.797995176
610.797995176
610.797995176
610.797995176
610.797995176
610.797995176
610.797995176
610.797995176
610.797995176
610.797995176
610.797995176
610.797995176
610.797995176
610.797995176
610.797995176
610.797995176
610.797995176
610.797995176
610.797995176
610.797995176
610.797995176
610.797995176
610.797995176
610.797995176
610.797995176
610.797995176
610.797995176
610.797995176
610.797995176
610.797995176
610.797995176
610.797995176
610.797995176
610.797995176
610.797995176
610.797995176
610.797995176
610.797995176
610.797995176
610.797995176
610.797995176
610.797995176
610.797995176
610.797995176
610.797995176
610.797995176
610.797995176
610.797995176
610.797995176
610.797995176
610.797995176
610.797995176
610.797995176
610.797995176
610.797995176
610.797995176
610.797995176
610.797995176
610.797995176
610.797995176
610.797995176
610.797995176
610.797995176
610.797995176
610.797995176
610.797995176
610.797995176
610.797995176
610.797995176
610.797995176
610.797995176
610.797995176
610.797995176
610.797995176
610.797995176
610.797995176
610.797995176
610.797995176
610.797995176
610.797995176
610.797995176
610.797995176
610.797995176
610.797995176
610.797995176
610.797995176
610.797995176
610.797995176
610.797995176
610.797995176
610.797995176
610.797995176
610.797995176
610.797995176
610.797995176
610.797995176
610.797995176
610.797995176
610.797995176
610.797995176
610.797995176
610.797995176
610.797995176
610.797995176
610.797995176
610.797995176
610.797995176
610.797995176
610.797995176
610.797995176
610.797995176
610.797995176
610.797995176
610.797995176
610.797995176
610.797995176
610.797995176
610.797995176
610.797995176
610.797995176
610.797995176
610.797995176
610.797995176
610.797995176
610.797995176
610.797995176
610.797995176
610.797995176
610.797995176
610.797995176
610.797995176
610.797995176
610.797995176
610.797995176
610.797995176
610.797995176
610.797995176
610.797995176
610.797995176
610.797995176
610.797995176
608.381079019
608.381079019
608.381079019
608.381079019
608.381079019
608.381079019
608.381079019
608.381079019
608.381079019
608.381079019
608.381079019
608.381079019
608.381079019
608.381079019
608.381079019
608.381079019
608.381079019
608.381079019
608.381079019
608.381079019
608.381079019
608.381079019
608.381079019
608.381079019
608.381079019
608.381079019
608.381079019
608.381079019
608.381079019
608.381079019
608.381079019
608.381079019
608.381079019
608.381079019
608.381079019
608.381079019
608.381079019
608.381079019
608.381079019
608.381079019
608.381079019
608.381079019
608.381079019
608.381079019
608.381079019
608.381079019
608.381079019
608.381079019
608.381079019
608.381079019
608.381079019
608.381079019
608.381079019
608.381079019
608.381079019
608.381079019
608.381079019
608.381079019
608.381079019
608.381079019
608.381079019
608.381079019
608.381079019
608.381079019
608.381079019
608.381079019
608.381079019
608.381079019
608.381079019
608.381079019
608.381079019
608.381079019
608.381079019
608.381079019
608.381079019
608.381079019
608.381079019
608.381079019
608.381079019
608.381079019
608.381079019
608.381079019
608.381079019
608.381079019
604.175532508
604.175532508
604.175532508
604.175532508
604.175532508
604.175532508
604.175532508
604.175532508
604.175532508
604.175532508
604.175532508
604.175532508
604.175532508
604.175532508
604.175532508
604.175532508
604.175532508
604.175532508
604.175532508
604.175532508
604.175532508
604.175532508
604.175532508
604.175532508
604.175532508
604.175532508
600.797364476
600.797364476
600.797364476
600.797364476
600.797364476
600.797364476
600.797364476
600.797364476
600.797364476
600.797364476
600.797364476
600.797364476
600.797364476
600.797364476
600.797364476
600.797364476
600.797364476
600.797364476
600.797364476
600.797364476
600.797364476
600.797364476
600.797364476
600.797364476
600.797364476
600.797364476
600.797364476
600.797364476
600.797364476
600.797364476
600.797364476
600.797364476
600.797364476
600.797364476
600.797364476
600.797364476
600.797364476
600.797364476
600.797364476
600.797364476
600.797364476
600.797364476
600.797364476
600.797364476
600.797364476
600.797364476
600.797364476
600.797364476
600.797364476
600.797364476
600.797364476
600.797364476
600.797364476
600.797364476
600.797364476
600.797364476
600.797364476
600.797364476
600.797364476
600.797364476
600.797364476
600.797364476
600.797364476
600.797364476
600.797364476
600.797364476
600.797364476
600.797364476
600.797364476
600.797364476
600.797364476
600.797364476
600.797364476
600.797364476
600.797364476
600.797364476
600.797364476
600.797364476
600.797364476
600.797364476
600.797364476
600.797364476
600.797364476
600.797364476
600.797364476
600.797364476
600.797364476
600.797364476
600.797364476
600.797364476
600.797364476
600.797364476
600.797364476
600.797364476
600.797364476
600.797364476
600.797364476
600.797364476
600.797364476
600.797364476
600.797364476
600.797364476
600.797364476
600.797364476
600.797364476
600.797364476
600.797364476
600.797364476
600.797364476
600.797364476
600.797364476
600.797364476
600.797364476
600.797364476
600.797364476
600.797364476
600.797364476
600.797364476
600.797364476
600.797364476
600.797364476
600.797364476
600.797364476
600.797364476
600.797364476
600.797364476
600.797364476
600.797364476
600.797364476
600.797364476
600.797364476
600.797364476
600.797364476
600.797364476
600.797364476
600.797364476
600.797364476
600.797364476
600.797364476
600.797364476
600.797364476
600.797364476
600.797364476
600.797364476
600.797364476
600.797364476
600.797364476
600.797364476
600.797364476
600.797364476
600.797364476
600.797364476
592.77922719
592.77922719
592.77922719
592.77922719
592.77922719
592.77922719
592.77922719
592.77922719
592.77922719
592.77922719
592.77922719
592.77922719
592.77922719
592.77922719
592.77922719
592.77922719
592.77922719
592.77922719
592.77922719
592.77922719
592.77922719
592.77922719
592.77922719
592.77922719
592.77922719
592.77922719
592.77922719
592.77922719
592.77922719
592.77922719
592.77922719
592.77922719
592.77922719
592.77922719
592.77922719
592.77922719
592.77922719
592.77922719
592.77922719
592.77922719
592.77922719
592.77922719
592.77922719
592.77922719
592.77922719
592.77922719
592.77922719
592.77922719
592.77922719
592.77922719
592.77922719
592.77922719
592.77922719
592.77922719
592.77922719
592.77922719
592.77922719
592.77922719
592.77922719
592.77922719
592.77922719
592.77922719
592.77922719
592.77922719
592.77922719
592.77922719
592.77922719
592.77922719
592.77922719
592.77922719
592.77922719
592.77922719
592.77922719
592.77922719
592.77922719
592.77922719
592.77922719
592.77922719
592.77922719
592.77922719
592.77922719
592.77922719
592.77922719
592.77922719
592.77922719
592.77922719
592.77922719
592.77922719
592.77922719
592.77922719
592.77922719
592.77922719
592.77922719
592.77922719
592.77922719
592.77922719
592.77922719
592.77922719
592.77922719
592.77922719
592.77922719
592.77922719
592.77922719
592.77922719
592.77922719
592.77922719
592.77922719
592.77922719
592.77922719
592.77922719
592.77922719
592.77922719
592.77922719
591.676147359
591.676147359
591.676147359
591.676147359
591.676147359
591.676147359
591.676147359
591.676147359
591.676147359
591.676147359
591.676147359
591.676147359
591.676147359
591.676147359
591.676147359
591.676147359
591.676147359
591.676147359
591.676147359
591.676147359
591.676147359
591.676147359
591.676147359
591.676147359
591.676147359
591.676147359
591.676147359
591.676147359
591.676147359
591.676147359
591.676147359
591.676147359
591.676147359
591.676147359
591.676147359
591.676147359
591.676147359
591.676147359
591.676147359
591.676147359
591.676147359
591.676147359
591.676147359
591.676147359
591.676147359
591.676147359
591.676147359
591.676147359
591.676147359
591.676147359
591.676147359
591.676147359
591.676147359
591.676147359
591.676147359
591.676147359
591.676147359
591.676147359
591.676147359
591.676147359
591.676147359
591.676147359
591.676147359
591.676147359
591.676147359
591.676147359
591.676147359
591.676147359
591.676147359
591.676147359
591.676147359
591.676147359
591.676147359
591.676147359
591.676147359
591.676147359
591.676147359
591.676147359
591.676147359
591.676147359
591.676147359
591.676147359
591.676147359
591.676147359
591.676147359
591.676147359
591.676147359
591.676147359
591.676147359
591.676147359
591.676147359
591.676147359
591.676147359
591.676147359
591.676147359
591.676147359
591.676147359
591.676147359
591.676147359
591.676147359
591.676147359
591.676147359
591.676147359
591.676147359
591.676147359
591.676147359
591.676147359
591.676147359
591.676147359
591.676147359
591.676147359
591.676147359
591.676147359
591.676147359
591.676147359
591.676147359
591.676147359
591.676147359
591.676147359
591.676147359
591.676147359
591.676147359
591.676147359
591.676147359
591.676147359
591.676147359
591.676147359
591.676147359
591.676147359
591.676147359
591.676147359
591.676147359
591.676147359
591.676147359
591.676147359
591.676147359
591.676147359
591.676147359
591.676147359
591.676147359
591.676147359
591.676147359
591.676147359
591.676147359
591.676147359
591.676147359
591.676147359
591.676147359
591.676147359
591.676147359
591.676147359
591.676147359
591.676147359
591.676147359
591.676147359
591.676147359
591.676147359
591.676147359
591.676147359
591.676147359
591.676147359
591.676147359
591.676147359
591.676147359
591.676147359
591.676147359
591.676147359
591.676147359
591.676147359
591.676147359
591.676147359
591.676147359
591.676147359
591.676147359
591.676147359
591.676147359
591.676147359
591.676147359
591.676147359
591.676147359
591.676147359
591.676147359
591.676147359
591.676147359
591.676147359
591.676147359
591.676147359
591.676147359
591.676147359
591.676147359
591.676147359
591.676147359
591.676147359
591.676147359
591.676147359
591.676147359
591.676147359
591.676147359
591.676147359
591.676147359
591.676147359
591.676147359
591.676147359
591.676147359
591.676147359
591.676147359
591.676147359
591.676147359
591.676147359
591.676147359
591.676147359
591.676147359
591.676147359
591.676147359
591.676147359
591.676147359
591.676147359
591.676147359
591.676147359
591.676147359
591.676147359
591.676147359
591.676147359
591.676147359
591.676147359
591.676147359
591.676147359
591.676147359
591.676147359
591.676147359
591.676147359
591.676147359
591.676147359
591.676147359
591.676147359
591.676147359
591.676147359
591.676147359
591.676147359
591.676147359
591.676147359
591.676147359
591.676147359
591.676147359
591.676147359
591.676147359
591.676147359
591.676147359
591.676147359
591.676147359
591.676147359
591.676147359
591.676147359
591.676147359
591.676147359
591.676147359
591.676147359
591.676147359
591.676147359
591.676147359
591.676147359
591.676147359
591.676147359
591.676147359
591.676147359
591.676147359
591.676147359
591.676147359
591.676147359
591.676147359
591.676147359
591.676147359
591.676147359
591.676147359
591.676147359
591.676147359
591.676147359
591.676147359
591.676147359
591.676147359
591.676147359
591.676147359
591.676147359
591.676147359
591.676147359
591.676147359
591.676147359
591.676147359
591.676147359
591.676147359
591.676147359
591.676147359
591.676147359
591.676147359
591.676147359
591.676147359
591.676147359
591.676147359
591.676147359
591.676147359
591.676147359
591.676147359
591.676147359
591.676147359
591.676147359
591.676147359
591.676147359
591.676147359
591.676147359
591.676147359
591.676147359
591.676147359
591.676147359
591.676147359
591.676147359
591.676147359
591.676147359
591.676147359
591.676147359
591.676147359
591.676147359
591.676147359
591.676147359
591.676147359
591.676147359
591.676147359
591.676147359
591.676147359
591.676147359
591.676147359
591.676147359
591.676147359
591.676147359
591.676147359
591.676147359
591.676147359
591.675705234
591.675705234
591.675705234
591.675705234
591.675705234
591.675705234
591.675705234
591.675705234
591.675705234
591.675705234
591.675705234
591.675705234
591.675705234
591.675705234
591.675705234
591.675705234
591.675705234
591.675705234
591.675705234
591.675705234
591.675705234
591.675705234
591.675705234
591.675705234
591.675705234
591.675705234
591.675705234
591.675705234
591.675705234
591.675705234
591.675705234
591.675705234
591.675705234
591.675705234
591.675705234
591.675705234
591.675705234
591.675705234
591.675705234
591.675705234
591.675705234
591.675705234
591.675705234
591.675705234
591.675705234
591.675705234
591.675705234
591.675705234
591.675705234
591.675705234
591.675705234
591.675705234
591.675705234
591.675705234
591.675705234
591.675705234
591.675705234
591.675705234
591.675705234
591.675705234
591.675705234
591.675705234
591.675705234
591.675705234
591.675705234
591.675705234
591.675705234
591.675705234
591.675705234
591.675705234
591.675705234
591.675705234
591.675705234
591.675705234
591.675705234
591.675705234
591.675705234
591.675705234
591.675705234
591.675705234
591.675705234
591.675705234
591.675705234
591.675705234
591.675705234
591.675705234
591.675705234
591.675705234
591.675705234
591.675705234
591.675705234
591.675705234
591.675705234
591.675705234
591.675705234
591.675705234
591.675705234
591.675705234
591.675705234
591.675705234
591.675705234
591.675705234
591.675705234
591.675705234
591.675705234
591.675705234
591.675705234
591.675705234
591.675705234
591.675705234
591.675705234
591.675705234
591.675705234
591.675705234
591.675705234
591.675705234
591.675705234
591.675705234
591.675705234
591.675705234
591.675705234
591.675705234
591.675705234
591.675705234
591.675705234
591.675705234
591.675705234
591.675705234
591.675705234
588.81883602
588.81883602
588.81883602
588.81883602
588.81883602
588.81883602
588.81883602
588.81883602
588.81883602
588.81883602
588.81883602
588.81883602
588.81883602
588.81883602
588.81883602
588.81883602
588.81883602
588.81883602
588.81883602
588.81883602
588.81883602
588.81883602
588.81883602
588.81883602
588.81883602
588.81883602
588.81883602
588.81883602
588.81883602
588.81883602
588.81883602
588.81883602
588.81883602
588.81883602
588.81883602
588.81883602
588.81883602
588.81883602
588.81883602
588.81883602
588.81883602
588.81883602
588.81883602
588.81883602
588.81883602
588.81883602
588.81883602
588.81883602
588.81883602
588.81883602
588.81883602
588.81883602
588.81883602
588.81883602
588.81883602
588.81883602
588.81883602
588.81883602
588.81883602
588.81883602
588.81883602
588.81883602
588.81883602
588.81883602
588.81883602
588.81883602
588.81883602
588.81883602
588.81883602
588.81883602
588.81883602
588.81883602
588.81883602
588.81883602
588.81883602
588.81883602
588.81883602
588.81883602
588.81883602
588.81883602
588.81883602
588.81883602
588.81883602
588.81883602
588.81883602
588.81883602
588.81883602
588.81883602
588.81883602
588.81883602
588.81883602
588.81883602
588.81883602
588.81883602
588.81883602
588.81883602
588.81883602
588.81883602
588.81883602
588.81883602
588.81883602
588.81883602
588.81883602
588.81883602
588.81883602
588.81883602
588.81883602
588.81883602
588.81883602
588.81883602
588.81883602
588.81883602
588.81883602
588.81883602
588.81883602
588.81883602
588.81883602
588.81883602
588.81883602
588.81883602
588.81883602
588.81883602
588.81883602
588.81883602
588.81883602
588.81883602
588.81883602
588.81883602
588.81883602
588.81883602
588.81883602
588.81883602
588.81883602
588.81883602
588.81883602
588.81883602
588.81883602
588.81883602
588.81883602
588.81883602
588.81883602
588.81883602
588.81883602
588.81883602
588.81883602
588.81883602
588.81883602
588.81883602
588.81883602
588.81883602
588.81883602
588.81883602
588.81883602
588.81883602
588.81883602
588.81883602
588.81883602
588.81883602
588.81883602
588.81883602
588.81883602
588.81883602
588.81883602
588.81883602
588.81883602
588.81883602
588.81883602
588.81883602
588.81883602
588.81883602
588.81883602
588.81883602
588.81883602
588.81883602
588.81883602
588.81883602
588.81883602
588.81883602
588.81883602
588.81883602
588.81883602
588.81883602
588.81883602
588.81883602
588.81883602
588.81883602
588.81883602
588.81883602
588.81883602
588.81883602
588.81883602
588.81883602
588.81883602
588.81883602
588.81883602
588.81883602
588.81883602
588.81883602
588.81883602
588.81883602
588.81883602
588.81883602
588.81883602
588.81883602
588.81883602
588.81883602
588.81883602
588.81883602
588.81883602
588.81883602
588.81883602
588.81883602
588.81883602
588.81883602
588.81883602
588.81883602
588.81883602
588.81883602
588.81883602
588.81883602
588.81883602
588.81883602
588.81883602
588.81883602
588.81883602
588.81883602
588.81883602
588.81883602
588.81883602
588.81883602
588.81883602
588.81883602
588.81883602
588.81883602
588.81883602
588.81883602
588.81883602
588.81883602
588.81883602
588.81883602
588.81883602
588.81883602
588.81883602
588.81883602
588.81883602
588.81883602
588.81883602
588.81883602
588.81883602
588.81883602
588.81883602
588.81883602
588.81883602
588.81883602
588.81883602
588.81883602
588.091397906
588.091397906
588.091397906
588.091397906
588.091397906
588.091397906
588.091397906
588.091397906
588.091397906
588.091397906
588.091397906
588.091397906
588.091397906
588.091397906
588.091397906
588.091397906
588.091397906
588.091397906
588.091397906
588.091397906
588.091397906
588.091397906
588.091397906
588.091397906
588.091397906
588.091397906
588.091397906
588.091397906
588.091397906
588.091397906
588.091397906
588.091397906
588.091397906
588.091397906
588.091397906
588.091397906
588.091397906
588.091397906
588.091397906
588.091397906
588.091397906
588.091397906
588.091397906
588.091397906
588.091397906
588.091397906
588.091397906
588.091397906
588.091397906
588.091397906
588.091397906
588.091397906
588.091397906
588.091397906
588.091397906
588.091397906
588.091397906
588.091397906
588.091397906
588.091397906
588.091397906
588.091397906
588.091397906
588.091397906
588.091397906
588.091397906
588.091397906
588.091397906
588.091397906
588.091397906
588.091397906
588.091397906
588.091397906
588.091397906
588.091397906
588.091397906
588.091397906
588.091397906
588.091397906
588.091397906
588.091397906
588.091397906
588.091397906
588.091397906
588.091397906
588.091397906
588.091397906
588.091397906
588.091397906
588.091397906
588.091397906
588.091397906
588.091397906
588.091397906
588.091397906
588.091397906
588.091397906
588.091397906
588.091397906
588.091397906
588.091397906
588.091397906
588.091397906
588.091397906
588.091397906
588.091397906
588.091397906
588.091397906
588.091397906
588.091397906
588.091397906
588.091397906
588.091397906
588.091397906
588.091397906
588.091397906
588.091397906
588.091397906
588.091397906
588.091397906
588.091397906
588.091397906
588.091397906
588.091397906
588.091397906
585.717923147
585.717923147
585.717923147
585.717923147
585.717923147
585.717923147
585.717923147
585.717923147
585.717923147
585.717923147
585.717923147
585.717923147
585.717923147
585.717923147
585.717923147
585.717923147
585.717923147
585.717923147
585.717923147
585.717923147
584.976361812
584.976361812
584.976361812
584.976361812
584.976361812
584.976361812
584.976361812
584.976361812
584.976361812
584.976361812
584.976361812
584.976361812
584.976361812
584.976361812
584.976361812
584.976361812
584.976361812
584.976361812
584.976361812
584.976361812
584.976361812
584.976361812
584.976361812
584.976361812
584.976361812
584.976361812
584.976361812
584.976361812
584.976361812
584.976361812
584.976361812
584.976361812
584.976361812
584.976361812
584.976361812
584.976361812
584.976361812
584.976361812
584.976361812
584.976361812
584.976361812
584.976361812
584.976361812
584.976361812
584.976361812
584.976361812
584.976361812
584.976361812
584.976361812
584.976361812
584.976361812
584.976361812
584.976361812
584.976361812
584.976361812
584.976361812
584.976361812
584.976361812
584.976361812
584.976361812
584.976361812
584.976361812
584.976361812
584.976361812
584.976361812
584.976361812
584.976361812
584.976361812
584.976361812
584.976361812
584.976361812
584.976361812
584.976361812
584.976361812
584.976361812
584.976361812
584.976361812
584.976361812
584.976361812
584.976361812
584.976361812
584.976361812
584.976361812
584.976361812
584.976361812
584.976361812
584.976361812
584.976361812
584.976361812
584.976361812
584.976361812
584.976361812
584.976361812
584.976361812
584.976361812
584.976361812
584.976361812
584.976361812
584.976361812
584.976361812
584.976361812
584.976361812
584.976361812
584.976361812
584.976361812
584.976361812
584.976361812
584.976361812
584.976361812
584.976361812
584.976361812
584.976361812
584.976361812
584.976361812
584.976361812
584.976361812
584.976361812
584.976361812
584.976361812
584.976361812
584.976361812
584.976361812
584.976361812
584.976361812
584.976361812
584.976361812
584.976361812
584.976361812
584.976361812
584.976361812
584.976361812
584.976361812
584.976361812
584.976361812
584.976361812
584.976361812
584.976361812
584.976361812
584.976361812
584.976361812
584.976361812
584.976361812
584.976361812
584.976361812
584.976361812
584.976361812
584.976361812
584.976361812
584.976361812
584.976361812
584.976361812
584.976361812
584.976361812
584.976361812
584.976361812
584.976361812
584.976361812
584.976361812
584.976361812
584.976361812
584.976361812
584.976361812
584.976361812
584.976361812
584.976361812
584.976361812
584.976361812
584.976361812
584.976361812
584.976361812
584.976361812
584.976361812
584.976361812
584.976361812
584.976361812
584.976361812
584.976361812
584.976361812
584.976361812
584.976361812
584.976361812
584.976361812
584.976361812
583.439587398
583.439587398
583.439587398
583.439587398
583.439587398
583.439587398
583.439587398
583.439587398
583.439587398
583.439587398
583.439587398
583.439587398
583.439587398
583.439587398
583.439587398
583.439587398
583.439587398
583.439587398
583.439587398
583.439587398
583.439587398
583.439587398
583.439587398
583.439587398
583.439587398
583.439587398
583.439587398
583.439587398
583.439587398
583.439587398
583.439587398
583.439587398
583.439587398
583.439587398
583.439587398
583.439587398
583.439587398
583.439587398
583.439587398
583.439587398
583.439587398
583.439587398
583.439587398
583.439587398
583.439587398
583.439587398
583.439587398
583.439587398
583.439587398
583.439587398
583.439587398
583.439587398
583.439587398
583.439587398
583.439587398
583.318156977
583.318156977
583.318156977
583.318156977
583.318156977
583.318156977
583.318156977
583.318156977
583.318156977
583.318156977
583.318156977
583.318156977
583.318156977
583.318156977
583.318156977
583.318156977
583.318156977
583.318156977
583.318156977
583.318156977
583.318156977
583.318156977
583.318156977
583.318156977
583.318156977
583.318156977
583.318156977
583.318156977
583.318156977
583.318156977
583.318156977
583.318156977
583.318156977
583.318156977
583.318156977
583.318156977
583.318156977
583.318156977
583.318156977
583.318156977
583.318156977
583.318156977
583.318156977
583.318156977
583.318156977
583.318156977
583.318156977
583.318156977
583.318156977
583.318156977
583.318156977
583.318156977
583.318156977
583.318156977
583.318156977
583.318156977
583.318156977
583.318156977
583.318156977
583.318156977
583.318156977
583.318156977
583.318156977
583.318156977
583.318156977
583.318156977
583.318156977
583.318156977
583.318156977
583.318156977
583.318156977
583.318156977
583.318156977
583.318156977
583.318156977
583.318156977
583.318156977
583.318156977
583.318156977
583.318156977
583.318156977
583.318156977
583.318156977
583.318156977
583.318156977
583.318156977
583.318156977
583.318156977
583.318156977
583.318156977
583.318156977
583.318156977
583.318156977
583.318156977
583.318156977
583.318156977
583.318156977
583.318156977
583.318156977
583.318156977
583.318156977
583.318156977
583.318156977
583.318156977
583.318156977
583.318156977
583.318156977
583.318156977
583.318156977
583.318156977
583.318156977
583.318156977
583.318156977
583.318156977
583.318156977
583.318156977
583.318156977
583.318156977
583.318156977
583.318156977
583.318156977
583.318156977
583.318156977
583.318156977
583.318156977
583.318156977
583.318156977
583.318156977
583.318156977
583.318156977
583.318156977
583.318156977
583.318156977
583.318156977
583.318156977
583.318156977
583.318156977
583.318156977
583.318156977
583.318156977
583.318156977
583.318156977
583.318156977
583.318156977
583.318156977
583.318156977
583.318156977
583.318156977
583.318156977
583.318156977
583.318156977
583.318156977
583.318156977
583.318156977
583.318156977
583.318156977
583.318156977
583.318156977
583.318156977
583.318156977
583.318156977
583.318156977
583.318156977
583.318156977
583.318156977
583.318156977
583.318156977
583.318156977
583.318156977
583.318156977
583.318156977
583.318156977
583.318156977
583.318156977
583.318156977
583.318156977
583.318156977
583.318156977
583.318156977
583.318156977
583.318156977
583.318156977
583.318156977
583.318156977
583.318156977
583.318156977
583.318156977
583.318156977
583.318156977
583.318156977
583.318156977
583.318156977
583.318156977
583.318156977
583.318156977
583.318156977
583.318156977
583.318156977
583.318156977
583.318156977
583.318156977
583.318156977
583.318156977
583.318156977
583.318156977
583.318156977
583.318156977
583.318156977
583.318156977
583.318156977
583.318156977
583.318156977
583.318156977
583.318156977
583.318156977
583.318156977
583.318156977
583.318156977
583.318156977
583.318156977
583.318156977
583.318156977
583.318156977
583.318156977
583.318156977
583.318156977
583.318156977
583.318156977
583.318156977
583.318156977
583.318156977
583.318156977
583.318156977
583.318156977
583.318156977
583.318156977
583.318156977
583.318156977
583.318156977
583.318156977
583.318156977
583.318156977
583.318156977
583.318156977
583.318156977
583.318156977
583.318156977
583.318156977
583.318156977
583.318156977
583.318156977
583.318156977
583.318156977
583.318156977
583.318156977
583.318156977
583.318156977
583.318156977
583.318156977
583.318156977
583.318156977
583.318156977
583.318156977
583.318156977
583.318156977
583.318156977
583.318156977
583.318156977
583.318156977
583.318156977
583.318156977
583.318156977
583.318156977
583.318156977
583.318156977
583.318156977
583.318156977
583.318156977
583.318156977
583.318156977
583.318156977
583.318156977
583.318156977
583.318156977
583.318156977
583.318156977
583.318156977
583.318156977
583.318156977
583.318156977
583.318156977
583.318156977
583.318156977
583.318156977
583.318156977
583.318156977
583.318156977
583.318156977
583.318156977
583.318156977
583.318156977
583.318156977
583.318156977
583.318156977
583.318156977
583.318156977
583.318156977
583.318156977
583.318156977
583.318156977
583.318156977
583.318156977
583.318156977
583.318156977
583.318156977
583.318156977
583.318156977
583.318156977
583.318156977
583.318156977
583.318156977
583.318156977
583.318156977
583.318156977
583.318156977
583.318156977
583.318156977
583.318156977
583.318156977
583.318156977
583.318156977
583.318156977
583.318156977
583.318156977
583.318156977
583.318156977
583.318156977
583.318156977
583.318156977
583.318156977
583.318156977
583.318156977
583.318156977
583.318156977
583.318156977
583.318156977
583.318156977
583.318156977
583.318156977
583.318156977
583.318156977
583.318156977
583.318156977
583.318156977
583.318156977
583.318156977
583.318156977
583.318156977
583.318156977
583.318156977
583.318156977
583.318156977
583.318156977
583.318156977
583.318156977
583.318156977
583.318156977
583.318156977
583.318156977
583.318156977
583.318156977
583.318156977
583.318156977
583.318156977
583.318156977
583.318156977
583.318156977
583.318156977
583.318156977
583.318156977
583.318156977
583.318156977
583.318156977
583.318156977
583.318156977
583.318156977
583.318156977
583.318156977
583.318156977
583.318156977
583.318156977
583.318156977
583.318156977
583.318156977
583.318156977
583.318156977
583.318156977
583.318156977
583.318156977
583.318156977
583.318156977
583.318156977
583.318156977
583.318156977
583.318156977
583.318156977
583.318156977
583.318156977
583.318156977
583.318156977
583.318156977
583.318156977
583.318156977
583.318156977
583.318156977
583.318156977
583.318156977
583.318156977
583.318156977
583.318156977
583.318156977
583.318156977
583.318156977
583.318156977
583.318156977
583.318156977
583.318156977
583.318156977
583.318156977
583.318156977
583.318156977
583.318156977
583.318156977
583.318156977
583.318156977
583.318156977
583.318156977
583.318156977
583.318156977
583.318156977
583.318156977
583.318156977
583.318156977
583.318156977
583.318156977
583.318156977
583.318156977
583.318156977
583.318156977
583.318156977
583.318156977
583.318156977
583.318156977
583.318156977
583.318156977
583.318156977
583.318156977
583.318156977
583.318156977
583.318156977
583.318156977
583.318156977
583.318156977
583.318156977
583.318156977
583.318156977
583.318156977
583.318156977
583.318156977
583.318156977
583.318156977
583.318156977
583.318156977
583.318156977
583.318156977
583.318156977
583.318156977
583.318156977
583.318156977
583.318156977
583.318156977
583.318156977
583.318156977
583.318156977
583.318156977
583.318156977
583.318156977
583.318156977
583.318156977
583.318156977
583.318156977
583.318156977
583.318156977
583.318156977
583.318156977
583.318156977
583.318156977
583.318156977
583.318156977
583.318156977
583.318156977
583.318156977
583.318156977
583.318156977
583.318156977
583.318156977
583.318156977
583.318156977
583.318156977
583.318156977
583.318156977
583.318156977
583.318156977
583.318156977
583.318156977
583.318156977
583.318156977
583.318156977
583.318156977
583.318156977
583.318156977
583.318156977
583.318156977
583.318156977
583.318156977
583.318156977
583.318156977
583.318156977
583.318156977
583.318156977
583.318156977
583.318156977
583.318156977
583.318156977
583.318156977
583.318156977
583.318156977
583.318156977
583.318156977
583.318156977
583.318156977
583.318156977
583.318156977
583.318156977
583.318156977
583.318156977
583.318156977
583.318156977
583.318156977
583.318156977
583.318156977
583.318156977
583.318156977
583.318156977
583.318156977
583.318156977
583.318156977
583.318156977
583.318156977
583.318156977
583.318156977
583.318156977
583.318156977
583.318156977
583.318156977
583.318156977
583.318156977
583.318156977
583.318156977
583.318156977
583.318156977
583.318156977
583.318156977
583.318156977
583.318156977
583.318156977
583.318156977
583.318156977
583.318156977
583.318156977
583.318156977
583.318156977
583.318156977
583.318156977
583.318156977
583.318156977
583.318156977
583.318156977
583.318156977
583.318156977
583.318156977
583.318156977
583.318156977
583.318156977
583.318156977
583.318156977
583.318156977
583.318156977
583.318156977
583.318156977
583.318156977
583.318156977
583.318156977
583.318156977
583.318156977
583.318156977
583.318156977
583.318156977
583.318156977
583.318156977
583.318156977
583.318156977
583.318156977
583.318156977
583.318156977
583.318156977
583.318156977
583.318156977
583.318156977
583.318156977
583.318156977
583.318156977
583.318156977
583.318156977
583.318156977
583.318156977
583.318156977
583.318156977
583.318156977
583.318156977
583.318156977
583.318156977
583.318156977
583.318156977
583.318156977
583.318156977
583.318156977
583.318156977
583.318156977
583.318156977
583.318156977
583.318156977
583.318156977
583.318156977
583.318156977
583.318156977
583.318156977
583.318156977
583.318156977
583.318156977
583.318156977
583.318156977
583.318156977
583.318156977
583.318156977
583.318156977
583.318156977
583.318156977
583.318156977
583.318156977
583.318156977
583.318156977
583.318156977
583.318156977
583.318156977
583.318156977
583.318156977
583.318156977
583.318156977
583.318156977
583.318156977
583.318156977
583.318156977
583.318156977
583.318156977
583.318156977
583.318156977
583.318156977
583.318156977
583.318156977
583.318156977
583.318156977
583.318156977
583.318156977
583.318156977
583.318156977
583.318156977
583.318156977
583.318156977
583.318156977
583.318156977
583.318156977
583.318156977
583.318156977
583.318156977
583.318156977
583.318156977
583.318156977
583.318156977
583.318156977
583.318156977
583.318156977
583.318156977
583.318156977
583.318156977
583.318156977
583.318156977
583.318156977
583.318156977
583.318156977
583.318156977
583.318156977
583.318156977
583.318156977
583.318156977
583.318156977
583.318156977
583.318156977
583.318156977
583.318156977
583.318156977
583.318156977
583.318156977
583.318156977
583.318156977
583.318156977
583.318156977
583.318156977
583.318156977
583.318156977
583.318156977
583.318156977
583.318156977
583.318156977
583.318156977
583.318156977
583.318156977
583.318156977
583.318156977
583.318156977
583.318156977
583.318156977
583.318156977
583.318156977
583.318156977
583.318156977
583.318156977
583.318156977
583.318156977
583.318156977
583.318156977
583.318156977
583.318156977
583.318156977
583.318156977
583.318156977
583.318156977
583.318156977
583.318156977
583.318156977
583.318156977
583.318156977
583.318156977
583.318156977
583.318156977
583.318156977
583.318156977
583.318156977
583.318156977
583.318156977
583.318156977
583.318156977
583.318156977
583.318156977
583.318156977
583.318156977
583.318156977
583.318156977
583.318156977
583.318156977
583.318156977
583.318156977
583.318156977
583.318156977
583.318156977
583.318156977
583.318156977
583.318156977
583.318156977
583.318156977
583.318156977
583.318156977
583.318156977
583.318156977
583.318156977
583.318156977
583.318156977
583.318156977
583.318156977
583.318156977
583.318156977
583.318156977
583.318156977
583.318156977
583.318156977
583.318156977
583.318156977
583.318156977
583.318156977
583.318156977
583.318156977
583.318156977
583.318156977
583.318156977
583.318156977
583.318156977
583.318156977
583.318156977
583.318156977
583.318156977
583.318156977
583.318156977
583.318156977
583.318156977
583.318156977
583.318156977
583.318156977
583.318156977
583.318156977
583.318156977
583.318156977
583.318156977
583.318156977
583.318156977
583.318156977
583.318156977
583.318156977
583.318156977
583.318156977
583.318156977
583.318156977
583.318156977
583.318156977
583.318156977
583.318156977
583.318156977
583.318156977
583.318156977
583.318156977
583.318156977
583.318156977
583.318156977
583.318156977
583.318156977
583.318156977
583.318156977
583.318156977
583.318156977
583.318156977
583.318156977
583.318156977
583.318156977
583.318156977
583.318156977
583.318156977
583.318156977
583.318156977
583.318156977
583.318156977
583.318156977
583.318156977
583.318156977
583.318156977
583.318156977
583.318156977
583.318156977
583.318156977
583.318156977
583.318156977
583.318156977
583.318156977
583.318156977
583.318156977
583.318156977
583.318156977
583.318156977
583.318156977
583.318156977
583.318156977
583.318156977
583.318156977
583.318156977
583.318156977
583.318156977
583.318156977
583.318156977
583.318156977
583.318156977
583.318156977
583.318156977
583.318156977
583.318156977
583.318156977
583.318156977
583.318156977
583.318156977
583.318156977
583.318156977
583.318156977
583.318156977
583.318156977
583.318156977
583.318156977
583.318156977
583.318156977
583.318156977
583.318156977
583.318156977
583.318156977
583.318156977
583.318156977
583.318156977
583.318156977
583.318156977
583.318156977
583.318156977
583.318156977
583.318156977
583.318156977
583.318156977
583.318156977
583.318156977
583.318156977
583.318156977
583.318156977
583.318156977
583.318156977
583.318156977
583.318156977
583.318156977
583.318156977
583.318156977
583.318156977
583.318156977
583.318156977
583.318156977
583.318156977
583.318156977
583.318156977
583.318156977
583.318156977
583.318156977
583.318156977
583.318156977
583.318156977
583.318156977
583.318156977
583.318156977
583.318156977
583.318156977
583.318156977
583.318156977
583.318156977
583.318156977
583.318156977
583.318156977
583.318156977
583.318156977
583.318156977
583.318156977
583.318156977
583.318156977
583.318156977
583.318156977
583.318156977
583.318156977
583.318156977
583.318156977
583.318156977
583.318156977
583.318156977
583.318156977
583.318156977
583.318156977
583.318156977
583.318156977
583.318156977
583.318156977
583.318156977
583.318156977
583.318156977
583.318156977
583.318156977
583.318156977
583.318156977
583.318156977
583.318156977
583.318156977
583.318156977
583.318156977
583.318156977
583.318156977
583.318156977
583.318156977
583.318156977
583.318156977
583.318156977
583.318156977
583.318156977
583.318156977
583.318156977
583.318156977
583.318156977
583.318156977
583.318156977
583.318156977
583.318156977
583.318156977
583.318156977
583.318156977
583.318156977
583.318156977
583.318156977
583.318156977
583.318156977
583.318156977
583.318156977
583.318156977
583.318156977
583.318156977
583.318156977
583.318156977
583.318156977
583.318156977
583.318156977
583.318156977
583.318156977
583.318156977
583.318156977
583.318156977
583.318156977
583.318156977
583.318156977
583.318156977
583.318156977
583.318156977
583.318156977
583.318156977
583.318156977
583.318156977
583.318156977
583.318156977
583.318156977
583.318156977
583.318156977
583.318156977
583.318156977
583.318156977
583.318156977
583.318156977
583.318156977
583.318156977
583.318156977
583.318156977
583.318156977
583.318156977
583.318156977
583.318156977
583.318156977
583.318156977
583.318156977
583.318156977
583.318156977
583.318156977
583.318156977
583.318156977
583.318156977
583.318156977
583.318156977
583.318156977
583.318156977
583.318156977
583.318156977
583.318156977
583.318156977
583.318156977
583.318156977
583.318156977
583.318156977
583.318156977
583.318156977
583.318156977
583.318156977
583.318156977
583.318156977
583.318156977
583.318156977
583.318156977
583.318156977
583.318156977
583.318156977
583.318156977
583.318156977
583.318156977
583.318156977
583.318156977
583.318156977
583.318156977
583.318156977
583.318156977
583.318156977
583.318156977
583.318156977
583.318156977
583.318156977
583.318156977
583.318156977
583.318156977
583.318156977
583.318156977
583.318156977
583.318156977
583.318156977
583.318156977
583.318156977
583.318156977
583.318156977
583.318156977
583.318156977
583.318156977
583.318156977
583.318156977
583.318156977
583.318156977
583.318156977
583.318156977
583.318156977
583.318156977
583.318156977
583.318156977
583.318156977
583.318156977
583.318156977
583.318156977
583.318156977
583.318156977
583.318156977
583.318156977
583.318156977
583.318156977
583.318156977
583.318156977
583.318156977
583.318156977
583.318156977
583.318156977
583.318156977
583.318156977
583.318156977
583.318156977
583.318156977
583.318156977
583.318156977
583.318156977
583.318156977
583.318156977
583.318156977
583.318156977
583.318156977
583.318156977
583.318156977
583.318156977
583.318156977
583.318156977
583.318156977
583.318156977
583.318156977
583.318156977
583.318156977
583.318156977
583.318156977
583.318156977
583.318156977
583.318156977
583.318156977
583.318156977
583.318156977
583.318156977
583.318156977
583.318156977
583.318156977
583.318156977
583.318156977
583.318156977
583.318156977
583.318156977
583.318156977
583.318156977
583.318156977
583.318156977
583.318156977
583.318156977
583.318156977
583.318156977
583.318156977
583.318156977
583.318156977
583.318156977
583.318156977
583.318156977
583.318156977
583.318156977
583.318156977
583.318156977
583.318156977
583.318156977
583.318156977
583.318156977
583.318156977
583.318156977
583.318156977
583.318156977
583.318156977
583.318156977
583.318156977
583.318156977
583.318156977
583.318156977
583.318156977
583.318156977
583.318156977
583.318156977
583.318156977
583.318156977
583.318156977
583.318156977
583.318156977
583.318156977
583.318156977
583.318156977
583.318156977
583.318156977
583.318156977
583.318156977
583.318156977
583.318156977
583.318156977
583.318156977
583.318156977
583.318156977
583.318156977
583.318156977
583.318156977
583.318156977
583.318156977
583.318156977
583.318156977
583.318156977
583.318156977
583.318156977
583.318156977
583.318156977
583.318156977
583.318156977
583.318156977
583.318156977
583.318156977
583.318156977
583.318156977
583.318156977
583.318156977
583.318156977
583.318156977
583.318156977
583.318156977
583.318156977
583.318156977
583.318156977
583.318156977
583.318156977
583.318156977
583.318156977
583.318156977
583.318156977
583.318156977
583.318156977
583.318156977
583.318156977
583.318156977
583.318156977
583.318156977
583.318156977
583.318156977
583.318156977
583.318156977
583.318156977
583.318156977
583.318156977
583.318156977
583.318156977
583.318156977
583.318156977
583.318156977
583.318156977
583.318156977
583.318156977
583.318156977
583.318156977
583.318156977
583.318156977
583.318156977
583.318156977
583.318156977
583.318156977
583.318156977
583.318156977
583.318156977
583.318156977
583.318156977
583.318156977
583.318156977
583.318156977
583.318156977
583.318156977
583.318156977
583.318156977
583.318156977
583.318156977
583.318156977
583.318156977
583.318156977
583.318156977
583.318156977
583.318156977
583.318156977
583.318156977
583.318156977
583.318156977
583.318156977
583.318156977
583.318156977
583.318156977
583.318156977
583.318156977
583.318156977
583.318156977
583.318156977
583.318156977
583.318156977
583.318156977
583.318156977
583.318156977
583.318156977
583.318156977
583.318156977
583.318156977
583.318156977
583.318156977
583.318156977
583.318156977
583.318156977
583.318156977
583.318156977
583.318156977
583.318156977
583.318156977
583.318156977
583.318156977
583.318156977
583.318156977
583.318156977
583.318156977
583.318156977
583.318156977
583.318156977
583.318156977
583.318156977
583.318156977
583.318156977
583.318156977
583.318156977
583.318156977
583.318156977
583.318156977
583.318156977
583.318156977
583.318156977
583.318156977
583.318156977
583.318156977
583.318156977
583.318156977
583.318156977
583.318156977
583.318156977
583.318156977
583.318156977
583.318156977
583.318156977
583.318156977
583.318156977
583.318156977
583.318156977
583.318156977
583.318156977
583.318156977
583.318156977
583.318156977
583.318156977
583.318156977
583.318156977
583.318156977
583.318156977
583.318156977
583.318156977
583.318156977
583.318156977
583.318156977
583.318156977
583.318156977
583.318156977
583.318156977
583.318156977
583.318156977
583.318156977
583.318156977
583.318156977
583.318156977
583.318156977
583.318156977
583.318156977
583.318156977
583.318156977
583.318156977
583.318156977
583.318156977
583.318156977
583.318156977
583.318156977
583.318156977
583.318156977
583.318156977
583.318156977
583.318156977
583.318156977
583.318156977
583.318156977
583.318156977
583.318156977
583.318156977
583.318156977
583.318156977
583.318156977
583.318156977
583.318156977
583.318156977
583.318156977
583.318156977
583.318156977
583.318156977
583.318156977
583.318156977
583.318156977
583.318156977
583.318156977
583.318156977
583.318156977
583.318156977
583.318156977
583.318156977
583.318156977
583.318156977
583.318156977
583.318156977
583.318156977
583.318156977
583.318156977
583.318156977
583.318156977
583.318156977
583.318156977
583.318156977
583.318156977
583.318156977
583.318156977
583.318156977
583.318156977
583.318156977
583.318156977
583.318156977
583.318156977
583.318156977
583.318156977
583.318156977
583.318156977
583.318156977
583.318156977
583.318156977
583.318156977
583.318156977
583.318156977
583.318156977
583.318156977
583.318156977
583.318156977
583.318156977
583.318156977
583.318156977
583.318156977
583.318156977
583.318156977
583.318156977
583.318156977
583.318156977
583.318156977
583.318156977
583.318156977
583.318156977
583.318156977
583.318156977
583.318156977
583.318156977
583.318156977
583.318156977
583.318156977
583.318156977
583.318156977
583.318156977
583.318156977
583.318156977
583.318156977
583.318156977
583.318156977
583.318156977
583.318156977
583.318156977
583.318156977
583.318156977
583.318156977
583.318156977
583.318156977
583.318156977
583.318156977
583.318156977
583.318156977
583.318156977
583.318156977
583.318156977
583.318156977
583.318156977
583.318156977
583.318156977
583.318156977
583.318156977
583.318156977
583.318156977
583.318156977
583.318156977
583.318156977
583.318156977
583.318156977
583.318156977
583.318156977
583.318156977
583.318156977
583.318156977
583.318156977
583.318156977
583.318156977
583.318156977
583.318156977
583.318156977
583.318156977
583.318156977
583.318156977
583.318156977
583.318156977
583.318156977
583.318156977
583.318156977
583.318156977
583.318156977
583.318156977
583.318156977
583.318156977
583.318156977
583.318156977
583.318156977
583.318156977
583.318156977
583.318156977
583.318156977
583.318156977
583.318156977
583.318156977
583.318156977
583.318156977
583.318156977
583.318156977
583.318156977
583.318156977
583.318156977
583.318156977
583.318156977
583.318156977
583.318156977
583.318156977
583.318156977
583.318156977
583.318156977
583.318156977
583.318156977
583.318156977
583.318156977
583.318156977
583.318156977
583.318156977
583.318156977
583.318156977
583.318156977
583.318156977
583.318156977
583.318156977
583.318156977
583.318156977
583.318156977
583.318156977
583.318156977
583.318156977
583.318156977
583.318156977
583.318156977
583.318156977
583.318156977
583.318156977
583.318156977
583.318156977
583.318156977
583.318156977
583.318156977
583.318156977
583.318156977
583.318156977
583.318156977
583.318156977
583.318156977
583.318156977
583.318156977
583.318156977
583.318156977
583.318156977
583.318156977
583.318156977
583.318156977
583.318156977
583.318156977
583.318156977
583.318156977
583.318156977
583.318156977
583.318156977
583.318156977
583.318156977
583.318156977
583.318156977
583.318156977
583.318156977
583.318156977
583.318156977
583.318156977
583.318156977
583.318156977
583.318156977
583.318156977
583.318156977
583.318156977
583.318156977
583.318156977
583.318156977
583.318156977
583.318156977
583.318156977
583.318156977
583.318156977
583.318156977
583.318156977
583.318156977
583.318156977
583.318156977
583.318156977
583.318156977
583.318156977
583.318156977
583.318156977
583.318156977
583.318156977
583.318156977
583.318156977
583.318156977
583.318156977
583.318156977
583.318156977
583.318156977
583.318156977
583.318156977
583.318156977
583.318156977
583.318156977
583.318156977
583.318156977
583.318156977
583.318156977
583.318156977
583.318156977
583.318156977
583.318156977
583.318156977
583.318156977
583.318156977
583.318156977
583.318156977
583.318156977
583.318156977
583.318156977
583.318156977
583.318156977
583.318156977
583.318156977
583.318156977
583.318156977
583.318156977
583.318156977
583.318156977
583.318156977
583.318156977
583.318156977
583.318156977
583.318156977
583.318156977
583.318156977
583.318156977
583.318156977
583.318156977
583.318156977
583.318156977
583.318156977
583.318156977
583.318156977
583.318156977
583.318156977
583.318156977
583.318156977
583.318156977
583.318156977
583.318156977
583.318156977
583.318156977
583.318156977
583.318156977
583.318156977
583.318156977
583.318156977
583.318156977
583.318156977
583.318156977
583.318156977
583.318156977
583.318156977
583.318156977
583.318156977
583.318156977
583.318156977
583.318156977
583.318156977
583.318156977
583.318156977
583.318156977
583.318156977
583.318156977
583.318156977
583.318156977
583.318156977
583.318156977
583.318156977
583.318156977
583.318156977
583.318156977
583.318156977
583.318156977
583.318156977
583.318156977
583.318156977
583.318156977
583.318156977
583.318156977
583.318156977
583.318156977
583.318156977
583.318156977
583.318156977
583.318156977
583.318156977
583.318156977
583.318156977
583.318156977
583.318156977
583.318156977
583.318156977
583.318156977
583.318156977
583.318156977
583.318156977
583.318156977
583.318156977
583.318156977
583.318156977
583.318156977
583.318156977
583.318156977
583.318156977
583.318156977
583.318156977
583.318156977
583.318156977
583.318156977
583.318156977
583.318156977
583.318156977
583.318156977
583.318156977
583.318156977
583.318156977
583.318156977
583.318156977
583.318156977
583.318156977
583.318156977
583.318156977
583.318156977
583.318156977
583.318156977
583.318156977
583.318156977
583.318156977
583.318156977
583.318156977
583.318156977
583.318156977
583.318156977
583.318156977
583.318156977
583.318156977
583.318156977
583.318156977
583.318156977
583.318156977
583.318156977
583.318156977
583.318156977
583.318156977
583.318156977
583.318156977
583.318156977
583.318156977
583.318156977
583.318156977
583.318156977
583.318156977
583.318156977
583.318156977
583.318156977
583.318156977
583.318156977
583.318156977
583.318156977
583.318156977
583.318156977
583.318156977
583.318156977
583.318156977
583.318156977
583.318156977
583.318156977
583.318156977
583.318156977
583.318156977
583.318156977
583.318156977
583.318156977
583.318156977
583.318156977
583.318156977
583.318156977
583.318156977
583.318156977
583.318156977
583.318156977
583.318156977
583.318156977
583.318156977
583.318156977
583.318156977
583.318156977
583.318156977
583.318156977
583.318156977
583.318156977
583.318156977
583.318156977
583.318156977
583.318156977
583.318156977
583.318156977
583.318156977
583.318156977
583.318156977
583.318156977
583.318156977
583.318156977
583.318156977
583.318156977
583.318156977
583.318156977
583.318156977
583.318156977
583.318156977
583.318156977
583.318156977
583.318156977
583.318156977
583.318156977
583.318156977
583.318156977
583.318156977
583.318156977
583.318156977
583.318156977
583.318156977
583.318156977
583.318156977
583.318156977
583.318156977
583.318156977
583.318156977
583.318156977
583.318156977
583.318156977
583.318156977
583.318156977
583.318156977
583.318156977
583.318156977
583.318156977
583.318156977
583.318156977
583.318156977
583.318156977
583.318156977
583.318156977
583.318156977
583.318156977
583.318156977
583.318156977
583.318156977
583.318156977
583.318156977
