1597.56623128
1526.05261534
1509.74483343
1444.60251048
1440.63391345
1389.6152406
1363.02478238
1327.85893295
1311.11653099
1302.82600668
1245.49439017
1241.69065615
1240.6443433
1240.74619318
1210.56744157
1201.41653504
1200.03865626
1188.00940419
1182.70381484
1201.80114042
1187.51719562
1182.81878076
1186.26278626
1189.19570112
1146.34505787
1150.74876885
1152.41755012
1157.14696138
1157.03699036
1156.25259531
1142.31581733
1143.78916634
1124.42123053
1114.10778611
1121.48944533
1102.66994317
1093.30261718
1110.65360942
1100.18120221
1082.83020997
1078.83529583
1066.09442802
1058.08448799
1057.89282704
1064.19248474
1055.28372702
1055.28372702
1060.15877517
1076.87618447
1059.96312102
1051.69765708
1046.79151311
1059.94088539
1047.66963769
1047.66963769
1040.69307107
1049.91751447
1052.39322474
1046.51873622
1033.66109144
1032.72629438
1043.8190685
1034.23359842
1030.32067625
1021.99367853
1027.93556717
1027.36064496
1024.76570516
1031.08712008
1012.22307753
1012.2385107
1006.75798503
1025.05908657
1018.26105151
1030.94987924
1024.38120321
1017.50669281
1014.79944435
1014.79944435
1014.79944435
992.237430987
988.535113633
982.211719256
974.920672603
975.480607636
975.480607636
975.480607636
975.480607636
949.712735999
949.712735999
949.555265738
949.555265738
949.555265738
935.07343037
943.873252143
943.873252143
947.193245788
958.25002319
963.593954716
962.61948494
961.149308446
952.529231061
954.312679282
938.552886381
930.700056119
930.700056119
930.700056119
930.700056119
930.700056119
930.700056119
930.700056119
938.165841786
921.816040418
921.816040418
891.739648044
889.90622107
889.90622107
879.202051194
879.202051194
879.202051194
879.202051194
868.509720983
868.509720983
869.79389016
861.878086167
861.878086167
861.878086167
861.878086167
861.878086167
846.631390059
849.093322092
849.093322092
849.093322092
849.093322092
849.093322092
849.093322092
849.093322092
849.093322092
847.350493223
847.350493223
846.262613759
846.262613759
846.262613759
846.262613759
846.262613759
846.262613759
846.262613759
846.262613759
846.262613759
843.452455568
843.452455568
843.452455568
843.452455568
843.452455568
843.452455568
831.372509047
818.967037957
818.967037957
818.967037957
815.477920124
815.477920124
815.477920124
815.477920124
815.477920124
815.477920124
815.477920124
794.737529941
794.737529941
794.737529941
794.737529941
794.737529941
794.737529941
794.737529941
794.737529941
787.197857007
787.197857007
784.09858556
784.09858556
784.09858556
784.09858556
770.919596123
770.919596123
770.919596123
770.919596123
770.919596123
770.919596123
770.919596123
770.919596123
770.919596123
770.919596123
765.382573403
765.382573403
765.382573403
761.329796105
756.165816814
756.165816814
756.165816814
754.937288758
753.418351878
743.046414596
743.046414596
743.046414596
743.046414596
743.046414596
743.046414596
743.046414596
743.046414596
743.046414596
743.046414596
743.046414596
731.124913965
728.101417662
728.101417662
728.101417662
728.101417662
728.101417662
728.101417662
728.101417662
727.833457001
727.833457001
727.833457001
727.833457001
727.833457001
726.027962818
726.027962818
726.027962818
721.316420738
721.316420738
721.316420738
721.316420738
721.316420738
721.316420738
721.316420738
721.316420738
721.316420738
721.316420738
721.316420738
721.316420738
718.979352459
718.979352459
718.979352459
718.979352459
718.979352459
718.979352459
718.979352459
718.979352459
718.979352459
715.955856155
715.955856155
715.955856155
715.955856155
715.955856155
715.955856155
715.955856155
715.955856155
715.955856155
715.955856155
715.842294032
715.842294032
715.842294032
715.842294032
715.842294032
715.842294032
715.842294032
715.842294032
715.842294032
715.842294032
715.842294032
715.842294032
715.842294032
715.842294032
715.842294032
715.842294032
715.842294032
715.842294032
715.842294032
715.842294032
715.842294032
715.842294032
715.842294032
715.842294032
715.842294032
715.842294032
713.736675231
713.736675231
713.736675231
713.736675231
713.736675231
711.160276729
711.160276729
711.160276729
703.536306608
703.536306608
703.536306608
703.536306608
703.536306608
703.536306608
703.536306608
703.536306608
703.536306608
703.536306608
702.654722144
702.654722144
702.654722144
702.654722144
702.654722144
702.654722144
702.654722144
691.155398587
691.155398587
691.155398587
685.379899084
680.885116694
680.885116694
680.885116694
680.885116694
680.885116694
666.431301234
666.431301234
666.431301234
666.431301234
666.431301234
666.431301234
666.431301234
662.336552689
662.336552689
662.336552689
662.336552689
662.336552689
662.336552689
655.100326102
652.722047331
652.722047331
652.722047331
652.722047331
652.722047331
652.722047331
652.722047331
652.722047331
652.722047331
652.722047331
652.722047331
652.722047331
652.722047331
652.722047331
652.722047331
652.722047331
652.722047331
652.722047331
652.722047331
652.722047331
652.722047331
652.722047331
652.050200306
652.050200306
652.050200306
647.184919843
647.184919843
647.184919843
647.184919843
647.184919843
647.184919843
647.184919843
647.184919843
647.184919843
647.184919843
647.184919843
647.184919843
647.184919843
647.184919843
647.184919843
647.184919843
647.184919843
647.184919843
647.184919843
647.184919843
647.184919843
647.184919843
647.184919843
647.184919843
647.184919843
647.184919843
647.184919843
647.184919843
647.184919843
647.184919843
647.184919843
647.184919843
647.184919843
647.184919843
647.184919843
647.184919843
647.184919843
647.184919843
647.184919843
647.184919843
647.184919843
647.184919843
647.184919843
647.184919843
647.184919843
647.184919843
647.184919843
647.184919843
647.184919843
647.184919843
647.184919843
647.184919843
647.184919843
647.184919843
647.184919843
647.184919843
647.184919843
647.184919843
639.283837677
639.283837677
639.283837677
639.283837677
639.283837677
639.283837677
639.283837677
639.283837677
639.283837677
639.283837677
639.283837677
638.459186747
638.459186747
638.459186747
638.459186747
638.459186747
638.459186747
638.459186747
638.459186747
638.459186747
638.459186747
638.459186747
638.459186747
638.459186747
638.459186747
638.459186747
638.459186747
638.459186747
638.459186747
638.459186747
638.459186747
638.459186747
638.459186747
629.127870814
629.127870814
629.127870814
629.127870814
629.127870814
629.127870814
629.127870814
629.127870814
629.127870814
629.127870814
629.127870814
629.127870814
629.127870814
629.127870814
629.127870814
629.127870814
629.127870814
629.127870814
629.127870814
626.379795868
626.379795868
626.379795868
626.379795868
626.379795868
626.379795868
626.379795868
626.379795868
626.379795868
626.379795868
626.379795868
625.532753347
625.532753347
625.532753347
625.532753347
625.532753347
625.532753347
625.532753347
625.532753347
625.532753347
625.532753347
625.532753347
625.532753347
625.532753347
625.532753347
625.532753347
625.532753347
625.532753347
625.532753347
625.532753347
625.532753347
625.532753347
625.532753347
625.532753347
625.532753347
625.532753347
625.532753347
625.532753347
625.532753347
625.532753347
625.532753347
625.532753347
625.532753347
625.532753347
625.532753347
625.532753347
625.532753347
625.532753347
625.532753347
625.532753347
625.532753347
625.532753347
625.532753347
625.532753347
625.532753347
625.532753347
625.532753347
625.532753347
625.532753347
625.532753347
625.532753347
625.532753347
625.532753347
625.532753347
625.532753347
625.532753347
625.532753347
625.532753347
625.532753347
625.532753347
625.532753347
625.532753347
625.532753347
625.532753347
625.532753347
625.532753347
625.532753347
625.532753347
625.532753347
625.532753347
625.437602201
625.437602201
625.437602201
625.437602201
625.437602201
625.437602201
625.437602201
625.437602201
625.437602201
625.437602201
625.437602201
622.925741302
622.925741302
622.925741302
622.925741302
622.925741302
622.925741302
622.925741302
622.925741302
622.925741302
622.925741302
622.925741302
622.925741302
622.925741302
622.925741302
622.925741302
622.925741302
622.925741302
622.925741302
622.925741302
622.925741302
622.925741302
622.925741302
622.925741302
622.925741302
622.925741302
622.925741302
622.925741302
622.925741302
622.925741302
622.925741302
622.925741302
622.925741302
622.925741302
622.925741302
622.925741302
622.925741302
622.925741302
622.925741302
622.925741302
622.925741302
622.925741302
622.925741302
622.925741302
622.925741302
622.925741302
622.925741302
622.925741302
622.925741302
622.925741302
622.925741302
622.925741302
622.925741302
622.925741302
622.925741302
622.925741302
622.925741302
622.925741302
622.925741302
622.925741302
622.925741302
622.925741302
622.925741302
622.925741302
622.26906887
622.26906887
622.26906887
622.26906887
622.26906887
619.679630358
619.679630358
619.679630358
619.679630358
619.679630358
619.679630358
619.679630358
619.679630358
619.679630358
619.679630358
619.679630358
619.679630358
619.679630358
619.350787074
619.350787074
619.350787074
619.350787074
619.350787074
619.350787074
619.350787074
619.350787074
619.350787074
619.350787074
619.350787074
619.350787074
619.350787074
619.350787074
619.350787074
619.350787074
619.350787074
619.350787074
608.417689377
608.417689377
608.417689377
608.417689377
603.558149514
603.558149514
603.558149514
603.558149514
603.558149514
603.558149514
603.558149514
603.558149514
603.558149514
603.558149514
603.558149514
602.790468849
602.790468849
602.790468849
602.790468849
602.790468849
602.790468849
602.790468849
593.378731773
593.378731773
593.378731773
593.378731773
593.378731773
593.378731773
593.378731773
593.378731773
593.378731773
593.378731773
593.378731773
593.378731773
593.378731773
587.914050515
587.914050515
587.914050515
584.534845557
584.534845557
584.534845557
584.534845557
584.534845557
584.534845557
584.534845557
584.534845557
584.534845557
584.534845557
584.534845557
584.534845557
584.534845557
584.534845557
584.534845557
584.534845557
584.534845557
584.534845557
584.534845557
584.534845557
584.534845557
584.534845557
577.819261221
577.819261221
577.819261221
577.819261221
577.819261221
577.819261221
577.819261221
577.819261221
577.819261221
577.819261221
577.819261221
577.819261221
577.819261221
577.819261221
577.819261221
577.819261221
577.819261221
577.819261221
577.819261221
577.819261221
577.819261221
577.819261221
577.819261221
577.819261221
577.819261221
577.819261221
577.819261221
577.819261221
577.819261221
577.819261221
577.819261221
577.819261221
577.819261221
577.819261221
577.819261221
577.819261221
577.819261221
577.819261221
577.819261221
577.819261221
577.819261221
577.819261221
577.819261221
577.819261221
577.819261221
577.819261221
577.819261221
577.819261221
577.819261221
577.819261221
577.819261221
577.819261221
577.819261221
577.819261221
577.819261221
577.819261221
577.819261221
577.819261221
577.819261221
577.819261221
577.819261221
577.819261221
577.819261221
577.819261221
577.819261221
577.819261221
577.819261221
577.819261221
577.819261221
577.819261221
577.819261221
577.819261221
577.819261221
577.819261221
577.819261221
577.819261221
577.819261221
577.819261221
577.819261221
577.819261221
577.819261221
577.819261221
577.819261221
577.819261221
577.819261221
577.819261221
577.819261221
577.819261221
577.819261221
577.819261221
577.819261221
577.819261221
577.819261221
577.819261221
577.819261221
577.819261221
577.819261221
577.819261221
577.819261221
577.819261221
577.819261221
577.819261221
577.819261221
577.819261221
577.819261221
577.819261221
577.819261221
577.819261221
577.819261221
577.819261221
577.819261221
577.819261221
577.819261221
577.819261221
577.819261221
577.819261221
577.819261221
577.819261221
577.819261221
577.819261221
577.819261221
577.819261221
577.819261221
577.819261221
577.819261221
577.819261221
577.819261221
577.819261221
577.819261221
577.819261221
577.819261221
577.819261221
577.819261221
577.819261221
577.819261221
577.819261221
577.819261221
577.819261221
577.819261221
577.819261221
577.819261221
577.819261221
577.819261221
577.819261221
577.819261221
577.819261221
577.819261221
577.819261221
577.819261221
577.819261221
577.819261221
577.819261221
577.819261221
577.819261221
577.819261221
577.819261221
577.819261221
577.819261221
577.819261221
577.819261221
577.819261221
577.819261221
577.819261221
577.819261221
577.819261221
577.819261221
577.819261221
577.819261221
577.819261221
577.819261221
577.819261221
577.819261221
577.819261221
577.819261221
577.819261221
577.819261221
577.819261221
577.819261221
577.819261221
577.819261221
577.819261221
577.819261221
577.819261221
577.819261221
577.819261221
577.819261221
577.819261221
577.819261221
577.819261221
577.819261221
577.819261221
577.819261221
577.819261221
577.819261221
577.819261221
577.819261221
577.819261221
577.819261221
577.819261221
577.819261221
577.819261221
577.819261221
577.819261221
577.819261221
577.819261221
577.819261221
577.819261221
577.819261221
577.819261221
577.819261221
577.819261221
577.819261221
577.819261221
577.819261221
577.819261221
577.819261221
577.819261221
577.819261221
577.819261221
577.819261221
577.819261221
577.819261221
577.819261221
577.819261221
577.819261221
577.819261221
577.819261221
577.819261221
577.819261221
577.819261221
577.819261221
577.819261221
577.819261221
577.819261221
577.819261221
577.819261221
577.819261221
577.819261221
577.819261221
577.819261221
577.819261221
577.819261221
577.819261221
577.819261221
577.819261221
577.819261221
577.819261221
577.819261221
577.819261221
577.819261221
577.819261221
577.819261221
577.819261221
577.819261221
577.819261221
577.819261221
577.819261221
577.819261221
577.819261221
577.819261221
577.819261221
577.819261221
577.819261221
577.819261221
577.819261221
577.819261221
577.819261221
577.819261221
577.819261221
577.819261221
577.819261221
577.819261221
577.819261221
577.819261221
577.819261221
577.819261221
577.819261221
577.819261221
577.819261221
577.819261221
577.819261221
577.819261221
577.819261221
577.819261221
577.819261221
577.819261221
577.819261221
577.819261221
577.819261221
577.819261221
577.819261221
577.819261221
577.819261221
577.819261221
577.819261221
577.819261221
577.819261221
577.819261221
577.819261221
577.819261221
577.819261221
577.819261221
577.819261221
577.819261221
577.819261221
577.819261221
577.819261221
577.819261221
577.819261221
577.819261221
577.819261221
577.819261221
577.819261221
577.819261221
577.819261221
577.819261221
577.819261221
577.819261221
577.819261221
577.819261221
577.819261221
577.819261221
577.819261221
577.819261221
577.819261221
577.819261221
577.819261221
577.819261221
577.819261221
577.819261221
577.819261221
577.819261221
577.819261221
577.819261221
577.819261221
577.819261221
577.819261221
577.819261221
577.819261221
577.819261221
577.819261221
577.819261221
577.819261221
577.819261221
577.819261221
577.819261221
577.819261221
577.819261221
577.819261221
577.819261221
577.819261221
577.819261221
577.819261221
577.819261221
577.819261221
577.819261221
577.819261221
577.819261221
577.819261221
577.819261221
577.819261221
577.819261221
577.819261221
577.819261221
577.819261221
577.819261221
577.819261221
577.819261221
577.819261221
577.819261221
577.819261221
577.819261221
577.819261221
577.819261221
577.819261221
577.819261221
577.819261221
577.819261221
577.819261221
577.819261221
577.819261221
577.819261221
577.819261221
577.819261221
577.819261221
577.819261221
577.819261221
577.819261221
577.819261221
577.819261221
577.819261221
577.819261221
577.819261221
577.819261221
577.819261221
577.819261221
577.819261221
577.819261221
577.819261221
577.819261221
577.819261221
577.819261221
577.819261221
577.819261221
577.819261221
577.819261221
577.819261221
577.819261221
577.819261221
577.819261221
577.819261221
577.819261221
577.819261221
577.819261221
577.819261221
577.819261221
577.819261221
577.819261221
577.819261221
577.819261221
577.819261221
577.819261221
577.819261221
577.819261221
577.819261221
577.819261221
577.819261221
577.819261221
577.819261221
577.819261221
577.819261221
577.819261221
577.819261221
577.819261221
577.819261221
577.819261221
577.819261221
577.819261221
577.819261221
577.819261221
577.819261221
577.819261221
577.819261221
577.819261221
577.819261221
577.819261221
577.819261221
577.819261221
577.819261221
577.819261221
577.819261221
577.819261221
577.819261221
577.819261221
577.819261221
577.819261221
577.819261221
577.819261221
577.819261221
577.819261221
577.819261221
577.819261221
577.819261221
577.819261221
577.819261221
577.819261221
577.819261221
577.819261221
577.819261221
577.819261221
577.819261221
577.819261221
577.819261221
577.819261221
577.819261221
577.819261221
577.819261221
577.819261221
577.819261221
577.819261221
577.819261221
577.819261221
577.819261221
577.819261221
577.819261221
577.819261221
577.819261221
577.819261221
577.819261221
577.819261221
577.819261221
577.819261221
577.819261221
577.819261221
577.819261221
577.819261221
577.819261221
577.819261221
577.819261221
577.819261221
577.819261221
577.819261221
577.819261221
577.819261221
577.819261221
577.819261221
577.819261221
577.819261221
577.819261221
577.819261221
577.819261221
577.819261221
577.819261221
577.819261221
577.819261221
577.819261221
577.819261221
577.819261221
577.819261221
577.819261221
577.819261221
577.819261221
577.819261221
577.819261221
577.819261221
577.819261221
577.819261221
577.819261221
577.819261221
577.819261221
577.819261221
577.819261221
577.819261221
574.795764917
574.795764917
574.795764917
574.795764917
574.795764917
574.795764917
574.795764917
574.795764917
574.795764917
574.795764917
574.795764917
574.795764917
574.795764917
574.795764917
574.795764917
574.795764917
574.795764917
574.795764917
574.795764917
574.795764917
574.795764917
574.795764917
574.795764917
574.795764917
574.795764917
574.795764917
574.795764917
574.795764917
574.795764917
574.795764917
574.795764917
574.795764917
574.795764917
574.795764917
574.795764917
574.795764917
574.795764917
574.795764917
574.795764917
574.795764917
574.795764917
574.795764917
574.795764917
574.795764917
574.795764917
574.795764917
574.795764917
574.795764917
574.795764917
574.795764917
574.795764917
574.795764917
574.795764917
574.795764917
574.795764917
574.795764917
574.795764917
574.795764917
574.795764917
574.795764917
574.795764917
574.795764917
574.795764917
574.795764917
574.795764917
574.795764917
574.795764917
574.795764917
574.795764917
574.795764917
574.795764917
574.795764917
574.795764917
574.795764917
574.795764917
574.795764917
574.795764917
574.795764917
574.795764917
574.795764917
574.795764917
574.795764917
574.795764917
574.795764917
574.795764917
574.795764917
574.795764917
574.795764917
574.795764917
574.795764917
574.795764917
574.795764917
574.795764917
574.795764917
574.795764917
574.795764917
574.795764917
574.795764917
574.795764917
574.795764917
574.795764917
574.795764917
574.795764917
574.795764917
574.795764917
574.795764917
574.795764917
574.795764917
574.795764917
574.795764917
574.795764917
574.795764917
574.795764917
574.795764917
574.795764917
574.795764917
574.795764917
574.795764917
574.795764917
574.795764917
574.795764917
574.795764917
574.795764917
574.795764917
574.795764917
574.795764917
574.795764917
574.795764917
574.795764917
574.795764917
574.795764917
574.795764917
574.795764917
574.795764917
574.795764917
574.795764917
574.795764917
574.795764917
574.795764917
574.795764917
574.795764917
574.795764917
574.795764917
574.795764917
574.795764917
574.795764917
574.795764917
574.795764917
574.795764917
574.795764917
574.795764917
574.795764917
574.795764917
574.795764917
574.795764917
574.795764917
574.795764917
574.795764917
574.795764917
574.795764917
574.795764917
574.795764917
574.795764917
574.795764917
574.795764917
574.795764917
574.795764917
574.795764917
574.795764917
574.795764917
574.795764917
574.795764917
574.795764917
574.795764917
574.795764917
574.795764917
574.795764917
574.795764917
574.795764917
574.795764917
574.795764917
574.795764917
574.795764917
574.795764917
574.795764917
574.795764917
574.795764917
574.795764917
574.795764917
574.795764917
574.795764917
574.795764917
574.795764917
574.795764917
574.795764917
574.795764917
574.795764917
574.795764917
574.795764917
574.795764917
574.795764917
574.795764917
574.795764917
574.795764917
574.795764917
574.795764917
574.795764917
574.795764917
574.795764917
574.795764917
574.795764917
574.795764917
574.795764917
574.795764917
574.795764917
574.795764917
574.795764917
574.795764917
574.795764917
574.795764917
574.795764917
574.795764917
574.795764917
574.795764917
574.795764917
574.795764917
574.795764917
574.795764917
574.795764917
574.795764917
574.795764917
574.795764917
574.795764917
574.795764917
574.795764917
574.795764917
574.795764917
574.795764917
574.795764917
574.795764917
574.795764917
574.795764917
574.795764917
574.795764917
574.795764917
574.795764917
574.795764917
574.795764917
574.795764917
574.795764917
574.795764917
574.795764917
574.795764917
574.795764917
574.795764917
574.795764917
574.795764917
574.795764917
574.795764917
574.795764917
574.795764917
574.795764917
574.795764917
574.795764917
574.795764917
574.795764917
574.795764917
574.795764917
574.795764917
574.795764917
574.795764917
574.795764917
574.795764917
574.795764917
574.795764917
574.795764917
574.795764917
574.795764917
574.795764917
574.795764917
574.795764917
574.795764917
574.795764917
574.795764917
574.795764917
574.795764917
574.795764917
574.795764917
574.795764917
574.795764917
574.795764917
574.795764917
574.795764917
574.795764917
574.795764917
574.795764917
574.795764917
574.795764917
574.795764917
574.795764917
574.795764917
574.795764917
574.795764917
574.795764917
574.795764917
574.795764917
574.795764917
574.795764917
574.795764917
574.795764917
574.795764917
574.795764917
574.795764917
574.795764917
574.795764917
574.795764917
574.795764917
574.795764917
574.795764917
574.795764917
574.795764917
574.795764917
574.795764917
574.795764917
574.795764917
574.795764917
574.795764917
574.795764917
574.795764917
574.795764917
574.795764917
574.795764917
574.795764917
574.795764917
574.795764917
574.795764917
574.795764917
574.795764917
574.795764917
574.795764917
574.795764917
574.795764917
574.795764917
574.795764917
574.795764917
574.795764917
574.795764917
574.795764917
574.795764917
574.795764917
574.795764917
574.795764917
574.795764917
574.795764917
574.795764917
574.795764917
574.795764917
574.795764917
574.795764917
574.795764917
574.795764917
574.795764917
574.795764917
574.795764917
574.795764917
574.795764917
574.795764917
574.795764917
574.795764917
574.795764917
574.795764917
574.795764917
574.795764917
574.795764917
574.795764917
574.795764917
574.795764917
574.795764917
574.795764917
574.795764917
574.795764917
574.795764917
574.795764917
574.795764917
574.795764917
574.795764917
574.795764917
574.795764917
574.795764917
574.795764917
574.795764917
574.795764917
574.795764917
574.795764917
574.795764917
574.795764917
574.795764917
574.795764917
574.795764917
574.795764917
574.795764917
574.795764917
574.795764917
574.795764917
574.795764917
574.795764917
574.795764917
574.795764917
574.795764917
574.795764917
574.795764917
574.795764917
574.795764917
574.795764917
574.795764917
574.795764917
574.795764917
574.795764917
574.795764917
574.795764917
574.795764917
574.795764917
574.795764917
574.795764917
574.795764917
574.795764917
574.795764917
574.795764917
574.795764917
574.795764917
574.795764917
574.795764917
574.795764917
574.795764917
574.795764917
574.795764917
574.795764917
574.795764917
574.795764917
574.795764917
574.795764917
574.795764917
574.795764917
574.795764917
574.795764917
574.795764917
574.795764917
574.795764917
574.795764917
574.795764917
574.795764917
574.795764917
574.795764917
574.795764917
574.795764917
574.795764917
574.795764917
574.795764917
574.795764917
574.795764917
574.795764917
574.795764917
574.795764917
574.795764917
574.795764917
574.795764917
574.795764917
574.795764917
574.795764917
574.795764917
574.795764917
574.795764917
574.795764917
574.795764917
574.795764917
574.795764917
574.795764917
574.795764917
574.795764917
574.795764917
574.795764917
574.795764917
574.795764917
574.795764917
574.795764917
574.795764917
574.795764917
574.795764917
574.795764917
574.795764917
574.795764917
574.795764917
574.795764917
574.795764917
574.795764917
574.795764917
574.795764917
574.795764917
574.795764917
574.795764917
574.795764917
574.795764917
574.795764917
574.795764917
574.795764917
574.795764917
574.795764917
574.795764917
574.795764917
574.795764917
574.795764917
574.795764917
574.795764917
574.795764917
574.795764917
574.795764917
574.795764917
574.795764917
574.795764917
574.795764917
574.795764917
574.795764917
574.795764917
574.795764917
574.795764917
574.795764917
574.795764917
574.795764917
574.795764917
574.795764917
574.795764917
574.795764917
574.795764917
574.795764917
574.795764917
574.795764917
574.795764917
574.795764917
574.795764917
574.795764917
574.795764917
574.795764917
574.795764917
574.795764917
574.795764917
574.795764917
574.795764917
574.795764917
574.795764917
574.795764917
574.795764917
574.795764917
574.795764917
574.795764917
574.795764917
574.795764917
574.795764917
574.795764917
574.795764917
574.795764917
574.795764917
574.795764917
574.795764917
574.795764917
574.795764917
574.795764917
574.795764917
574.795764917
574.795764917
574.795764917
574.795764917
574.795764917
574.795764917
574.795764917
574.795764917
574.795764917
574.795764917
574.795764917
574.795764917
574.795764917
574.795764917
574.795764917
574.795764917
574.795764917
574.795764917
574.795764917
574.795764917
574.795764917
574.795764917
574.795764917
574.795764917
574.795764917
574.795764917
574.795764917
574.795764917
574.795764917
574.795764917
574.795764917
574.795764917
574.795764917
574.795764917
574.795764917
574.795764917
574.795764917
574.795764917
574.795764917
574.795764917
574.795764917
574.795764917
574.795764917
574.795764917
574.795764917
574.795764917
574.795764917
574.795764917
574.795764917
574.795764917
574.795764917
574.795764917
574.795764917
574.795764917
574.795764917
574.795764917
574.795764917
574.795764917
574.795764917
574.795764917
574.795764917
574.795764917
574.795764917
574.795764917
574.795764917
574.795764917
574.795764917
574.795764917
574.795764917
574.795764917
574.795764917
574.795764917
574.795764917
574.795764917
574.795764917
574.795764917
574.795764917
574.795764917
574.795764917
574.795764917
574.795764917
574.795764917
574.795764917
574.795764917
574.795764917
574.795764917
574.795764917
574.795764917
574.795764917
574.795764917
574.795764917
574.795764917
574.795764917
574.795764917
574.795764917
574.795764917
574.795764917
574.795764917
574.795764917
574.795764917
574.795764917
574.795764917
574.795764917
574.795764917
574.795764917
574.795764917
574.795764917
574.795764917
574.795764917
574.795764917
574.795764917
574.795764917
574.795764917
574.795764917
574.795764917
574.795764917
574.795764917
574.795764917
574.795764917
574.795764917
574.795764917
574.795764917
574.795764917
574.795764917
574.795764917
574.795764917
574.795764917
574.795764917
574.795764917
574.795764917
574.795764917
574.795764917
574.795764917
574.795764917
574.795764917
574.795764917
574.795764917
574.795764917
574.795764917
574.795764917
574.795764917
574.795764917
574.795764917
574.795764917
574.795764917
574.795764917
574.795764917
574.795764917
574.795764917
574.795764917
574.795764917
574.795764917
574.795764917
574.795764917
574.795764917
574.795764917
574.795764917
574.795764917
574.795764917
574.795764917
574.795764917
574.795764917
574.795764917
574.795764917
574.795764917
574.795764917
574.795764917
574.795764917
574.795764917
574.795764917
574.795764917
574.795764917
574.795764917
574.795764917
574.795764917
574.795764917
574.795764917
574.795764917
574.795764917
574.795764917
574.795764917
574.795764917
574.795764917
574.795764917
574.795764917
574.795764917
574.795764917
574.795764917
574.795764917
574.795764917
574.795764917
574.795764917
574.795764917
574.795764917
574.795764917
574.795764917
574.795764917
574.795764917
574.795764917
574.795764917
574.795764917
574.795764917
574.795764917
574.795764917
574.795764917
574.795764917
574.795764917
574.795764917
574.795764917
574.795764917
574.795764917
574.795764917
574.795764917
574.795764917
574.795764917
574.795764917
574.795764917
574.795764917
574.795764917
574.795764917
574.795764917
574.795764917
574.795764917
574.795764917
574.795764917
574.795764917
574.795764917
574.795764917
574.795764917
574.795764917
574.795764917
574.795764917
574.795764917
574.795764917
574.795764917
574.795764917
574.795764917
574.795764917
574.795764917
574.795764917
574.795764917
574.795764917
574.795764917
574.795764917
574.795764917
574.795764917
574.795764917
574.795764917
574.795764917
574.795764917
574.795764917
574.795764917
574.795764917
574.795764917
574.795764917
574.795764917
574.795764917
574.795764917
574.795764917
574.795764917
574.795764917
574.795764917
574.795764917
574.795764917
574.795764917
574.795764917
574.795764917
574.795764917
574.795764917
574.795764917
574.795764917
574.795764917
574.795764917
574.795764917
574.795764917
574.795764917
574.795764917
574.795764917
574.795764917
574.795764917
574.795764917
574.795764917
574.795764917
574.795764917
574.795764917
574.795764917
574.795764917
574.795764917
574.795764917
574.795764917
574.795764917
574.795764917
574.795764917
574.795764917
574.795764917
574.795764917
574.795764917
574.795764917
574.795764917
574.795764917
574.795764917
574.795764917
574.795764917
574.795764917
574.795764917
574.795764917
574.795764917
574.795764917
574.795764917
574.795764917
574.795764917
574.795764917
574.795764917
574.795764917
574.795764917
574.795764917
574.795764917
574.795764917
574.795764917
574.795764917
574.795764917
574.795764917
574.795764917
574.795764917
574.795764917
574.795764917
574.795764917
574.795764917
574.795764917
574.795764917
574.795764917
574.795764917
574.795764917
574.795764917
574.795764917
574.795764917
574.795764917
574.795764917
574.795764917
574.795764917
574.795764917
574.795764917
574.795764917
574.795764917
574.795764917
574.795764917
574.795764917
574.795764917
574.795764917
574.795764917
574.795764917
574.795764917
574.795764917
574.795764917
574.795764917
574.795764917
574.795764917
574.795764917
574.795764917
574.795764917
574.795764917
574.795764917
574.795764917
574.795764917
574.795764917
574.795764917
574.795764917
574.795764917
574.795764917
574.795764917
574.795764917
574.795764917
574.795764917
574.795764917
574.795764917
574.795764917
574.795764917
574.795764917
574.795764917
574.795764917
574.795764917
574.795764917
574.795764917
574.795764917
574.795764917
574.795764917
574.795764917
574.795764917
574.795764917
574.795764917
574.795764917
574.795764917
574.795764917
574.795764917
574.795764917
574.795764917
574.795764917
574.795764917
574.795764917
574.795764917
574.795764917
574.795764917
574.795764917
574.795764917
574.795764917
574.795764917
574.795764917
574.795764917
574.795764917
574.795764917
574.795764917
574.795764917
574.795764917
574.795764917
574.795764917
574.795764917
574.795764917
574.795764917
574.795764917
574.795764917
574.795764917
574.795764917
574.795764917
574.795764917
574.795764917
574.795764917
574.795764917
574.795764917
574.795764917
574.795764917
574.795764917
574.795764917
574.795764917
574.795764917
574.795764917
574.795764917
574.795764917
574.795764917
574.795764917
574.795764917
574.795764917
574.795764917
574.795764917
574.795764917
574.795764917
574.795764917
574.795764917
574.795764917
574.795764917
574.795764917
574.795764917
574.795764917
574.795764917
574.795764917
574.795764917
574.795764917
574.795764917
574.795764917
574.795764917
574.795764917
574.795764917
574.795764917
574.795764917
574.795764917
574.795764917
574.795764917
574.795764917
574.795764917
574.795764917
574.795764917
574.795764917
574.795764917
574.795764917
574.795764917
574.795764917
574.795764917
574.795764917
574.795764917
574.795764917
574.795764917
574.795764917
574.795764917
574.795764917
574.795764917
574.795764917
574.795764917
574.795764917
574.795764917
574.795764917
574.795764917
574.795764917
574.795764917
574.795764917
574.795764917
574.795764917
574.795764917
574.795764917
574.795764917
574.795764917
574.795764917
574.795764917
574.795764917
574.795764917
574.795764917
574.795764917
574.795764917
574.795764917
574.795764917
574.795764917
574.795764917
574.795764917
574.795764917
574.795764917
574.795764917
574.795764917
574.795764917
574.795764917
574.795764917
574.795764917
574.795764917
574.795764917
574.795764917
574.795764917
574.795764917
574.795764917
574.795764917
574.795764917
574.795764917
574.795764917
574.795764917
574.795764917
574.795764917
574.795764917
574.795764917
574.795764917
574.795764917
574.795764917
574.795764917
574.795764917
574.795764917
574.795764917
574.795764917
574.795764917
574.795764917
574.795764917
574.795764917
574.795764917
574.795764917
574.795764917
574.795764917
574.795764917
574.795764917
574.795764917
574.795764917
574.795764917
574.795764917
574.795764917
574.795764917
574.795764917
574.795764917
574.795764917
574.795764917
574.795764917
574.795764917
574.795764917
574.795764917
574.795764917
574.795764917
574.795764917
574.795764917
574.795764917
574.795764917
574.795764917
574.795764917
574.795764917
574.795764917
574.795764917
574.795764917
574.795764917
574.795764917
574.795764917
574.795764917
574.795764917
574.795764917
574.795764917
574.795764917
574.795764917
574.795764917
574.795764917
574.795764917
574.795764917
574.795764917
574.795764917
574.795764917
574.795764917
574.795764917
574.795764917
574.795764917
574.795764917
574.795764917
574.795764917
574.795764917
574.795764917
574.795764917
574.795764917
574.795764917
574.795764917
574.795764917
574.795764917
574.795764917
574.795764917
574.795764917
574.795764917
574.795764917
574.795764917
574.795764917
574.795764917
574.795764917
574.795764917
574.795764917
574.795764917
574.795764917
574.795764917
574.795764917
574.795764917
574.795764917
574.795764917
574.795764917
574.795764917
574.795764917
574.795764917
574.795764917
574.795764917
574.795764917
574.795764917
574.795764917
574.795764917
574.795764917
574.795764917
574.795764917
574.795764917
574.795764917
574.795764917
574.795764917
574.795764917
574.795764917
574.795764917
574.795764917
574.795764917
574.795764917
574.795764917
574.795764917
574.795764917
574.795764917
574.795764917
574.795764917
574.795764917
574.795764917
574.795764917
574.795764917
574.795764917
574.795764917
574.795764917
574.795764917
574.795764917
574.795764917
574.795764917
574.795764917
574.795764917
574.795764917
574.795764917
574.795764917
574.795764917
574.795764917
574.795764917
574.795764917
574.795764917
574.795764917
574.795764917
574.795764917
574.795764917
574.795764917
574.795764917
574.795764917
574.795764917
574.795764917
574.795764917
574.795764917
574.795764917
574.795764917
574.795764917
574.795764917
574.795764917
574.795764917
574.795764917
574.795764917
574.795764917
574.795764917
574.795764917
574.795764917
574.795764917
574.795764917
574.795764917
574.795764917
574.795764917
574.795764917
574.795764917
574.795764917
574.795764917
574.795764917
574.795764917
574.795764917
574.795764917
574.795764917
574.795764917
574.795764917
574.795764917
574.795764917
574.795764917
574.795764917
574.795764917
574.795764917
574.795764917
574.795764917
574.795764917
574.795764917
574.795764917
574.795764917
574.795764917
574.795764917
574.795764917
574.795764917
574.795764917
574.795764917
574.795764917
574.795764917
574.795764917
574.795764917
574.795764917
574.795764917
574.795764917
574.795764917
574.795764917
574.795764917
574.795764917
574.795764917
574.795764917
574.795764917
574.795764917
574.795764917
574.795764917
574.795764917
574.795764917
574.795764917
574.795764917
574.795764917
574.795764917
574.795764917
574.795764917
574.795764917
574.795764917
574.795764917
574.795764917
574.795764917
574.795764917
574.795764917
574.795764917
574.795764917
574.795764917
574.795764917
574.795764917
574.795764917
574.795764917
574.795764917
574.795764917
574.795764917
574.795764917
574.795764917
574.795764917
574.795764917
574.795764917
574.795764917
574.795764917
574.795764917
574.795764917
574.795764917
574.795764917
574.795764917
574.795764917
574.795764917
574.795764917
574.795764917
574.795764917
574.795764917
574.795764917
574.795764917
574.795764917
574.795764917
574.795764917
574.795764917
574.795764917
574.795764917
574.795764917
574.795764917
574.795764917
574.795764917
574.795764917
574.795764917
574.795764917
574.795764917
574.795764917
574.795764917
574.795764917
574.795764917
574.795764917
574.795764917
574.795764917
574.795764917
574.795764917
574.795764917
574.795764917
574.795764917
574.795764917
574.795764917
574.795764917
574.795764917
574.795764917
574.795764917
574.795764917
574.795764917
574.795764917
574.795764917
574.795764917
574.795764917
574.795764917
574.795764917
574.795764917
574.795764917
574.795764917
574.795764917
574.795764917
574.795764917
574.795764917
574.795764917
574.795764917
574.795764917
574.795764917
574.795764917
574.795764917
574.795764917
574.795764917
574.795764917
574.795764917
574.795764917
574.795764917
574.795764917
574.795764917
574.795764917
574.795764917
574.795764917
574.795764917
574.795764917
574.795764917
574.795764917
574.795764917
574.795764917
574.795764917
574.795764917
574.795764917
574.795764917
574.795764917
574.795764917
574.795764917
574.795764917
574.795764917
574.795764917
574.795764917
574.795764917
574.795764917
574.795764917
574.795764917
574.795764917
574.795764917
574.795764917
574.795764917
574.795764917
574.795764917
574.795764917
574.795764917
574.795764917
574.795764917
574.795764917
574.795764917
574.795764917
574.795764917
574.795764917
574.795764917
574.795764917
574.795764917
574.795764917
574.795764917
574.795764917
574.795764917
574.795764917
574.795764917
574.795764917
574.795764917
574.795764917
574.795764917
574.795764917
574.795764917
574.795764917
574.795764917
574.795764917
574.795764917
574.795764917
574.795764917
574.795764917
574.795764917
574.795764917
574.795764917
574.795764917
574.795764917
574.795764917
574.795764917
574.795764917
574.795764917
574.795764917
574.795764917
574.795764917
574.795764917
574.795764917
574.795764917
574.795764917
574.795764917
574.795764917
574.795764917
574.795764917
574.795764917
574.795764917
574.795764917
574.795764917
574.795764917
574.795764917
574.795764917
574.795764917
574.795764917
574.795764917
574.795764917
574.795764917
574.795764917
574.795764917
574.795764917
574.795764917
574.795764917
574.795764917
574.795764917
574.795764917
574.795764917
574.795764917
574.795764917
574.795764917
574.795764917
574.795764917
574.795764917
574.795764917
574.795764917
574.795764917
574.795764917
574.795764917
574.795764917
574.795764917
574.795764917
574.795764917
574.795764917
574.795764917
574.795764917
574.795764917
574.795764917
574.795764917
574.795764917
574.795764917
574.795764917
574.795764917
574.795764917
574.795764917
574.795764917
574.795764917
574.795764917
574.795764917
574.795764917
574.795764917
574.795764917
574.795764917
574.795764917
574.795764917
574.795764917
574.795764917
574.795764917
574.795764917
574.795764917
574.795764917
574.795764917
574.795764917
574.795764917
574.795764917
574.795764917
574.795764917
574.795764917
574.795764917
574.795764917
574.795764917
574.795764917
574.795764917
574.795764917
574.795764917
574.795764917
574.795764917
574.795764917
574.795764917
574.795764917
574.795764917
574.795764917
574.795764917
574.795764917
574.795764917
574.795764917
574.795764917
574.795764917
574.795764917
574.795764917
574.795764917
574.795764917
574.795764917
574.795764917
574.795764917
574.795764917
574.795764917
574.795764917
574.795764917
574.795764917
574.795764917
574.795764917
574.795764917
574.795764917
574.795764917
574.795764917
574.795764917
574.795764917
574.795764917
574.795764917
574.795764917
574.795764917
574.795764917
574.795764917
574.795764917
574.795764917
574.795764917
574.795764917
574.795764917
574.795764917
574.795764917
574.795764917
574.795764917
574.795764917
574.795764917
574.795764917
574.795764917
574.795764917
574.795764917
574.795764917
574.795764917
574.795764917
574.795764917
574.795764917
574.795764917
574.795764917
574.795764917
574.795764917
574.795764917
574.795764917
574.795764917
574.795764917
574.795764917
574.795764917
574.795764917
574.795764917
574.795764917
574.795764917
574.795764917
574.795764917
574.795764917
574.795764917
574.795764917
574.795764917
574.795764917
574.795764917
574.795764917
574.795764917
574.795764917
574.795764917
574.795764917
574.795764917
574.795764917
574.795764917
574.795764917
574.795764917
574.795764917
574.795764917
574.795764917
574.795764917
574.795764917
574.795764917
574.795764917
574.795764917
574.795764917
574.795764917
574.795764917
574.795764917
574.795764917
574.795764917
574.795764917
574.795764917
574.795764917
574.795764917
574.795764917
574.795764917
574.795764917
574.795764917
574.795764917
574.795764917
574.795764917
574.795764917
574.795764917
574.795764917
574.795764917
574.795764917
574.795764917
574.795764917
574.795764917
574.795764917
574.795764917
574.795764917
574.795764917
574.795764917
574.795764917
574.795764917
574.795764917
574.795764917
574.795764917
574.795764917
574.795764917
574.795764917
574.795764917
574.795764917
574.795764917
574.795764917
574.795764917
574.795764917
574.795764917
574.795764917
574.795764917
574.795764917
574.795764917
574.795764917
574.795764917
574.795764917
574.795764917
574.795764917
574.795764917
574.795764917
574.795764917
574.795764917
574.795764917
574.795764917
574.795764917
574.795764917
574.795764917
574.795764917
574.795764917
574.795764917
574.795764917
574.795764917
574.795764917
574.795764917
574.795764917
574.795764917
574.795764917
574.795764917
574.795764917
574.795764917
574.795764917
574.795764917
574.795764917
574.795764917
574.795764917
574.795764917
574.795764917
574.795764917
574.795764917
574.795764917
574.795764917
574.795764917
574.795764917
574.795764917
574.795764917
574.795764917
574.795764917
574.795764917
574.795764917
574.795764917
574.795764917
574.795764917
574.795764917
574.795764917
574.795764917
574.795764917
574.795764917
574.795764917
574.795764917
574.795764917
574.795764917
574.795764917
574.795764917
574.795764917
574.795764917
574.795764917
574.795764917
574.795764917
574.795764917
574.795764917
574.795764917
574.795764917
574.795764917
574.795764917
574.795764917
574.795764917
574.795764917
574.795764917
574.795764917
574.795764917
574.795764917
574.795764917
574.795764917
574.795764917
574.795764917
574.795764917
574.795764917
574.795764917
574.795764917
574.795764917
574.795764917
574.795764917
574.795764917
574.795764917
574.795764917
574.795764917
574.795764917
574.795764917
574.795764917
574.795764917
574.795764917
574.795764917
574.795764917
574.795764917
574.795764917
574.795764917
574.795764917
574.795764917
574.795764917
574.795764917
574.795764917
574.795764917
574.795764917
574.795764917
574.795764917
574.795764917
574.795764917
574.795764917
574.795764917
574.795764917
574.795764917
574.795764917
574.795764917
574.795764917
574.795764917
574.795764917
574.795764917
574.795764917
574.795764917
574.795764917
574.795764917
574.795764917
574.795764917
574.795764917
574.795764917
574.795764917
574.795764917
574.795764917
574.795764917
574.795764917
574.795764917
574.795764917
574.795764917
574.795764917
574.795764917
574.795764917
574.795764917
574.795764917
574.795764917
574.795764917
574.795764917
574.795764917
574.795764917
574.795764917
574.795764917
574.795764917
574.795764917
574.795764917
574.795764917
574.795764917
574.795764917
574.795764917
574.795764917
574.795764917
574.795764917
574.795764917
574.795764917
574.795764917
574.795764917
574.795764917
574.795764917
574.795764917
574.795764917
574.795764917
574.795764917
574.795764917
574.795764917
574.795764917
574.795764917
574.795764917
574.795764917
574.795764917
574.795764917
574.795764917
574.795764917
574.795764917
574.795764917
574.795764917
574.795764917
574.795764917
574.795764917
574.795764917
574.795764917
574.795764917
574.795764917
574.795764917
574.795764917
574.795764917
574.795764917
574.795764917
574.795764917
574.795764917
574.795764917
574.795764917
574.795764917
574.795764917
574.795764917
574.795764917
574.795764917
574.795764917
574.795764917
574.795764917
574.795764917
574.795764917
574.795764917
574.795764917
574.795764917
574.795764917
574.795764917
574.795764917
574.795764917
574.795764917
574.795764917
574.795764917
574.795764917
574.795764917
574.795764917
574.795764917
574.795764917
574.795764917
574.795764917
574.795764917
574.795764917
574.795764917
574.795764917
574.795764917
574.795764917
574.795764917
574.795764917
574.795764917
574.795764917
574.795764917
574.795764917
574.795764917
574.795764917
574.795764917
574.795764917
574.795764917
574.795764917
574.795764917
574.795764917
574.795764917
574.795764917
574.795764917
574.795764917
574.795764917
574.795764917
574.795764917
574.795764917
574.795764917
574.795764917
574.795764917
574.795764917
574.795764917
574.795764917
574.795764917
574.795764917
574.795764917
574.795764917
574.795764917
574.795764917
574.795764917
574.795764917
574.795764917
574.795764917
574.795764917
574.795764917
574.795764917
574.795764917
574.795764917
574.795764917
574.795764917
574.795764917
574.795764917
574.795764917
574.795764917
574.795764917
574.795764917
574.795764917
574.795764917
574.795764917
574.795764917
574.795764917
574.795764917
574.795764917
574.795764917
574.795764917
574.795764917
574.795764917
574.795764917
574.795764917
574.795764917
574.795764917
574.795764917
574.795764917
574.795764917
574.795764917
574.795764917
574.795764917
574.795764917
574.795764917
574.795764917
574.795764917
574.795764917
574.795764917
574.795764917
574.795764917
574.795764917
574.795764917
574.795764917
574.795764917
574.795764917
574.795764917
574.795764917
574.795764917
574.795764917
574.795764917
574.795764917
574.795764917
574.795764917
574.795764917
574.795764917
574.795764917
574.795764917
574.795764917
574.795764917
574.795764917
574.795764917
574.795764917
574.795764917
574.795764917
574.795764917
574.795764917
574.795764917
574.795764917
574.795764917
574.795764917
574.795764917
574.795764917
574.795764917
574.795764917
574.795764917
574.795764917
574.795764917
574.795764917
574.795764917
574.795764917
574.795764917
574.795764917
574.795764917
574.795764917
574.795764917
574.795764917
574.795764917
574.795764917
574.795764917
574.795764917
574.795764917
574.795764917
574.795764917
574.795764917
574.795764917
574.795764917
574.795764917
574.795764917
574.795764917
574.795764917
574.795764917
574.795764917
574.795764917
574.795764917
574.795764917
574.795764917
574.795764917
574.795764917
574.795764917
574.795764917
574.795764917
574.795764917
574.795764917
574.795764917
574.795764917
574.795764917
574.795764917
574.795764917
574.795764917
574.795764917
574.795764917
574.795764917
574.795764917
574.795764917
574.795764917
574.795764917
574.795764917
574.795764917
574.795764917
574.795764917
574.795764917
574.795764917
574.795764917
574.795764917
574.795764917
574.795764917
574.795764917
574.795764917
574.795764917
574.795764917
574.795764917
574.795764917
574.795764917
574.795764917
574.795764917
574.795764917
574.795764917
574.795764917
574.795764917
574.795764917
574.795764917
574.795764917
574.795764917
574.795764917
574.795764917
574.795764917
574.795764917
574.795764917
574.795764917
574.795764917
574.795764917
574.795764917
574.795764917
574.795764917
574.795764917
574.795764917
574.795764917
574.795764917
574.795764917
574.795764917
574.795764917
574.795764917
574.795764917
574.795764917
574.795764917
574.795764917
574.795764917
574.795764917
574.795764917
574.795764917
574.795764917
574.795764917
574.795764917
574.795764917
574.795764917
574.795764917
574.795764917
574.795764917
574.795764917
574.795764917
574.795764917
574.795764917
574.795764917
574.795764917
574.795764917
574.795764917
574.795764917
574.795764917
574.795764917
574.795764917
574.795764917
574.795764917
574.795764917
574.795764917
574.795764917
574.795764917
574.795764917
574.795764917
574.795764917
574.795764917
574.795764917
574.795764917
574.795764917
574.795764917
574.795764917
574.795764917
574.795764917
574.795764917
574.795764917
574.795764917
574.795764917
574.795764917
574.795764917
574.795764917
574.795764917
574.795764917
574.795764917
574.795764917
574.795764917
574.795764917
574.795764917
574.795764917
574.795764917
574.795764917
574.795764917
574.795764917
574.795764917
574.795764917
574.795764917
574.795764917
574.795764917
574.795764917
574.795764917
574.795764917
574.795764917
574.795764917
574.795764917
574.795764917
574.795764917
574.795764917
574.795764917
574.795764917
574.795764917
574.795764917
574.795764917
574.795764917
574.795764917
574.795764917
574.795764917
574.795764917
574.795764917
574.795764917
574.795764917
574.795764917
574.795764917
574.795764917
574.795764917
574.795764917
574.795764917
574.795764917
574.795764917
574.795764917
574.795764917
574.795764917
574.795764917
574.795764917
574.795764917
574.795764917
574.795764917
574.795764917
574.795764917
574.795764917
574.795764917
574.795764917
574.795764917
574.795764917
574.795764917
574.795764917
574.795764917
574.795764917
574.795764917
574.795764917
574.795764917
574.795764917
574.795764917
574.795764917
574.795764917
574.795764917
574.795764917
574.795764917
574.795764917
574.795764917
574.795764917
574.795764917
574.795764917
574.795764917
574.795764917
574.795764917
574.795764917
574.795764917
574.795764917
574.795764917
574.795764917
574.795764917
574.795764917
574.795764917
574.795764917
574.795764917
574.795764917
574.795764917
574.795764917
574.795764917
574.795764917
574.795764917
574.795764917
574.795764917
574.795764917
574.795764917
574.795764917
574.795764917
574.795764917
574.795764917
574.795764917
574.795764917
574.795764917
574.795764917
574.795764917
574.795764917
574.795764917
574.795764917
574.795764917
574.795764917
574.795764917
574.795764917
574.795764917
574.795764917
574.795764917
574.795764917
574.795764917
574.795764917
574.795764917
574.795764917
574.795764917
574.795764917
574.795764917
574.795764917
574.795764917
574.795764917
574.795764917
574.795764917
574.795764917
574.795764917
574.795764917
574.795764917
574.795764917
574.795764917
574.795764917
574.795764917
574.795764917
574.795764917
574.795764917
574.795764917
574.795764917
574.795764917
574.795764917
574.795764917
574.795764917
574.795764917
574.795764917
574.795764917
574.795764917
574.795764917
574.795764917
574.795764917
574.795764917
574.795764917
574.795764917
574.795764917
574.795764917
574.795764917
574.795764917
574.795764917
574.795764917
574.795764917
574.795764917
574.795764917
574.795764917
574.795764917
574.795764917
574.795764917
574.795764917
574.795764917
574.795764917
574.795764917
574.795764917
574.795764917
574.795764917
574.795764917
574.795764917
574.795764917
574.795764917
574.795764917
574.795764917
574.795764917
574.795764917
574.795764917
574.795764917
574.795764917
574.795764917
574.795764917
574.795764917
574.795764917
574.795764917
574.795764917
574.795764917
574.795764917
574.795764917
574.795764917
574.795764917
574.795764917
574.795764917
574.795764917
574.795764917
574.795764917
574.795764917
574.795764917
574.795764917
574.795764917
574.795764917
574.795764917
574.795764917
574.795764917
574.795764917
574.795764917
574.795764917
574.795764917
574.795764917
574.795764917
574.795764917
574.795764917
574.795764917
574.795764917
574.795764917
574.795764917
574.795764917
574.795764917
574.795764917
574.795764917
574.795764917
574.795764917
574.795764917
574.795764917
574.795764917
574.795764917
574.795764917
574.795764917
574.795764917
574.795764917
574.795764917
574.795764917
574.795764917
574.795764917
574.795764917
574.795764917
574.795764917
574.795764917
574.795764917
574.795764917
574.795764917
574.795764917
574.795764917
574.795764917
574.795764917
574.795764917
574.795764917
574.795764917
574.795764917
574.795764917
574.795764917
574.795764917
574.795764917
574.795764917
574.795764917
574.795764917
574.795764917
574.795764917
574.795764917
574.795764917
574.795764917
574.795764917
574.795764917
574.795764917
574.795764917
574.795764917
574.795764917
574.795764917
574.795764917
574.795764917
574.795764917
574.795764917
574.795764917
574.795764917
574.795764917
574.795764917
574.795764917
574.795764917
574.795764917
574.795764917
574.795764917
574.795764917
574.795764917
574.795764917
574.795764917
574.795764917
574.795764917
574.795764917
574.795764917
574.795764917
574.795764917
574.795764917
574.795764917
574.795764917
574.795764917
574.795764917
574.795764917
574.795764917
574.795764917
574.795764917
574.795764917
574.795764917
574.795764917
574.795764917
574.795764917
574.795764917
574.795764917
574.795764917
574.795764917
574.795764917
574.795764917
574.795764917
574.795764917
574.795764917
574.795764917
574.795764917
574.795764917
574.795764917
574.795764917
574.795764917
574.795764917
574.795764917
574.795764917
574.795764917
574.795764917
574.795764917
574.795764917
574.795764917
574.795764917
574.795764917
574.795764917
574.795764917
574.795764917
574.795764917
574.795764917
574.795764917
574.795764917
574.795764917
574.795764917
574.795764917
574.795764917
574.795764917
574.795764917
574.795764917
574.795764917
574.795764917
574.795764917
574.795764917
574.795764917
574.795764917
574.795764917
574.795764917
574.795764917
574.795764917
574.795764917
574.795764917
574.795764917
574.795764917
574.795764917
574.795764917
574.795764917
574.795764917
574.795764917
574.795764917
574.795764917
574.795764917
574.795764917
574.795764917
574.795764917
574.795764917
574.795764917
574.795764917
574.795764917
574.795764917
574.795764917
574.795764917
574.795764917
574.795764917
574.795764917
574.795764917
574.795764917
574.795764917
574.795764917
574.795764917
574.795764917
574.795764917
574.795764917
574.795764917
574.795764917
574.795764917
574.795764917
574.795764917
574.795764917
574.795764917
574.795764917
574.795764917
574.795764917
574.795764917
574.795764917
574.795764917
574.795764917
574.795764917
574.795764917
574.795764917
574.795764917
574.795764917
574.795764917
574.795764917
574.795764917
574.795764917
574.795764917
574.795764917
574.795764917
574.795764917
574.795764917
574.795764917
574.795764917
574.795764917
574.795764917
574.795764917
574.795764917
574.795764917
574.795764917
574.795764917
574.795764917
574.795764917
574.795764917
574.795764917
574.795764917
574.795764917
574.795764917
574.795764917
574.795764917
574.795764917
574.795764917
574.795764917
574.795764917
574.795764917
574.795764917
574.795764917
574.795764917
574.795764917
574.795764917
574.795764917
574.795764917
574.795764917
574.795764917
574.795764917
574.795764917
574.795764917
574.795764917
574.795764917
574.795764917
574.795764917
574.795764917
574.795764917
574.795764917
574.795764917
574.795764917
574.795764917
574.795764917
574.795764917
574.795764917
574.795764917
574.795764917
574.795764917
574.795764917
574.795764917
574.795764917
574.795764917
574.795764917
574.795764917
574.795764917
574.795764917
574.795764917
574.795764917
574.795764917
574.795764917
574.795764917
574.795764917
574.795764917
574.795764917
574.795764917
574.795764917
574.795764917
574.795764917
574.795764917
574.795764917
574.795764917
574.795764917
574.795764917
574.795764917
574.795764917
574.795764917
574.795764917
574.795764917
574.795764917
574.795764917
574.795764917
574.795764917
574.795764917
574.795764917
574.795764917
574.795764917
574.795764917
574.795764917
574.795764917
574.795764917
574.795764917
574.795764917
574.795764917
574.795764917
574.795764917
574.795764917
574.795764917
574.795764917
574.795764917
574.795764917
574.795764917
574.795764917
574.795764917
574.795764917
574.795764917
574.795764917
574.795764917
574.795764917
574.795764917
574.795764917
574.795764917
574.795764917
574.795764917
574.795764917
574.795764917
574.795764917
574.795764917
574.795764917
574.795764917
574.795764917
574.795764917
574.795764917
574.795764917
574.795764917
574.795764917
574.795764917
574.795764917
574.795764917
574.795764917
574.795764917
574.795764917
574.795764917
574.795764917
574.795764917
574.795764917
574.795764917
574.795764917
574.795764917
574.795764917
574.795764917
574.795764917
574.795764917
574.795764917
574.795764917
574.795764917
574.795764917
574.795764917
574.795764917
574.795764917
574.795764917
574.795764917
574.795764917
574.795764917
574.795764917
574.795764917
574.795764917
574.795764917
574.795764917
574.795764917
574.795764917
574.795764917
574.795764917
574.795764917
574.795764917
574.795764917
574.795764917
574.795764917
574.795764917
574.795764917
574.795764917
574.795764917
574.795764917
574.795764917
574.795764917
574.795764917
574.795764917
574.795764917
574.795764917
574.795764917
574.795764917
574.795764917
574.795764917
574.795764917
574.795764917
574.795764917
574.795764917
574.795764917
574.795764917
574.795764917
574.795764917
574.795764917
574.795764917
574.795764917
574.795764917
574.795764917
574.795764917
574.795764917
574.795764917
574.795764917
574.795764917
574.795764917
574.795764917
574.795764917
574.795764917
574.795764917
574.795764917
574.795764917
574.795764917
574.795764917
574.795764917
574.795764917
574.795764917
574.795764917
574.795764917
574.795764917
574.795764917
574.795764917
574.795764917
574.795764917
574.795764917
574.795764917
574.795764917
574.795764917
574.795764917
574.795764917
574.795764917
574.795764917
574.795764917
574.795764917
574.795764917
574.795764917
574.795764917
574.795764917
574.795764917
574.795764917
574.795764917
574.795764917
574.795764917
574.795764917
574.795764917
574.795764917
574.795764917
574.795764917
574.795764917
574.795764917
574.795764917
574.795764917
574.795764917
574.795764917
574.795764917
574.795764917
574.795764917
574.795764917
574.795764917
574.795764917
574.795764917
574.795764917
574.795764917
574.795764917
574.795764917
574.795764917
574.795764917
574.795764917
574.795764917
574.795764917
574.795764917
574.795764917
574.795764917
574.795764917
574.795764917
574.795764917
574.795764917
574.795764917
574.795764917
574.795764917
574.795764917
574.795764917
574.795764917
574.795764917
574.795764917
574.795764917
574.795764917
574.795764917
574.795764917
574.795764917
574.795764917
574.795764917
574.795764917
574.795764917
574.795764917
574.795764917
574.795764917
574.795764917
574.795764917
574.795764917
574.795764917
574.795764917
574.795764917
574.795764917
574.795764917
574.795764917
574.795764917
574.795764917
574.795764917
574.795764917
574.795764917
574.795764917
574.795764917
574.795764917
574.795764917
574.795764917
574.795764917
574.795764917
574.795764917
574.795764917
574.795764917
574.795764917
574.795764917
574.795764917
574.795764917
574.795764917
574.795764917
574.795764917
574.795764917
574.795764917
574.795764917
574.795764917
574.795764917
574.795764917
574.795764917
574.795764917
574.795764917
574.795764917
574.795764917
574.795764917
574.795764917
574.795764917
574.795764917
574.795764917
574.795764917
574.795764917
574.795764917
574.795764917
574.795764917
574.795764917
574.795764917
574.795764917
574.795764917
574.795764917
574.795764917
574.795764917
574.795764917
574.795764917
574.795764917
574.795764917
574.795764917
574.795764917
574.795764917
574.795764917
574.795764917
574.795764917
574.795764917
574.795764917
574.795764917
574.795764917
574.795764917
574.795764917
574.795764917
574.795764917
574.795764917
574.795764917
574.795764917
574.795764917
574.795764917
574.795764917
574.795764917
574.795764917
574.795764917
574.795764917
574.795764917
574.795764917
574.795764917
574.795764917
574.795764917
574.795764917
574.795764917
574.795764917
574.795764917
574.795764917
574.795764917
574.795764917
574.795764917
574.795764917
574.795764917
574.795764917
574.795764917
574.795764917
574.795764917
574.795764917
574.795764917
574.795764917
574.795764917
574.795764917
574.795764917
574.795764917
574.795764917
574.795764917
574.795764917
574.795764917
574.795764917
574.795764917
574.795764917
574.795764917
574.795764917
574.795764917
574.795764917
574.795764917
574.795764917
574.795764917
574.795764917
574.795764917
574.795764917
574.795764917
574.795764917
574.795764917
574.795764917
574.795764917
574.795764917
574.795764917
574.795764917
574.795764917
574.795764917
574.795764917
574.795764917
574.795764917
574.795764917
574.795764917
574.795764917
574.795764917
574.795764917
574.795764917
574.795764917
574.795764917
574.795764917
574.795764917
574.795764917
574.795764917
574.795764917
574.795764917
574.795764917
574.795764917
574.795764917
574.795764917
574.795764917
574.795764917
574.795764917
574.795764917
574.795764917
574.795764917
574.795764917
574.795764917
574.795764917
574.795764917
574.795764917
574.795764917
574.795764917
574.795764917
574.795764917
574.795764917
574.795764917
574.795764917
574.795764917
574.795764917
574.795764917
574.795764917
574.795764917
574.795764917
574.795764917
574.795764917
574.795764917
574.795764917
574.795764917
574.795764917
574.795764917
574.795764917
574.795764917
574.795764917
574.795764917
574.795764917
574.795764917
574.795764917
574.795764917
574.795764917
574.795764917
574.795764917
574.795764917
574.795764917
574.795764917
574.795764917
574.795764917
574.795764917
574.795764917
574.795764917
574.795764917
574.795764917
574.795764917
574.795764917
574.795764917
574.795764917
574.795764917
574.795764917
574.795764917
574.795764917
574.795764917
574.795764917
574.795764917
574.795764917
574.795764917
574.795764917
574.795764917
574.795764917
574.795764917
574.795764917
574.795764917
574.795764917
574.795764917
574.795764917
574.795764917
574.795764917
574.795764917
574.795764917
574.795764917
574.795764917
574.795764917
574.795764917
574.795764917
574.795764917
574.795764917
574.795764917
574.795764917
574.795764917
574.795764917
574.795764917
574.795764917
574.795764917
574.795764917
574.795764917
574.795764917
574.795764917
574.795764917
574.795764917
574.795764917
574.795764917
574.795764917
574.795764917
574.795764917
574.795764917
574.795764917
574.795764917
574.795764917
574.795764917
574.795764917
574.795764917
574.795764917
574.795764917
574.795764917
574.795764917
574.795764917
574.795764917
574.795764917
574.795764917
574.795764917
574.795764917
574.795764917
574.795764917
574.795764917
574.795764917
574.795764917
574.795764917
574.795764917
574.795764917
574.795764917
574.795764917
574.795764917
574.795764917
574.795764917
574.795764917
574.795764917
574.795764917
574.795764917
574.795764917
574.795764917
574.795764917
574.795764917
574.795764917
574.795764917
574.795764917
574.795764917
574.795764917
574.795764917
574.795764917
574.795764917
574.795764917
574.795764917
574.795764917
574.795764917
574.795764917
574.795764917
574.795764917
574.795764917
574.795764917
574.795764917
574.795764917
574.795764917
574.795764917
574.795764917
574.795764917
574.795764917
574.795764917
574.795764917
574.795764917
574.795764917
574.795764917
574.795764917
574.795764917
574.795764917
574.795764917
574.795764917
574.795764917
574.795764917
574.795764917
574.795764917
574.795764917
574.795764917
574.795764917
574.795764917
574.795764917
574.795764917
574.795764917
574.795764917
574.795764917
574.795764917
574.795764917
574.795764917
574.795764917
574.795764917
574.795764917
574.795764917
574.795764917
574.795764917
574.795764917
574.795764917
574.795764917
574.795764917
574.795764917
574.795764917
574.795764917
574.795764917
574.795764917
574.795764917
574.795764917
574.795764917
574.795764917
574.795764917
574.795764917
574.795764917
574.795764917
574.795764917
574.795764917
574.795764917
574.795764917
574.795764917
574.795764917
574.795764917
574.795764917
574.795764917
574.795764917
574.795764917
574.795764917
574.795764917
574.795764917
574.795764917
574.795764917
574.795764917
574.795764917
574.795764917
574.795764917
574.795764917
574.795764917
574.795764917
574.795764917
574.795764917
574.795764917
574.795764917
574.795764917
574.795764917
574.795764917
574.795764917
574.795764917
574.795764917
574.795764917
574.795764917
574.795764917
574.795764917
574.795764917
574.795764917
574.795764917
574.795764917
574.795764917
574.795764917
574.795764917
574.795764917
574.795764917
574.795764917
574.795764917
574.795764917
574.795764917
574.795764917
574.795764917
574.795764917
574.795764917
574.795764917
574.795764917
574.795764917
574.795764917
574.795764917
574.795764917
574.795764917
574.795764917
574.795764917
574.795764917
574.795764917
574.795764917
574.795764917
574.795764917
574.795764917
574.795764917
574.795764917
574.795764917
574.795764917
574.795764917
574.795764917
574.795764917
574.795764917
574.795764917
574.795764917
574.795764917
574.795764917
574.795764917
574.795764917
574.795764917
574.795764917
574.795764917
574.795764917
574.795764917
574.795764917
574.795764917
574.795764917
574.795764917
574.795764917
574.795764917
574.795764917
574.795764917
574.795764917
574.795764917
574.795764917
574.795764917
574.795764917
574.795764917
574.795764917
574.795764917
574.795764917
574.795764917
574.795764917
574.795764917
574.795764917
574.795764917
574.795764917
574.795764917
574.795764917
574.795764917
574.795764917
574.795764917
574.795764917
574.795764917
574.795764917
574.795764917
574.795764917
574.795764917
574.795764917
574.795764917
574.795764917
574.795764917
574.795764917
574.795764917
574.795764917
574.795764917
574.795764917
574.795764917
574.795764917
574.795764917
574.795764917
574.795764917
574.795764917
574.795764917
574.795764917
574.795764917
574.795764917
574.795764917
574.795764917
574.795764917
574.795764917
574.795764917
574.795764917
574.795764917
574.795764917
574.795764917
574.795764917
574.795764917
574.795764917
574.795764917
574.795764917
574.795764917
574.795764917
574.795764917
574.795764917
574.795764917
574.795764917
574.795764917
574.795764917
574.795764917
574.795764917
574.795764917
574.795764917
574.795764917
574.795764917
574.795764917
574.795764917
574.795764917
574.795764917
574.795764917
574.795764917
574.795764917
574.795764917
574.795764917
574.795764917
574.795764917
574.795764917
574.795764917
574.795764917
574.795764917
574.795764917
574.795764917
574.795764917
574.795764917
574.795764917
574.795764917
574.795764917
574.795764917
574.795764917
574.795764917
574.795764917
574.795764917
574.795764917
574.795764917
574.795764917
574.795764917
574.795764917
574.795764917
574.795764917
574.795764917
574.795764917
574.795764917
574.795764917
574.795764917
574.795764917
574.795764917
574.795764917
574.795764917
574.795764917
574.795764917
574.795764917
574.795764917
574.795764917
574.795764917
574.795764917
574.795764917
574.795764917
574.795764917
574.795764917
574.795764917
574.795764917
574.795764917
574.795764917
574.795764917
574.795764917
574.795764917
574.795764917
574.795764917
574.795764917
574.795764917
574.795764917
574.795764917
574.795764917
574.795764917
574.795764917
574.795764917
574.795764917
574.795764917
574.795764917
574.795764917
574.795764917
574.795764917
574.795764917
574.795764917
574.795764917
574.795764917
574.795764917
574.795764917
574.795764917
574.795764917
574.795764917
574.795764917
574.795764917
574.795764917
574.795764917
574.795764917
574.795764917
574.795764917
574.795764917
574.795764917
574.795764917
574.795764917
574.795764917
574.795764917
574.795764917
574.795764917
574.795764917
574.795764917
574.795764917
574.795764917
574.795764917
574.795764917
574.795764917
574.795764917
574.795764917
574.795764917
574.795764917
574.795764917
574.795764917
574.795764917
574.795764917
574.795764917
574.795764917
574.795764917
574.795764917
574.795764917
574.795764917
574.795764917
574.795764917
574.795764917
574.795764917
574.795764917
574.795764917
574.795764917
574.795764917
574.795764917
574.795764917
574.795764917
574.795764917
574.795764917
574.795764917
574.795764917
574.795764917
574.795764917
574.795764917
574.795764917
574.795764917
574.795764917
574.795764917
574.795764917
574.795764917
574.795764917
574.795764917
574.795764917
574.795764917
574.795764917
574.795764917
574.795764917
574.795764917
574.795764917
574.795764917
574.795764917
574.795764917
574.795764917
574.795764917
574.795764917
574.795764917
574.795764917
574.795764917
574.795764917
574.795764917
574.795764917
574.795764917
574.795764917
574.795764917
574.795764917
574.795764917
574.795764917
574.795764917
574.795764917
574.795764917
574.795764917
574.795764917
574.795764917
574.795764917
574.795764917
574.795764917
574.795764917
574.795764917
574.795764917
574.795764917
574.795764917
574.795764917
574.795764917
574.795764917
574.795764917
574.795764917
574.795764917
574.795764917
574.795764917
574.795764917
574.795764917
574.795764917
574.795764917
574.795764917
574.795764917
574.795764917
574.795764917
574.795764917
574.795764917
574.795764917
574.795764917
574.795764917
574.795764917
574.795764917
574.795764917
574.795764917
574.795764917
574.795764917
574.795764917
574.795764917
574.795764917
574.795764917
574.795764917
574.795764917
574.795764917
574.795764917
574.795764917
574.795764917
574.795764917
574.795764917
574.795764917
574.795764917
574.795764917
574.795764917
574.795764917
574.795764917
574.795764917
574.795764917
574.795764917
574.795764917
574.795764917
574.795764917
574.795764917
574.795764917
574.795764917
574.795764917
574.795764917
574.795764917
574.795764917
574.795764917
574.795764917
574.795764917
574.795764917
574.795764917
574.795764917
574.795764917
574.795764917
574.795764917
