1611.26300646
1593.84047288
1499.15450115
1469.95402068
1387.13111751
1370.29516764
1336.02285034
1327.55465536
1316.06449505
1289.68324526
1271.24251039
1274.41107538
1274.6328861
1269.75222569
1276.0329371
1245.21592857
1227.73983185
1216.48824328
1219.87206128
1192.52071455
1185.42204362
1181.82772323
1183.48219852
1170.14652486
1158.64470512
1111.59006099
1113.60829268
1065.16573359
1060.21742262
1056.57021262
1046.50879543
1047.56679805
1064.89229309
1059.36704255
1050.21368961
1040.82246463
1044.33897844
1044.04973261
1051.5597281
1066.40948317
1065.87048424
1060.80068127
1051.02735045
1042.38389443
1050.63300671
1008.90131843
988.533786948
987.996412892
975.185156818
971.627504318
961.839149025
961.839149025
963.554593924
954.774169722
949.410536038
946.506979977
954.267109001
954.267109001
960.413333198
965.599228981
991.539089403
992.585954221
983.540568725
978.48720479
981.373533883
998.054365024
981.373533883
977.702238661
998.256021965
998.133603326
995.659474511
995.711474041
976.97278613
978.731887209
956.474401955
940.425599025
935.735610139
916.625479651
921.340102118
891.531515474
884.627047513
868.485229199
866.490386618
866.490386618
871.246801421
880.021835089
882.585796108
882.585796108
870.31886566
850.33331662
858.232778142
858.232778142
858.232778142
858.232778142
858.232778142
853.488922363
860.141452243
859.573329095
856.554244968
856.554244968
853.530510604
853.530510604
853.530510604
858.645238235
854.492936847
804.972435842
804.972435842
800.502608641
803.121887534
802.150139809
802.150139809
802.150139809
791.198935101
791.198935101
791.593925736
793.570300733
793.570300733
793.213429539
793.213429539
793.213429539
793.213429539
793.213429539
793.213429539
793.213429539
781.097015105
781.097015105
781.097015105
776.132846325
776.132846325
776.132846325
776.132846325
776.132846325
776.132846325
776.132846325
776.132846325
774.712707677
774.712707677
774.712707677
774.712707677
774.712707677
774.712707677
774.712707677
774.712707677
774.712707677
774.712707677
774.712707677
774.712707677
774.712707677
769.247724322
769.247724322
769.247724322
769.247724322
769.013141767
763.144024533
763.144024533
745.391038966
745.391038966
745.391038966
745.391038966
745.391038966
745.391038966
745.391038966
745.391038966
745.391038966
745.391038966
745.391038966
745.391038966
745.391038966
745.414903894
745.414903894
745.414903894
745.414903894
738.691706271
738.691706271
738.691706271
738.691706271
738.691706271
738.691706271
735.335982017
731.873860447
731.873860447
731.708508632
731.708508632
731.708508632
728.165622152
728.165622152
727.609558089
727.609558089
727.609558089
727.609558089
727.609558089
727.609558089
727.609558089
727.609558089
712.333269922
712.333269922
712.333269922
712.333269922
706.323605572
706.323605572
706.323605572
706.323605572
706.323605572
706.323605572
705.596390634
705.596390634
705.596390634
703.662581639
703.662581639
703.662581639
703.662581639
703.662581639
703.662581639
703.662581639
703.662581639
703.662581639
696.200664691
690.289551935
690.289551935
690.289551935
690.289551935
690.289551935
690.289551935
690.289551935
690.289551935
690.289551935
690.289551935
690.289551935
690.289551935
690.289551935
690.289551935
689.476136122
689.476136122
689.476136122
689.476136122
689.476136122
689.476136122
689.476136122
689.476136122
689.476136122
689.476136122
689.476136122
689.476136122
689.476136122
681.517745211
681.517745211
681.517745211
681.517745211
680.355910796
680.355910796
680.355910796
678.613352439
678.613352439
678.613352439
675.849253265
675.849253265
675.849253265
675.849253265
675.849253265
675.849253265
670.833248781
670.833248781
666.803560685
660.502102831
660.502102831
660.502102831
660.502102831
660.502102831
660.502102831
660.502102831
660.502102831
660.502102831
660.502102831
660.502102831
654.193506451
654.193506451
654.193506451
649.832202807
649.832202807
649.832202807
649.832202807
649.832202807
649.832202807
649.832202807
649.832202807
649.832202807
649.832202807
649.832202807
649.832202807
649.832202807
649.832202807
649.832202807
643.667640419
643.667640419
643.667640419
643.667640419
643.667640419
643.667640419
641.730966297
641.730966297
641.730966297
641.730966297
641.730966297
641.730966297
641.730966297
641.730966297
641.730966297
641.730966297
639.920800866
639.920800866
639.920800866
639.920800866
639.920800866
639.920800866
639.920800866
639.920800866
639.920800866
639.920800866
639.920800866
639.920800866
639.920800866
639.920800866
639.920800866
639.920800866
639.920800866
639.920800866
639.920800866
639.920800866
639.920800866
639.920800866
637.364512512
637.364512512
637.364512512
637.364512512
637.364512512
637.364512512
637.364512512
637.364512512
637.364512512
637.364512512
637.364512512
637.364512512
637.364512512
637.364512512
637.364512512
637.364512512
637.364512512
637.364512512
637.364512512
637.364512512
631.900018252
631.900018252
631.900018252
631.900018252
631.900018252
631.900018252
631.900018252
631.900018252
631.900018252
631.900018252
631.900018252
631.900018252
631.606592217
631.606592217
631.606592217
631.606592217
631.606592217
631.606592217
631.606592217
631.606592217
631.606592217
631.606592217
631.606592217
631.606592217
631.606592217
631.606592217
631.606592217
631.606592217
631.606592217
631.606592217
631.606592217
631.606592217
631.606592217
628.371240078
628.371240078
620.051158957
620.051158957
620.051158957
620.051158957
620.051158957
620.051158957
620.051158957
620.051158957
620.051158957
616.960184683
616.960184683
616.960184683
616.960184683
616.960184683
616.960184683
616.960184683
616.960184683
616.960184683
616.960184683
604.946643793
604.946643793
604.946643793
604.946643793
604.946643793
604.946643793
604.946643793
604.946643793
604.946643793
604.946643793
604.946643793
604.946643793
604.946643793
604.946643793
604.946643793
604.946643793
604.946643793
604.946643793
604.946643793
604.946643793
604.946643793
604.946643793
604.946643793
603.042523791
603.042523791
603.042523791
603.042523791
603.042523791
603.042523791
603.042523791
603.042523791
603.042523791
603.042523791
603.042523791
603.042523791
603.042523791
603.042523791
603.042523791
603.042523791
596.475914897
596.475914897
596.475914897
596.475914897
596.475914897
596.475914897
596.475914897
596.475914897
596.475914897
596.475914897
596.475914897
596.475914897
596.475914897
596.475914897
596.475914897
596.475914897
596.475914897
596.475914897
596.475914897
596.475914897
596.475914897
596.475914897
596.475914897
596.475914897
596.475914897
596.475914897
596.475914897
596.475914897
596.475914897
596.475914897
596.475914897
596.475914897
596.475914897
596.475914897
596.475914897
596.475914897
596.475914897
596.475914897
596.475914897
596.475914897
596.475914897
596.475914897
596.475914897
596.475914897
595.702116726
595.702116726
595.702116726
595.702116726
595.702116726
595.702116726
595.702116726
595.702116726
595.702116726
595.702116726
595.702116726
595.702116726
595.702116726
595.702116726
595.702116726
595.702116726
595.702116726
595.702116726
595.702116726
595.702116726
595.702116726
595.702116726
595.702116726
595.702116726
595.702116726
595.702116726
594.836743942
594.836743942
594.836743942
594.836743942
594.836743942
594.836743942
594.836743942
594.836743942
594.836743942
594.836743942
594.836743942
594.836743942
594.836743942
594.836743942
594.836743942
594.836743942
594.836743942
594.836743942
594.836743942
594.836743942
594.836743942
594.836743942
594.836743942
594.836743942
594.836743942
594.836743942
594.836743942
594.836743942
594.836743942
594.836743942
594.836743942
594.836743942
594.836743942
594.836743942
594.836743942
594.836743942
594.836743942
594.836743942
594.836743942
594.836743942
594.836743942
594.836743942
594.836743942
594.836743942
594.836743942
594.836743942
594.836743942
594.836743942
594.836743942
594.836743942
594.836743942
594.836743942
594.836743942
594.836743942
594.836743942
594.836743942
594.836743942
594.836743942
594.836743942
594.836743942
594.836743942
594.836743942
594.836743942
594.836743942
594.836743942
594.836743942
594.836743942
594.836743942
594.836743942
594.836743942
594.836743942
594.836743942
594.836743942
594.836743942
594.836743942
594.836743942
594.836743942
594.836743942
594.836743942
594.836743942
594.836743942
594.836743942
594.836743942
594.836743942
594.836743942
594.836743942
594.836743942
594.836743942
594.836743942
594.836743942
594.836743942
594.836743942
594.836743942
594.836743942
594.836743942
594.836743942
594.836743942
594.836743942
594.836743942
594.836743942
594.836743942
594.836743942
594.836743942
594.836743942
594.836743942
594.836743942
594.836743942
594.836743942
594.836743942
594.836743942
594.836743942
594.836743942
594.836743942
594.836743942
594.836743942
594.836743942
594.836743942
594.836743942
591.386728581
591.386728581
591.386728581
591.386728581
591.386728581
591.386728581
591.386728581
591.386728581
591.386728581
591.386728581
591.386728581
591.386728581
591.386728581
591.386728581
591.386728581
591.386728581
591.386728581
591.386728581
591.386728581
591.386728581
591.386728581
591.386728581
591.386728581
591.386728581
591.386728581
591.386728581
591.386728581
591.386728581
591.386728581
591.386728581
591.386728581
591.386728581
591.386728581
591.386728581
591.386728581
591.386728581
591.386728581
591.386728581
591.386728581
591.386728581
591.386728581
591.386728581
591.386728581
591.386728581
591.386728581
591.386728581
591.386728581
591.386728581
591.386728581
591.386728581
591.386728581
591.386728581
591.386728581
591.386728581
591.386728581
591.386728581
591.386728581
591.386728581
591.386728581
591.386728581
591.386728581
591.386728581
591.386728581
591.386728581
591.386728581
591.386728581
591.386728581
591.386728581
591.386728581
591.386728581
591.386728581
591.386728581
591.386728581
591.386728581
591.386728581
591.386728581
591.386728581
591.386728581
591.386728581
591.386728581
591.386728581
591.386728581
591.386728581
591.386728581
591.386728581
591.386728581
591.386728581
591.386728581
591.386728581
591.386728581
591.386728581
591.386728581
591.386728581
591.386728581
591.386728581
591.386728581
591.386728581
591.386728581
591.386728581
591.386728581
591.386728581
591.386728581
591.386728581
591.386728581
591.386728581
591.386728581
591.386728581
591.386728581
591.386728581
591.386728581
591.386728581
591.386728581
591.386728581
591.386728581
591.386728581
591.386728581
591.386728581
591.386728581
591.386728581
591.386728581
591.386728581
591.386728581
591.386728581
591.386728581
591.386728581
591.386728581
591.386728581
591.386728581
591.386728581
591.386728581
591.386728581
591.386728581
591.386728581
591.386728581
591.386728581
591.386728581
591.386728581
591.386728581
591.386728581
591.386728581
591.386728581
591.386728581
591.386728581
591.386728581
591.386728581
591.386728581
591.386728581
591.386728581
591.386728581
591.386728581
591.386728581
591.386728581
591.386728581
591.386728581
591.386728581
591.386728581
591.386728581
591.386728581
591.386728581
591.386728581
591.386728581
591.386728581
591.386728581
591.386728581
591.386728581
591.386728581
591.386728581
591.386728581
591.386728581
591.386728581
591.386728581
591.386728581
591.386728581
591.386728581
591.386728581
591.386728581
591.386728581
591.386728581
591.386728581
591.386728581
591.386728581
591.386728581
591.386728581
591.386728581
591.386728581
591.386728581
591.386728581
591.386728581
591.386728581
591.386728581
591.386728581
591.386728581
591.386728581
591.386728581
591.386728581
591.386728581
591.386728581
591.386728581
591.386728581
591.386728581
591.386728581
591.386728581
591.386728581
591.386728581
591.386728581
591.386728581
591.386728581
591.386728581
591.386728581
591.386728581
591.386728581
591.386728581
591.386728581
591.386728581
591.386728581
591.386728581
591.386728581
591.386728581
591.386728581
591.386728581
591.386728581
591.386728581
591.386728581
591.386728581
591.386728581
591.386728581
591.386728581
591.386728581
591.386728581
591.386728581
591.386728581
591.386728581
591.386728581
591.386728581
591.386728581
591.386728581
591.386728581
591.386728581
591.386728581
591.386728581
591.386728581
591.386728581
591.386728581
591.386728581
591.386728581
591.386728581
591.386728581
591.386728581
591.386728581
591.386728581
591.386728581
591.386728581
591.386728581
591.386728581
591.386728581
591.386728581
591.386728581
591.386728581
591.386728581
591.386728581
591.386728581
591.386728581
591.386728581
591.386728581
591.386728581
591.386728581
591.386728581
591.386728581
591.386728581
591.386728581
591.386728581
591.386728581
591.386728581
591.386728581
591.386728581
591.386728581
591.386728581
591.386728581
591.386728581
591.386728581
591.386728581
591.386728581
591.386728581
591.386728581
591.386728581
591.386728581
591.386728581
591.386728581
591.386728581
591.386728581
591.386728581
591.386728581
591.386728581
591.386728581
591.386728581
591.386728581
591.386728581
591.386728581
591.386728581
591.386728581
591.386728581
591.386728581
591.386728581
591.386728581
591.386728581
591.386728581
591.386728581
591.386728581
591.386728581
591.386728581
591.386728581
591.386728581
591.386728581
591.386728581
591.386728581
591.386728581
591.386728581
591.386728581
591.386728581
591.386728581
591.386728581
590.530329685
590.530329685
590.530329685
590.530329685
590.530329685
590.530329685
590.530329685
590.530329685
590.530329685
590.530329685
590.530329685
590.530329685
590.530329685
590.530329685
590.530329685
590.530329685
590.530329685
590.530329685
590.530329685
590.530329685
590.530329685
590.530329685
590.530329685
590.530329685
590.530329685
590.530329685
590.530329685
590.530329685
590.530329685
590.530329685
590.530329685
590.530329685
590.530329685
590.530329685
590.530329685
590.530329685
590.530329685
590.530329685
590.530329685
590.530329685
590.530329685
590.530329685
590.530329685
590.530329685
590.530329685
590.530329685
590.530329685
590.530329685
590.530329685
590.530329685
590.530329685
590.530329685
590.530329685
590.530329685
590.530329685
590.530329685
590.530329685
590.530329685
590.530329685
590.530329685
590.530329685
590.530329685
590.530329685
590.530329685
590.530329685
590.530329685
590.530329685
590.530329685
590.530329685
590.530329685
590.530329685
590.530329685
590.530329685
590.530329685
590.530329685
590.530329685
590.530329685
590.530329685
590.530329685
590.530329685
590.530329685
590.530329685
590.530329685
590.530329685
590.530329685
590.530329685
590.530329685
590.530329685
590.530329685
590.530329685
590.530329685
590.530329685
590.530329685
590.530329685
590.530329685
590.530329685
590.530329685
590.530329685
590.530329685
590.530329685
590.530329685
590.530329685
590.530329685
590.530329685
590.530329685
590.530329685
590.530329685
590.530329685
584.476607917
584.476607917
584.476607917
584.476607917
584.476607917
584.476607917
584.476607917
584.476607917
584.476607917
584.476607917
583.012475786
583.012475786
583.012475786
583.012475786
583.012475786
583.012475786
583.012475786
583.012475786
583.012475786
583.012475786
583.012475786
580.288399493
580.288399493
580.288399493
580.288399493
580.288399493
580.288399493
580.288399493
580.288399493
580.288399493
580.288399493
580.288399493
580.288399493
580.288399493
580.288399493
580.288399493
580.288399493
580.288399493
580.288399493
580.288399493
580.288399493
580.288399493
580.288399493
580.288399493
580.288399493
580.288399493
580.288399493
580.288399493
580.288399493
580.288399493
580.288399493
580.288399493
580.288399493
580.288399493
580.288399493
580.288399493
580.288399493
580.288399493
580.288399493
580.288399493
580.288399493
580.288399493
580.288399493
580.288399493
580.288399493
580.288399493
580.288399493
580.288399493
580.288399493
580.288399493
580.288399493
580.288399493
580.288399493
573.748261007
573.748261007
573.748261007
573.748261007
573.748261007
573.748261007
573.748261007
573.748261007
573.748261007
573.748261007
573.748261007
573.748261007
573.748261007
573.748261007
573.748261007
573.748261007
573.748261007
573.748261007
573.748261007
573.748261007
573.748261007
573.748261007
573.748261007
573.748261007
573.748261007
573.748261007
573.748261007
573.748261007
573.748261007
573.748261007
573.748261007
573.748261007
573.748261007
573.748261007
573.748261007
573.748261007
573.748261007
573.748261007
573.748261007
573.748261007
573.748261007
573.748261007
573.748261007
573.748261007
573.748261007
573.748261007
573.748261007
573.748261007
573.748261007
573.748261007
573.748261007
573.748261007
573.748261007
573.748261007
573.748261007
573.748261007
573.748261007
573.748261007
573.748261007
573.748261007
573.748261007
573.748261007
573.748261007
573.748261007
573.748261007
573.748261007
573.748261007
573.748261007
573.748261007
573.748261007
573.748261007
573.748261007
573.748261007
573.748261007
573.748261007
573.748261007
573.748261007
573.748261007
573.748261007
573.748261007
573.748261007
573.748261007
573.748261007
573.748261007
573.748261007
573.748261007
573.748261007
573.748261007
573.748261007
573.748261007
573.748261007
573.748261007
573.748261007
573.748261007
573.748261007
573.748261007
573.748261007
573.748261007
573.748261007
573.748261007
573.748261007
573.748261007
573.748261007
573.748261007
573.748261007
573.748261007
573.748261007
573.748261007
573.748261007
573.748261007
573.748261007
573.748261007
573.748261007
573.748261007
573.748261007
573.748261007
573.748261007
573.748261007
573.748261007
573.748261007
573.748261007
573.748261007
573.748261007
573.748261007
573.748261007
573.748261007
573.748261007
573.748261007
573.748261007
573.748261007
573.748261007
573.748261007
573.748261007
573.748261007
573.748261007
573.748261007
573.748261007
573.748261007
573.748261007
573.748261007
573.748261007
573.748261007
573.748261007
573.748261007
573.748261007
573.748261007
573.748261007
573.748261007
573.748261007
573.748261007
573.748261007
573.748261007
573.748261007
573.748261007
573.748261007
573.748261007
573.748261007
573.748261007
573.748261007
573.748261007
573.748261007
573.748261007
573.748261007
573.748261007
573.748261007
573.748261007
573.748261007
573.748261007
573.748261007
573.748261007
573.748261007
573.748261007
573.748261007
573.748261007
573.748261007
573.748261007
573.748261007
573.748261007
573.748261007
573.748261007
573.748261007
573.748261007
573.748261007
573.748261007
573.748261007
573.748261007
573.748261007
573.748261007
573.748261007
573.748261007
573.748261007
573.748261007
573.748261007
573.748261007
573.748261007
573.748261007
573.748261007
573.748261007
573.748261007
573.748261007
573.748261007
573.748261007
573.748261007
573.748261007
573.748261007
573.748261007
573.748261007
573.748261007
573.748261007
573.748261007
573.748261007
573.748261007
573.748261007
573.748261007
573.748261007
573.748261007
573.748261007
573.748261007
573.748261007
573.748261007
573.748261007
573.748261007
573.748261007
573.748261007
573.748261007
573.748261007
573.748261007
573.748261007
573.748261007
573.748261007
573.748261007
573.748261007
573.748261007
573.748261007
573.748261007
573.748261007
573.748261007
573.748261007
573.748261007
573.748261007
573.748261007
573.748261007
573.748261007
573.748261007
573.748261007
573.748261007
573.748261007
573.748261007
573.748261007
573.748261007
573.748261007
573.748261007
573.748261007
573.748261007
573.748261007
573.748261007
573.748261007
573.748261007
573.748261007
573.748261007
573.748261007
573.748261007
573.748261007
573.748261007
573.748261007
573.748261007
573.748261007
573.748261007
573.748261007
573.748261007
573.748261007
573.748261007
573.748261007
573.748261007
573.748261007
573.748261007
573.748261007
573.748261007
573.748261007
573.748261007
573.748261007
573.748261007
573.748261007
573.748261007
573.748261007
573.748261007
573.748261007
573.748261007
573.748261007
573.748261007
573.748261007
573.748261007
573.748261007
573.748261007
573.748261007
573.748261007
573.748261007
573.748261007
570.686679153
570.686679153
570.686679153
570.686679153
570.686679153
570.686679153
570.686679153
570.686679153
570.686679153
570.686679153
570.686679153
570.686679153
570.686679153
570.686679153
570.686679153
570.686679153
570.686679153
570.686679153
570.686679153
570.686679153
570.686679153
570.686679153
570.686679153
570.686679153
570.686679153
570.686679153
570.686679153
570.686679153
570.686679153
570.686679153
570.686679153
570.686679153
570.686679153
570.686679153
570.686679153
570.686679153
570.686679153
570.686679153
570.686679153
570.686679153
570.686679153
570.686679153
570.686679153
570.686679153
570.686679153
570.686679153
570.686679153
570.686679153
570.686679153
570.686679153
570.686679153
570.686679153
570.686679153
570.686679153
570.686679153
570.686679153
570.686679153
570.686679153
570.686679153
570.686679153
570.686679153
570.686679153
570.686679153
570.686679153
570.686679153
570.686679153
570.686679153
570.686679153
570.686679153
570.686679153
570.686679153
570.686679153
570.686679153
570.686679153
570.686679153
570.686679153
570.686679153
570.686679153
570.686679153
570.686679153
570.686679153
570.686679153
570.686679153
570.686679153
570.686679153
570.686679153
570.686679153
570.686679153
570.686679153
570.686679153
570.686679153
570.686679153
570.686679153
570.686679153
570.686679153
570.686679153
570.686679153
570.686679153
570.686679153
570.686679153
570.686679153
570.686679153
570.686679153
570.686679153
570.686679153
570.686679153
570.686679153
570.686679153
570.686679153
570.686679153
570.686679153
570.686679153
570.686679153
570.686679153
570.686679153
570.686679153
570.686679153
570.686679153
570.686679153
570.686679153
570.686679153
570.686679153
570.686679153
570.686679153
570.686679153
570.686679153
570.686679153
570.686679153
570.686679153
570.686679153
570.686679153
570.686679153
570.686679153
570.686679153
570.686679153
570.686679153
570.686679153
570.686679153
570.686679153
570.686679153
570.686679153
570.686679153
570.686679153
570.686679153
570.686679153
570.686679153
570.686679153
570.686679153
570.686679153
570.686679153
570.686679153
570.686679153
570.686679153
570.686679153
570.686679153
570.686679153
570.686679153
570.686679153
570.686679153
570.686679153
570.686679153
570.686679153
570.686679153
570.686679153
570.686679153
570.686679153
570.686679153
570.686679153
570.686679153
570.686679153
570.686679153
570.686679153
570.686679153
570.686679153
570.686679153
570.686679153
570.686679153
570.686679153
570.686679153
570.686679153
570.686679153
570.686679153
570.686679153
570.686679153
570.686679153
570.686679153
570.686679153
570.686679153
570.686679153
570.686679153
570.686679153
570.686679153
570.686679153
570.686679153
570.686679153
570.686679153
570.686679153
570.686679153
570.686679153
570.686679153
570.686679153
570.686679153
570.686679153
570.686679153
570.686679153
570.686679153
570.686679153
570.686679153
570.686679153
570.686679153
570.686679153
570.686679153
570.686679153
570.686679153
570.686679153
570.686679153
570.686679153
570.686679153
570.686679153
570.686679153
570.686679153
570.686679153
570.686679153
570.686679153
570.686679153
570.686679153
570.686679153
570.686679153
570.686679153
570.686679153
570.686679153
570.686679153
570.686679153
570.686679153
570.686679153
570.686679153
570.686679153
570.686679153
570.686679153
570.686679153
570.686679153
570.686679153
570.686679153
570.686679153
570.686679153
570.686679153
570.686679153
570.686679153
570.686679153
570.686679153
570.686679153
570.686679153
570.686679153
570.686679153
570.686679153
570.686679153
570.686679153
570.686679153
570.686679153
570.686679153
570.686679153
570.686679153
570.686679153
570.686679153
570.686679153
570.686679153
570.686679153
570.686679153
570.686679153
570.686679153
570.686679153
570.686679153
570.686679153
570.686679153
570.686679153
570.686679153
570.686679153
570.686679153
570.686679153
570.686679153
570.686679153
570.686679153
570.686679153
570.686679153
570.686679153
570.686679153
570.686679153
570.686679153
570.686679153
570.686679153
570.686679153
570.686679153
570.686679153
570.686679153
570.686679153
570.686679153
570.686679153
570.686679153
570.686679153
570.686679153
570.686679153
570.686679153
570.686679153
570.686679153
570.686679153
570.686679153
570.686679153
570.686679153
570.686679153
570.686679153
570.686679153
570.686679153
570.686679153
570.686679153
570.686679153
570.686679153
570.686679153
570.686679153
570.686679153
570.686679153
570.686679153
570.686679153
570.686679153
570.686679153
570.686679153
570.686679153
570.686679153
570.686679153
570.686679153
570.686679153
570.686679153
570.686679153
570.686679153
570.686679153
570.686679153
570.686679153
570.686679153
570.686679153
570.686679153
570.686679153
570.686679153
570.686679153
570.686679153
570.686679153
570.686679153
570.686679153
570.686679153
570.686679153
570.686679153
570.686679153
570.686679153
570.686679153
570.686679153
570.686679153
570.686679153
570.686679153
570.686679153
570.686679153
570.686679153
570.686679153
570.686679153
570.686679153
570.686679153
570.686679153
570.686679153
570.686679153
570.686679153
570.686679153
570.686679153
570.686679153
570.686679153
570.686679153
570.686679153
570.686679153
570.686679153
570.686679153
570.686679153
570.686679153
570.686679153
570.686679153
570.686679153
570.686679153
570.686679153
570.686679153
570.686679153
570.686679153
570.686679153
570.686679153
570.686679153
570.686679153
570.686679153
570.686679153
570.686679153
570.686679153
570.686679153
570.686679153
570.686679153
570.686679153
570.686679153
570.686679153
570.686679153
570.686679153
570.686679153
570.686679153
570.686679153
570.686679153
570.686679153
570.686679153
570.686679153
570.686679153
570.686679153
570.686679153
570.686679153
570.686679153
570.686679153
570.686679153
570.686679153
570.686679153
570.686679153
570.686679153
570.686679153
570.686679153
570.686679153
570.686679153
570.686679153
570.686679153
570.686679153
570.686679153
570.686679153
570.686679153
570.686679153
570.686679153
570.686679153
570.686679153
570.686679153
570.686679153
570.686679153
570.686679153
570.686679153
570.686679153
570.686679153
570.686679153
570.686679153
570.686679153
570.686679153
570.686679153
570.686679153
570.686679153
570.686679153
570.686679153
570.686679153
570.686679153
570.686679153
570.686679153
570.686679153
570.686679153
570.686679153
570.686679153
570.686679153
570.686679153
570.686679153
570.686679153
570.686679153
570.686679153
570.686679153
570.686679153
570.686679153
570.686679153
570.686679153
570.686679153
570.686679153
570.686679153
570.686679153
570.686679153
570.686679153
570.686679153
570.686679153
570.686679153
570.686679153
570.686679153
570.686679153
570.686679153
570.686679153
570.686679153
570.686679153
570.686679153
570.686679153
570.686679153
570.686679153
570.686679153
570.686679153
570.686679153
570.686679153
570.686679153
570.686679153
570.686679153
570.686679153
570.686679153
570.686679153
570.686679153
570.686679153
570.686679153
570.686679153
570.686679153
570.686679153
570.686679153
570.686679153
570.686679153
570.686679153
570.686679153
570.686679153
570.686679153
570.686679153
570.686679153
570.686679153
570.686679153
570.686679153
570.686679153
570.686679153
570.686679153
570.686679153
570.686679153
570.686679153
570.686679153
570.686679153
570.686679153
570.686679153
570.686679153
570.686679153
570.686679153
570.686679153
570.686679153
570.686679153
570.686679153
570.686679153
570.686679153
570.686679153
570.686679153
570.686679153
570.686679153
570.686679153
570.686679153
570.686679153
570.686679153
570.686679153
570.686679153
570.686679153
570.686679153
570.686679153
570.686679153
570.686679153
570.686679153
570.686679153
570.686679153
570.686679153
570.686679153
570.686679153
570.686679153
570.686679153
570.686679153
570.686679153
570.686679153
570.686679153
570.686679153
570.686679153
570.686679153
570.686679153
570.686679153
570.686679153
570.686679153
570.686679153
570.686679153
570.686679153
570.686679153
570.686679153
570.686679153
570.686679153
570.686679153
570.686679153
570.686679153
570.686679153
570.686679153
570.686679153
570.686679153
570.686679153
570.686679153
570.686679153
570.686679153
570.686679153
570.686679153
570.686679153
570.686679153
570.686679153
570.686679153
570.686679153
570.686679153
570.686679153
570.686679153
570.686679153
570.686679153
570.686679153
570.686679153
570.686679153
570.686679153
570.686679153
570.686679153
570.686679153
570.686679153
570.686679153
570.686679153
570.686679153
570.686679153
570.686679153
570.686679153
570.686679153
570.686679153
570.686679153
570.686679153
570.686679153
570.686679153
570.686679153
570.686679153
570.686679153
570.686679153
570.686679153
570.686679153
570.686679153
570.686679153
570.686679153
570.686679153
570.686679153
570.686679153
570.686679153
570.686679153
570.686679153
570.686679153
570.686679153
570.686679153
570.686679153
570.686679153
570.686679153
570.686679153
570.686679153
570.686679153
570.686679153
570.686679153
570.686679153
570.686679153
570.686679153
570.686679153
570.686679153
570.686679153
570.686679153
570.686679153
570.686679153
570.686679153
570.686679153
570.686679153
570.686679153
570.686679153
570.686679153
570.686679153
570.686679153
570.686679153
570.686679153
570.686679153
570.686679153
570.686679153
570.686679153
570.686679153
570.686679153
570.686679153
570.686679153
570.686679153
570.686679153
570.686679153
570.686679153
570.686679153
570.686679153
570.686679153
570.686679153
570.686679153
570.686679153
570.686679153
570.686679153
570.686679153
570.686679153
570.686679153
570.686679153
570.686679153
570.686679153
570.686679153
570.686679153
570.686679153
570.686679153
570.686679153
570.686679153
570.686679153
570.686679153
570.686679153
570.686679153
570.686679153
570.686679153
570.686679153
570.686679153
570.686679153
570.686679153
570.686679153
570.686679153
570.686679153
570.686679153
570.686679153
570.686679153
570.686679153
570.686679153
570.686679153
570.686679153
570.686679153
570.686679153
570.686679153
570.686679153
570.686679153
570.686679153
570.686679153
570.686679153
570.686679153
570.686679153
570.686679153
570.686679153
570.686679153
570.686679153
570.686679153
570.686679153
570.686679153
570.686679153
570.686679153
570.686679153
570.686679153
570.686679153
570.686679153
570.686679153
570.686679153
570.686679153
570.686679153
570.686679153
570.686679153
570.686679153
570.686679153
570.686679153
570.686679153
570.686679153
570.686679153
570.686679153
570.686679153
570.686679153
570.686679153
570.686679153
570.686679153
570.686679153
570.686679153
570.686679153
570.686679153
570.686679153
570.686679153
570.686679153
570.686679153
570.686679153
570.686679153
570.686679153
570.686679153
570.686679153
570.686679153
570.686679153
570.686679153
570.686679153
570.686679153
570.686679153
570.686679153
570.686679153
570.686679153
570.686679153
570.686679153
570.686679153
570.686679153
570.686679153
570.686679153
570.686679153
570.686679153
570.686679153
570.686679153
570.686679153
570.686679153
570.686679153
570.686679153
570.686679153
570.686679153
570.686679153
570.686679153
570.686679153
570.686679153
570.686679153
570.686679153
570.686679153
570.686679153
570.686679153
570.686679153
570.686679153
570.686679153
570.686679153
570.686679153
570.686679153
570.686679153
570.686679153
570.686679153
570.686679153
570.686679153
570.686679153
570.686679153
570.686679153
570.686679153
570.686679153
570.686679153
570.686679153
570.686679153
570.686679153
570.686679153
570.686679153
570.686679153
570.686679153
570.686679153
570.686679153
570.686679153
570.686679153
570.686679153
570.686679153
570.686679153
570.686679153
570.686679153
570.686679153
570.686679153
570.686679153
570.686679153
570.686679153
570.686679153
570.686679153
570.686679153
570.686679153
570.686679153
570.686679153
570.686679153
570.686679153
570.686679153
570.686679153
570.686679153
570.686679153
570.686679153
570.686679153
570.686679153
570.686679153
570.686679153
570.686679153
570.686679153
570.686679153
570.686679153
570.686679153
570.686679153
570.686679153
570.686679153
570.686679153
570.686679153
570.686679153
570.686679153
570.686679153
570.686679153
570.686679153
570.686679153
570.686679153
570.686679153
570.686679153
570.686679153
570.686679153
570.686679153
570.686679153
570.686679153
570.686679153
570.686679153
570.686679153
570.686679153
570.686679153
570.686679153
570.686679153
570.686679153
570.686679153
570.686679153
570.686679153
570.686679153
570.686679153
570.686679153
570.686679153
570.686679153
570.686679153
570.686679153
570.686679153
570.686679153
570.686679153
570.686679153
570.686679153
570.686679153
570.686679153
570.686679153
570.686679153
570.686679153
570.686679153
570.686679153
570.686679153
570.686679153
570.686679153
570.686679153
570.686679153
570.686679153
570.686679153
570.686679153
570.686679153
570.686679153
570.686679153
570.686679153
570.686679153
570.686679153
570.686679153
570.686679153
570.686679153
570.686679153
570.686679153
570.686679153
570.686679153
570.686679153
570.686679153
570.686679153
570.686679153
570.686679153
570.686679153
570.686679153
570.686679153
570.686679153
570.686679153
570.686679153
570.686679153
570.686679153
570.686679153
570.686679153
570.686679153
570.686679153
570.686679153
570.686679153
570.686679153
570.686679153
570.686679153
570.686679153
570.686679153
570.686679153
570.686679153
570.686679153
570.686679153
570.686679153
570.686679153
570.686679153
570.686679153
570.686679153
570.686679153
570.686679153
570.686679153
570.686679153
570.686679153
570.686679153
570.686679153
570.686679153
570.686679153
570.686679153
570.686679153
570.686679153
570.686679153
570.686679153
570.686679153
570.686679153
570.686679153
570.686679153
570.686679153
570.686679153
570.686679153
570.686679153
570.686679153
570.686679153
570.686679153
570.686679153
570.686679153
570.686679153
570.686679153
570.686679153
570.686679153
570.686679153
570.686679153
570.686679153
570.686679153
570.686679153
570.686679153
570.686679153
570.686679153
570.686679153
570.686679153
570.686679153
570.686679153
570.686679153
570.686679153
570.686679153
570.686679153
570.686679153
570.686679153
570.686679153
570.686679153
570.686679153
570.686679153
570.686679153
570.686679153
570.686679153
570.686679153
570.686679153
570.686679153
570.686679153
570.686679153
570.686679153
570.686679153
570.686679153
570.686679153
570.686679153
570.686679153
570.686679153
570.686679153
570.686679153
570.686679153
570.686679153
570.686679153
570.686679153
570.686679153
570.686679153
570.686679153
570.686679153
570.686679153
570.686679153
570.686679153
570.686679153
570.686679153
570.686679153
570.686679153
570.686679153
570.686679153
570.686679153
570.686679153
570.686679153
570.686679153
570.686679153
570.686679153
570.686679153
570.686679153
570.686679153
570.686679153
570.686679153
570.686679153
570.686679153
570.686679153
570.686679153
570.686679153
570.686679153
570.686679153
570.686679153
570.686679153
570.686679153
570.686679153
570.686679153
570.686679153
570.686679153
570.686679153
570.686679153
570.686679153
570.686679153
570.686679153
570.686679153
570.686679153
570.686679153
570.686679153
570.686679153
570.686679153
570.686679153
570.686679153
570.686679153
570.686679153
570.686679153
570.686679153
570.686679153
570.686679153
570.686679153
570.686679153
570.686679153
570.686679153
570.686679153
570.686679153
570.686679153
570.686679153
570.686679153
570.686679153
570.686679153
570.686679153
570.686679153
570.686679153
570.686679153
570.686679153
570.686679153
570.686679153
570.686679153
570.686679153
570.686679153
570.686679153
570.686679153
570.686679153
570.686679153
570.686679153
570.686679153
570.686679153
570.686679153
570.686679153
570.686679153
570.686679153
570.686679153
570.686679153
570.686679153
570.686679153
570.686679153
570.686679153
570.686679153
570.686679153
570.686679153
570.686679153
570.686679153
570.686679153
570.686679153
570.686679153
570.686679153
570.686679153
570.686679153
570.686679153
570.686679153
570.686679153
570.686679153
570.686679153
570.686679153
570.686679153
570.686679153
570.686679153
570.686679153
570.686679153
570.686679153
570.686679153
570.686679153
570.686679153
570.686679153
570.686679153
570.686679153
570.686679153
570.686679153
570.686679153
570.686679153
570.686679153
570.686679153
570.686679153
570.686679153
570.686679153
570.686679153
570.686679153
570.686679153
570.686679153
570.686679153
570.686679153
570.686679153
570.686679153
570.686679153
570.686679153
570.686679153
570.686679153
570.686679153
570.686679153
570.686679153
570.686679153
570.686679153
570.686679153
570.686679153
570.686679153
570.686679153
570.686679153
570.686679153
570.686679153
570.686679153
570.686679153
570.686679153
570.686679153
570.686679153
570.686679153
570.686679153
570.686679153
570.686679153
570.686679153
570.686679153
570.686679153
570.686679153
570.686679153
570.686679153
570.686679153
570.686679153
570.686679153
570.686679153
570.686679153
570.686679153
570.686679153
570.686679153
570.686679153
570.686679153
570.686679153
570.686679153
570.686679153
570.686679153
570.686679153
570.686679153
570.686679153
570.686679153
570.686679153
570.686679153
570.686679153
570.686679153
570.686679153
570.686679153
570.686679153
570.686679153
570.686679153
570.686679153
570.686679153
570.686679153
570.686679153
570.686679153
570.686679153
570.686679153
570.686679153
570.686679153
570.686679153
570.686679153
570.686679153
570.686679153
570.686679153
570.686679153
570.686679153
570.686679153
570.686679153
570.686679153
570.686679153
570.686679153
570.686679153
570.686679153
570.686679153
570.686679153
570.686679153
570.686679153
570.686679153
570.686679153
570.686679153
570.686679153
570.686679153
570.686679153
570.686679153
570.686679153
570.686679153
570.686679153
570.686679153
570.686679153
570.686679153
570.686679153
570.686679153
570.686679153
570.686679153
570.686679153
570.686679153
570.686679153
570.686679153
570.686679153
570.686679153
570.686679153
570.686679153
570.686679153
570.686679153
570.686679153
570.686679153
570.686679153
570.686679153
570.686679153
570.686679153
570.686679153
570.686679153
570.686679153
570.686679153
570.686679153
570.686679153
570.686679153
570.686679153
570.686679153
570.686679153
570.686679153
570.686679153
570.686679153
570.686679153
570.686679153
570.686679153
570.686679153
570.686679153
570.686679153
570.686679153
570.686679153
570.686679153
570.686679153
570.686679153
570.686679153
570.686679153
570.686679153
570.686679153
570.686679153
570.686679153
570.686679153
570.686679153
570.686679153
570.686679153
570.686679153
570.686679153
570.686679153
570.686679153
570.686679153
570.686679153
570.686679153
570.686679153
570.686679153
570.686679153
570.686679153
570.686679153
570.686679153
570.686679153
570.686679153
570.686679153
570.686679153
570.686679153
570.686679153
570.686679153
570.686679153
570.686679153
570.686679153
570.686679153
570.686679153
570.686679153
570.686679153
570.686679153
570.686679153
570.686679153
570.686679153
570.686679153
570.686679153
570.686679153
570.686679153
570.686679153
570.686679153
570.686679153
570.686679153
570.686679153
570.686679153
570.686679153
570.686679153
570.686679153
570.686679153
570.686679153
570.686679153
570.686679153
570.686679153
570.686679153
570.686679153
570.686679153
570.686679153
570.686679153
570.686679153
570.686679153
570.686679153
570.686679153
570.686679153
570.686679153
570.686679153
570.686679153
570.686679153
570.686679153
570.686679153
570.686679153
570.686679153
570.686679153
570.686679153
570.686679153
570.686679153
570.686679153
570.686679153
570.686679153
570.686679153
570.686679153
570.686679153
570.686679153
570.686679153
570.686679153
570.686679153
570.686679153
570.686679153
570.686679153
570.686679153
570.686679153
570.686679153
570.686679153
570.686679153
570.686679153
570.686679153
570.686679153
570.686679153
570.686679153
570.686679153
570.686679153
570.686679153
570.686679153
570.686679153
570.686679153
570.686679153
570.686679153
570.686679153
570.686679153
570.686679153
570.686679153
570.686679153
570.686679153
570.686679153
570.686679153
570.686679153
570.686679153
570.686679153
570.686679153
570.686679153
570.686679153
570.686679153
570.686679153
570.686679153
570.686679153
570.686679153
570.686679153
570.686679153
570.686679153
570.686679153
570.686679153
570.686679153
570.686679153
570.686679153
570.686679153
570.686679153
570.686679153
570.686679153
570.686679153
570.686679153
570.686679153
570.686679153
570.686679153
570.686679153
570.686679153
570.686679153
570.686679153
570.686679153
570.686679153
570.686679153
570.686679153
570.686679153
570.686679153
570.686679153
570.686679153
570.686679153
570.686679153
570.686679153
570.686679153
570.686679153
570.686679153
570.686679153
570.686679153
570.686679153
570.686679153
570.686679153
570.686679153
570.686679153
570.686679153
570.686679153
570.686679153
570.686679153
570.686679153
570.686679153
570.686679153
570.686679153
570.686679153
570.686679153
570.686679153
570.686679153
570.686679153
570.686679153
570.686679153
570.686679153
570.686679153
570.686679153
570.686679153
570.686679153
570.686679153
570.686679153
570.686679153
570.686679153
570.686679153
570.686679153
570.686679153
570.686679153
570.686679153
570.686679153
570.686679153
570.686679153
570.686679153
570.686679153
570.686679153
570.686679153
570.686679153
570.686679153
570.686679153
570.686679153
570.686679153
570.686679153
570.686679153
570.686679153
570.686679153
570.686679153
570.686679153
570.686679153
570.686679153
570.686679153
570.686679153
570.686679153
570.686679153
570.686679153
570.686679153
570.686679153
570.686679153
570.686679153
570.686679153
570.686679153
570.686679153
570.686679153
570.686679153
570.686679153
570.686679153
570.686679153
570.686679153
570.686679153
570.686679153
570.686679153
570.686679153
570.686679153
570.686679153
570.686679153
570.686679153
570.686679153
570.686679153
570.686679153
570.686679153
570.686679153
570.686679153
570.686679153
570.686679153
570.686679153
570.686679153
570.686679153
570.686679153
570.686679153
570.686679153
570.686679153
570.686679153
570.686679153
570.686679153
570.686679153
570.686679153
570.686679153
570.686679153
570.686679153
570.686679153
570.686679153
570.686679153
570.686679153
570.686679153
570.686679153
570.686679153
570.686679153
570.686679153
570.686679153
570.686679153
570.686679153
570.686679153
570.686679153
570.686679153
570.686679153
570.686679153
570.686679153
570.686679153
570.686679153
570.686679153
570.686679153
570.686679153
570.686679153
570.686679153
570.686679153
570.686679153
570.686679153
570.686679153
570.686679153
570.686679153
570.686679153
570.686679153
570.686679153
570.686679153
570.686679153
570.686679153
570.686679153
570.686679153
570.686679153
570.686679153
570.686679153
570.686679153
570.686679153
570.686679153
570.686679153
570.686679153
570.686679153
570.686679153
570.686679153
570.686679153
570.686679153
570.686679153
570.686679153
570.686679153
570.686679153
570.686679153
570.686679153
570.686679153
570.686679153
570.686679153
570.686679153
570.686679153
570.686679153
570.686679153
570.686679153
570.686679153
570.686679153
570.686679153
570.686679153
570.686679153
570.686679153
570.686679153
570.686679153
570.686679153
570.686679153
570.686679153
570.686679153
570.686679153
570.686679153
570.686679153
570.686679153
570.686679153
570.686679153
570.686679153
570.686679153
570.686679153
570.686679153
570.686679153
570.686679153
570.686679153
570.686679153
570.686679153
570.686679153
570.686679153
570.686679153
570.686679153
570.686679153
570.686679153
570.686679153
570.686679153
570.686679153
570.686679153
570.686679153
570.686679153
570.686679153
570.686679153
570.686679153
570.686679153
570.686679153
570.686679153
570.686679153
570.686679153
570.686679153
570.686679153
570.686679153
570.686679153
570.686679153
570.686679153
570.686679153
570.686679153
570.686679153
570.686679153
570.686679153
570.686679153
570.686679153
570.686679153
570.686679153
570.686679153
570.686679153
570.686679153
570.686679153
570.686679153
570.686679153
570.686679153
570.686679153
570.686679153
570.686679153
570.686679153
570.686679153
570.686679153
570.686679153
570.686679153
570.686679153
570.686679153
570.686679153
570.686679153
570.686679153
570.686679153
570.686679153
570.686679153
570.686679153
570.686679153
570.686679153
570.686679153
570.686679153
570.686679153
570.686679153
570.686679153
570.686679153
570.686679153
570.686679153
570.686679153
570.686679153
570.686679153
570.686679153
570.686679153
570.686679153
570.686679153
570.686679153
570.686679153
570.686679153
570.686679153
570.686679153
570.686679153
570.686679153
570.686679153
570.686679153
570.686679153
570.686679153
570.686679153
570.686679153
570.686679153
570.686679153
570.686679153
570.686679153
570.686679153
570.686679153
570.686679153
570.686679153
570.686679153
570.686679153
570.686679153
570.686679153
570.686679153
570.686679153
570.686679153
570.686679153
570.686679153
570.686679153
570.686679153
570.686679153
570.686679153
570.686679153
570.686679153
570.686679153
570.686679153
570.686679153
570.686679153
570.686679153
570.686679153
570.686679153
570.686679153
570.686679153
570.686679153
570.686679153
570.686679153
570.686679153
570.686679153
570.686679153
570.686679153
570.686679153
570.686679153
570.686679153
570.686679153
570.686679153
570.686679153
570.686679153
570.686679153
570.686679153
570.686679153
570.686679153
570.686679153
570.686679153
570.686679153
570.686679153
570.686679153
570.686679153
570.686679153
570.686679153
570.686679153
570.686679153
570.686679153
570.686679153
570.686679153
570.686679153
570.686679153
570.686679153
570.686679153
570.686679153
570.686679153
570.686679153
570.686679153
570.686679153
570.686679153
570.686679153
570.686679153
570.686679153
570.686679153
570.686679153
570.686679153
570.686679153
570.686679153
570.686679153
570.686679153
570.686679153
570.686679153
570.686679153
570.686679153
570.686679153
570.686679153
570.686679153
570.686679153
570.686679153
570.686679153
570.686679153
570.686679153
570.686679153
570.686679153
570.686679153
570.686679153
570.686679153
570.686679153
570.686679153
570.686679153
570.686679153
570.686679153
570.686679153
570.686679153
570.686679153
570.686679153
570.686679153
570.686679153
570.686679153
570.686679153
570.686679153
570.686679153
570.686679153
570.686679153
570.686679153
570.686679153
570.686679153
570.686679153
570.686679153
570.686679153
570.686679153
570.686679153
570.686679153
570.686679153
570.686679153
570.686679153
570.686679153
570.686679153
570.686679153
570.686679153
570.686679153
570.686679153
570.686679153
570.686679153
570.686679153
570.686679153
570.686679153
570.686679153
570.686679153
570.686679153
570.686679153
570.686679153
570.686679153
570.686679153
570.686679153
570.686679153
570.686679153
570.686679153
570.686679153
570.686679153
570.686679153
570.686679153
570.686679153
570.686679153
570.686679153
570.686679153
570.686679153
570.686679153
570.686679153
570.686679153
570.686679153
570.686679153
570.686679153
570.686679153
570.686679153
570.686679153
570.686679153
570.686679153
570.686679153
570.686679153
570.686679153
570.686679153
570.686679153
570.686679153
570.686679153
570.686679153
570.686679153
570.686679153
570.686679153
570.686679153
570.686679153
570.686679153
570.686679153
570.686679153
570.686679153
570.686679153
570.686679153
570.686679153
570.686679153
570.686679153
570.686679153
570.686679153
570.686679153
570.686679153
570.686679153
570.686679153
570.686679153
570.686679153
570.686679153
570.686679153
570.686679153
570.686679153
570.686679153
570.686679153
570.686679153
570.686679153
570.686679153
570.686679153
570.686679153
570.686679153
570.686679153
570.686679153
570.686679153
570.686679153
570.686679153
570.686679153
570.686679153
570.686679153
570.686679153
570.686679153
570.686679153
570.686679153
570.686679153
570.686679153
570.686679153
570.686679153
570.686679153
570.686679153
570.686679153
570.686679153
570.686679153
570.686679153
570.686679153
570.686679153
570.686679153
570.686679153
570.686679153
570.686679153
570.686679153
570.686679153
570.686679153
570.686679153
570.686679153
570.686679153
570.686679153
570.686679153
570.686679153
570.686679153
570.686679153
570.686679153
570.686679153
570.686679153
570.686679153
570.686679153
570.686679153
570.686679153
570.686679153
570.686679153
570.686679153
570.686679153
570.686679153
570.686679153
570.686679153
570.686679153
570.686679153
570.686679153
570.686679153
570.686679153
570.686679153
570.686679153
570.686679153
570.686679153
570.686679153
570.686679153
570.686679153
570.686679153
570.686679153
570.686679153
570.686679153
570.686679153
570.686679153
570.686679153
570.686679153
570.686679153
570.686679153
570.686679153
570.686679153
570.686679153
570.686679153
570.686679153
570.686679153
570.686679153
570.686679153
570.686679153
570.686679153
570.686679153
570.686679153
570.686679153
570.686679153
570.686679153
570.686679153
570.686679153
570.686679153
570.686679153
570.686679153
570.686679153
570.686679153
570.686679153
570.686679153
570.686679153
570.686679153
570.686679153
570.686679153
570.686679153
570.686679153
570.686679153
570.686679153
570.686679153
570.686679153
570.686679153
570.686679153
570.686679153
570.686679153
570.686679153
570.686679153
570.686679153
570.686679153
570.686679153
570.686679153
570.686679153
570.686679153
570.686679153
570.686679153
570.686679153
570.686679153
570.686679153
570.686679153
570.686679153
570.686679153
570.686679153
570.686679153
570.686679153
570.686679153
570.686679153
570.686679153
570.686679153
570.686679153
570.686679153
570.686679153
570.686679153
570.686679153
570.686679153
570.686679153
570.686679153
570.686679153
570.686679153
570.686679153
570.686679153
570.686679153
570.686679153
570.686679153
570.686679153
570.686679153
570.686679153
570.686679153
570.686679153
570.686679153
570.686679153
570.686679153
570.686679153
570.686679153
570.686679153
570.686679153
570.686679153
570.686679153
570.686679153
570.686679153
570.686679153
570.686679153
570.686679153
570.686679153
570.686679153
570.686679153
570.686679153
570.686679153
570.686679153
570.686679153
570.686679153
570.686679153
570.686679153
570.686679153
570.686679153
570.686679153
570.686679153
570.686679153
570.686679153
570.686679153
570.686679153
570.686679153
570.686679153
570.686679153
570.686679153
570.686679153
570.686679153
570.686679153
570.686679153
570.686679153
570.686679153
570.686679153
570.686679153
570.686679153
570.686679153
570.686679153
570.686679153
570.686679153
570.686679153
570.686679153
570.686679153
570.686679153
570.686679153
570.686679153
570.686679153
570.686679153
570.686679153
570.686679153
570.686679153
570.686679153
570.686679153
570.686679153
570.686679153
570.686679153
570.686679153
570.686679153
570.686679153
570.686679153
570.686679153
570.686679153
570.686679153
570.686679153
570.686679153
570.686679153
570.686679153
570.686679153
570.686679153
570.686679153
570.686679153
570.686679153
570.686679153
570.686679153
570.686679153
570.686679153
570.686679153
570.686679153
570.686679153
570.686679153
570.686679153
570.686679153
570.686679153
570.686679153
570.686679153
570.686679153
570.686679153
570.686679153
570.686679153
570.686679153
570.686679153
570.686679153
570.686679153
570.686679153
570.686679153
570.686679153
570.686679153
570.686679153
570.686679153
570.686679153
570.686679153
570.686679153
570.686679153
570.686679153
570.686679153
570.686679153
570.686679153
570.686679153
570.686679153
570.686679153
570.686679153
570.686679153
570.686679153
570.686679153
570.686679153
570.686679153
570.686679153
570.686679153
570.686679153
570.686679153
570.686679153
570.686679153
570.686679153
570.686679153
570.686679153
570.686679153
570.686679153
570.686679153
570.686679153
570.686679153
570.686679153
570.686679153
570.686679153
570.686679153
570.686679153
570.686679153
570.686679153
570.686679153
570.686679153
570.686679153
570.686679153
570.686679153
570.686679153
570.686679153
570.686679153
570.686679153
570.686679153
570.686679153
570.686679153
570.686679153
570.686679153
570.686679153
570.686679153
570.686679153
570.686679153
570.686679153
570.686679153
570.686679153
570.686679153
570.686679153
570.686679153
570.686679153
570.686679153
570.686679153
570.686679153
570.686679153
570.686679153
570.686679153
570.686679153
570.686679153
570.686679153
570.686679153
570.686679153
570.686679153
570.686679153
570.686679153
570.686679153
570.686679153
570.686679153
570.686679153
570.686679153
570.686679153
570.686679153
570.686679153
570.686679153
570.686679153
570.686679153
570.686679153
570.686679153
570.686679153
570.686679153
570.686679153
570.686679153
570.686679153
570.686679153
570.686679153
570.686679153
570.686679153
570.686679153
570.686679153
570.686679153
570.686679153
570.686679153
570.686679153
570.686679153
570.686679153
570.686679153
570.686679153
570.686679153
570.686679153
570.686679153
570.686679153
570.686679153
570.686679153
570.686679153
570.686679153
570.686679153
570.686679153
570.686679153
570.686679153
570.686679153
570.686679153
570.686679153
570.686679153
570.686679153
570.686679153
570.686679153
570.686679153
570.686679153
570.686679153
570.686679153
570.686679153
570.686679153
570.686679153
570.686679153
570.686679153
570.686679153
570.686679153
570.686679153
570.686679153
570.686679153
570.686679153
570.686679153
570.686679153
570.686679153
570.686679153
570.686679153
570.686679153
570.686679153
570.686679153
570.686679153
570.686679153
570.686679153
570.686679153
570.686679153
570.686679153
570.686679153
570.686679153
570.686679153
570.686679153
570.686679153
570.686679153
570.686679153
570.686679153
570.686679153
570.686679153
570.686679153
570.686679153
570.686679153
570.686679153
570.686679153
570.686679153
570.686679153
570.686679153
570.686679153
570.686679153
570.686679153
570.686679153
570.686679153
570.686679153
570.686679153
570.686679153
570.686679153
570.686679153
570.686679153
570.686679153
570.686679153
570.686679153
570.686679153
570.686679153
570.686679153
570.686679153
570.686679153
570.686679153
570.686679153
570.686679153
570.686679153
570.686679153
570.686679153
570.686679153
570.686679153
570.686679153
570.686679153
570.686679153
570.686679153
570.686679153
570.686679153
570.686679153
570.686679153
570.686679153
570.686679153
570.686679153
570.686679153
570.686679153
570.686679153
570.686679153
570.686679153
570.686679153
570.686679153
570.686679153
570.686679153
570.686679153
570.686679153
570.686679153
570.686679153
570.686679153
570.686679153
570.686679153
570.686679153
570.686679153
570.686679153
570.686679153
570.686679153
570.686679153
570.686679153
570.686679153
570.686679153
570.686679153
570.686679153
570.686679153
570.686679153
570.686679153
570.686679153
570.686679153
570.686679153
570.686679153
570.686679153
570.686679153
570.686679153
570.686679153
570.686679153
570.686679153
570.686679153
570.686679153
570.686679153
570.686679153
570.686679153
570.686679153
570.686679153
570.686679153
570.686679153
570.686679153
570.686679153
570.686679153
570.686679153
570.686679153
570.686679153
570.686679153
570.686679153
570.686679153
570.686679153
570.686679153
570.686679153
570.686679153
570.686679153
570.686679153
570.686679153
570.686679153
570.686679153
570.686679153
570.686679153
570.686679153
570.686679153
570.686679153
570.686679153
570.686679153
570.686679153
570.686679153
570.686679153
570.686679153
570.686679153
570.686679153
570.686679153
570.686679153
570.686679153
570.686679153
570.686679153
570.686679153
570.686679153
570.686679153
570.686679153
570.686679153
570.686679153
570.686679153
570.686679153
570.686679153
570.686679153
570.686679153
570.686679153
570.686679153
570.686679153
570.686679153
570.686679153
570.686679153
570.686679153
570.686679153
570.686679153
570.686679153
570.686679153
570.686679153
570.686679153
570.686679153
570.686679153
570.686679153
570.686679153
570.686679153
570.686679153
570.686679153
570.686679153
570.686679153
570.686679153
570.686679153
570.686679153
570.686679153
570.686679153
570.686679153
570.686679153
570.686679153
570.686679153
570.686679153
570.686679153
570.686679153
570.686679153
570.686679153
570.686679153
570.686679153
570.686679153
570.686679153
570.686679153
570.686679153
570.686679153
570.686679153
570.686679153
570.686679153
570.686679153
570.686679153
570.686679153
570.686679153
570.686679153
570.686679153
570.686679153
570.686679153
570.686679153
570.686679153
570.686679153
570.686679153
570.686679153
570.686679153
570.686679153
570.686679153
570.686679153
570.686679153
570.686679153
570.686679153
570.686679153
570.686679153
570.686679153
570.686679153
570.686679153
570.686679153
570.686679153
570.686679153
570.686679153
570.686679153
570.686679153
570.686679153
570.686679153
570.686679153
570.686679153
570.686679153
570.686679153
570.686679153
570.686679153
570.686679153
570.686679153
570.686679153
570.686679153
570.686679153
570.686679153
570.686679153
570.686679153
570.686679153
570.686679153
570.686679153
570.686679153
570.686679153
570.686679153
570.686679153
570.686679153
570.686679153
570.686679153
570.686679153
570.686679153
570.686679153
570.686679153
570.686679153
570.686679153
570.686679153
570.686679153
570.686679153
570.686679153
570.686679153
570.686679153
570.686679153
570.686679153
570.686679153
570.686679153
570.686679153
570.686679153
570.686679153
570.686679153
570.686679153
570.686679153
570.686679153
570.686679153
570.686679153
570.686679153
570.686679153
570.686679153
570.686679153
570.686679153
570.686679153
570.686679153
570.686679153
570.686679153
570.686679153
570.686679153
570.686679153
570.686679153
570.686679153
570.686679153
570.686679153
570.686679153
570.686679153
570.686679153
570.686679153
570.686679153
570.686679153
570.686679153
570.686679153
570.686679153
570.686679153
570.686679153
570.686679153
570.686679153
570.686679153
570.686679153
570.686679153
570.686679153
570.686679153
570.686679153
570.686679153
570.686679153
570.686679153
570.686679153
570.686679153
570.686679153
570.686679153
570.686679153
570.686679153
570.686679153
570.686679153
570.686679153
570.686679153
570.686679153
570.686679153
570.686679153
570.686679153
570.686679153
570.686679153
570.686679153
570.686679153
570.686679153
570.686679153
570.686679153
570.686679153
570.686679153
570.686679153
570.686679153
570.686679153
570.686679153
570.686679153
570.686679153
570.686679153
570.686679153
570.686679153
570.686679153
570.686679153
570.686679153
570.686679153
570.686679153
570.686679153
570.686679153
570.686679153
570.686679153
570.686679153
570.686679153
570.686679153
570.686679153
570.686679153
570.686679153
570.686679153
570.686679153
570.686679153
570.686679153
570.686679153
570.686679153
570.686679153
570.686679153
570.686679153
570.686679153
570.686679153
570.686679153
570.686679153
570.686679153
570.686679153
570.686679153
570.686679153
570.686679153
570.686679153
570.686679153
570.686679153
570.686679153
570.686679153
570.686679153
570.686679153
570.686679153
570.686679153
570.686679153
570.686679153
570.686679153
570.686679153
570.686679153
570.686679153
570.686679153
570.686679153
570.686679153
570.686679153
570.686679153
570.686679153
570.686679153
570.686679153
570.686679153
570.686679153
570.686679153
570.686679153
570.686679153
570.686679153
570.686679153
570.686679153
570.686679153
570.686679153
570.686679153
570.686679153
570.686679153
570.686679153
570.686679153
570.686679153
570.686679153
570.686679153
570.686679153
570.686679153
570.686679153
570.686679153
570.686679153
570.686679153
570.686679153
570.686679153
570.686679153
570.686679153
570.686679153
570.686679153
570.686679153
570.686679153
570.686679153
570.686679153
570.686679153
570.686679153
570.686679153
570.686679153
570.686679153
570.686679153
570.686679153
570.686679153
570.686679153
570.686679153
570.686679153
570.686679153
570.686679153
570.686679153
570.686679153
570.686679153
570.686679153
570.686679153
570.686679153
570.686679153
570.686679153
570.686679153
570.686679153
570.686679153
570.686679153
570.686679153
570.686679153
570.686679153
570.686679153
570.686679153
570.686679153
570.686679153
570.686679153
570.686679153
570.686679153
570.686679153
570.686679153
570.686679153
570.686679153
570.686679153
570.686679153
570.686679153
570.686679153
570.686679153
570.686679153
570.686679153
570.686679153
570.686679153
570.686679153
570.686679153
570.686679153
570.686679153
570.686679153
570.686679153
570.686679153
570.686679153
570.686679153
570.686679153
570.686679153
570.686679153
570.686679153
570.686679153
570.686679153
570.686679153
570.686679153
570.686679153
570.686679153
570.686679153
570.686679153
570.686679153
570.686679153
570.686679153
570.686679153
570.686679153
570.686679153
570.686679153
570.686679153
570.686679153
570.686679153
570.686679153
570.686679153
570.686679153
570.686679153
570.686679153
570.686679153
570.686679153
570.686679153
570.686679153
570.686679153
570.686679153
570.686679153
570.686679153
570.686679153
570.686679153
570.686679153
570.686679153
570.686679153
570.686679153
570.686679153
570.686679153
570.686679153
570.686679153
570.686679153
570.686679153
570.686679153
570.686679153
570.686679153
570.686679153
570.686679153
570.686679153
570.686679153
570.686679153
570.686679153
570.686679153
570.686679153
570.686679153
570.686679153
570.686679153
570.686679153
570.686679153
570.686679153
570.686679153
570.686679153
570.686679153
570.686679153
570.686679153
570.686679153
570.686679153
570.686679153
570.686679153
570.686679153
570.686679153
570.686679153
570.686679153
570.686679153
570.686679153
570.686679153
570.686679153
570.686679153
570.686679153
570.686679153
570.686679153
570.686679153
570.686679153
570.686679153
570.686679153
570.686679153
570.686679153
570.686679153
570.686679153
570.686679153
570.686679153
570.686679153
570.686679153
570.686679153
570.686679153
570.686679153
570.686679153
570.686679153
570.686679153
570.686679153
570.686679153
570.686679153
570.686679153
570.686679153
570.686679153
570.686679153
570.686679153
570.686679153
570.686679153
570.686679153
570.686679153
570.686679153
570.686679153
570.686679153
570.686679153
570.686679153
570.686679153
570.686679153
570.686679153
570.686679153
570.686679153
570.686679153
570.686679153
570.686679153
570.686679153
570.686679153
570.686679153
570.686679153
570.686679153
570.686679153
570.686679153
570.686679153
570.686679153
570.686679153
570.686679153
570.686679153
570.686679153
570.686679153
570.686679153
570.686679153
570.686679153
570.686679153
570.686679153
570.686679153
570.686679153
570.686679153
570.686679153
570.686679153
570.686679153
570.686679153
570.686679153
570.686679153
570.686679153
570.686679153
570.686679153
570.686679153
570.686679153
570.686679153
570.686679153
570.686679153
570.686679153
570.686679153
570.686679153
570.686679153
570.686679153
570.686679153
570.686679153
570.686679153
570.686679153
570.686679153
570.686679153
570.686679153
570.686679153
570.686679153
570.686679153
570.686679153
570.686679153
570.686679153
570.686679153
570.686679153
570.686679153
570.686679153
570.686679153
570.686679153
570.686679153
570.686679153
570.686679153
570.686679153
570.686679153
570.686679153
570.686679153
570.686679153
570.686679153
570.686679153
570.686679153
570.686679153
570.686679153
570.686679153
570.686679153
570.686679153
570.686679153
570.686679153
570.686679153
570.686679153
570.686679153
570.686679153
570.686679153
570.686679153
570.686679153
570.686679153
570.686679153
570.686679153
570.686679153
570.686679153
570.686679153
570.686679153
570.686679153
570.686679153
570.686679153
570.686679153
570.686679153
570.686679153
570.686679153
570.686679153
570.686679153
570.686679153
570.686679153
570.686679153
570.686679153
570.686679153
570.686679153
570.686679153
570.686679153
570.686679153
570.686679153
570.686679153
570.686679153
570.686679153
570.686679153
570.686679153
570.686679153
570.686679153
570.686679153
570.686679153
570.686679153
570.686679153
570.686679153
570.686679153
570.686679153
570.686679153
570.686679153
570.686679153
570.686679153
570.686679153
570.686679153
570.686679153
570.686679153
570.686679153
570.686679153
570.686679153
570.686679153
570.686679153
570.686679153
570.686679153
570.686679153
570.686679153
570.686679153
570.686679153
570.686679153
570.686679153
570.686679153
570.686679153
570.686679153
570.686679153
570.686679153
570.686679153
570.686679153
570.686679153
570.686679153
570.686679153
570.686679153
570.686679153
570.686679153
570.686679153
570.686679153
570.686679153
570.686679153
570.686679153
570.686679153
570.686679153
570.686679153
570.686679153
570.686679153
570.686679153
570.686679153
570.686679153
570.686679153
570.686679153
570.686679153
570.686679153
570.686679153
570.686679153
570.686679153
570.686679153
570.686679153
570.686679153
570.686679153
570.686679153
570.686679153
570.686679153
570.686679153
570.686679153
570.686679153
570.686679153
570.686679153
570.686679153
570.686679153
570.686679153
570.686679153
570.686679153
570.686679153
570.686679153
570.686679153
570.686679153
570.686679153
570.686679153
570.686679153
570.686679153
570.686679153
570.686679153
570.686679153
570.686679153
570.686679153
570.686679153
570.686679153
570.686679153
570.686679153
570.686679153
570.686679153
570.686679153
570.686679153
570.686679153
570.686679153
570.686679153
570.686679153
570.686679153
570.686679153
570.686679153
570.686679153
570.686679153
570.686679153
570.686679153
570.686679153
570.686679153
570.686679153
570.686679153
570.686679153
570.686679153
570.686679153
570.686679153
570.686679153
570.686679153
570.686679153
570.686679153
570.686679153
570.686679153
570.686679153
570.686679153
570.686679153
570.686679153
570.686679153
570.686679153
570.686679153
570.686679153
570.686679153
570.686679153
570.686679153
570.686679153
570.686679153
570.686679153
570.686679153
570.686679153
570.686679153
570.686679153
570.686679153
570.686679153
570.686679153
570.686679153
570.686679153
570.686679153
570.686679153
570.686679153
570.686679153
570.686679153
570.686679153
570.686679153
570.686679153
570.686679153
570.686679153
570.686679153
570.686679153
570.686679153
570.686679153
570.686679153
570.686679153
570.686679153
570.686679153
570.686679153
570.686679153
570.686679153
570.686679153
570.686679153
570.686679153
570.686679153
570.686679153
570.686679153
570.686679153
570.686679153
570.686679153
570.686679153
570.686679153
570.686679153
570.686679153
570.686679153
570.686679153
570.686679153
570.686679153
570.686679153
570.686679153
570.686679153
570.686679153
570.686679153
570.686679153
570.686679153
570.686679153
570.686679153
570.686679153
570.686679153
570.686679153
570.686679153
570.686679153
570.686679153
570.686679153
570.686679153
570.686679153
570.686679153
570.686679153
570.686679153
570.686679153
570.686679153
570.686679153
570.686679153
570.686679153
570.686679153
570.686679153
570.686679153
570.686679153
570.686679153
570.686679153
570.686679153
570.686679153
570.686679153
570.686679153
570.686679153
570.686679153
570.686679153
570.686679153
570.686679153
570.686679153
570.686679153
570.686679153
570.686679153
570.686679153
570.686679153
570.686679153
570.686679153
570.686679153
570.686679153
570.686679153
570.686679153
570.686679153
570.686679153
570.686679153
570.686679153
570.686679153
570.686679153
570.686679153
570.686679153
570.686679153
570.686679153
570.686679153
570.686679153
570.686679153
570.686679153
570.686679153
570.686679153
570.686679153
570.686679153
570.686679153
570.686679153
570.686679153
570.686679153
570.686679153
570.686679153
570.686679153
570.686679153
570.686679153
570.686679153
570.686679153
570.686679153
570.686679153
570.686679153
570.686679153
570.686679153
570.686679153
570.686679153
570.686679153
570.686679153
570.686679153
570.686679153
570.686679153
570.686679153
570.686679153
570.686679153
570.686679153
570.686679153
570.686679153
570.686679153
570.686679153
570.686679153
570.686679153
570.686679153
570.686679153
570.686679153
570.686679153
570.686679153
570.686679153
570.686679153
570.686679153
570.686679153
570.686679153
570.686679153
570.686679153
570.686679153
570.686679153
570.686679153
570.686679153
570.686679153
570.686679153
570.686679153
570.686679153
570.686679153
570.686679153
570.686679153
570.686679153
570.686679153
570.686679153
570.686679153
570.686679153
570.686679153
570.686679153
570.686679153
570.686679153
570.686679153
570.686679153
570.686679153
570.686679153
570.686679153
570.686679153
570.686679153
570.686679153
570.686679153
570.686679153
570.686679153
570.686679153
570.686679153
570.686679153
570.686679153
570.686679153
570.686679153
570.686679153
570.686679153
570.686679153
570.686679153
570.686679153
570.686679153
570.686679153
570.686679153
570.686679153
570.686679153
570.686679153
570.686679153
570.686679153
570.686679153
570.686679153
570.686679153
570.686679153
570.686679153
570.686679153
570.686679153
570.686679153
570.686679153
570.686679153
570.686679153
570.686679153
570.686679153
570.686679153
570.686679153
570.686679153
570.686679153
570.686679153
570.686679153
570.686679153
570.686679153
570.686679153
570.686679153
570.686679153
570.686679153
570.686679153
570.686679153
570.686679153
570.686679153
570.686679153
570.686679153
570.686679153
570.686679153
570.686679153
570.686679153
570.686679153
570.686679153
570.686679153
570.686679153
570.686679153
570.686679153
570.686679153
570.686679153
570.686679153
570.686679153
570.686679153
570.686679153
570.686679153
570.686679153
570.686679153
570.686679153
570.686679153
570.686679153
570.686679153
570.686679153
570.686679153
570.686679153
570.686679153
570.686679153
570.686679153
570.686679153
570.686679153
570.686679153
