1590.04724809
1543.36504541
1506.60719289
1450.59321902
1411.3667732
1390.89918753
1368.14629786
1363.52001477
1310.29222222
1297.1282379
1277.21692452
1266.68314069
1258.66689913
1252.33067669
1215.95864061
1206.85045699
1210.15952085
1192.75679275
1200.48867272
1209.45240224
1201.40572244
1172.58586638
1170.44276084
1169.99235135
1146.30423743
1138.98922848
1122.98422039
1087.84072651
1151.31951959
1066.14645744
1080.29745347
1049.77311854
1070.76903318
1078.69313225
1101.5367106
1112.17972654
1098.4274963
1077.55506004
1090.4933481
1065.7390399
1080.66101966
1100.93149941
1095.76332065
1092.24915081
1078.07010189
1065.36135796
1075.97949961
1075.97949961
1046.87653271
1039.50479998
1034.61600288
1036.53848854
1036.84927028
1040.87709437
1061.71907455
1065.95316273
1060.93505144
1051.74405463
1032.82087553
1042.85215192
1047.52604257
1043.0943059
1034.89387606
1055.69292448
1050.58104596
1058.21566691
1069.3846411
1052.28865974
1059.46676898
1052.73701785
1018.76478582
993.758743342
990.847194078
995.450169767
993.531112218
1006.29389683
1005.53899729
978.656164763
979.123208805
966.360424193
975.437119098
975.437119098
958.410825087
958.410825087
947.317885771
947.406975255
947.406975255
952.667498222
952.667498222
952.667498222
952.667498222
954.685083555
954.685083555
954.685083555
939.422933952
938.863318054
939.687264324
938.863318054
932.630410091
934.591568712
935.093305039
922.327144288
912.242225875
912.242225875
913.315169605
911.16937979
911.16937979
911.16937979
911.16937979
860.75707294
862.902862756
862.902862756
862.902862756
862.902862756
862.902862756
856.029480725
845.97540058
845.97540058
845.97540058
845.97540058
845.97540058
845.97540058
845.97540058
845.97540058
845.97540058
845.97540058
836.864291528
836.864291528
839.787248794
839.787248794
839.787248794
839.787248794
839.787248794
831.113991126
831.113991126
830.709231945
830.709231945
830.709231945
821.304475847
821.304475847
821.304475847
821.304475847
821.62154061
821.62154061
821.62154061
821.62154061
821.62154061
821.62154061
821.62154061
821.62154061
821.304475847
821.307395827
821.307395827
821.307395827
805.579259738
804.613042612
804.613042612
804.613042612
804.613042612
804.613042612
804.613042612
804.613042612
804.613042612
804.613042612
804.613042612
804.613042612
804.613042612
799.596862555
799.596862555
795.863703508
795.863703508
772.954514003
772.954514003
758.638274
758.638274
758.638274
758.638274
758.638274
752.984977021
752.984977021
752.984977021
752.984977021
752.984977021
752.984977021
750.938676878
750.938676878
749.560616696
749.560616696
749.560616696
749.560616696
749.560616696
749.560616696
749.560616696
749.560616696
749.560616696
749.560616696
749.560616696
741.953933033
741.953933033
736.510515972
734.659707289
734.659707289
734.659707289
733.838471908
733.838471908
733.838471908
733.838471908
733.838471908
733.838471908
733.838471908
733.838471908
733.838471908
727.144750036
727.144750036
725.671346495
725.671346495
725.671346495
725.671346495
725.671346495
725.671346495
725.671346495
725.671346495
725.671346495
725.42513656
725.42513656
725.42513656
725.42513656
725.42513656
725.42513656
721.354101519
721.354101519
721.354101519
721.354101519
721.354101519
721.354101519
718.695467511
717.604106865
717.604106865
717.604106865
717.604106865
717.604106865
717.604106865
717.604106865
717.604106865
717.604106865
717.604106865
704.983957972
704.983957972
704.983957972
704.983957972
704.983957972
704.983957972
704.983957972
704.983957972
704.983957972
704.983957972
704.983957972
704.983957972
704.983957972
704.983957972
704.983957972
704.480894771
704.480894771
704.480894771
704.480894771
704.480894771
704.480894771
702.179415958
699.085774333
699.085774333
699.085774333
699.085774333
699.085774333
699.085774333
699.085774333
699.085774333
699.085774333
699.085774333
699.085774333
699.085774333
699.085774333
699.085774333
699.085774333
699.085774333
699.085774333
681.769227202
681.769227202
681.769227202
681.769227202
681.769227202
681.769227202
681.769227202
681.769227202
681.769227202
681.769227202
681.769227202
681.769227202
681.769227202
667.108724422
667.108724422
667.108724422
667.108724422
667.108724422
667.108724422
667.108724422
667.108724422
667.108724422
667.108724422
667.108724422
667.108724422
667.108724422
667.108724422
667.108724422
667.108724422
667.108724422
667.108724422
662.228043853
662.228043853
662.228043853
662.228043853
662.228043853
662.228043853
662.228043853
662.228043853
662.228043853
662.228043853
662.228043853
662.228043853
662.228043853
662.228043853
662.228043853
662.228043853
662.228043853
662.228043853
662.228043853
662.228043853
662.228043853
662.228043853
662.228043853
662.228043853
662.228043853
662.228043853
662.228043853
662.228043853
662.228043853
662.228043853
662.228043853
653.54883426
653.54883426
653.54883426
653.54883426
653.54883426
653.54883426
653.54883426
653.54883426
653.54883426
653.54883426
653.54883426
653.54883426
653.54883426
653.54883426
653.54883426
653.54883426
653.54883426
653.54883426
653.54883426
653.54883426
653.54883426
653.54883426
653.54883426
653.54883426
653.54883426
653.54883426
653.54883426
653.54883426
653.54883426
653.54883426
653.54883426
653.54883426
653.54883426
653.54883426
653.54883426
653.54883426
653.54883426
653.54883426
653.54883426
653.54883426
653.54883426
653.54883426
653.54883426
653.54883426
653.54883426
653.54883426
653.54883426
653.54883426
653.54883426
653.54883426
653.54883426
653.54883426
653.54883426
653.54883426
653.54883426
653.54883426
653.54883426
645.730528565
645.730528565
645.730528565
645.730528565
645.730528565
645.730528565
645.730528565
645.730528565
645.730528565
645.730528565
645.730528565
645.730528565
645.730528565
645.730528565
645.730528565
645.730528565
645.730528565
645.730528565
643.043930408
643.043930408
643.043930408
643.043930408
643.043930408
643.043930408
643.043930408
643.043930408
643.043930408
643.043930408
643.043930408
643.043930408
643.043930408
643.043930408
643.043930408
643.043930408
643.043930408
643.043930408
643.043930408
643.043930408
643.043930408
643.043930408
643.043930408
643.043930408
643.043930408
643.043930408
643.043930408
643.043930408
643.043930408
643.043930408
643.043930408
643.043930408
643.043930408
643.043930408
643.043930408
643.043930408
643.043930408
643.043930408
643.043930408
643.043930408
643.043930408
643.043930408
643.043930408
643.043930408
643.043930408
643.043930408
643.043930408
643.043930408
643.043930408
643.043930408
643.043930408
643.043930408
643.043930408
643.043930408
643.043930408
643.043930408
643.043930408
643.043930408
643.043930408
643.043930408
643.043930408
643.043930408
643.043930408
642.870759117
642.870759117
642.870759117
642.870759117
642.870759117
642.870759117
642.870759117
642.870759117
642.870759117
642.870759117
642.870759117
640.723342473
640.723342473
640.723342473
640.723342473
640.723342473
640.723342473
640.723342473
640.723342473
640.723342473
640.723342473
640.723342473
640.723342473
640.723342473
640.723342473
640.723342473
640.723342473
640.723342473
640.723342473
640.723342473
640.723342473
640.723342473
640.723342473
640.723342473
640.723342473
640.723342473
640.723342473
640.723342473
640.723342473
640.723342473
640.723342473
640.723342473
640.723342473
640.723342473
640.723342473
640.723342473
640.723342473
640.723342473
631.887557577
631.887557577
631.887557577
631.887557577
631.887557577
631.887557577
631.887557577
631.887557577
631.887557577
631.887557577
631.887557577
631.887557577
631.887557577
631.887557577
631.887557577
631.887557577
631.887557577
631.887557577
631.887557577
631.887557577
631.887557577
631.887557577
631.887557577
631.887557577
631.887557577
631.887557577
631.887557577
631.887557577
631.887557577
631.887557577
631.887557577
631.887557577
631.887557577
631.887557577
631.887557577
631.887557577
631.887557577
631.887557577
631.887557577
631.887557577
631.887557577
631.887557577
631.887557577
631.887557577
631.887557577
631.887557577
631.887557577
631.887557577
631.887557577
631.887557577
631.887557577
631.887557577
631.887557577
631.887557577
631.887557577
631.887557577
631.887557577
631.887557577
631.887557577
631.887557577
627.317688482
627.317688482
627.317688482
627.317688482
627.317688482
627.317688482
627.317688482
627.317688482
627.317688482
627.317688482
627.317688482
627.317688482
627.317688482
627.317688482
627.317688482
627.317688482
627.317688482
627.317688482
627.317688482
627.317688482
627.317688482
627.317688482
627.317688482
627.317688482
627.317688482
627.317688482
627.317688482
627.317688482
627.317688482
627.317688482
627.317688482
627.317688482
627.317688482
627.317688482
627.317688482
627.317688482
627.317688482
627.317688482
627.317688482
627.317688482
627.317688482
627.317688482
627.317688482
627.317688482
627.317688482
627.317688482
627.317688482
627.317688482
627.317688482
627.317688482
627.317688482
627.317688482
627.317688482
627.317688482
627.317688482
627.317688482
627.317688482
627.317688482
627.317688482
627.317688482
627.317688482
627.317688482
627.317688482
627.317688482
627.317688482
627.317688482
627.317688482
627.317688482
627.317688482
627.317688482
627.317688482
627.317688482
627.317688482
627.317688482
627.317688482
627.317688482
627.317688482
627.317688482
627.317688482
627.317688482
627.317688482
627.317688482
627.317688482
627.317688482
627.317688482
627.317688482
627.317688482
627.317688482
627.317688482
627.317688482
627.317688482
627.317688482
627.317688482
627.317688482
627.317688482
627.317688482
627.317688482
627.317688482
627.317688482
627.317688482
627.317688482
627.317688482
627.317688482
627.317688482
627.317688482
627.317688482
627.317688482
627.317688482
627.317688482
627.317688482
627.317688482
627.317688482
627.317688482
627.317688482
627.317688482
627.317688482
627.317688482
627.317688482
627.317688482
627.317688482
627.317688482
627.317688482
627.317688482
627.317688482
627.317688482
627.317688482
627.317688482
627.317688482
627.317688482
627.317688482
627.317688482
627.317688482
627.317688482
627.317688482
627.317688482
627.317688482
627.317688482
627.317688482
627.317688482
627.317688482
627.317688482
627.317688482
627.317688482
627.317688482
627.317688482
627.317688482
627.317688482
627.317688482
627.317688482
627.317688482
627.317688482
627.317688482
627.317688482
627.317688482
627.317688482
627.317688482
627.317688482
627.317688482
627.317688482
627.317688482
627.317688482
627.317688482
627.317688482
627.317688482
627.317688482
626.548210135
623.105167279
623.105167279
623.105167279
623.105167279
623.105167279
623.105167279
623.105167279
623.105167279
623.105167279
623.105167279
623.105167279
623.105167279
623.105167279
623.105167279
623.105167279
623.105167279
623.105167279
623.105167279
623.105167279
623.105167279
623.105167279
623.105167279
623.105167279
623.105167279
623.105167279
623.105167279
623.105167279
623.105167279
623.105167279
623.105167279
623.105167279
623.105167279
623.105167279
623.105167279
623.105167279
623.105167279
623.105167279
623.105167279
623.105167279
618.21530768
618.21530768
618.21530768
618.21530768
618.21530768
618.21530768
618.21530768
618.21530768
618.21530768
618.21530768
618.21530768
618.21530768
618.21530768
618.21530768
618.21530768
618.21530768
618.21530768
618.21530768
618.21530768
618.21530768
618.21530768
618.21530768
618.21530768
618.21530768
618.21530768
618.21530768
618.21530768
618.21530768
618.21530768
618.21530768
618.21530768
618.21530768
618.21530768
618.21530768
618.21530768
618.21530768
618.21530768
615.334725377
615.334725377
615.334725377
615.334725377
615.334725377
615.334725377
615.334725377
615.334725377
615.334725377
615.334725377
615.334725377
615.334725377
615.334725377
615.334725377
615.334725377
615.334725377
615.334725377
615.334725377
615.334725377
615.334725377
615.334725377
615.334725377
615.334725377
615.334725377
615.334725377
615.334725377
615.334725377
615.334725377
615.334725377
615.334725377
615.334725377
615.334725377
615.334725377
615.334725377
615.334725377
615.334725377
615.334725377
615.334725377
615.334725377
615.334725377
615.334725377
615.334725377
615.334725377
615.334725377
615.334725377
615.334725377
615.334725377
615.334725377
615.334725377
615.334725377
615.334725377
615.334725377
615.334725377
615.334725377
615.334725377
615.334725377
615.334725377
615.334725377
615.334725377
615.334725377
615.334725377
615.334725377
615.334725377
615.334725377
615.334725377
615.334725377
615.334725377
615.334725377
615.334725377
614.917706526
614.917706526
614.917706526
614.917706526
614.917706526
614.917706526
614.917706526
614.917706526
614.917706526
614.917706526
614.917706526
614.917706526
614.917706526
614.917706526
614.917706526
614.917706526
614.917706526
614.917706526
614.917706526
614.917706526
614.917706526
614.917706526
614.917706526
614.917706526
614.917706526
614.917706526
614.917706526
614.917706526
614.917706526
614.917706526
614.917706526
614.917706526
614.917706526
614.917706526
614.917706526
614.917706526
614.917706526
614.917706526
614.917706526
614.917706526
614.917706526
614.917706526
614.917706526
614.917706526
614.917706526
614.917706526
614.917706526
614.917706526
614.917706526
614.917706526
614.917706526
614.917706526
614.917706526
614.917706526
614.917706526
614.917706526
614.917706526
614.917706526
614.917706526
614.917706526
614.917706526
614.917706526
614.917706526
614.917706526
614.917706526
614.917706526
614.917706526
614.917706526
614.917706526
614.917706526
614.917706526
614.917706526
614.917706526
614.917706526
614.917706526
614.917706526
614.917706526
614.917706526
614.917706526
614.917706526
614.917706526
614.917706526
614.917706526
614.917706526
614.917706526
614.917706526
614.917706526
614.917706526
614.917706526
614.917706526
614.917706526
614.917706526
614.917706526
614.917706526
614.917706526
614.917706526
614.917706526
614.917706526
614.917706526
614.917706526
614.917706526
614.917706526
614.917706526
614.917706526
614.917706526
614.917706526
614.917706526
614.917706526
614.917706526
614.917706526
614.917706526
614.917706526
614.917706526
614.917706526
614.917706526
614.917706526
614.917706526
614.917706526
614.917706526
614.917706526
614.917706526
614.917706526
614.917706526
614.917706526
614.917706526
614.917706526
614.917706526
614.917706526
614.917706526
614.917706526
614.917706526
614.917706526
614.917706526
614.917706526
614.917706526
614.917706526
614.917706526
614.917706526
614.917706526
614.917706526
614.917706526
614.917706526
614.917706526
614.917706526
614.917706526
614.917706526
614.917706526
614.917706526
614.917706526
614.917706526
614.917706526
614.917706526
614.917706526
614.917706526
614.917706526
614.917706526
614.917706526
614.917706526
614.917706526
614.917706526
614.917706526
614.917706526
614.917706526
614.917706526
614.917706526
614.917706526
614.917706526
614.917706526
614.917706526
614.917706526
614.917706526
614.917706526
614.917706526
614.917706526
614.917706526
614.917706526
614.917706526
614.917706526
614.917706526
614.917706526
614.917706526
614.917706526
614.917706526
614.917706526
614.917706526
614.917706526
614.917706526
614.917706526
614.917706526
614.917706526
614.917706526
614.917706526
614.917706526
614.917706526
614.917706526
614.917706526
614.917706526
614.917706526
614.917706526
614.917706526
614.917706526
614.917706526
614.917706526
614.917706526
614.917706526
614.917706526
614.917706526
614.917706526
614.917706526
614.917706526
614.917706526
614.917706526
614.917706526
614.917706526
614.917706526
614.917706526
614.917706526
614.917706526
614.917706526
614.917706526
614.917706526
614.917706526
614.917706526
614.917706526
614.917706526
614.917706526
614.917706526
614.917706526
614.917706526
614.917706526
614.917706526
614.917706526
614.917706526
614.917706526
614.917706526
614.917706526
614.917706526
614.917706526
614.917706526
614.917706526
614.917706526
614.917706526
614.917706526
614.917706526
614.917706526
614.917706526
614.917706526
614.917706526
614.917706526
614.917706526
614.917706526
614.917706526
614.917706526
614.917706526
614.917706526
614.917706526
614.917706526
614.917706526
614.917706526
614.917706526
614.917706526
614.917706526
614.917706526
614.917706526
614.917706526
614.917706526
614.917706526
614.917706526
614.917706526
614.917706526
614.917706526
614.917706526
614.917706526
614.917706526
614.917706526
614.917706526
614.917706526
614.917706526
614.917706526
614.917706526
614.917706526
614.917706526
614.917706526
614.917706526
614.917706526
614.917706526
614.917706526
614.917706526
614.917706526
614.917706526
614.917706526
614.917706526
614.917706526
614.917706526
614.917706526
614.917706526
614.917706526
614.917706526
614.917706526
614.917706526
614.917706526
614.917706526
614.917706526
614.917706526
614.917706526
614.917706526
614.917706526
614.917706526
614.917706526
614.917706526
614.917706526
614.917706526
614.917706526
614.917706526
614.917706526
614.917706526
614.917706526
614.917706526
614.917706526
614.917706526
614.917706526
614.917706526
614.917706526
614.917706526
614.917706526
614.917706526
614.917706526
614.917706526
614.917706526
614.917706526
614.917706526
614.917706526
614.917706526
614.917706526
614.917706526
614.917706526
614.917706526
614.917706526
614.917706526
614.917706526
614.917706526
614.917706526
614.917706526
614.917706526
614.917706526
614.917706526
614.917706526
614.917706526
614.917706526
614.917706526
614.917706526
614.917706526
614.917706526
614.917706526
614.917706526
614.917706526
614.917706526
614.917706526
614.917706526
614.917706526
614.917706526
614.917706526
614.917706526
614.917706526
614.917706526
614.917706526
614.917706526
614.917706526
614.917706526
614.917706526
614.917706526
614.917706526
614.917706526
614.917706526
614.917706526
614.917706526
614.917706526
614.917706526
614.917706526
614.917706526
614.917706526
614.917706526
614.917706526
614.917706526
614.917706526
614.917706526
614.917706526
614.917706526
614.917706526
614.917706526
614.917706526
614.917706526
614.917706526
614.917706526
614.917706526
614.917706526
614.917706526
614.917706526
614.917706526
614.917706526
614.917706526
614.917706526
614.917706526
614.917706526
614.917706526
614.917706526
614.917706526
614.917706526
614.917706526
614.917706526
614.917706526
614.917706526
614.917706526
614.917706526
614.917706526
614.917706526
614.917706526
614.917706526
614.917706526
614.917706526
614.917706526
614.917706526
614.917706526
614.917706526
614.917706526
614.917706526
614.917706526
614.917706526
614.917706526
614.917706526
614.917706526
614.917706526
614.917706526
614.917706526
614.917706526
614.917706526
614.917706526
614.917706526
614.917706526
614.917706526
614.917706526
614.917706526
614.917706526
614.917706526
614.917706526
614.917706526
614.917706526
614.917706526
614.917706526
614.917706526
614.917706526
614.917706526
614.917706526
614.917706526
614.917706526
614.917706526
614.917706526
614.917706526
614.917706526
614.917706526
614.917706526
614.917706526
614.917706526
614.917706526
614.917706526
614.917706526
614.917706526
614.917706526
614.917706526
614.917706526
614.917706526
614.917706526
614.917706526
614.917706526
614.917706526
614.917706526
614.917706526
614.917706526
614.917706526
614.917706526
614.917706526
614.917706526
614.917706526
614.917706526
614.917706526
614.917706526
614.917706526
614.917706526
614.917706526
614.917706526
614.917706526
614.917706526
614.917706526
614.917706526
614.917706526
614.917706526
614.917706526
614.917706526
614.917706526
614.917706526
614.917706526
614.917706526
614.917706526
614.917706526
614.917706526
614.917706526
614.917706526
614.917706526
614.917706526
614.917706526
614.917706526
614.917706526
614.917706526
614.917706526
614.917706526
614.917706526
614.917706526
614.917706526
614.917706526
614.917706526
614.917706526
614.917706526
614.917706526
614.917706526
614.917706526
614.917706526
614.917706526
614.917706526
614.917706526
614.917706526
614.917706526
614.917706526
614.917706526
614.917706526
614.917706526
614.917706526
614.917706526
614.917706526
614.917706526
614.917706526
614.917706526
614.917706526
614.917706526
614.917706526
614.917706526
614.917706526
614.917706526
614.917706526
614.917706526
614.917706526
614.917706526
614.917706526
614.917706526
614.917706526
614.917706526
614.917706526
614.917706526
614.917706526
614.917706526
614.917706526
614.917706526
614.917706526
614.917706526
614.917706526
614.917706526
614.917706526
614.917706526
614.917706526
614.917706526
614.917706526
614.917706526
614.917706526
614.917706526
614.917706526
614.917706526
614.917706526
614.917706526
614.917706526
614.917706526
614.917706526
614.917706526
614.917706526
614.917706526
614.917706526
614.917706526
614.917706526
614.917706526
614.917706526
614.917706526
614.917706526
614.917706526
614.917706526
614.917706526
614.917706526
614.917706526
614.917706526
614.917706526
614.917706526
614.917706526
614.917706526
614.917706526
614.917706526
614.917706526
614.917706526
614.917706526
614.917706526
614.917706526
614.917706526
614.917706526
614.917706526
614.917706526
614.917706526
614.917706526
614.917706526
614.917706526
614.917706526
614.917706526
614.917706526
614.917706526
614.917706526
614.917706526
614.917706526
614.917706526
614.917706526
614.917706526
614.917706526
614.917706526
614.917706526
614.917706526
614.917706526
614.917706526
614.917706526
614.917706526
614.917706526
614.917706526
614.917706526
614.917706526
614.917706526
614.917706526
614.917706526
614.917706526
614.917706526
614.917706526
614.917706526
614.917706526
614.917706526
614.917706526
614.917706526
614.917706526
614.917706526
614.917706526
614.917706526
614.917706526
614.917706526
614.917706526
614.917706526
614.917706526
614.917706526
614.917706526
614.917706526
614.917706526
614.917706526
614.917706526
614.917706526
614.917706526
614.917706526
614.917706526
614.917706526
614.917706526
614.917706526
614.917706526
614.917706526
614.917706526
614.917706526
614.917706526
614.917706526
614.917706526
614.917706526
614.917706526
614.917706526
614.917706526
614.917706526
614.917706526
614.917706526
614.917706526
614.917706526
614.917706526
614.917706526
614.917706526
614.917706526
614.917706526
614.917706526
614.917706526
614.917706526
614.917706526
614.917706526
614.917706526
614.917706526
614.917706526
614.917706526
614.917706526
614.917706526
614.917706526
614.917706526
614.917706526
614.917706526
614.917706526
614.917706526
614.917706526
614.917706526
614.917706526
614.917706526
614.917706526
614.917706526
614.917706526
614.917706526
614.917706526
614.917706526
614.917706526
614.917706526
614.917706526
614.917706526
614.917706526
614.917706526
614.917706526
614.917706526
614.917706526
614.917706526
614.917706526
614.917706526
614.917706526
614.917706526
614.917706526
614.917706526
614.917706526
614.917706526
614.917706526
614.917706526
614.917706526
614.917706526
614.917706526
614.917706526
614.917706526
614.917706526
614.917706526
614.917706526
614.917706526
614.917706526
614.917706526
614.917706526
614.917706526
614.917706526
614.917706526
614.917706526
614.917706526
614.917706526
614.917706526
614.917706526
614.917706526
614.917706526
614.917706526
614.917706526
614.917706526
614.917706526
614.917706526
614.917706526
614.917706526
614.917706526
614.917706526
614.917706526
614.917706526
614.917706526
614.917706526
614.917706526
614.917706526
614.917706526
614.917706526
614.917706526
614.917706526
614.917706526
614.917706526
614.917706526
614.917706526
614.917706526
614.917706526
614.917706526
614.917706526
614.917706526
614.917706526
614.917706526
614.917706526
614.917706526
614.917706526
614.917706526
614.917706526
614.917706526
614.917706526
614.917706526
614.917706526
614.917706526
614.917706526
614.917706526
614.917706526
614.917706526
614.917706526
614.917706526
614.917706526
614.917706526
614.917706526
614.917706526
614.917706526
614.917706526
614.917706526
614.917706526
614.917706526
614.917706526
614.917706526
614.917706526
614.917706526
614.917706526
614.917706526
614.917706526
614.917706526
614.917706526
614.917706526
614.917706526
614.917706526
614.917706526
614.917706526
614.917706526
614.917706526
614.917706526
614.917706526
614.917706526
614.917706526
614.917706526
614.917706526
614.917706526
614.917706526
614.917706526
614.917706526
614.917706526
614.917706526
614.917706526
614.917706526
614.917706526
614.917706526
614.917706526
614.917706526
614.917706526
614.917706526
614.917706526
614.917706526
614.917706526
614.917706526
614.917706526
614.917706526
614.917706526
614.917706526
614.917706526
614.917706526
614.917706526
614.917706526
614.917706526
614.917706526
614.917706526
614.917706526
614.917706526
614.917706526
614.917706526
614.917706526
614.917706526
614.917706526
614.917706526
614.917706526
614.917706526
614.917706526
614.917706526
614.917706526
614.917706526
614.917706526
614.917706526
614.917706526
614.917706526
614.917706526
614.917706526
614.917706526
614.917706526
614.917706526
614.917706526
614.917706526
614.917706526
614.917706526
614.917706526
614.917706526
614.917706526
614.917706526
614.917706526
614.917706526
614.917706526
614.917706526
614.917706526
614.917706526
614.917706526
614.917706526
614.917706526
614.917706526
614.917706526
614.917706526
614.917706526
614.917706526
614.917706526
614.917706526
614.917706526
614.917706526
614.917706526
614.917706526
614.917706526
614.917706526
614.917706526
614.917706526
614.917706526
614.917706526
614.917706526
614.917706526
614.917706526
614.917706526
614.917706526
614.917706526
614.917706526
614.917706526
614.917706526
614.917706526
614.917706526
614.917706526
614.917706526
614.917706526
614.917706526
614.917706526
614.917706526
614.917706526
614.917706526
614.917706526
614.917706526
614.917706526
614.917706526
614.917706526
614.917706526
614.917706526
614.917706526
614.917706526
614.917706526
614.917706526
614.917706526
614.917706526
614.917706526
614.917706526
614.917706526
614.917706526
614.917706526
614.917706526
614.917706526
614.917706526
614.917706526
614.917706526
614.917706526
614.917706526
614.917706526
614.917706526
614.917706526
614.917706526
614.917706526
614.917706526
614.917706526
614.917706526
614.917706526
614.917706526
614.917706526
614.917706526
614.917706526
614.917706526
614.917706526
614.917706526
614.917706526
614.917706526
614.917706526
614.917706526
614.917706526
614.917706526
614.917706526
614.917706526
614.917706526
614.917706526
614.917706526
614.917706526
614.917706526
614.917706526
614.917706526
614.917706526
614.917706526
614.917706526
614.917706526
614.917706526
614.917706526
614.917706526
614.917706526
614.917706526
614.917706526
614.917706526
614.917706526
614.917706526
614.917706526
614.917706526
614.917706526
614.917706526
614.917706526
614.917706526
614.917706526
614.917706526
614.917706526
614.917706526
614.917706526
614.917706526
614.917706526
614.917706526
614.917706526
614.917706526
614.917706526
614.917706526
614.917706526
614.917706526
614.917706526
614.917706526
614.917706526
614.917706526
614.917706526
614.917706526
614.917706526
614.917706526
614.917706526
614.917706526
614.917706526
614.917706526
614.917706526
614.917706526
614.917706526
614.917706526
614.917706526
614.917706526
614.917706526
614.917706526
614.917706526
614.917706526
614.917706526
614.917706526
614.917706526
614.917706526
614.917706526
614.917706526
614.917706526
614.917706526
614.917706526
614.917706526
614.917706526
614.917706526
614.917706526
614.917706526
614.917706526
614.917706526
614.917706526
614.917706526
614.917706526
614.917706526
614.917706526
614.917706526
614.917706526
614.917706526
614.917706526
614.917706526
614.917706526
614.917706526
614.917706526
614.917706526
614.917706526
614.917706526
614.917706526
614.917706526
614.917706526
614.917706526
614.917706526
614.917706526
614.917706526
614.917706526
614.917706526
614.917706526
614.917706526
614.917706526
614.917706526
614.917706526
614.917706526
614.917706526
614.917706526
614.917706526
614.917706526
614.917706526
614.917706526
614.917706526
614.917706526
614.917706526
614.917706526
614.917706526
614.917706526
614.917706526
614.917706526
614.917706526
614.917706526
614.917706526
614.917706526
614.917706526
614.917706526
614.917706526
614.917706526
614.917706526
614.917706526
614.917706526
614.917706526
614.917706526
614.917706526
614.917706526
614.917706526
614.917706526
614.917706526
614.917706526
614.917706526
614.917706526
614.917706526
614.917706526
614.917706526
614.917706526
614.917706526
614.917706526
614.917706526
614.917706526
614.917706526
614.917706526
614.917706526
614.917706526
614.917706526
614.917706526
614.917706526
614.917706526
614.917706526
614.917706526
614.917706526
614.917706526
614.917706526
614.917706526
614.917706526
614.917706526
614.917706526
614.917706526
614.917706526
614.917706526
614.917706526
614.917706526
614.917706526
614.917706526
614.917706526
614.917706526
614.917706526
614.917706526
614.917706526
614.917706526
614.917706526
614.917706526
614.917706526
614.917706526
614.917706526
614.917706526
614.917706526
614.917706526
614.917706526
614.917706526
614.917706526
614.917706526
614.917706526
614.917706526
614.917706526
614.917706526
614.917706526
614.917706526
614.917706526
614.917706526
614.917706526
614.917706526
614.917706526
614.917706526
614.917706526
614.917706526
614.917706526
614.917706526
614.917706526
614.917706526
614.917706526
614.917706526
614.917706526
614.917706526
614.917706526
614.917706526
614.917706526
614.917706526
614.917706526
614.917706526
614.917706526
614.917706526
614.917706526
614.917706526
614.917706526
614.917706526
614.917706526
614.917706526
614.917706526
614.917706526
614.917706526
614.917706526
614.917706526
614.917706526
614.917706526
614.917706526
614.917706526
614.917706526
614.917706526
614.917706526
614.917706526
614.917706526
614.917706526
614.917706526
614.917706526
614.917706526
614.917706526
614.917706526
614.917706526
614.917706526
614.917706526
614.917706526
614.917706526
614.917706526
614.917706526
614.917706526
614.917706526
614.917706526
614.917706526
614.917706526
614.917706526
614.917706526
614.917706526
614.917706526
614.917706526
614.917706526
614.917706526
614.917706526
614.917706526
614.917706526
614.917706526
614.917706526
614.917706526
614.917706526
614.917706526
614.917706526
614.917706526
614.917706526
614.917706526
614.917706526
614.917706526
614.917706526
614.917706526
614.917706526
614.917706526
614.917706526
614.917706526
614.917706526
614.917706526
614.917706526
614.917706526
614.917706526
614.917706526
614.917706526
614.917706526
614.917706526
614.917706526
614.917706526
614.917706526
614.917706526
614.917706526
614.917706526
614.917706526
614.917706526
614.917706526
614.917706526
614.917706526
614.917706526
614.917706526
614.917706526
614.917706526
614.917706526
614.917706526
614.917706526
614.917706526
614.917706526
614.917706526
614.917706526
614.917706526
614.917706526
614.917706526
614.917706526
614.917706526
614.917706526
614.917706526
614.917706526
614.917706526
614.917706526
614.917706526
614.917706526
614.917706526
614.917706526
614.917706526
614.917706526
614.917706526
614.917706526
614.917706526
614.917706526
614.917706526
614.917706526
614.917706526
614.917706526
614.917706526
614.917706526
614.917706526
614.917706526
614.917706526
614.917706526
614.917706526
614.917706526
614.917706526
614.917706526
614.917706526
614.917706526
614.917706526
614.917706526
614.917706526
614.917706526
614.917706526
614.917706526
614.917706526
614.917706526
614.917706526
614.917706526
614.917706526
614.917706526
614.917706526
614.917706526
614.917706526
614.917706526
614.917706526
614.917706526
614.917706526
614.917706526
614.917706526
614.917706526
614.917706526
614.917706526
614.917706526
614.917706526
614.917706526
614.917706526
614.917706526
614.917706526
614.917706526
614.917706526
614.917706526
614.917706526
614.917706526
614.917706526
614.917706526
614.917706526
614.917706526
614.917706526
614.917706526
614.917706526
614.917706526
614.917706526
614.917706526
614.917706526
614.917706526
614.917706526
614.917706526
614.917706526
614.917706526
614.917706526
614.917706526
614.917706526
614.917706526
614.917706526
614.917706526
614.917706526
614.917706526
614.917706526
614.917706526
614.917706526
614.917706526
614.917706526
614.917706526
614.917706526
614.917706526
614.917706526
614.917706526
614.917706526
614.917706526
614.917706526
614.917706526
614.917706526
614.917706526
614.917706526
614.917706526
614.917706526
614.917706526
614.917706526
614.917706526
614.917706526
614.917706526
614.917706526
614.917706526
614.917706526
614.917706526
614.917706526
614.917706526
614.917706526
614.917706526
614.917706526
614.917706526
614.917706526
614.917706526
614.917706526
614.917706526
614.917706526
614.917706526
614.917706526
614.917706526
614.917706526
614.917706526
614.917706526
614.917706526
614.917706526
614.917706526
614.917706526
614.917706526
614.917706526
614.917706526
614.917706526
614.917706526
614.917706526
614.917706526
614.917706526
614.917706526
614.917706526
614.917706526
614.917706526
614.917706526
614.917706526
614.917706526
614.917706526
614.917706526
614.917706526
614.917706526
614.917706526
614.917706526
614.917706526
614.917706526
614.917706526
614.917706526
614.917706526
614.917706526
614.917706526
614.917706526
614.917706526
614.917706526
614.917706526
614.917706526
614.917706526
614.917706526
614.917706526
614.917706526
614.917706526
614.917706526
614.917706526
614.917706526
614.917706526
614.917706526
614.917706526
614.917706526
614.917706526
614.917706526
614.917706526
614.917706526
614.917706526
614.917706526
614.917706526
614.917706526
614.917706526
614.917706526
614.917706526
614.917706526
614.917706526
614.917706526
614.917706526
614.917706526
614.917706526
614.917706526
614.917706526
614.917706526
614.917706526
614.917706526
614.917706526
614.917706526
614.917706526
614.917706526
614.917706526
614.917706526
614.917706526
614.917706526
614.917706526
614.917706526
614.917706526
614.917706526
614.917706526
614.917706526
614.917706526
614.917706526
614.917706526
614.917706526
614.917706526
614.917706526
614.917706526
614.917706526
614.917706526
614.917706526
614.917706526
614.917706526
614.917706526
614.917706526
614.917706526
614.917706526
614.917706526
614.917706526
614.917706526
614.917706526
614.917706526
614.917706526
614.917706526
614.917706526
614.917706526
614.917706526
614.917706526
614.917706526
614.917706526
614.917706526
614.917706526
614.917706526
614.917706526
614.917706526
614.917706526
614.917706526
614.917706526
614.917706526
614.917706526
614.917706526
614.917706526
614.917706526
614.917706526
614.917706526
614.917706526
614.917706526
614.917706526
614.917706526
614.917706526
614.917706526
614.917706526
614.917706526
614.917706526
614.917706526
614.917706526
614.917706526
614.917706526
614.917706526
614.917706526
614.917706526
614.917706526
614.917706526
614.917706526
614.917706526
614.917706526
614.917706526
614.917706526
614.917706526
614.917706526
614.917706526
614.917706526
614.917706526
614.917706526
614.917706526
614.917706526
614.917706526
614.917706526
614.917706526
614.917706526
614.917706526
614.917706526
614.917706526
614.917706526
614.917706526
614.917706526
614.917706526
614.917706526
614.917706526
614.917706526
614.917706526
614.917706526
614.917706526
614.917706526
614.917706526
614.917706526
614.917706526
614.917706526
614.917706526
614.917706526
614.917706526
614.917706526
614.917706526
614.917706526
614.917706526
614.917706526
614.917706526
614.917706526
614.917706526
614.917706526
614.917706526
614.917706526
614.917706526
614.917706526
614.917706526
614.917706526
614.917706526
614.917706526
614.917706526
614.917706526
614.917706526
614.917706526
614.917706526
614.917706526
614.917706526
614.917706526
614.917706526
614.917706526
614.917706526
614.917706526
614.917706526
614.917706526
614.917706526
614.917706526
614.917706526
614.917706526
614.917706526
614.917706526
614.917706526
614.917706526
614.917706526
614.917706526
614.917706526
614.917706526
614.917706526
614.917706526
614.917706526
614.917706526
614.917706526
614.917706526
614.917706526
614.917706526
614.917706526
614.917706526
614.917706526
614.917706526
614.917706526
614.917706526
614.917706526
614.917706526
614.917706526
614.917706526
614.917706526
614.917706526
614.917706526
614.917706526
614.917706526
614.917706526
614.917706526
614.917706526
614.917706526
614.917706526
614.917706526
614.917706526
614.917706526
614.917706526
614.917706526
614.917706526
614.917706526
614.917706526
614.917706526
614.917706526
614.917706526
614.917706526
614.917706526
614.917706526
614.917706526
614.917706526
614.917706526
614.917706526
614.917706526
614.917706526
614.917706526
614.917706526
614.917706526
614.917706526
614.917706526
614.917706526
614.917706526
614.917706526
614.917706526
614.917706526
614.917706526
614.917706526
614.917706526
614.917706526
614.917706526
614.917706526
614.917706526
614.917706526
614.917706526
614.917706526
614.917706526
614.917706526
614.917706526
614.917706526
614.917706526
614.917706526
614.917706526
614.917706526
614.917706526
614.917706526
614.917706526
614.917706526
614.917706526
614.917706526
614.917706526
614.917706526
614.917706526
614.917706526
614.917706526
614.917706526
614.917706526
614.917706526
614.917706526
614.917706526
614.917706526
614.917706526
614.917706526
614.917706526
614.917706526
614.917706526
614.917706526
614.917706526
614.917706526
614.917706526
614.917706526
614.917706526
614.917706526
614.917706526
614.917706526
614.917706526
614.917706526
614.917706526
614.917706526
614.917706526
614.917706526
614.917706526
614.917706526
614.917706526
614.917706526
614.917706526
614.917706526
614.917706526
614.917706526
614.917706526
614.917706526
614.917706526
614.917706526
614.917706526
614.917706526
614.917706526
614.917706526
614.917706526
614.917706526
614.917706526
614.917706526
614.917706526
614.917706526
614.917706526
614.917706526
614.917706526
614.917706526
614.917706526
614.917706526
614.917706526
614.917706526
614.917706526
614.917706526
614.917706526
614.917706526
614.917706526
614.917706526
614.917706526
614.917706526
614.917706526
614.917706526
614.917706526
614.917706526
614.917706526
614.917706526
614.917706526
614.917706526
614.917706526
614.917706526
614.917706526
614.917706526
614.917706526
614.917706526
614.917706526
614.917706526
614.917706526
614.917706526
614.917706526
614.917706526
614.917706526
614.917706526
614.917706526
614.917706526
614.917706526
614.917706526
614.917706526
614.917706526
614.917706526
614.917706526
614.917706526
614.917706526
614.917706526
614.917706526
614.917706526
614.917706526
614.917706526
614.917706526
614.917706526
614.917706526
614.917706526
614.917706526
614.917706526
614.917706526
614.917706526
614.917706526
614.917706526
614.917706526
614.917706526
614.917706526
614.917706526
614.917706526
614.917706526
614.917706526
614.917706526
614.917706526
614.917706526
614.917706526
614.917706526
614.917706526
614.917706526
614.917706526
614.917706526
614.917706526
614.917706526
614.917706526
614.917706526
614.917706526
614.917706526
614.917706526
614.917706526
614.917706526
614.917706526
614.917706526
614.917706526
614.917706526
614.917706526
614.917706526
614.917706526
614.917706526
614.917706526
614.917706526
614.917706526
614.917706526
614.917706526
614.917706526
614.917706526
614.917706526
614.917706526
614.917706526
614.917706526
614.917706526
614.917706526
614.917706526
614.917706526
614.917706526
614.917706526
614.917706526
614.917706526
614.917706526
614.917706526
614.917706526
614.917706526
614.917706526
614.917706526
614.917706526
614.917706526
614.917706526
614.917706526
614.917706526
614.917706526
614.917706526
614.917706526
614.917706526
614.917706526
614.917706526
614.917706526
614.917706526
614.917706526
614.917706526
614.917706526
614.917706526
614.917706526
614.917706526
614.917706526
614.917706526
614.917706526
614.917706526
614.917706526
614.917706526
614.917706526
614.917706526
614.917706526
614.917706526
614.917706526
614.917706526
614.917706526
614.917706526
614.917706526
614.917706526
614.917706526
614.917706526
614.917706526
614.917706526
614.917706526
614.917706526
614.917706526
614.917706526
614.917706526
614.917706526
614.917706526
614.917706526
614.917706526
614.917706526
614.917706526
614.917706526
614.917706526
614.917706526
614.917706526
614.917706526
614.917706526
614.917706526
614.917706526
614.917706526
614.917706526
614.917706526
614.917706526
614.917706526
614.917706526
614.917706526
614.917706526
614.917706526
614.917706526
614.917706526
614.917706526
614.917706526
614.917706526
614.917706526
614.917706526
614.917706526
614.917706526
614.917706526
614.917706526
614.917706526
614.917706526
614.917706526
614.917706526
614.917706526
614.917706526
614.917706526
614.917706526
614.917706526
614.917706526
614.917706526
614.917706526
614.917706526
614.917706526
614.917706526
614.917706526
614.917706526
614.917706526
614.917706526
614.917706526
614.917706526
614.917706526
614.917706526
614.917706526
614.917706526
614.917706526
614.917706526
614.917706526
614.917706526
614.917706526
614.917706526
614.917706526
614.917706526
614.917706526
614.917706526
614.917706526
614.917706526
614.917706526
614.917706526
614.917706526
614.917706526
614.917706526
614.917706526
614.917706526
614.917706526
614.917706526
614.917706526
614.917706526
614.917706526
614.917706526
614.917706526
614.917706526
614.917706526
614.917706526
614.917706526
614.917706526
614.917706526
614.917706526
614.917706526
614.917706526
614.917706526
614.917706526
614.917706526
614.917706526
614.917706526
614.917706526
614.917706526
614.917706526
614.917706526
614.917706526
614.917706526
614.917706526
614.917706526
614.917706526
614.917706526
614.917706526
614.917706526
614.917706526
614.917706526
614.917706526
614.917706526
614.917706526
614.917706526
614.917706526
614.917706526
614.917706526
614.917706526
614.917706526
614.917706526
614.917706526
614.917706526
614.917706526
614.917706526
614.917706526
614.917706526
614.917706526
614.917706526
614.917706526
614.917706526
614.917706526
614.917706526
614.917706526
614.917706526
614.917706526
614.917706526
614.917706526
614.917706526
614.917706526
614.917706526
614.917706526
614.917706526
614.917706526
614.917706526
614.917706526
614.917706526
614.917706526
614.917706526
614.917706526
614.917706526
614.917706526
614.917706526
614.917706526
614.917706526
614.917706526
614.917706526
614.917706526
614.917706526
614.917706526
614.917706526
614.917706526
614.917706526
614.917706526
614.917706526
614.917706526
614.917706526
614.917706526
614.917706526
614.917706526
614.917706526
614.917706526
614.917706526
614.917706526
614.917706526
614.917706526
614.917706526
614.917706526
614.917706526
614.917706526
614.917706526
614.917706526
614.917706526
614.917706526
614.917706526
614.917706526
614.917706526
614.917706526
614.917706526
614.917706526
614.917706526
614.917706526
614.917706526
614.917706526
614.917706526
614.917706526
614.917706526
614.917706526
614.917706526
614.917706526
614.917706526
614.917706526
614.917706526
614.917706526
614.917706526
614.917706526
614.917706526
614.917706526
614.917706526
614.917706526
614.917706526
614.917706526
614.917706526
614.917706526
614.917706526
614.917706526
614.917706526
614.917706526
614.917706526
614.917706526
614.917706526
614.917706526
614.917706526
614.917706526
614.917706526
614.917706526
614.917706526
614.917706526
614.917706526
614.917706526
614.917706526
614.917706526
614.917706526
614.917706526
614.917706526
614.917706526
614.917706526
614.917706526
614.917706526
614.917706526
614.917706526
614.917706526
614.917706526
614.917706526
614.917706526
614.917706526
614.917706526
614.917706526
614.917706526
614.917706526
614.917706526
614.917706526
614.917706526
614.917706526
614.917706526
614.917706526
614.917706526
614.917706526
614.917706526
614.917706526
614.917706526
614.917706526
614.917706526
614.917706526
614.917706526
614.917706526
614.917706526
614.917706526
614.917706526
614.917706526
614.917706526
614.917706526
614.917706526
614.917706526
614.917706526
614.917706526
614.917706526
614.917706526
614.917706526
614.917706526
614.917706526
614.917706526
614.917706526
614.917706526
614.917706526
614.917706526
614.917706526
614.917706526
614.917706526
614.917706526
614.917706526
614.917706526
614.917706526
614.917706526
614.917706526
614.917706526
614.917706526
614.917706526
614.917706526
614.917706526
614.917706526
614.917706526
614.917706526
614.917706526
614.917706526
614.917706526
614.917706526
614.917706526
614.917706526
614.917706526
614.917706526
614.917706526
614.917706526
614.917706526
614.917706526
614.917706526
614.917706526
614.917706526
614.917706526
614.917706526
614.917706526
614.917706526
614.917706526
614.917706526
614.917706526
614.917706526
614.917706526
614.917706526
614.917706526
614.917706526
614.917706526
614.917706526
614.917706526
614.917706526
614.917706526
614.917706526
614.917706526
614.917706526
614.917706526
614.917706526
614.917706526
614.917706526
614.917706526
614.917706526
614.917706526
614.917706526
614.917706526
614.917706526
614.917706526
614.917706526
614.917706526
614.917706526
614.917706526
614.917706526
614.917706526
614.917706526
614.917706526
614.917706526
614.917706526
614.917706526
614.917706526
614.917706526
614.917706526
614.917706526
614.917706526
614.917706526
614.917706526
614.917706526
614.917706526
614.917706526
614.917706526
614.917706526
614.917706526
614.917706526
614.917706526
614.917706526
614.917706526
614.917706526
614.917706526
614.917706526
614.917706526
614.917706526
614.917706526
614.917706526
614.917706526
614.917706526
614.917706526
614.917706526
614.917706526
614.917706526
614.917706526
614.917706526
614.917706526
614.917706526
614.917706526
614.917706526
614.917706526
614.917706526
614.917706526
614.917706526
614.917706526
614.917706526
614.917706526
614.917706526
614.917706526
614.917706526
614.917706526
614.917706526
614.917706526
614.917706526
614.917706526
614.917706526
614.917706526
614.917706526
614.917706526
614.917706526
614.917706526
614.917706526
614.917706526
614.917706526
614.917706526
614.917706526
614.917706526
614.917706526
614.917706526
614.917706526
614.917706526
614.917706526
614.917706526
614.917706526
614.917706526
614.917706526
614.917706526
614.917706526
614.917706526
614.917706526
614.917706526
614.917706526
614.917706526
614.917706526
614.917706526
614.917706526
614.917706526
614.917706526
614.917706526
614.917706526
614.917706526
614.917706526
614.917706526
614.917706526
614.917706526
614.917706526
614.917706526
614.917706526
614.917706526
614.917706526
614.917706526
614.917706526
614.917706526
614.917706526
614.917706526
614.917706526
614.917706526
614.917706526
614.917706526
614.917706526
614.917706526
614.917706526
614.917706526
614.917706526
614.917706526
614.917706526
614.917706526
614.917706526
614.917706526
614.917706526
614.917706526
614.917706526
614.917706526
614.917706526
614.917706526
614.917706526
614.917706526
614.917706526
614.917706526
614.917706526
614.917706526
614.917706526
614.917706526
614.917706526
614.917706526
614.917706526
614.917706526
614.917706526
614.917706526
614.917706526
614.917706526
614.917706526
614.917706526
614.917706526
614.917706526
614.917706526
614.917706526
614.917706526
614.917706526
614.917706526
614.917706526
614.917706526
614.917706526
614.917706526
614.917706526
614.917706526
614.917706526
614.917706526
614.917706526
614.917706526
614.917706526
614.917706526
614.917706526
614.917706526
614.917706526
614.917706526
614.917706526
614.917706526
614.917706526
614.917706526
614.917706526
614.917706526
614.917706526
614.917706526
614.917706526
614.917706526
614.917706526
614.917706526
614.917706526
614.917706526
614.917706526
614.917706526
614.917706526
614.917706526
614.917706526
614.917706526
614.917706526
614.917706526
614.917706526
614.917706526
614.917706526
614.917706526
614.917706526
614.917706526
614.917706526
614.917706526
614.917706526
614.917706526
614.917706526
614.917706526
614.917706526
614.917706526
614.917706526
614.917706526
614.917706526
614.917706526
614.917706526
614.917706526
614.917706526
614.917706526
614.917706526
614.917706526
614.917706526
614.917706526
614.917706526
614.917706526
614.917706526
614.917706526
614.917706526
614.917706526
614.917706526
614.917706526
614.917706526
614.917706526
614.917706526
614.917706526
614.917706526
614.917706526
614.917706526
614.917706526
614.917706526
614.917706526
614.917706526
614.917706526
614.917706526
614.917706526
614.917706526
614.917706526
614.917706526
614.917706526
614.917706526
614.917706526
614.917706526
614.917706526
614.917706526
614.917706526
614.917706526
614.917706526
614.917706526
614.917706526
614.917706526
614.917706526
614.917706526
614.917706526
614.917706526
614.917706526
614.917706526
614.917706526
614.917706526
614.917706526
614.917706526
614.917706526
614.917706526
614.917706526
614.917706526
614.917706526
614.917706526
614.917706526
614.917706526
614.917706526
614.917706526
614.917706526
614.917706526
614.917706526
614.917706526
614.917706526
614.917706526
614.917706526
614.917706526
614.917706526
614.917706526
614.917706526
614.917706526
614.917706526
614.917706526
614.917706526
614.917706526
614.917706526
614.917706526
614.917706526
614.917706526
614.917706526
614.917706526
614.917706526
614.917706526
614.917706526
614.917706526
614.917706526
614.917706526
614.917706526
614.917706526
614.917706526
614.917706526
614.917706526
614.917706526
614.917706526
614.917706526
614.917706526
614.917706526
614.917706526
614.917706526
614.917706526
614.917706526
614.917706526
614.917706526
614.917706526
614.917706526
614.917706526
614.917706526
614.917706526
614.917706526
614.917706526
614.917706526
614.917706526
614.917706526
614.917706526
614.917706526
614.917706526
614.917706526
614.917706526
614.917706526
614.917706526
614.917706526
614.917706526
614.917706526
614.917706526
614.917706526
614.917706526
614.917706526
614.917706526
614.917706526
614.917706526
614.917706526
614.917706526
614.917706526
614.917706526
614.917706526
614.917706526
614.917706526
614.917706526
614.917706526
614.917706526
614.917706526
614.917706526
614.917706526
614.917706526
614.917706526
614.917706526
614.917706526
614.917706526
614.917706526
614.917706526
614.917706526
614.917706526
614.917706526
614.917706526
614.917706526
614.917706526
614.917706526
614.917706526
614.917706526
614.917706526
614.917706526
614.917706526
614.917706526
614.917706526
614.917706526
614.917706526
614.917706526
614.917706526
614.917706526
614.917706526
614.917706526
614.917706526
614.917706526
614.917706526
614.917706526
614.917706526
614.917706526
614.917706526
614.917706526
614.917706526
614.917706526
614.917706526
614.917706526
614.917706526
614.917706526
614.917706526
614.917706526
614.917706526
614.917706526
614.917706526
614.917706526
614.917706526
614.917706526
614.917706526
614.917706526
614.917706526
614.917706526
614.917706526
614.917706526
614.917706526
614.917706526
614.917706526
614.917706526
614.917706526
614.917706526
614.917706526
614.917706526
614.917706526
614.917706526
614.917706526
614.917706526
614.917706526
614.917706526
614.917706526
614.917706526
614.917706526
614.917706526
614.917706526
614.917706526
614.917706526
614.917706526
614.917706526
614.917706526
614.917706526
614.917706526
614.917706526
614.917706526
614.917706526
614.917706526
614.917706526
614.917706526
614.917706526
614.917706526
614.917706526
614.917706526
614.917706526
614.917706526
614.917706526
614.917706526
614.917706526
614.917706526
614.917706526
614.917706526
614.917706526
614.917706526
614.917706526
614.917706526
614.917706526
614.917706526
614.917706526
614.917706526
614.917706526
614.917706526
614.917706526
614.917706526
614.917706526
614.917706526
614.917706526
614.917706526
614.917706526
614.917706526
614.917706526
614.917706526
614.917706526
614.917706526
614.917706526
614.917706526
614.917706526
614.917706526
614.917706526
614.917706526
614.917706526
614.917706526
614.917706526
614.917706526
614.917706526
614.917706526
614.917706526
614.917706526
614.917706526
614.917706526
614.917706526
614.917706526
614.917706526
614.917706526
614.917706526
614.917706526
614.917706526
614.917706526
614.917706526
614.917706526
614.917706526
614.917706526
614.917706526
614.917706526
614.917706526
614.917706526
614.917706526
614.917706526
614.917706526
614.917706526
614.917706526
614.917706526
614.917706526
614.917706526
614.917706526
614.917706526
614.917706526
614.917706526
614.917706526
614.917706526
614.917706526
614.917706526
614.917706526
614.917706526
614.917706526
614.917706526
614.917706526
614.917706526
614.917706526
614.917706526
614.917706526
614.917706526
614.917706526
614.917706526
614.917706526
614.917706526
614.917706526
614.917706526
614.917706526
614.917706526
614.917706526
614.917706526
614.917706526
614.917706526
614.917706526
614.917706526
614.917706526
614.917706526
614.917706526
614.917706526
614.917706526
614.917706526
614.917706526
614.917706526
614.917706526
614.917706526
614.917706526
614.917706526
614.917706526
614.917706526
614.917706526
614.917706526
614.917706526
614.917706526
614.917706526
614.917706526
614.917706526
614.917706526
614.917706526
614.917706526
614.917706526
614.917706526
614.917706526
614.917706526
614.917706526
614.917706526
614.917706526
614.917706526
614.917706526
614.917706526
614.917706526
614.917706526
614.917706526
614.917706526
614.917706526
614.917706526
614.917706526
614.917706526
614.917706526
614.917706526
614.917706526
614.917706526
614.917706526
614.917706526
614.917706526
614.917706526
614.917706526
614.917706526
614.917706526
614.917706526
614.917706526
614.917706526
614.917706526
614.917706526
614.917706526
614.917706526
614.917706526
614.917706526
614.917706526
614.917706526
614.917706526
614.917706526
614.917706526
614.917706526
614.917706526
614.917706526
614.917706526
614.917706526
614.917706526
614.917706526
614.917706526
614.917706526
614.917706526
614.917706526
614.917706526
614.917706526
614.917706526
614.917706526
614.917706526
614.917706526
614.917706526
614.917706526
614.917706526
614.917706526
614.917706526
614.917706526
614.917706526
614.917706526
614.917706526
614.917706526
614.917706526
614.917706526
614.917706526
614.917706526
614.917706526
614.917706526
614.917706526
614.917706526
614.917706526
614.917706526
614.917706526
614.917706526
614.917706526
614.917706526
614.917706526
614.917706526
614.917706526
614.917706526
614.917706526
614.917706526
614.917706526
614.917706526
614.917706526
614.917706526
614.917706526
614.917706526
614.917706526
614.917706526
614.917706526
614.917706526
614.917706526
614.917706526
614.917706526
614.917706526
614.917706526
614.917706526
614.917706526
614.917706526
614.917706526
614.917706526
614.917706526
614.917706526
614.917706526
614.917706526
614.917706526
614.917706526
614.917706526
614.917706526
614.917706526
614.917706526
614.917706526
614.917706526
614.917706526
614.917706526
614.917706526
614.917706526
614.917706526
614.917706526
614.917706526
614.917706526
614.917706526
614.917706526
614.917706526
614.917706526
614.917706526
614.917706526
614.917706526
614.917706526
614.917706526
614.917706526
614.917706526
614.917706526
614.917706526
614.917706526
614.917706526
614.917706526
614.917706526
614.917706526
614.917706526
614.917706526
614.917706526
614.917706526
614.917706526
614.917706526
614.917706526
614.917706526
614.917706526
614.917706526
614.917706526
614.917706526
614.917706526
614.917706526
614.917706526
614.917706526
614.917706526
614.917706526
614.917706526
614.917706526
614.917706526
614.917706526
614.917706526
614.917706526
614.917706526
614.917706526
614.917706526
614.917706526
614.917706526
614.917706526
614.917706526
614.917706526
614.917706526
614.917706526
614.917706526
614.917706526
614.917706526
614.917706526
614.917706526
614.917706526
614.917706526
614.917706526
614.917706526
614.917706526
614.917706526
614.917706526
614.917706526
614.917706526
614.917706526
614.917706526
614.917706526
614.917706526
614.917706526
614.917706526
614.917706526
614.917706526
614.917706526
614.917706526
614.917706526
614.917706526
614.917706526
614.917706526
614.917706526
614.917706526
614.917706526
614.917706526
614.917706526
614.917706526
614.917706526
614.917706526
614.917706526
614.917706526
614.917706526
614.917706526
614.917706526
614.917706526
614.917706526
614.917706526
614.917706526
614.917706526
614.917706526
614.917706526
614.917706526
614.917706526
614.917706526
614.917706526
614.917706526
614.917706526
614.917706526
614.917706526
614.917706526
614.917706526
614.917706526
614.917706526
614.917706526
614.917706526
614.917706526
614.917706526
614.917706526
614.917706526
614.917706526
614.917706526
614.917706526
614.917706526
614.917706526
614.917706526
614.917706526
614.917706526
614.917706526
614.917706526
614.917706526
614.917706526
614.917706526
614.917706526
614.917706526
614.917706526
614.917706526
614.917706526
614.917706526
614.917706526
614.917706526
614.917706526
614.917706526
614.917706526
614.917706526
614.917706526
614.917706526
614.917706526
614.917706526
614.917706526
614.917706526
614.917706526
614.917706526
614.917706526
614.917706526
614.917706526
614.917706526
614.917706526
614.917706526
614.917706526
614.917706526
614.917706526
614.917706526
614.917706526
614.917706526
614.917706526
614.917706526
614.917706526
614.917706526
614.917706526
614.917706526
614.917706526
614.917706526
614.917706526
614.917706526
614.917706526
614.917706526
614.917706526
614.917706526
614.917706526
614.917706526
614.917706526
614.917706526
614.917706526
614.917706526
614.917706526
614.917706526
614.917706526
614.917706526
614.917706526
614.917706526
614.917706526
614.917706526
614.917706526
614.917706526
614.917706526
614.917706526
614.917706526
614.917706526
614.917706526
614.917706526
614.917706526
614.917706526
614.917706526
614.917706526
614.917706526
614.917706526
614.917706526
614.917706526
614.917706526
614.917706526
614.917706526
614.917706526
614.917706526
614.917706526
614.917706526
614.917706526
614.917706526
614.917706526
614.917706526
614.917706526
614.917706526
614.917706526
614.917706526
614.917706526
614.917706526
614.917706526
614.917706526
614.917706526
614.917706526
614.917706526
614.917706526
614.917706526
614.917706526
614.917706526
614.917706526
614.917706526
614.917706526
614.917706526
614.917706526
614.917706526
614.917706526
614.917706526
614.917706526
614.917706526
614.917706526
614.917706526
614.917706526
614.917706526
614.917706526
614.917706526
614.917706526
614.917706526
614.917706526
614.917706526
614.917706526
614.917706526
614.917706526
614.917706526
614.917706526
614.917706526
614.917706526
614.917706526
614.917706526
614.917706526
614.917706526
614.917706526
614.917706526
614.917706526
614.917706526
614.917706526
614.917706526
614.917706526
614.917706526
614.917706526
614.917706526
614.917706526
614.917706526
614.917706526
614.917706526
614.917706526
614.917706526
614.917706526
614.917706526
614.917706526
614.917706526
614.917706526
614.917706526
614.917706526
614.917706526
614.917706526
614.917706526
614.917706526
614.917706526
614.917706526
614.917706526
614.917706526
614.917706526
614.917706526
614.917706526
614.917706526
614.917706526
614.917706526
614.917706526
614.917706526
614.917706526
614.917706526
614.917706526
614.917706526
614.917706526
614.917706526
614.917706526
614.917706526
614.917706526
614.917706526
614.917706526
614.917706526
614.917706526
614.917706526
614.917706526
614.917706526
614.917706526
614.917706526
614.917706526
614.917706526
614.917706526
614.917706526
614.917706526
614.917706526
614.917706526
614.917706526
614.917706526
614.917706526
614.917706526
614.917706526
614.917706526
614.917706526
614.917706526
614.917706526
614.917706526
614.917706526
614.917706526
614.917706526
614.917706526
614.917706526
614.917706526
614.917706526
614.917706526
614.917706526
614.917706526
614.917706526
614.917706526
614.917706526
614.917706526
614.917706526
614.917706526
614.917706526
614.917706526
614.917706526
614.917706526
614.917706526
614.917706526
614.917706526
614.917706526
614.917706526
614.917706526
614.917706526
614.917706526
614.917706526
614.917706526
614.917706526
614.917706526
614.917706526
614.917706526
614.917706526
614.917706526
614.917706526
614.917706526
614.917706526
614.917706526
614.917706526
614.917706526
614.917706526
614.917706526
614.917706526
614.917706526
614.917706526
614.917706526
614.917706526
614.917706526
614.917706526
614.917706526
614.917706526
614.917706526
614.917706526
614.917706526
614.917706526
614.917706526
614.917706526
614.917706526
614.917706526
614.917706526
614.917706526
614.917706526
614.917706526
614.917706526
614.917706526
614.917706526
614.917706526
614.917706526
614.917706526
614.917706526
614.917706526
614.917706526
614.917706526
614.917706526
614.917706526
614.917706526
614.917706526
614.917706526
614.917706526
614.917706526
614.917706526
614.917706526
614.917706526
614.917706526
614.917706526
614.917706526
614.917706526
614.917706526
614.917706526
614.917706526
614.917706526
614.917706526
614.917706526
614.917706526
614.917706526
614.917706526
614.917706526
614.917706526
614.917706526
614.917706526
614.917706526
614.917706526
614.917706526
614.917706526
614.917706526
614.917706526
614.917706526
614.917706526
614.917706526
614.917706526
614.917706526
614.917706526
614.917706526
614.917706526
614.917706526
614.917706526
614.917706526
614.917706526
614.917706526
614.917706526
614.917706526
614.917706526
614.917706526
614.917706526
614.917706526
614.917706526
614.917706526
614.917706526
614.917706526
614.917706526
614.917706526
614.917706526
614.917706526
614.917706526
614.917706526
614.917706526
614.917706526
614.917706526
614.917706526
614.917706526
614.917706526
614.917706526
614.917706526
614.917706526
614.917706526
614.917706526
614.917706526
614.917706526
614.917706526
614.917706526
614.917706526
614.917706526
614.917706526
614.917706526
614.917706526
614.917706526
614.917706526
614.917706526
614.917706526
614.917706526
614.917706526
614.917706526
614.917706526
614.917706526
614.917706526
614.917706526
614.917706526
614.917706526
614.917706526
614.917706526
614.917706526
614.917706526
614.917706526
614.917706526
614.917706526
614.917706526
614.917706526
614.917706526
614.917706526
614.917706526
614.917706526
614.917706526
614.917706526
614.917706526
614.917706526
614.917706526
614.917706526
614.917706526
614.917706526
614.917706526
614.917706526
614.917706526
614.917706526
614.917706526
614.917706526
614.917706526
614.917706526
614.917706526
614.917706526
614.917706526
614.917706526
614.917706526
614.917706526
614.917706526
614.917706526
614.917706526
614.917706526
614.917706526
614.917706526
614.917706526
614.917706526
614.917706526
614.917706526
614.917706526
614.917706526
614.917706526
614.917706526
614.917706526
614.917706526
614.917706526
614.917706526
614.917706526
614.917706526
614.917706526
614.917706526
614.917706526
614.917706526
614.917706526
614.917706526
614.917706526
614.917706526
614.917706526
614.917706526
614.917706526
614.917706526
614.917706526
614.917706526
614.917706526
614.917706526
614.917706526
614.917706526
614.917706526
614.917706526
614.917706526
614.917706526
614.917706526
614.917706526
614.917706526
614.917706526
614.917706526
614.917706526
614.917706526
614.917706526
614.917706526
614.917706526
614.917706526
614.917706526
614.917706526
614.917706526
614.917706526
614.917706526
614.917706526
614.917706526
614.917706526
614.917706526
614.917706526
614.917706526
614.917706526
614.917706526
614.917706526
614.917706526
614.917706526
614.917706526
614.917706526
614.917706526
614.917706526
614.917706526
614.917706526
614.917706526
614.917706526
614.917706526
614.917706526
614.917706526
614.917706526
614.917706526
614.917706526
614.917706526
614.917706526
614.917706526
614.917706526
614.917706526
614.917706526
614.917706526
614.917706526
614.917706526
614.917706526
614.917706526
614.917706526
614.917706526
614.917706526
614.917706526
614.917706526
614.917706526
614.917706526
614.917706526
614.917706526
614.917706526
614.917706526
614.917706526
614.917706526
614.917706526
614.917706526
614.917706526
614.917706526
614.917706526
614.917706526
614.917706526
614.917706526
614.917706526
614.917706526
614.917706526
614.917706526
614.917706526
614.917706526
614.917706526
614.917706526
614.917706526
614.917706526
614.917706526
614.917706526
614.917706526
614.917706526
614.917706526
614.917706526
614.917706526
614.917706526
614.917706526
614.917706526
614.917706526
614.917706526
614.917706526
614.917706526
614.917706526
614.917706526
614.917706526
614.917706526
614.917706526
614.917706526
614.917706526
614.917706526
614.917706526
614.917706526
614.917706526
614.917706526
614.917706526
614.917706526
614.917706526
614.917706526
614.917706526
614.917706526
614.917706526
614.917706526
614.917706526
614.917706526
614.917706526
614.917706526
614.917706526
614.917706526
614.917706526
614.917706526
614.917706526
614.917706526
614.917706526
614.917706526
614.917706526
614.917706526
614.917706526
614.917706526
614.917706526
614.917706526
614.917706526
614.917706526
614.917706526
614.917706526
614.917706526
614.917706526
614.917706526
614.917706526
614.917706526
614.917706526
614.917706526
614.917706526
614.917706526
614.917706526
614.917706526
614.917706526
614.917706526
614.917706526
614.917706526
614.917706526
614.917706526
614.917706526
614.917706526
614.917706526
614.917706526
614.917706526
614.917706526
614.917706526
614.917706526
614.917706526
614.917706526
614.917706526
614.917706526
614.917706526
614.917706526
614.917706526
614.917706526
614.917706526
614.917706526
614.917706526
614.917706526
614.917706526
614.917706526
614.917706526
614.917706526
614.917706526
614.917706526
614.917706526
614.917706526
614.917706526
614.917706526
614.917706526
614.917706526
614.917706526
614.917706526
614.917706526
614.917706526
614.917706526
614.917706526
614.917706526
614.917706526
614.917706526
614.917706526
614.917706526
614.917706526
614.917706526
614.917706526
614.917706526
614.917706526
614.917706526
614.917706526
614.917706526
614.917706526
614.917706526
614.917706526
614.917706526
614.917706526
614.917706526
614.917706526
614.917706526
614.917706526
614.917706526
614.917706526
614.917706526
614.917706526
614.917706526
614.917706526
614.917706526
614.917706526
614.917706526
614.917706526
614.917706526
614.917706526
614.917706526
614.917706526
614.917706526
614.917706526
614.917706526
614.917706526
614.917706526
614.917706526
614.917706526
614.917706526
614.917706526
614.917706526
614.917706526
614.917706526
614.917706526
614.917706526
614.917706526
614.917706526
614.917706526
614.917706526
614.917706526
614.917706526
614.917706526
614.917706526
614.917706526
614.917706526
614.917706526
614.917706526
614.917706526
614.917706526
614.917706526
614.917706526
614.917706526
614.917706526
614.917706526
614.917706526
614.917706526
614.917706526
614.917706526
614.917706526
614.917706526
614.917706526
614.917706526
614.917706526
614.917706526
614.917706526
614.917706526
614.917706526
614.917706526
614.917706526
614.917706526
614.917706526
614.917706526
614.917706526
614.917706526
614.917706526
614.917706526
614.917706526
614.917706526
614.917706526
614.917706526
614.917706526
614.917706526
614.917706526
614.917706526
614.917706526
614.917706526
614.917706526
614.917706526
614.917706526
614.917706526
614.917706526
614.917706526
614.917706526
614.917706526
614.917706526
614.917706526
614.917706526
614.917706526
614.917706526
614.917706526
614.917706526
614.917706526
614.917706526
614.917706526
614.917706526
614.917706526
614.917706526
614.917706526
614.917706526
614.917706526
614.917706526
614.917706526
614.917706526
614.917706526
614.917706526
614.917706526
614.917706526
614.917706526
614.917706526
614.917706526
614.917706526
614.917706526
614.917706526
614.917706526
614.917706526
614.917706526
614.917706526
614.917706526
614.917706526
614.917706526
614.917706526
614.917706526
614.917706526
614.917706526
614.917706526
614.917706526
614.917706526
614.917706526
614.917706526
614.917706526
614.917706526
614.917706526
614.917706526
614.917706526
614.917706526
614.917706526
614.917706526
614.917706526
614.917706526
614.917706526
614.917706526
614.917706526
614.917706526
614.917706526
614.917706526
614.917706526
614.917706526
614.917706526
614.917706526
614.917706526
614.917706526
614.917706526
614.917706526
614.917706526
614.917706526
614.917706526
614.917706526
614.917706526
614.917706526
614.917706526
614.917706526
614.917706526
614.917706526
614.917706526
614.917706526
614.917706526
614.917706526
614.917706526
614.917706526
614.917706526
614.917706526
614.917706526
614.917706526
614.917706526
614.917706526
614.917706526
614.917706526
614.917706526
614.917706526
614.917706526
614.917706526
614.917706526
614.917706526
614.917706526
614.917706526
614.917706526
614.917706526
614.917706526
614.917706526
614.917706526
614.917706526
614.917706526
614.917706526
614.917706526
614.917706526
614.917706526
614.917706526
614.917706526
614.917706526
614.917706526
614.917706526
614.917706526
614.917706526
614.917706526
614.917706526
614.917706526
614.917706526
614.917706526
614.917706526
614.917706526
614.917706526
614.917706526
614.917706526
614.917706526
614.917706526
614.917706526
614.917706526
614.917706526
614.917706526
614.917706526
614.917706526
614.917706526
614.917706526
614.917706526
614.917706526
614.917706526
614.917706526
614.917706526
614.917706526
614.917706526
614.917706526
614.917706526
614.917706526
614.917706526
614.917706526
614.917706526
614.917706526
614.917706526
614.917706526
614.917706526
614.917706526
614.917706526
614.917706526
614.917706526
614.917706526
614.917706526
614.917706526
614.917706526
614.917706526
614.917706526
614.917706526
614.917706526
