1601.31371355
1589.56665995
1507.12643272
1494.5016415
1462.35009994
1428.20157657
1424.43953422
1420.5322408
1422.03726312
1426.31778467
1393.48493739
1353.53520838
1352.04474269
1353.450949
1342.63837767
1336.64989791
1281.34162186
1258.01722448
1260.16249622
1200.2724246
1196.24535592
1202.23383568
1171.96876015
1126.0624276
1148.59358116
1140.46186339
1132.50884725
1117.65710167
1110.79595743
1098.53761024
1111.5518897
1103.02579628
1069.8311521
1069.39454135
1079.59022496
1089.74126113
1073.73807284
1081.97660238
1094.94864071
1081.13535928
1078.32457179
1055.80732666
1069.90951688
1060.99159313
1059.12301049
1036.13375827
1042.3840668
1068.11415287
1067.00957974
1046.40614851
1059.56818714
1054.84965357
1042.5368572
1043.60300827
1035.89832723
1048.2111236
1030.80745052
1019.20689418
1005.95033748
971.685211752
967.943359451
982.821635539
964.921398688
971.610082485
973.558031111
976.570587456
976.570587456
976.570587456
968.182327202
959.278927215
972.59044996
960.89485887
969.842941835
960.660322197
964.545066559
984.915576771
977.531488437
958.940405464
959.047160795
951.86945147
942.435449518
942.435449518
907.653716531
907.653716531
907.653716531
907.653716531
903.235756454
889.773912133
887.18562388
887.796548575
887.796548575
882.776697724
882.776697724
882.776697724
880.790692099
880.790692099
880.790692099
881.011470568
881.011470568
859.9370581
863.804731217
866.723405455
866.723405455
872.321552442
840.104560251
840.104560251
840.104560251
840.104560251
840.104560251
836.251939413
818.645047069
818.645047069
818.645047069
818.645047069
818.645047069
818.645047069
817.55301131
817.55301131
817.55301131
819.551529936
822.139818189
822.139818189
822.139818189
822.139818189
822.139818189
822.139818189
822.139818189
816.541671202
813.290769218
813.290769218
813.290769218
813.290769218
813.290769218
813.290769218
813.290769218
813.290769218
813.290769218
805.583650237
805.583650237
805.583650237
805.583650237
805.583650237
805.583650237
805.583650237
803.49227878
803.49227878
803.49227878
803.49227878
803.49227878
803.49227878
803.49227878
803.49227878
803.49227878
803.49227878
803.49227878
803.49227878
803.49227878
803.49227878
771.674889566
771.674889566
771.674889566
771.674889566
771.674889566
771.674889566
771.674889566
771.674889566
771.674889566
771.674889566
771.674889566
771.674889566
771.674889566
771.674889566
767.718263048
767.718263048
767.718263048
767.718263048
767.347280003
767.347280003
767.347280003
767.347280003
767.347280003
767.347280003
767.347280003
765.842729122
765.842729122
765.842729122
765.842729122
765.842729122
765.842729122
765.842729122
765.842729122
765.842729122
765.842729122
765.842729122
765.842729122
765.842729122
765.842729122
765.842729122
765.842729122
765.339650795
765.339650795
765.339650795
765.339650795
761.249366608
755.396881621
755.396881621
746.906315296
746.906315296
746.906315296
746.906315296
746.906315296
746.906315296
746.906315296
746.906315296
746.906315296
746.906315296
743.479940613
743.479940613
743.479940613
743.479940613
743.479940613
743.479940613
743.479940613
743.479940613
735.309540048
735.309540048
735.309540048
735.309540048
735.309540048
735.309540048
735.309540048
735.309540048
735.309540048
735.309540048
735.309540048
735.309540048
735.309540048
734.469420758
734.469420758
734.469420758
734.469420758
734.469420758
734.469420758
734.469420758
734.469420758
734.469420758
734.469420758
734.469420758
734.469420758
734.469420758
734.469420758
734.469420758
734.469420758
734.469420758
734.469420758
733.704742308
733.704742308
733.704742308
733.704742308
733.704742308
733.704742308
733.704742308
733.704742308
733.704742308
733.704742308
733.704742308
733.704742308
733.704742308
733.704742308
733.704742308
733.704742308
733.704742308
731.367596454
731.367596454
731.367596454
731.367596454
731.367596454
731.367596454
731.367596454
731.367596454
731.367596454
731.367596454
731.367596454
731.367596454
731.367596454
731.367596454
731.367596454
731.367596454
731.367596454
731.367596454
731.367596454
706.208767258
703.914495678
703.914495678
703.914495678
703.914495678
703.914495678
703.914495678
703.914495678
703.914495678
703.914495678
703.914495678
703.914495678
703.914495678
703.914495678
703.914495678
703.914495678
703.914495678
703.914495678
703.914495678
703.914495678
703.914495678
703.914495678
703.914495678
703.914495678
703.914495678
703.914495678
703.914495678
703.914495678
703.914495678
703.914495678
699.292779252
699.292779252
699.292779252
699.292779252
698.242053126
698.242053126
698.242053126
698.242053126
698.242053126
698.242053126
698.242053126
698.242053126
698.242053126
698.242053126
698.242053126
698.242053126
698.242053126
698.242053126
698.242053126
698.242053126
698.242053126
698.242053126
698.242053126
698.242053126
698.242053126
698.242053126
698.242053126
698.242053126
698.242053126
698.242053126
698.242053126
698.242053126
698.242053126
698.242053126
698.242053126
698.242053126
698.242053126
698.242053126
698.242053126
698.242053126
698.242053126
698.242053126
698.242053126
698.242053126
698.242053126
688.466631649
688.466631649
688.466631649
688.466631649
688.466631649
680.012786843
680.012786843
680.012786843
680.012786843
680.012786843
680.012786843
680.012786843
680.012786843
680.012786843
671.562975915
671.562975915
671.562975915
671.562975915
671.562975915
671.562975915
671.562975915
671.562975915
671.562975915
671.562975915
671.562975915
671.562975915
671.562975915
671.562975915
671.562975915
671.562975915
671.562975915
671.562975915
671.562975915
671.562975915
671.562975915
671.562975915
671.562975915
671.562975915
671.562975915
671.562975915
671.562975915
671.562975915
671.562975915
671.562975915
671.562975915
671.562975915
671.562975915
671.562975915
671.562975915
671.562975915
671.562975915
671.562975915
671.562975915
671.562975915
671.562975915
671.562975915
671.562975915
671.562975915
671.562975915
671.562975915
671.562975915
671.562975915
671.562975915
671.562975915
671.562975915
671.562975915
671.562975915
671.562975915
671.562975915
671.562975915
671.562975915
671.562975915
671.562975915
671.562975915
671.562975915
671.562975915
671.562975915
671.562975915
671.562975915
671.562975915
671.562975915
671.562975915
671.562975915
671.562975915
671.562975915
671.562975915
662.532948639
662.532948639
662.532948639
662.532948639
662.532948639
662.532948639
662.532948639
662.532948639
662.532948639
662.532948639
662.532948639
662.532948639
662.532948639
662.532948639
662.532948639
662.532948639
662.532948639
662.532948639
662.532948639
662.532948639
662.532948639
662.532948639
662.532948639
662.532948639
662.532948639
662.532948639
662.532948639
662.532948639
658.597241439
658.597241439
658.597241439
658.597241439
658.597241439
658.597241439
658.597241439
658.597241439
658.597241439
658.597241439
658.597241439
658.597241439
651.644373635
649.367291899
649.367291899
649.367291899
649.367291899
649.367291899
649.367291899
649.367291899
649.367291899
649.367291899
649.367291899
649.367291899
649.367291899
649.367291899
649.367291899
649.367291899
649.367291899
649.367291899
649.367291899
649.367291899
649.367291899
649.367291899
649.367291899
649.367291899
649.367291899
644.159730534
644.159730534
641.485048658
641.485048658
641.485048658
641.485048658
641.485048658
641.485048658
641.485048658
641.485048658
641.485048658
641.485048658
641.485048658
641.485048658
641.485048658
641.485048658
641.485048658
641.485048658
641.485048658
641.485048658
641.485048658
641.485048658
641.485048658
641.485048658
641.485048658
641.485048658
641.485048658
641.437045031
641.437045031
641.437045031
641.437045031
641.437045031
641.437045031
641.437045031
641.437045031
641.437045031
641.437045031
641.437045031
641.437045031
641.437045031
641.437045031
641.437045031
641.437045031
641.437045031
641.437045031
641.437045031
641.437045031
641.437045031
641.437045031
641.437045031
641.437045031
641.437045031
641.437045031
641.437045031
641.437045031
641.437045031
641.437045031
641.437045031
641.437045031
635.508161797
635.508161797
635.508161797
635.508161797
635.508161797
635.508161797
635.508161797
635.508161797
635.508161797
635.508161797
635.508161797
635.508161797
635.508161797
635.508161797
635.508161797
635.508161797
635.508161797
635.508161797
634.074086674
634.074086674
634.074086674
634.074086674
634.074086674
634.074086674
634.074086674
634.074086674
634.074086674
634.074086674
634.074086674
634.074086674
634.074086674
632.116613291
632.116613291
632.116613291
632.116613291
632.116613291
632.116613291
632.116613291
632.116613291
632.116613291
632.116613291
624.878651226
624.878651226
624.878651226
624.878651226
624.878651226
624.878651226
624.878651226
624.878651226
624.878651226
624.878651226
624.878651226
624.878651226
624.878651226
624.878651226
624.878651226
624.878651226
624.878651226
624.878651226
624.878651226
624.878651226
624.878651226
624.878651226
624.878651226
624.878651226
624.878651226
624.878651226
624.878651226
624.878651226
624.878651226
624.878651226
624.878651226
624.878651226
624.878651226
624.878651226
624.878651226
624.878651226
624.878651226
624.878651226
624.878651226
624.878651226
624.878651226
624.878651226
624.878651226
624.878651226
624.878651226
624.878651226
624.878651226
624.878651226
624.878651226
624.878651226
624.878651226
624.878651226
624.878651226
624.878651226
624.878651226
624.878651226
624.878651226
624.878651226
624.878651226
624.878651226
624.878651226
624.878651226
624.878651226
624.878651226
624.878651226
624.878651226
624.878651226
624.878651226
624.878651226
624.878651226
624.878651226
624.878651226
624.878651226
624.878651226
624.878651226
624.878651226
624.878651226
624.878651226
624.878651226
624.878651226
624.878651226
624.878651226
624.878651226
624.878651226
624.878651226
624.878651226
624.878651226
624.878651226
618.061427765
618.061427765
618.061427765
618.061427765
618.061427765
618.061427765
618.061427765
618.061427765
618.061427765
618.061427765
618.061427765
618.061427765
614.635701843
614.635701843
614.635701843
614.635701843
614.635701843
612.420545771
612.420545771
612.420545771
612.420545771
612.420545771
612.420545771
612.420545771
612.420545771
612.420545771
612.420545771
612.420545771
612.420545771
612.420545771
612.420545771
612.420545771
612.420545771
612.420545771
612.420545771
612.420545771
612.420545771
612.420545771
612.420545771
612.420545771
612.420545771
612.420545771
612.420545771
612.420545771
612.420545771
612.420545771
612.420545771
612.420545771
612.420545771
612.420545771
612.420545771
612.420545771
612.420545771
612.420545771
612.420545771
612.420545771
612.420545771
612.420545771
612.420545771
612.420545771
612.420545771
612.420545771
612.420545771
612.420545771
612.420545771
612.420545771
612.420545771
612.420545771
612.420545771
612.420545771
612.420545771
612.420545771
612.420545771
612.420545771
612.420545771
612.420545771
612.420545771
612.420545771
612.333797644
612.333797644
612.333797644
612.333797644
612.333797644
612.333797644
612.333797644
612.333797644
612.333797644
612.333797644
612.333797644
612.333797644
612.333797644
612.333797644
612.333797644
612.333797644
612.333797644
612.333797644
612.333797644
612.333797644
612.333797644
612.333797644
612.333797644
612.333797644
612.333797644
612.333797644
612.333797644
612.333797644
612.333797644
612.333797644
612.333797644
612.333797644
612.333797644
612.333797644
612.333797644
612.333797644
612.333797644
612.333797644
612.333797644
612.333797644
612.333797644
612.333797644
612.333797644
612.333797644
612.333797644
612.333797644
612.333797644
612.333797644
612.333797644
612.333797644
612.333797644
612.333797644
612.333797644
612.333797644
612.333797644
612.333797644
612.333797644
612.333797644
612.333797644
612.333797644
612.333797644
612.333797644
612.333797644
612.333797644
612.333797644
612.333797644
612.333797644
612.333797644
612.333797644
612.333797644
612.333797644
612.333797644
612.333797644
612.333797644
612.333797644
612.333797644
612.333797644
612.333797644
612.333797644
612.333797644
612.333797644
612.333797644
612.333797644
609.128563794
609.128563794
609.128563794
609.128563794
609.128563794
609.128563794
609.128563794
609.128563794
609.128563794
609.128563794
609.128563794
609.128563794
609.128563794
609.128563794
609.128563794
609.128563794
609.128563794
609.128563794
609.128563794
609.128563794
609.128563794
609.128563794
609.128563794
609.128563794
609.128563794
609.128563794
609.128563794
609.128563794
609.128563794
609.128563794
609.128563794
609.128563794
609.128563794
609.128563794
609.128563794
609.128563794
609.128563794
609.128563794
609.128563794
609.128563794
609.128563794
609.128563794
609.128563794
609.128563794
609.128563794
609.128563794
609.128563794
609.128563794
609.128563794
609.128563794
609.128563794
609.128563794
609.128563794
609.128563794
609.128563794
609.128563794
609.128563794
609.128563794
609.128563794
609.128563794
609.128563794
609.128563794
609.128563794
609.128563794
609.128563794
609.128563794
609.128563794
609.128563794
609.128563794
609.128563794
609.128563794
609.128563794
609.128563794
609.128563794
609.128563794
609.128563794
609.128563794
609.128563794
609.128563794
609.128563794
609.128563794
609.128563794
609.128563794
609.128563794
609.128563794
609.128563794
609.128563794
609.128563794
609.128563794
609.128563794
609.128563794
609.128563794
609.128563794
609.128563794
609.128563794
609.128563794
609.128563794
609.128563794
609.128563794
609.128563794
609.128563794
609.128563794
609.128563794
609.128563794
609.128563794
609.128563794
609.128563794
609.128563794
609.128563794
609.128563794
609.128563794
609.128563794
609.128563794
609.128563794
609.128563794
609.128563794
609.128563794
609.128563794
609.128563794
609.128563794
609.128563794
609.128563794
605.886611187
605.886611187
605.886611187
605.886611187
605.886611187
605.886611187
605.886611187
605.886611187
605.886611187
605.886611187
605.886611187
605.886611187
605.886611187
605.886611187
605.886611187
605.886611187
605.886611187
605.886611187
605.886611187
605.886611187
605.886611187
605.886611187
605.886611187
605.886611187
605.886611187
605.886611187
605.886611187
605.886611187
605.886611187
605.886611187
605.886611187
605.886611187
605.886611187
605.886611187
605.886611187
605.886611187
605.886611187
605.886611187
605.886611187
605.886611187
605.886611187
605.886611187
605.886611187
605.886611187
605.886611187
605.886611187
605.886611187
605.886611187
605.886611187
605.886611187
605.886611187
605.886611187
605.886611187
605.886611187
605.886611187
605.886611187
605.886611187
605.886611187
605.886611187
605.886611187
605.886611187
605.886611187
605.886611187
605.886611187
605.886611187
605.886611187
605.886611187
605.886611187
605.886611187
605.886611187
605.886611187
605.886611187
605.886611187
605.886611187
605.886611187
605.886611187
605.886611187
605.886611187
605.886611187
605.886611187
605.886611187
605.886611187
605.886611187
605.886611187
605.886611187
605.886611187
605.886611187
605.886611187
605.886611187
605.886611187
605.886611187
605.886611187
605.886611187
605.886611187
605.886611187
605.886611187
605.886611187
605.886611187
605.886611187
605.886611187
605.886611187
605.886611187
605.886611187
605.886611187
605.886611187
605.886611187
605.886611187
605.886611187
605.886611187
605.886611187
605.886611187
605.886611187
605.886611187
605.886611187
605.886611187
605.886611187
605.886611187
605.886611187
605.886611187
605.886611187
605.886611187
605.886611187
605.886611187
605.886611187
605.886611187
605.886611187
605.886611187
605.886611187
605.886611187
605.886611187
605.886611187
605.886611187
605.886611187
605.886611187
605.886611187
605.886611187
605.886611187
605.886611187
605.886611187
605.886611187
605.886611187
605.886611187
605.886611187
605.886611187
605.886611187
605.886611187
605.886611187
605.886611187
605.886611187
605.886611187
605.886611187
605.886611187
605.886611187
605.886611187
605.886611187
605.886611187
605.886611187
605.886611187
605.886611187
605.886611187
605.886611187
605.886611187
605.886611187
605.886611187
605.886611187
605.886611187
605.886611187
605.886611187
605.886611187
605.886611187
605.886611187
605.886611187
605.886611187
605.886611187
605.886611187
605.886611187
605.886611187
605.886611187
605.886611187
605.886611187
605.886611187
605.886611187
605.886611187
605.886611187
605.886611187
605.886611187
605.886611187
605.886611187
605.886611187
605.886611187
605.886611187
605.886611187
605.886611187
605.886611187
605.886611187
605.886611187
605.886611187
605.886611187
605.886611187
605.886611187
605.886611187
605.886611187
605.886611187
605.886611187
605.886611187
605.886611187
605.886611187
605.886611187
605.886611187
605.886611187
605.886611187
605.886611187
605.886611187
605.886611187
605.886611187
605.886611187
605.886611187
605.886611187
605.886611187
605.886611187
605.886611187
605.886611187
605.886611187
605.886611187
605.886611187
605.886611187
605.886611187
605.886611187
605.886611187
605.886611187
605.886611187
605.886611187
605.886611187
605.886611187
605.886611187
605.886611187
605.886611187
605.886611187
605.886611187
605.886611187
605.886611187
605.886611187
605.886611187
605.886611187
605.886611187
605.886611187
605.886611187
605.886611187
605.886611187
605.886611187
605.886611187
605.886611187
605.886611187
605.886611187
605.886611187
605.886611187
605.886611187
605.886611187
605.886611187
605.886611187
605.886611187
605.886611187
605.886611187
605.886611187
605.886611187
605.886611187
605.886611187
605.886611187
605.886611187
605.886611187
605.886611187
605.886611187
605.886611187
605.886611187
605.886611187
605.886611187
605.886611187
605.886611187
605.886611187
605.886611187
605.886611187
605.886611187
605.886611187
605.886611187
605.886611187
605.886611187
605.886611187
605.886611187
605.886611187
605.886611187
605.886611187
605.886611187
605.886611187
605.886611187
605.886611187
605.886611187
605.886611187
605.886611187
605.886611187
605.886611187
605.886611187
605.886611187
605.886611187
605.886611187
605.886611187
605.886611187
605.886611187
605.886611187
605.886611187
605.886611187
605.886611187
605.886611187
605.886611187
605.886611187
605.886611187
605.886611187
605.886611187
605.886611187
605.886611187
605.886611187
605.886611187
605.886611187
605.886611187
605.886611187
605.886611187
605.886611187
605.886611187
605.886611187
605.886611187
605.886611187
605.886611187
605.886611187
605.886611187
605.886611187
605.886611187
605.886611187
605.886611187
605.886611187
605.886611187
605.886611187
605.886611187
605.886611187
605.886611187
605.886611187
605.886611187
605.886611187
605.886611187
605.886611187
605.886611187
605.886611187
605.886611187
605.886611187
605.886611187
605.886611187
605.886611187
605.886611187
605.886611187
605.886611187
605.886611187
605.886611187
605.886611187
605.886611187
605.886611187
605.886611187
605.886611187
605.886611187
605.886611187
605.886611187
605.886611187
605.886611187
605.886611187
605.886611187
605.886611187
605.886611187
605.886611187
605.886611187
605.886611187
605.886611187
605.886611187
605.886611187
605.886611187
605.886611187
605.886611187
605.886611187
605.886611187
605.886611187
605.886611187
605.886611187
605.886611187
605.886611187
605.886611187
605.886611187
605.886611187
605.886611187
605.886611187
605.886611187
605.886611187
605.886611187
605.886611187
605.886611187
605.886611187
605.886611187
605.886611187
605.886611187
605.886611187
605.886611187
605.886611187
605.886611187
605.886611187
605.886611187
605.886611187
605.886611187
605.886611187
605.886611187
605.886611187
605.886611187
605.886611187
605.886611187
605.886611187
605.886611187
605.886611187
605.886611187
605.886611187
605.886611187
605.886611187
605.886611187
605.886611187
605.886611187
605.886611187
605.886611187
605.886611187
605.886611187
605.886611187
605.886611187
605.886611187
605.886611187
605.886611187
605.886611187
605.886611187
605.886611187
605.886611187
605.886611187
605.886611187
605.886611187
605.886611187
605.886611187
605.886611187
605.886611187
605.886611187
605.886611187
605.886611187
605.886611187
605.886611187
605.886611187
605.886611187
605.886611187
605.886611187
605.886611187
605.886611187
605.886611187
605.886611187
605.886611187
605.886611187
605.886611187
605.886611187
605.886611187
605.886611187
605.886611187
605.886611187
605.886611187
605.886611187
605.886611187
605.886611187
605.886611187
605.886611187
605.886611187
605.886611187
605.886611187
605.886611187
605.886611187
605.886611187
605.886611187
605.886611187
605.886611187
605.886611187
605.886611187
605.886611187
605.886611187
605.886611187
605.886611187
605.886611187
605.886611187
605.886611187
605.886611187
605.886611187
605.886611187
605.886611187
605.886611187
605.886611187
605.886611187
605.886611187
605.886611187
605.886611187
605.886611187
605.886611187
605.886611187
605.886611187
605.886611187
605.886611187
605.886611187
605.886611187
605.886611187
605.886611187
605.886611187
605.886611187
605.886611187
605.886611187
605.886611187
605.886611187
605.886611187
605.886611187
605.886611187
605.886611187
605.886611187
605.886611187
605.886611187
605.886611187
605.886611187
605.886611187
605.886611187
605.886611187
605.886611187
605.886611187
605.886611187
605.886611187
605.886611187
605.886611187
605.886611187
605.886611187
605.886611187
605.886611187
605.886611187
605.886611187
605.886611187
605.886611187
605.886611187
605.886611187
605.886611187
605.886611187
605.886611187
605.886611187
605.886611187
605.886611187
605.886611187
605.886611187
605.886611187
605.886611187
605.886611187
605.886611187
605.886611187
605.886611187
605.886611187
605.886611187
605.886611187
605.886611187
605.886611187
605.886611187
605.886611187
605.886611187
605.886611187
605.886611187
605.886611187
605.886611187
605.886611187
605.886611187
605.886611187
605.886611187
605.886611187
605.886611187
605.886611187
605.886611187
605.886611187
605.886611187
605.886611187
605.886611187
605.886611187
605.886611187
605.886611187
605.886611187
605.886611187
605.886611187
605.886611187
605.886611187
605.886611187
605.886611187
605.886611187
605.886611187
605.886611187
605.886611187
605.886611187
605.886611187
605.886611187
605.886611187
605.886611187
605.886611187
605.886611187
605.886611187
605.886611187
605.886611187
605.886611187
605.886611187
605.886611187
605.886611187
605.886611187
605.886611187
605.886611187
605.886611187
605.886611187
605.886611187
605.886611187
605.886611187
605.886611187
605.886611187
605.886611187
605.886611187
605.886611187
605.886611187
605.886611187
605.886611187
605.886611187
605.886611187
605.886611187
605.886611187
605.886611187
605.886611187
605.886611187
605.886611187
605.886611187
605.886611187
605.886611187
605.886611187
605.886611187
605.886611187
605.886611187
605.886611187
605.886611187
605.886611187
605.886611187
605.886611187
605.886611187
605.886611187
605.886611187
605.886611187
605.886611187
605.886611187
605.886611187
605.886611187
605.886611187
605.886611187
605.886611187
605.886611187
605.886611187
605.886611187
605.886611187
605.886611187
605.886611187
605.886611187
605.886611187
605.886611187
605.886611187
605.886611187
605.886611187
605.886611187
605.886611187
605.886611187
605.886611187
605.886611187
605.886611187
605.886611187
605.886611187
605.886611187
605.886611187
605.886611187
605.886611187
605.886611187
605.886611187
605.886611187
605.886611187
605.886611187
605.886611187
605.886611187
605.886611187
605.886611187
605.886611187
605.886611187
605.886611187
605.886611187
605.886611187
605.886611187
605.886611187
605.886611187
605.886611187
605.886611187
605.886611187
605.886611187
605.886611187
605.886611187
605.886611187
605.886611187
605.886611187
605.886611187
605.886611187
605.886611187
605.886611187
605.886611187
605.886611187
605.886611187
605.886611187
605.886611187
605.886611187
605.886611187
605.886611187
605.886611187
605.886611187
605.886611187
605.886611187
605.886611187
605.886611187
605.886611187
605.886611187
605.886611187
605.886611187
605.886611187
605.886611187
605.886611187
605.886611187
605.886611187
605.886611187
605.886611187
605.886611187
605.886611187
605.886611187
605.886611187
605.886611187
605.886611187
605.886611187
605.886611187
605.886611187
605.886611187
605.886611187
605.886611187
605.886611187
605.886611187
605.886611187
605.886611187
605.886611187
605.886611187
605.886611187
605.886611187
605.886611187
605.886611187
605.886611187
605.886611187
605.886611187
605.886611187
605.886611187
605.886611187
605.886611187
605.886611187
605.886611187
605.886611187
605.886611187
605.886611187
605.886611187
605.886611187
605.886611187
605.886611187
605.886611187
605.886611187
605.886611187
605.886611187
605.886611187
605.886611187
605.886611187
605.886611187
605.886611187
605.886611187
605.886611187
605.886611187
605.886611187
605.886611187
605.886611187
605.886611187
605.886611187
605.886611187
605.886611187
605.886611187
605.886611187
605.886611187
605.886611187
605.886611187
605.886611187
605.886611187
605.886611187
605.886611187
605.886611187
605.886611187
605.886611187
605.886611187
605.886611187
605.886611187
605.886611187
605.886611187
605.886611187
605.886611187
605.886611187
605.886611187
605.886611187
605.886611187
605.886611187
605.886611187
605.886611187
605.886611187
605.886611187
605.886611187
605.886611187
605.886611187
605.886611187
605.886611187
605.886611187
605.886611187
605.886611187
605.886611187
605.886611187
605.886611187
605.886611187
605.886611187
605.886611187
605.886611187
605.886611187
605.886611187
605.886611187
605.886611187
605.886611187
605.886611187
605.886611187
605.886611187
605.886611187
605.886611187
605.886611187
605.886611187
605.886611187
605.886611187
605.886611187
605.886611187
605.886611187
605.886611187
605.886611187
605.886611187
605.886611187
605.886611187
605.886611187
605.886611187
605.886611187
605.886611187
605.886611187
605.886611187
605.886611187
605.886611187
605.886611187
605.886611187
605.886611187
605.886611187
605.886611187
605.886611187
605.886611187
605.886611187
605.886611187
605.886611187
605.886611187
605.886611187
605.886611187
605.886611187
605.886611187
605.886611187
605.886611187
605.886611187
605.886611187
605.886611187
605.886611187
605.886611187
605.886611187
605.886611187
605.886611187
605.886611187
605.886611187
605.886611187
605.886611187
605.886611187
605.886611187
605.886611187
605.886611187
605.886611187
605.886611187
605.886611187
605.886611187
605.886611187
605.886611187
605.886611187
605.886611187
605.886611187
605.886611187
605.886611187
605.886611187
605.886611187
605.886611187
605.886611187
605.886611187
605.886611187
605.886611187
605.886611187
605.886611187
605.886611187
605.886611187
605.886611187
605.886611187
605.886611187
605.886611187
605.886611187
605.886611187
605.886611187
605.886611187
605.886611187
605.886611187
605.886611187
605.886611187
605.886611187
605.886611187
605.886611187
605.886611187
605.886611187
605.886611187
605.886611187
605.886611187
605.886611187
605.886611187
605.886611187
605.886611187
605.886611187
605.886611187
605.886611187
605.886611187
605.886611187
605.886611187
605.886611187
605.886611187
605.886611187
605.886611187
605.886611187
605.886611187
605.886611187
605.886611187
605.886611187
605.886611187
605.886611187
605.886611187
605.886611187
605.886611187
605.886611187
605.886611187
605.886611187
605.886611187
605.886611187
605.886611187
605.886611187
605.886611187
605.886611187
605.886611187
605.886611187
605.886611187
605.886611187
605.886611187
605.886611187
605.886611187
605.886611187
605.886611187
605.886611187
605.886611187
605.886611187
605.886611187
605.886611187
605.886611187
605.886611187
605.886611187
605.886611187
605.886611187
605.886611187
605.886611187
605.886611187
605.886611187
605.886611187
605.886611187
605.886611187
605.886611187
605.886611187
605.886611187
605.886611187
605.886611187
605.886611187
605.886611187
605.886611187
605.886611187
605.886611187
605.886611187
605.886611187
605.886611187
605.886611187
605.886611187
605.886611187
605.886611187
605.886611187
605.886611187
605.886611187
605.886611187
605.886611187
605.886611187
605.886611187
605.886611187
605.886611187
605.886611187
605.886611187
605.886611187
605.886611187
605.886611187
605.886611187
605.886611187
605.886611187
605.886611187
605.886611187
605.886611187
605.886611187
605.886611187
605.886611187
605.886611187
605.886611187
605.886611187
605.886611187
605.886611187
605.886611187
605.886611187
605.886611187
605.886611187
605.886611187
605.886611187
605.886611187
605.886611187
605.886611187
605.886611187
605.886611187
605.886611187
605.886611187
605.886611187
605.886611187
605.886611187
605.886611187
605.886611187
605.886611187
605.886611187
605.886611187
605.886611187
605.886611187
605.886611187
605.886611187
605.886611187
605.886611187
605.886611187
605.886611187
605.886611187
605.886611187
605.886611187
605.886611187
605.886611187
605.886611187
605.886611187
605.886611187
605.886611187
605.886611187
605.886611187
605.886611187
605.886611187
605.886611187
605.886611187
605.886611187
605.886611187
605.886611187
605.886611187
605.886611187
605.886611187
605.886611187
605.886611187
605.886611187
605.886611187
605.886611187
605.886611187
605.886611187
605.886611187
605.886611187
605.886611187
605.886611187
605.886611187
605.886611187
605.886611187
605.886611187
605.886611187
605.886611187
605.886611187
605.886611187
605.886611187
605.886611187
605.886611187
605.886611187
605.886611187
605.886611187
605.886611187
605.886611187
605.886611187
605.886611187
605.886611187
605.886611187
605.886611187
605.886611187
605.886611187
605.886611187
605.886611187
605.886611187
605.886611187
605.886611187
605.886611187
605.886611187
605.886611187
605.886611187
605.886611187
605.886611187
605.886611187
605.886611187
605.886611187
605.886611187
605.886611187
605.886611187
605.886611187
605.886611187
605.886611187
605.886611187
605.886611187
605.886611187
605.886611187
605.886611187
605.886611187
605.886611187
605.886611187
605.886611187
605.886611187
605.886611187
605.886611187
605.886611187
605.886611187
605.886611187
605.886611187
605.886611187
605.886611187
605.886611187
605.886611187
605.886611187
605.886611187
605.886611187
605.886611187
605.886611187
605.886611187
605.886611187
605.886611187
605.886611187
605.886611187
605.886611187
605.886611187
605.886611187
605.886611187
605.886611187
605.886611187
605.886611187
605.886611187
605.886611187
605.886611187
605.886611187
605.886611187
605.886611187
605.886611187
605.886611187
605.886611187
605.886611187
605.886611187
605.886611187
605.886611187
605.886611187
605.886611187
605.886611187
605.886611187
605.886611187
605.886611187
605.886611187
605.886611187
605.886611187
605.886611187
605.886611187
605.886611187
605.886611187
605.886611187
605.886611187
605.886611187
605.886611187
605.886611187
605.886611187
605.886611187
605.886611187
605.886611187
605.886611187
605.886611187
605.886611187
605.886611187
605.886611187
605.886611187
605.886611187
605.886611187
605.886611187
605.886611187
605.886611187
605.886611187
605.886611187
605.886611187
605.886611187
605.886611187
605.886611187
605.886611187
605.886611187
605.886611187
605.886611187
605.886611187
605.886611187
605.886611187
605.886611187
605.886611187
605.886611187
605.886611187
605.886611187
605.886611187
605.886611187
605.886611187
605.886611187
605.886611187
605.886611187
605.886611187
605.886611187
605.886611187
605.886611187
605.886611187
605.886611187
605.886611187
605.886611187
605.886611187
605.886611187
605.886611187
605.886611187
605.886611187
605.886611187
605.886611187
605.886611187
605.886611187
605.886611187
605.886611187
605.886611187
605.886611187
605.886611187
605.886611187
605.886611187
605.886611187
605.886611187
605.886611187
605.886611187
605.886611187
605.886611187
605.886611187
605.886611187
605.886611187
605.886611187
605.886611187
605.886611187
605.886611187
605.886611187
605.886611187
605.886611187
605.886611187
605.886611187
605.886611187
605.886611187
605.886611187
605.886611187
605.886611187
605.886611187
605.886611187
605.886611187
605.886611187
605.886611187
605.886611187
605.886611187
605.886611187
605.886611187
605.886611187
605.886611187
605.886611187
605.886611187
605.886611187
605.886611187
605.886611187
605.886611187
605.886611187
605.886611187
605.886611187
605.886611187
605.886611187
605.886611187
605.886611187
605.886611187
605.886611187
605.886611187
605.886611187
605.886611187
605.886611187
605.886611187
605.886611187
605.886611187
605.886611187
605.886611187
605.886611187
605.886611187
605.886611187
605.886611187
605.886611187
605.886611187
605.886611187
605.886611187
605.886611187
605.886611187
605.886611187
605.886611187
605.886611187
605.886611187
605.886611187
605.886611187
605.886611187
605.886611187
605.886611187
605.886611187
605.886611187
605.886611187
605.886611187
605.886611187
605.886611187
605.886611187
605.886611187
605.886611187
605.886611187
605.886611187
605.886611187
605.886611187
605.886611187
605.886611187
605.886611187
605.886611187
605.886611187
605.886611187
605.886611187
605.886611187
605.886611187
605.886611187
605.886611187
605.886611187
605.886611187
605.886611187
605.886611187
605.886611187
605.886611187
605.886611187
605.886611187
605.886611187
605.886611187
605.886611187
605.886611187
605.886611187
605.886611187
605.886611187
605.886611187
605.886611187
605.886611187
605.886611187
605.886611187
605.886611187
605.886611187
605.886611187
605.886611187
605.886611187
605.886611187
605.886611187
605.886611187
605.886611187
605.886611187
605.886611187
605.886611187
605.886611187
605.886611187
605.886611187
605.886611187
605.886611187
605.886611187
605.886611187
605.886611187
605.886611187
605.886611187
605.886611187
605.886611187
605.886611187
605.886611187
605.886611187
605.886611187
605.886611187
605.886611187
605.886611187
605.886611187
605.886611187
605.886611187
605.886611187
605.886611187
605.886611187
605.886611187
605.886611187
605.886611187
605.886611187
605.886611187
605.886611187
605.886611187
605.886611187
605.886611187
605.886611187
605.886611187
605.886611187
605.886611187
605.886611187
605.886611187
605.886611187
605.886611187
605.886611187
605.886611187
605.886611187
605.886611187
605.886611187
605.886611187
605.886611187
605.886611187
605.886611187
605.886611187
605.886611187
605.886611187
605.886611187
605.886611187
605.886611187
605.886611187
605.886611187
605.886611187
605.886611187
605.886611187
605.886611187
605.886611187
605.886611187
605.886611187
605.886611187
605.886611187
605.886611187
605.886611187
605.886611187
605.886611187
605.886611187
605.886611187
605.886611187
605.886611187
605.886611187
605.886611187
605.886611187
605.886611187
605.886611187
605.886611187
605.886611187
605.886611187
605.886611187
605.886611187
605.886611187
605.886611187
605.886611187
605.886611187
605.886611187
605.886611187
605.886611187
605.886611187
605.886611187
605.886611187
605.886611187
605.886611187
605.886611187
605.886611187
605.886611187
605.886611187
605.886611187
605.886611187
605.886611187
605.886611187
605.886611187
605.886611187
605.886611187
605.886611187
605.886611187
605.886611187
605.886611187
605.886611187
605.886611187
605.886611187
605.886611187
605.886611187
605.886611187
605.886611187
605.886611187
605.886611187
605.886611187
605.886611187
605.886611187
605.886611187
605.886611187
605.886611187
605.886611187
605.886611187
605.886611187
605.886611187
605.886611187
605.886611187
605.886611187
605.886611187
605.886611187
605.886611187
605.886611187
605.886611187
605.886611187
605.886611187
605.886611187
605.886611187
605.886611187
605.886611187
605.886611187
605.886611187
605.886611187
605.886611187
605.886611187
605.886611187
605.886611187
605.886611187
605.886611187
605.886611187
605.886611187
605.886611187
605.886611187
605.886611187
605.886611187
605.886611187
605.886611187
605.886611187
605.886611187
605.886611187
605.886611187
605.886611187
605.886611187
605.886611187
605.886611187
605.886611187
605.886611187
605.886611187
605.886611187
605.886611187
605.886611187
605.886611187
605.886611187
605.886611187
605.886611187
605.886611187
605.886611187
605.886611187
605.886611187
605.886611187
605.886611187
605.886611187
605.886611187
605.886611187
605.886611187
605.886611187
605.886611187
605.886611187
605.886611187
605.886611187
605.886611187
605.886611187
605.886611187
605.886611187
605.886611187
605.886611187
605.886611187
605.886611187
605.886611187
605.886611187
605.886611187
605.886611187
605.886611187
605.886611187
605.886611187
605.886611187
605.886611187
605.886611187
605.886611187
605.886611187
605.886611187
605.886611187
605.886611187
605.886611187
605.886611187
605.886611187
605.886611187
605.886611187
605.886611187
605.886611187
605.886611187
605.886611187
605.886611187
605.886611187
605.886611187
605.886611187
605.886611187
605.886611187
605.886611187
605.886611187
605.886611187
605.886611187
605.886611187
605.886611187
605.886611187
605.886611187
605.886611187
605.886611187
605.886611187
605.886611187
605.886611187
605.886611187
605.886611187
605.886611187
605.886611187
605.886611187
605.886611187
605.886611187
605.886611187
605.886611187
605.886611187
605.886611187
605.886611187
605.886611187
605.886611187
605.886611187
605.886611187
605.886611187
605.886611187
605.886611187
605.886611187
605.886611187
605.886611187
605.886611187
605.886611187
605.886611187
605.886611187
605.886611187
605.886611187
605.886611187
605.886611187
605.886611187
605.886611187
605.886611187
605.886611187
605.886611187
605.886611187
605.886611187
605.886611187
605.886611187
605.886611187
605.886611187
605.886611187
605.886611187
605.886611187
605.886611187
605.886611187
605.886611187
605.886611187
605.886611187
605.886611187
605.886611187
605.886611187
605.886611187
605.886611187
605.886611187
605.886611187
605.886611187
605.886611187
605.886611187
605.886611187
605.886611187
605.886611187
605.886611187
605.886611187
605.886611187
605.886611187
605.886611187
605.886611187
605.886611187
605.886611187
605.886611187
605.886611187
605.886611187
605.886611187
605.886611187
605.886611187
605.886611187
605.886611187
605.886611187
605.886611187
605.886611187
605.886611187
605.886611187
605.886611187
605.886611187
605.886611187
605.886611187
605.886611187
605.886611187
605.886611187
605.886611187
605.886611187
605.886611187
605.886611187
605.886611187
605.886611187
605.886611187
605.886611187
605.886611187
605.886611187
605.886611187
605.886611187
605.886611187
605.886611187
605.886611187
605.886611187
605.886611187
605.886611187
605.886611187
605.886611187
605.886611187
605.886611187
605.886611187
605.886611187
605.886611187
605.886611187
605.886611187
605.886611187
605.886611187
605.886611187
605.886611187
605.886611187
605.886611187
605.886611187
605.886611187
605.886611187
605.886611187
605.886611187
605.886611187
605.886611187
605.886611187
605.886611187
605.886611187
605.886611187
605.886611187
605.886611187
605.886611187
605.886611187
605.886611187
605.886611187
605.886611187
605.886611187
605.886611187
605.886611187
605.886611187
605.886611187
605.886611187
605.886611187
605.886611187
605.886611187
605.886611187
605.886611187
605.886611187
605.886611187
605.886611187
605.886611187
605.886611187
605.886611187
605.886611187
605.886611187
605.886611187
605.886611187
605.886611187
605.886611187
605.886611187
605.886611187
605.886611187
605.886611187
605.886611187
605.886611187
605.886611187
605.886611187
605.886611187
605.886611187
605.886611187
605.886611187
605.886611187
605.886611187
605.886611187
605.886611187
605.886611187
605.886611187
605.886611187
605.886611187
605.886611187
605.886611187
605.886611187
605.886611187
605.886611187
605.886611187
605.886611187
605.886611187
605.886611187
605.886611187
605.886611187
605.886611187
605.886611187
605.886611187
605.886611187
605.886611187
605.886611187
605.886611187
605.886611187
605.886611187
605.886611187
605.886611187
605.886611187
605.886611187
605.886611187
605.886611187
605.886611187
605.886611187
605.886611187
605.886611187
605.886611187
605.886611187
605.886611187
605.886611187
605.886611187
605.886611187
605.886611187
605.886611187
605.886611187
605.886611187
605.886611187
605.886611187
605.886611187
605.886611187
605.886611187
605.886611187
605.886611187
605.886611187
605.886611187
605.886611187
605.886611187
605.886611187
605.886611187
605.886611187
605.886611187
605.886611187
605.886611187
605.886611187
605.886611187
605.886611187
605.886611187
605.886611187
605.886611187
605.886611187
605.886611187
605.886611187
605.886611187
605.886611187
605.886611187
605.886611187
605.886611187
605.886611187
605.886611187
605.886611187
605.886611187
605.886611187
605.886611187
605.886611187
605.886611187
605.886611187
605.886611187
605.886611187
605.886611187
605.886611187
605.886611187
605.886611187
605.886611187
605.886611187
605.886611187
605.886611187
605.886611187
605.886611187
605.886611187
605.886611187
605.886611187
605.886611187
605.886611187
605.886611187
605.886611187
605.886611187
605.886611187
605.886611187
605.886611187
605.886611187
605.886611187
605.886611187
605.886611187
605.886611187
605.886611187
605.886611187
605.886611187
605.886611187
605.886611187
605.886611187
605.886611187
605.886611187
605.886611187
605.886611187
605.886611187
605.886611187
605.886611187
605.886611187
605.886611187
605.886611187
605.886611187
605.886611187
605.886611187
605.886611187
605.886611187
605.886611187
605.886611187
605.886611187
605.886611187
605.886611187
605.886611187
605.886611187
605.886611187
605.886611187
605.886611187
605.886611187
605.886611187
605.886611187
605.886611187
605.886611187
605.886611187
605.886611187
605.886611187
605.886611187
605.886611187
605.886611187
605.886611187
605.886611187
605.886611187
605.886611187
605.886611187
605.886611187
605.886611187
605.886611187
605.886611187
605.886611187
605.886611187
605.886611187
605.886611187
605.886611187
605.886611187
605.886611187
605.886611187
605.886611187
605.886611187
605.886611187
605.886611187
605.886611187
605.886611187
605.886611187
605.886611187
605.886611187
605.886611187
605.886611187
605.886611187
605.886611187
605.886611187
605.886611187
605.886611187
605.886611187
605.886611187
605.886611187
605.886611187
605.886611187
605.886611187
605.886611187
605.886611187
605.886611187
605.886611187
605.886611187
605.886611187
605.886611187
605.886611187
605.886611187
605.886611187
605.886611187
605.886611187
605.886611187
605.886611187
605.886611187
605.886611187
605.886611187
605.886611187
605.886611187
605.886611187
605.886611187
605.886611187
605.886611187
605.886611187
605.886611187
605.886611187
605.886611187
605.886611187
605.886611187
605.886611187
605.886611187
605.886611187
605.886611187
605.886611187
605.886611187
605.886611187
605.886611187
605.886611187
605.886611187
605.886611187
605.886611187
605.886611187
605.886611187
605.886611187
605.886611187
605.886611187
605.886611187
605.886611187
605.886611187
605.886611187
605.886611187
605.886611187
605.886611187
605.886611187
605.886611187
605.886611187
605.886611187
605.886611187
605.886611187
605.886611187
605.886611187
605.886611187
605.886611187
605.886611187
605.886611187
605.886611187
605.886611187
605.886611187
605.886611187
605.886611187
605.886611187
605.886611187
605.886611187
605.886611187
605.886611187
605.886611187
605.886611187
605.886611187
605.886611187
605.886611187
605.886611187
605.886611187
605.886611187
605.886611187
605.886611187
605.886611187
605.886611187
605.886611187
605.886611187
605.886611187
605.886611187
605.886611187
605.886611187
605.886611187
605.886611187
605.886611187
605.886611187
605.886611187
605.886611187
605.886611187
605.886611187
605.886611187
605.886611187
605.886611187
605.886611187
605.886611187
605.886611187
605.886611187
605.886611187
605.886611187
605.886611187
605.886611187
605.886611187
605.886611187
605.886611187
605.886611187
605.886611187
605.886611187
605.886611187
605.886611187
605.886611187
605.886611187
605.886611187
605.886611187
605.886611187
605.886611187
605.886611187
605.886611187
605.886611187
605.886611187
605.886611187
605.886611187
605.886611187
605.886611187
605.886611187
605.886611187
605.886611187
605.886611187
605.886611187
605.886611187
605.886611187
605.886611187
605.886611187
605.886611187
605.886611187
605.886611187
605.886611187
605.886611187
605.886611187
605.886611187
605.886611187
605.886611187
605.886611187
605.886611187
605.886611187
605.886611187
605.886611187
605.886611187
605.886611187
605.886611187
605.886611187
605.886611187
605.886611187
605.886611187
605.886611187
605.886611187
605.886611187
605.886611187
605.886611187
605.886611187
605.886611187
605.886611187
605.886611187
605.886611187
605.886611187
605.886611187
605.886611187
605.886611187
605.886611187
605.886611187
605.886611187
605.886611187
605.886611187
605.886611187
605.886611187
605.886611187
605.886611187
605.886611187
605.886611187
605.886611187
605.886611187
605.886611187
605.886611187
605.886611187
605.886611187
605.886611187
605.886611187
605.886611187
605.886611187
605.886611187
605.886611187
605.886611187
605.886611187
605.886611187
605.886611187
605.886611187
605.886611187
605.886611187
605.886611187
605.886611187
605.886611187
605.886611187
605.886611187
605.886611187
605.886611187
605.886611187
605.886611187
605.886611187
605.886611187
605.886611187
605.886611187
605.886611187
605.886611187
605.886611187
605.886611187
605.886611187
605.886611187
605.886611187
605.886611187
605.886611187
605.886611187
605.886611187
605.886611187
605.886611187
605.886611187
605.886611187
605.886611187
605.886611187
605.886611187
605.886611187
605.886611187
605.886611187
605.886611187
605.886611187
605.886611187
605.886611187
605.886611187
605.886611187
605.886611187
605.886611187
605.886611187
605.886611187
605.886611187
605.886611187
605.886611187
605.886611187
605.886611187
605.886611187
605.886611187
605.886611187
605.886611187
605.886611187
605.886611187
605.886611187
605.886611187
605.886611187
605.886611187
605.886611187
605.886611187
605.886611187
605.886611187
605.886611187
605.886611187
605.886611187
605.886611187
605.886611187
605.886611187
605.886611187
605.886611187
605.886611187
605.886611187
605.886611187
605.886611187
605.886611187
605.886611187
605.886611187
605.886611187
605.886611187
605.886611187
605.886611187
605.886611187
605.886611187
605.886611187
605.886611187
605.886611187
605.886611187
605.886611187
605.886611187
605.886611187
605.886611187
605.886611187
605.886611187
605.886611187
605.886611187
605.886611187
605.886611187
605.886611187
605.886611187
605.886611187
605.886611187
605.886611187
605.886611187
605.886611187
605.886611187
605.886611187
605.886611187
605.886611187
605.886611187
605.886611187
605.886611187
605.886611187
605.886611187
605.886611187
605.886611187
605.886611187
605.886611187
605.886611187
605.886611187
605.886611187
605.886611187
605.886611187
605.886611187
605.886611187
605.886611187
605.886611187
605.886611187
605.886611187
605.886611187
605.886611187
605.886611187
605.886611187
605.886611187
605.886611187
605.886611187
605.886611187
605.886611187
605.886611187
605.886611187
605.886611187
605.886611187
605.886611187
605.886611187
605.886611187
605.886611187
605.886611187
605.886611187
605.886611187
605.886611187
605.886611187
605.886611187
605.886611187
605.886611187
605.886611187
605.886611187
605.886611187
605.886611187
605.886611187
605.886611187
605.886611187
605.886611187
605.886611187
605.886611187
605.886611187
605.886611187
605.886611187
605.886611187
605.886611187
605.886611187
605.886611187
605.886611187
605.886611187
605.886611187
605.886611187
605.886611187
605.886611187
605.886611187
605.886611187
605.886611187
605.886611187
605.886611187
605.886611187
605.886611187
605.886611187
605.886611187
605.886611187
605.886611187
605.886611187
605.886611187
605.886611187
605.886611187
605.886611187
605.886611187
605.886611187
605.886611187
605.886611187
605.886611187
605.886611187
605.886611187
605.886611187
605.886611187
605.886611187
605.886611187
605.886611187
605.886611187
605.886611187
605.886611187
605.886611187
605.886611187
605.886611187
605.886611187
605.886611187
605.886611187
605.886611187
605.886611187
605.886611187
605.886611187
605.886611187
605.886611187
605.886611187
605.886611187
605.886611187
605.886611187
605.886611187
605.886611187
605.886611187
605.886611187
605.886611187
605.886611187
605.886611187
605.886611187
605.886611187
605.886611187
605.886611187
605.886611187
605.886611187
605.886611187
605.886611187
605.886611187
605.886611187
605.886611187
605.886611187
605.886611187
605.886611187
605.886611187
605.886611187
605.886611187
605.886611187
605.886611187
605.886611187
605.886611187
605.886611187
605.886611187
605.886611187
605.886611187
605.886611187
605.886611187
605.886611187
605.886611187
605.886611187
605.886611187
605.886611187
605.886611187
605.886611187
605.886611187
605.886611187
605.886611187
605.886611187
605.886611187
605.886611187
605.886611187
605.886611187
605.886611187
605.886611187
605.886611187
605.886611187
605.886611187
605.886611187
605.886611187
605.886611187
605.886611187
605.886611187
605.886611187
605.886611187
605.886611187
605.886611187
605.886611187
605.886611187
605.886611187
605.886611187
605.886611187
605.886611187
605.886611187
605.886611187
605.886611187
605.886611187
605.886611187
605.886611187
605.886611187
605.886611187
605.886611187
605.886611187
605.886611187
605.886611187
605.886611187
605.886611187
605.886611187
605.886611187
605.886611187
605.886611187
605.886611187
605.886611187
605.886611187
605.886611187
605.886611187
605.886611187
605.886611187
605.886611187
605.886611187
605.886611187
605.886611187
605.886611187
605.886611187
605.886611187
605.886611187
605.886611187
605.886611187
605.886611187
605.886611187
605.886611187
605.886611187
605.886611187
605.886611187
605.886611187
605.886611187
605.886611187
605.886611187
605.886611187
605.886611187
605.886611187
605.886611187
605.886611187
605.886611187
605.886611187
605.886611187
605.886611187
605.886611187
605.886611187
605.886611187
605.886611187
605.886611187
605.886611187
605.886611187
605.886611187
605.886611187
605.886611187
605.886611187
605.886611187
605.886611187
605.886611187
605.886611187
605.886611187
605.886611187
605.886611187
605.886611187
605.886611187
605.886611187
605.886611187
605.886611187
605.886611187
605.886611187
605.886611187
605.886611187
605.886611187
605.886611187
605.886611187
605.886611187
605.886611187
605.886611187
605.886611187
605.886611187
605.886611187
605.886611187
605.886611187
605.886611187
605.886611187
605.886611187
605.886611187
605.886611187
605.886611187
605.886611187
605.886611187
605.886611187
605.886611187
605.886611187
605.886611187
605.886611187
605.886611187
605.886611187
605.886611187
605.886611187
605.886611187
605.886611187
605.886611187
605.886611187
605.886611187
605.886611187
605.886611187
605.886611187
605.886611187
605.886611187
605.886611187
605.886611187
605.886611187
605.886611187
605.886611187
605.886611187
605.886611187
605.886611187
605.886611187
605.886611187
605.886611187
605.886611187
605.886611187
605.886611187
605.886611187
605.886611187
605.886611187
605.886611187
605.886611187
605.886611187
605.886611187
605.886611187
605.886611187
605.886611187
605.886611187
605.886611187
605.886611187
605.886611187
605.886611187
605.886611187
605.886611187
605.886611187
605.886611187
605.886611187
605.886611187
605.886611187
605.886611187
605.886611187
605.886611187
605.886611187
605.886611187
605.886611187
605.886611187
605.886611187
605.886611187
605.886611187
605.886611187
605.886611187
605.886611187
605.886611187
605.886611187
605.886611187
605.886611187
605.886611187
605.886611187
605.886611187
605.886611187
605.886611187
605.886611187
605.886611187
605.886611187
605.886611187
605.886611187
605.886611187
605.886611187
605.886611187
605.886611187
605.886611187
605.886611187
605.886611187
605.886611187
605.886611187
605.886611187
605.886611187
605.886611187
605.886611187
605.886611187
605.886611187
605.886611187
605.886611187
605.886611187
605.886611187
605.886611187
605.886611187
605.886611187
605.886611187
605.886611187
605.886611187
605.886611187
605.886611187
605.886611187
605.886611187
605.886611187
605.886611187
605.886611187
605.886611187
605.886611187
605.886611187
605.886611187
605.886611187
605.886611187
605.886611187
605.886611187
605.886611187
605.886611187
605.886611187
605.886611187
605.886611187
605.886611187
605.886611187
605.886611187
605.886611187
605.886611187
605.886611187
605.886611187
605.886611187
605.886611187
605.886611187
605.886611187
605.886611187
605.886611187
605.886611187
605.886611187
605.886611187
605.886611187
605.886611187
605.886611187
605.886611187
605.886611187
605.886611187
605.886611187
605.886611187
605.886611187
605.886611187
605.886611187
605.886611187
605.886611187
605.886611187
605.886611187
605.886611187
605.886611187
605.886611187
605.886611187
605.886611187
605.886611187
605.886611187
605.886611187
605.886611187
605.886611187
605.886611187
605.886611187
605.886611187
605.886611187
605.886611187
605.886611187
605.886611187
605.886611187
605.886611187
605.886611187
605.886611187
605.886611187
605.886611187
605.886611187
605.886611187
605.886611187
605.886611187
605.886611187
605.886611187
605.886611187
605.886611187
605.886611187
605.886611187
605.886611187
605.886611187
605.886611187
605.886611187
605.886611187
605.886611187
605.886611187
605.886611187
605.886611187
605.886611187
605.886611187
605.886611187
605.886611187
605.886611187
605.886611187
605.886611187
605.886611187
605.886611187
605.886611187
605.886611187
605.886611187
605.886611187
605.886611187
605.886611187
605.886611187
605.886611187
605.886611187
605.886611187
605.886611187
605.886611187
605.886611187
605.886611187
605.886611187
605.886611187
605.886611187
605.886611187
605.886611187
605.886611187
605.886611187
605.886611187
605.886611187
605.886611187
605.886611187
605.886611187
605.886611187
605.886611187
605.886611187
605.886611187
605.886611187
605.886611187
605.886611187
605.886611187
605.886611187
605.886611187
605.886611187
605.886611187
605.886611187
605.886611187
605.886611187
605.886611187
605.886611187
605.886611187
605.886611187
605.886611187
605.886611187
605.886611187
605.886611187
605.886611187
605.886611187
605.886611187
605.886611187
605.886611187
605.886611187
605.886611187
605.886611187
605.886611187
605.886611187
605.886611187
605.886611187
605.886611187
605.886611187
605.886611187
605.886611187
605.886611187
605.886611187
605.886611187
605.886611187
605.886611187
605.886611187
605.886611187
605.886611187
605.886611187
605.886611187
605.886611187
605.886611187
605.886611187
605.886611187
605.886611187
605.886611187
605.886611187
605.886611187
605.886611187
605.886611187
605.886611187
605.886611187
605.886611187
605.886611187
605.886611187
605.886611187
605.886611187
605.886611187
605.886611187
605.886611187
605.886611187
605.886611187
605.886611187
605.886611187
605.886611187
605.886611187
605.886611187
605.886611187
605.886611187
605.886611187
605.886611187
605.886611187
605.886611187
605.886611187
605.886611187
605.886611187
605.886611187
605.886611187
605.886611187
605.886611187
605.886611187
605.886611187
605.886611187
605.886611187
605.886611187
605.886611187
605.886611187
605.886611187
605.886611187
605.886611187
605.886611187
605.886611187
605.886611187
605.886611187
605.886611187
605.886611187
605.886611187
605.886611187
605.886611187
605.886611187
605.886611187
605.886611187
605.886611187
605.886611187
605.886611187
605.886611187
605.886611187
605.886611187
605.886611187
605.886611187
605.886611187
605.886611187
605.886611187
605.886611187
605.886611187
605.886611187
605.886611187
605.886611187
605.886611187
605.886611187
605.886611187
605.886611187
605.886611187
605.886611187
605.886611187
605.886611187
605.886611187
605.886611187
605.886611187
605.886611187
605.886611187
605.886611187
605.886611187
605.886611187
605.886611187
605.886611187
605.886611187
605.886611187
605.886611187
605.886611187
605.886611187
605.886611187
605.886611187
605.886611187
605.886611187
605.886611187
605.886611187
605.886611187
605.886611187
605.886611187
605.886611187
605.886611187
605.886611187
605.886611187
605.886611187
605.886611187
605.886611187
605.886611187
605.886611187
605.886611187
605.886611187
605.886611187
605.886611187
605.886611187
605.886611187
605.886611187
605.886611187
605.886611187
605.886611187
605.886611187
605.886611187
605.886611187
605.886611187
605.886611187
605.886611187
605.886611187
605.886611187
605.886611187
605.886611187
605.886611187
605.886611187
605.886611187
605.886611187
605.886611187
605.886611187
605.886611187
605.886611187
605.886611187
605.886611187
605.886611187
605.886611187
605.886611187
605.886611187
605.886611187
605.886611187
605.886611187
605.886611187
605.886611187
605.886611187
605.886611187
605.886611187
605.886611187
605.886611187
605.886611187
605.886611187
605.886611187
605.886611187
605.886611187
605.886611187
605.886611187
605.886611187
605.886611187
605.886611187
605.886611187
605.886611187
605.886611187
605.886611187
605.886611187
605.886611187
605.886611187
605.886611187
605.886611187
605.886611187
605.886611187
605.886611187
605.886611187
605.886611187
605.886611187
605.886611187
605.886611187
605.886611187
605.886611187
605.886611187
605.886611187
605.886611187
605.886611187
605.886611187
605.886611187
605.886611187
605.886611187
605.886611187
605.886611187
605.886611187
605.886611187
605.886611187
605.886611187
605.886611187
605.886611187
605.886611187
605.886611187
605.886611187
605.886611187
605.886611187
605.886611187
605.886611187
605.886611187
605.886611187
605.886611187
605.886611187
605.886611187
605.886611187
605.886611187
605.886611187
605.886611187
605.886611187
605.886611187
605.886611187
605.886611187
605.886611187
605.886611187
605.886611187
605.886611187
605.886611187
605.886611187
605.886611187
605.886611187
605.886611187
605.886611187
605.886611187
605.886611187
605.886611187
605.886611187
605.886611187
605.886611187
605.886611187
605.886611187
605.886611187
605.886611187
605.886611187
605.886611187
605.886611187
605.886611187
605.886611187
605.886611187
605.886611187
605.886611187
605.886611187
605.886611187
605.886611187
605.886611187
605.886611187
605.886611187
605.886611187
605.886611187
605.886611187
605.886611187
605.886611187
605.886611187
605.886611187
605.886611187
605.886611187
605.886611187
605.886611187
605.886611187
605.886611187
605.886611187
605.886611187
605.886611187
605.886611187
605.886611187
605.886611187
605.886611187
605.886611187
605.886611187
605.886611187
605.886611187
605.886611187
605.886611187
605.886611187
605.886611187
605.886611187
605.886611187
605.886611187
605.886611187
605.886611187
605.886611187
605.886611187
605.886611187
605.886611187
605.886611187
605.886611187
605.886611187
605.886611187
605.886611187
605.886611187
605.886611187
605.886611187
605.886611187
605.886611187
605.886611187
605.886611187
605.886611187
605.886611187
605.886611187
605.886611187
605.886611187
605.886611187
605.886611187
605.886611187
605.886611187
605.886611187
605.886611187
605.886611187
605.886611187
605.886611187
605.886611187
605.886611187
605.886611187
605.886611187
605.886611187
605.886611187
605.886611187
605.886611187
605.886611187
605.886611187
605.886611187
605.886611187
605.886611187
605.886611187
605.886611187
605.886611187
605.886611187
605.886611187
605.886611187
605.886611187
605.886611187
605.886611187
605.886611187
605.886611187
605.886611187
605.886611187
605.886611187
605.886611187
605.886611187
605.886611187
605.886611187
605.886611187
605.886611187
605.886611187
605.886611187
605.886611187
605.886611187
605.886611187
605.886611187
605.886611187
605.886611187
605.886611187
605.886611187
605.886611187
605.886611187
605.886611187
605.886611187
605.886611187
605.886611187
605.886611187
605.886611187
605.886611187
605.886611187
605.886611187
605.886611187
605.886611187
605.886611187
605.886611187
605.886611187
605.886611187
605.886611187
605.886611187
605.886611187
605.886611187
605.886611187
605.886611187
605.886611187
605.886611187
605.886611187
605.886611187
605.886611187
605.886611187
605.886611187
605.886611187
605.886611187
605.886611187
605.886611187
605.886611187
605.886611187
605.886611187
605.886611187
605.886611187
605.886611187
605.886611187
605.886611187
605.886611187
605.886611187
605.886611187
605.886611187
605.886611187
605.886611187
605.886611187
605.886611187
605.886611187
605.886611187
605.886611187
605.886611187
605.886611187
605.886611187
605.886611187
605.886611187
605.886611187
605.886611187
605.886611187
605.886611187
605.886611187
605.886611187
605.886611187
605.886611187
605.886611187
605.886611187
605.886611187
605.886611187
605.886611187
605.886611187
605.886611187
605.886611187
605.886611187
605.886611187
605.886611187
605.886611187
605.886611187
605.886611187
605.886611187
605.886611187
605.886611187
605.886611187
605.886611187
605.886611187
605.886611187
605.886611187
605.886611187
605.886611187
605.886611187
605.886611187
605.886611187
605.886611187
605.886611187
605.886611187
605.886611187
605.886611187
605.886611187
605.886611187
605.886611187
605.886611187
605.886611187
605.886611187
605.886611187
605.886611187
605.886611187
605.886611187
605.886611187
605.886611187
605.886611187
605.886611187
605.886611187
605.886611187
605.886611187
605.886611187
605.886611187
605.886611187
605.886611187
605.886611187
605.886611187
605.886611187
605.886611187
605.886611187
605.886611187
605.886611187
605.886611187
605.886611187
605.886611187
605.886611187
605.886611187
605.886611187
605.886611187
605.886611187
605.886611187
605.886611187
605.886611187
605.886611187
605.886611187
605.886611187
605.886611187
605.886611187
605.886611187
605.886611187
605.886611187
605.886611187
605.886611187
605.886611187
605.886611187
605.886611187
605.886611187
605.886611187
605.886611187
605.886611187
605.886611187
605.886611187
605.886611187
605.886611187
605.886611187
605.886611187
605.886611187
605.886611187
605.886611187
605.886611187
605.886611187
605.886611187
605.886611187
605.886611187
605.886611187
605.886611187
605.886611187
605.886611187
605.886611187
605.886611187
605.886611187
605.886611187
605.886611187
605.886611187
605.886611187
605.886611187
605.886611187
605.886611187
605.886611187
605.886611187
605.886611187
605.886611187
605.886611187
605.886611187
605.886611187
605.886611187
605.886611187
605.886611187
605.886611187
605.886611187
605.886611187
605.886611187
605.886611187
605.886611187
605.886611187
605.886611187
605.886611187
605.886611187
605.886611187
605.886611187
605.886611187
605.886611187
605.886611187
605.886611187
605.886611187
605.886611187
605.886611187
605.886611187
605.886611187
605.886611187
605.886611187
605.886611187
605.886611187
605.886611187
605.886611187
605.886611187
605.886611187
605.886611187
605.886611187
605.886611187
605.886611187
605.886611187
605.886611187
605.886611187
605.886611187
605.886611187
605.886611187
605.886611187
605.886611187
605.886611187
605.886611187
605.886611187
605.886611187
605.886611187
605.886611187
605.886611187
605.886611187
605.886611187
605.886611187
605.886611187
605.886611187
605.886611187
605.886611187
605.886611187
605.886611187
605.886611187
605.886611187
605.886611187
605.886611187
605.886611187
605.886611187
605.886611187
605.886611187
605.886611187
605.886611187
605.886611187
605.886611187
605.886611187
605.886611187
605.886611187
605.886611187
605.886611187
605.886611187
605.886611187
605.886611187
605.886611187
605.886611187
605.886611187
605.886611187
605.886611187
605.886611187
605.886611187
605.886611187
605.886611187
605.886611187
605.886611187
605.886611187
605.886611187
605.886611187
605.886611187
605.886611187
605.886611187
605.886611187
605.886611187
605.886611187
605.886611187
605.886611187
605.886611187
605.886611187
605.886611187
605.886611187
605.886611187
605.886611187
605.886611187
605.886611187
605.886611187
605.886611187
605.886611187
605.886611187
605.886611187
605.886611187
605.886611187
605.886611187
605.886611187
605.886611187
605.886611187
605.886611187
605.886611187
605.886611187
605.886611187
605.886611187
605.886611187
605.886611187
605.886611187
605.886611187
605.886611187
605.886611187
605.886611187
605.886611187
605.886611187
605.886611187
605.886611187
605.886611187
605.886611187
605.886611187
605.886611187
605.886611187
605.886611187
605.886611187
605.886611187
605.886611187
605.886611187
605.886611187
605.886611187
605.886611187
605.886611187
605.886611187
605.886611187
605.886611187
605.886611187
605.886611187
605.886611187
605.886611187
605.886611187
605.886611187
605.886611187
605.886611187
605.886611187
605.886611187
605.886611187
605.886611187
605.886611187
605.886611187
605.886611187
605.886611187
605.886611187
605.886611187
605.886611187
605.886611187
605.886611187
605.886611187
605.886611187
605.886611187
605.886611187
605.886611187
605.886611187
605.886611187
605.886611187
605.886611187
605.886611187
605.886611187
605.886611187
605.886611187
605.886611187
605.886611187
605.886611187
605.886611187
605.886611187
605.886611187
605.886611187
605.886611187
605.886611187
605.886611187
605.886611187
605.886611187
605.886611187
605.886611187
605.886611187
605.886611187
605.886611187
605.886611187
605.886611187
605.886611187
605.886611187
605.886611187
605.886611187
605.886611187
605.886611187
605.886611187
605.886611187
605.886611187
605.886611187
605.886611187
605.886611187
605.886611187
605.886611187
605.886611187
605.886611187
605.886611187
605.886611187
605.886611187
605.886611187
605.886611187
605.886611187
605.886611187
605.886611187
605.886611187
605.886611187
605.886611187
605.886611187
605.886611187
605.886611187
605.886611187
605.886611187
605.886611187
605.886611187
605.886611187
605.886611187
605.886611187
605.886611187
605.886611187
605.886611187
605.886611187
605.886611187
605.886611187
605.886611187
605.886611187
605.886611187
605.886611187
605.886611187
605.886611187
605.886611187
605.886611187
605.886611187
605.886611187
605.886611187
605.886611187
605.886611187
605.886611187
605.886611187
605.886611187
605.886611187
605.886611187
605.886611187
605.886611187
605.886611187
605.886611187
605.886611187
605.886611187
605.886611187
605.886611187
605.886611187
605.886611187
605.886611187
605.886611187
605.886611187
605.886611187
605.886611187
605.886611187
605.886611187
605.886611187
605.886611187
605.886611187
605.886611187
605.886611187
605.886611187
605.886611187
605.886611187
605.886611187
605.886611187
605.886611187
605.886611187
605.886611187
605.886611187
605.886611187
605.886611187
605.886611187
605.886611187
605.886611187
605.886611187
605.886611187
605.886611187
605.886611187
605.886611187
605.886611187
605.886611187
605.886611187
605.886611187
605.886611187
605.886611187
605.886611187
605.886611187
605.886611187
605.886611187
605.886611187
605.886611187
605.886611187
605.886611187
605.886611187
605.886611187
605.886611187
605.886611187
605.886611187
605.886611187
605.886611187
605.886611187
605.886611187
605.886611187
605.886611187
605.886611187
605.886611187
605.886611187
605.886611187
605.886611187
605.886611187
605.886611187
605.886611187
605.886611187
605.886611187
605.886611187
605.886611187
605.886611187
605.886611187
605.886611187
605.886611187
605.886611187
605.886611187
605.886611187
605.886611187
605.886611187
605.886611187
605.886611187
605.886611187
605.886611187
605.886611187
605.886611187
605.886611187
605.886611187
605.886611187
605.886611187
605.886611187
605.886611187
605.886611187
605.886611187
605.886611187
605.886611187
605.886611187
605.886611187
605.886611187
605.886611187
605.886611187
605.886611187
605.886611187
605.886611187
605.886611187
605.886611187
605.886611187
605.886611187
605.886611187
605.886611187
605.886611187
605.886611187
605.886611187
605.886611187
605.886611187
605.886611187
605.886611187
605.886611187
605.886611187
605.886611187
605.886611187
605.886611187
605.886611187
605.886611187
605.886611187
605.886611187
605.886611187
605.886611187
605.886611187
605.886611187
605.886611187
605.886611187
605.886611187
605.886611187
605.886611187
605.886611187
605.886611187
605.886611187
605.886611187
605.886611187
605.886611187
605.886611187
605.886611187
605.886611187
605.886611187
605.886611187
605.886611187
605.886611187
605.886611187
605.886611187
605.886611187
605.886611187
605.886611187
605.886611187
605.886611187
605.886611187
605.886611187
605.886611187
605.886611187
605.886611187
605.886611187
605.886611187
605.886611187
605.886611187
605.886611187
605.886611187
605.886611187
605.886611187
605.886611187
605.886611187
605.886611187
605.886611187
605.886611187
605.886611187
605.886611187
605.886611187
605.886611187
605.886611187
605.886611187
605.886611187
605.886611187
605.886611187
605.886611187
605.886611187
605.886611187
605.886611187
605.886611187
605.886611187
605.886611187
605.886611187
605.886611187
605.886611187
605.886611187
605.886611187
605.886611187
605.886611187
605.886611187
605.886611187
605.886611187
605.886611187
605.886611187
605.886611187
605.886611187
605.886611187
605.886611187
605.886611187
605.886611187
605.886611187
605.886611187
605.886611187
605.886611187
605.886611187
605.886611187
605.886611187
605.886611187
605.886611187
605.886611187
605.886611187
605.886611187
605.886611187
605.886611187
605.886611187
605.886611187
605.886611187
605.886611187
605.886611187
605.886611187
605.886611187
605.886611187
605.886611187
605.886611187
605.886611187
605.886611187
605.886611187
605.886611187
605.886611187
605.886611187
605.886611187
605.886611187
605.886611187
605.886611187
605.886611187
605.886611187
605.886611187
605.886611187
605.886611187
605.886611187
605.886611187
605.886611187
605.886611187
605.886611187
605.886611187
605.886611187
605.886611187
605.886611187
605.886611187
605.886611187
605.886611187
605.886611187
