1558.48303842
1508.92502327
1500.14420938
1495.0743893
1483.023799
1483.59836424
1474.39419551
1457.62790054
1424.55179404
1415.15084821
1432.52973218
1398.57590527
1400.94397662
1423.30755486
1415.92619249
1409.76535822
1369.75567442
1327.16354634
1311.32623251
1310.67258828
1290.81463321
1282.6992387
1270.2121574
1219.88203329
1193.32109216
1160.16947087
1166.54104423
1161.09014829
1163.99031804
1154.54153267
1162.33897916
1141.51190238
1120.69590223
1112.89845574
1079.87911098
1075.23601078
1059.19982566
1084.82945602
1086.44988328
1072.79594718
1033.78545446
1025.4188305
1026.48344252
1035.29257033
1026.99635581
1006.04572437
1006.55907776
1014.42470627
1014.42470627
1014.42470627
1011.57880714
1032.58853699
1043.95271236
1035.39003799
1042.85486523
1035.00892999
1030.70010727
1045.22850352
1024.46429265
1044.12501661
1039.16264132
1019.1020319
991.058728795
994.476002253
999.473967983
999.473967983
998.386628655
951.561450934
945.037093199
935.943141222
933.559693583
933.559693583
933.559693583
942.204614318
982.245042957
976.713863795
979.730493724
990.986194662
978.698660808
982.878537103
981.878324228
978.563915318
978.563915318
978.563915318
977.989481936
977.989481936
977.780379633
975.139173536
975.077540171
976.116071047
956.310502828
941.31015472
941.31015472
920.329957216
896.505395
883.031054818
883.031054818
878.611660479
893.331802804
843.527495722
843.527495722
834.672249472
834.672249472
818.577406011
818.577406011
818.577406011
818.082453023
818.084989997
801.866518509
801.866518509
801.866518509
800.847500576
800.847500576
800.847500576
800.847500576
800.847500576
800.847500576
785.137145804
785.137145804
776.057349637
771.508750318
771.508750318
771.508750318
763.305386066
763.305386066
763.305386066
763.806246655
763.806246655
763.806246655
763.806246655
763.806246655
763.806246655
752.662045883
752.662045883
752.662045883
750.731493342
750.731493342
739.194884921
739.194884921
739.194884921
739.194884921
739.194884921
739.194884921
739.194884921
739.194884921
719.638672308
719.638672308
719.638672308
719.638672308
719.638672308
719.638672308
719.638672308
719.638672308
719.638672308
719.638672308
719.638672308
712.498891565
712.498891565
712.498891565
708.054152018
698.340416694
698.340416694
698.340416694
698.340416694
698.340416694
696.374450462
696.374450462
696.374450462
696.374450462
696.374450462
695.378780347
695.378780347
695.378780347
695.378780347
695.378780347
695.378780347
695.378780347
695.378780347
691.209017946
691.209017946
691.209017946
691.209017946
691.209017946
691.209017946
677.354829616
677.354829616
677.354829616
677.354829616
677.354829616
677.354829616
671.244915255
671.244915255
671.244915255
671.244915255
671.244915255
671.244915255
671.244915255
671.244915255
671.244915255
671.244915255
671.244915255
669.885991206
669.885991206
669.885991206
669.885991206
669.885991206
669.885991206
669.885991206
669.885991206
669.885991206
669.885991206
669.885991206
669.885991206
669.885991206
669.885991206
669.885991206
669.885991206
665.661293599
665.661293599
665.661293599
665.661293599
665.661293599
665.661293599
665.661293599
665.661293599
665.661293599
665.661293599
665.661293599
665.661293599
665.661293599
665.661293599
665.661293599
665.661293599
665.661293599
665.661293599
647.893920026
647.893920026
647.893920026
647.893920026
647.893920026
647.893920026
647.893920026
647.893920026
647.893920026
647.893920026
647.893920026
647.893920026
647.893920026
647.893920026
647.893920026
647.893920026
647.893920026
647.893920026
647.893920026
647.893920026
647.893920026
647.893920026
647.893920026
647.893920026
637.225083303
637.225083303
637.225083303
637.225083303
637.225083303
637.225083303
637.225083303
637.225083303
637.225083303
637.225083303
637.225083303
637.225083303
637.225083303
628.975732717
628.975732717
628.975732717
628.975732717
628.975732717
628.975732717
628.975732717
628.975732717
628.975732717
628.975732717
628.975732717
628.975732717
628.975732717
628.975732717
628.975732717
628.975732717
628.975732717
628.975732717
628.975732717
628.975732717
628.975732717
628.975732717
628.975732717
628.975732717
628.975732717
628.975732717
628.975732717
628.975732717
628.975732717
628.975732717
628.975732717
628.975732717
622.227641184
622.227641184
622.227641184
622.227641184
622.227641184
622.227641184
622.227641184
622.227641184
622.227641184
622.227641184
622.227641184
622.227641184
622.227641184
622.227641184
620.352567889
620.352567889
620.352567889
620.352567889
620.352567889
620.352567889
617.249497073
617.249497073
617.249497073
617.249497073
617.249497073
617.249497073
617.249497073
617.249497073
617.249497073
617.249497073
615.806064664
615.806064664
615.806064664
615.806064664
615.806064664
615.806064664
615.806064664
615.806064664
615.806064664
615.806064664
615.806064664
615.806064664
615.806064664
615.806064664
615.806064664
615.806064664
615.806064664
615.806064664
615.806064664
615.806064664
615.806064664
615.806064664
615.806064664
615.806064664
615.806064664
615.806064664
615.806064664
615.806064664
615.806064664
615.806064664
615.806064664
615.806064664
615.806064664
615.806064664
615.806064664
608.537897706
608.537897706
608.537897706
608.537897706
608.537897706
608.537897706
608.537897706
608.537897706
608.537897706
608.537897706
608.537897706
608.537897706
608.537897706
608.537897706
608.537897706
606.958063378
606.958063378
606.958063378
606.958063378
606.958063378
606.958063378
606.958063378
606.958063378
606.958063378
606.958063378
606.958063378
606.958063378
606.958063378
606.958063378
606.958063378
606.958063378
606.958063378
606.958063378
605.59161794
605.59161794
605.59161794
605.59161794
605.59161794
605.59161794
605.59161794
605.59161794
605.59161794
605.59161794
596.323223354
592.800920427
592.800920427
592.800920427
592.800920427
592.800920427
592.800920427
592.800920427
592.800920427
592.800920427
592.800920427
592.800920427
592.800920427
592.800920427
592.800920427
592.800920427
592.800920427
592.800920427
592.800920427
592.800920427
592.800920427
592.800920427
592.800920427
583.235804323
583.235804323
583.235804323
583.235804323
583.235804323
583.235804323
583.235804323
583.235804323
583.235804323
583.235804323
583.235804323
583.235804323
583.235804323
583.235804323
583.235804323
583.235804323
583.235804323
583.235804323
583.235804323
583.235804323
583.235804323
583.235804323
583.235804323
583.235804323
583.235804323
583.235804323
583.235804323
583.235804323
583.235804323
583.235804323
583.235804323
583.235804323
583.235804323
583.235804323
583.235804323
583.235804323
583.235804323
583.235804323
583.235804323
583.235804323
583.235804323
583.235804323
574.873545615
574.873545615
574.873545615
574.873545615
574.873545615
574.873545615
574.873545615
574.873545615
574.873545615
574.873545615
574.873545615
574.873545615
574.873545615
574.873545615
574.873545615
574.873545615
574.873545615
574.873545615
574.873545615
574.873545615
574.873545615
574.873545615
574.873545615
574.873545615
574.873545615
574.873545615
574.873545615
574.873545615
574.873545615
574.873545615
574.873545615
574.873545615
574.873545615
574.873545615
574.873545615
574.873545615
574.873545615
574.873545615
574.873545615
574.873545615
574.873545615
574.873545615
574.873545615
573.866257822
573.866257822
573.866257822
573.866257822
573.866257822
573.866257822
573.866257822
573.866257822
573.866257822
573.866257822
573.866257822
573.866257822
573.866257822
573.866257822
573.866257822
573.866257822
573.866257822
563.842909667
563.842909667
563.842909667
563.842909667
563.842909667
563.842909667
563.842909667
563.842909667
563.842909667
563.842909667
563.842909667
563.842909667
563.842909667
563.842909667
563.842909667
563.842909667
563.842909667
563.842909667
563.842909667
563.842909667
563.842909667
563.842909667
563.842909667
563.842909667
563.842909667
563.842909667
563.842909667
563.842909667
563.842909667
563.842909667
563.842909667
563.842909667
563.842909667
563.842909667
563.842909667
563.842909667
563.842909667
563.842909667
563.842909667
563.842909667
563.842909667
563.842909667
563.842909667
563.842909667
563.842909667
563.842909667
563.842909667
563.842909667
563.842909667
563.842909667
563.842909667
563.842909667
563.842909667
563.842909667
563.842909667
563.842909667
563.842909667
563.842909667
563.842909667
563.842909667
563.842909667
563.842909667
563.842909667
563.842909667
563.842909667
563.842909667
563.842909667
563.842909667
563.842909667
563.842909667
563.842909667
563.842909667
563.842909667
563.842909667
563.842909667
563.842909667
563.842909667
563.842909667
563.842909667
563.842909667
563.842909667
563.842909667
563.842909667
563.842909667
563.842909667
563.842909667
563.842909667
563.842909667
563.842909667
563.842909667
563.842909667
563.842909667
563.842909667
563.842909667
563.842909667
563.842909667
563.842909667
563.842909667
563.842909667
563.842909667
563.842909667
563.842909667
563.842909667
563.842909667
563.842909667
563.842909667
563.842909667
563.842909667
563.842909667
563.842909667
563.842909667
563.842909667
563.842909667
563.842909667
563.842909667
563.842909667
563.842909667
563.842909667
563.842909667
563.842909667
563.842909667
563.842909667
563.842909667
563.842909667
563.842909667
563.842909667
563.842909667
563.842909667
563.842909667
563.842909667
563.842909667
563.842909667
563.842909667
563.842909667
563.842909667
563.842909667
563.842909667
563.842909667
563.842909667
563.842909667
563.842909667
563.842909667
563.842909667
557.856016969
557.856016969
557.856016969
557.856016969
557.856016969
557.856016969
557.856016969
557.856016969
557.856016969
557.856016969
557.856016969
557.856016969
557.856016969
557.856016969
557.856016969
557.856016969
557.856016969
557.58160729
557.58160729
557.58160729
557.58160729
557.58160729
557.58160729
557.58160729
557.58160729
557.58160729
557.58160729
557.58160729
557.58160729
557.58160729
557.58160729
557.58160729
557.58160729
557.58160729
557.58160729
557.58160729
557.58160729
557.58160729
557.58160729
557.58160729
557.58160729
557.58160729
557.58160729
557.58160729
557.58160729
557.58160729
557.58160729
557.58160729
557.58160729
557.58160729
557.58160729
557.58160729
557.58160729
557.58160729
557.58160729
557.58160729
557.58160729
557.58160729
557.58160729
557.58160729
557.58160729
557.58160729
557.58160729
557.58160729
557.58160729
557.58160729
557.58160729
557.58160729
557.58160729
557.58160729
557.58160729
557.58160729
557.58160729
557.58160729
557.58160729
557.58160729
557.58160729
557.58160729
557.58160729
557.58160729
557.58160729
557.58160729
557.58160729
557.58160729
557.58160729
557.58160729
557.58160729
557.58160729
557.58160729
557.58160729
557.58160729
557.58160729
557.58160729
557.58160729
557.58160729
557.58160729
557.58160729
557.58160729
557.58160729
557.58160729
557.58160729
557.58160729
557.58160729
557.58160729
557.58160729
557.58160729
557.58160729
557.58160729
557.58160729
557.58160729
557.58160729
557.58160729
557.58160729
557.58160729
557.58160729
557.58160729
557.58160729
557.58160729
557.58160729
557.58160729
557.58160729
557.58160729
557.58160729
557.58160729
557.58160729
557.58160729
557.58160729
557.58160729
557.58160729
557.58160729
557.58160729
557.58160729
557.58160729
557.58160729
557.58160729
557.58160729
557.58160729
557.58160729
557.58160729
557.58160729
557.58160729
557.58160729
557.58160729
557.58160729
557.58160729
557.58160729
557.58160729
557.58160729
557.58160729
557.58160729
557.58160729
557.58160729
557.58160729
557.58160729
557.58160729
557.58160729
557.58160729
557.58160729
555.392772014
555.392772014
555.392772014
555.392772014
555.392772014
555.392772014
555.392772014
555.392772014
555.392772014
555.392772014
555.392772014
555.392772014
555.392772014
555.392772014
555.392772014
555.392772014
555.392772014
555.392772014
555.392772014
555.392772014
555.392772014
555.392772014
555.392772014
555.392772014
555.392772014
555.392772014
555.392772014
555.392772014
555.392772014
555.392772014
555.392772014
555.392772014
555.392772014
555.392772014
555.392772014
555.392772014
555.392772014
555.392772014
555.392772014
555.392772014
555.392772014
555.392772014
555.392772014
555.392772014
555.392772014
555.392772014
555.392772014
555.392772014
553.358246566
553.358246566
553.358246566
550.103513148
550.103513148
550.103513148
550.103513148
550.103513148
550.103513148
550.103513148
550.103513148
550.103513148
550.103513148
550.103513148
550.103513148
550.103513148
550.103513148
550.103513148
550.103513148
550.103513148
550.103513148
550.103513148
550.103513148
550.103513148
550.103513148
550.103513148
550.103513148
550.103513148
550.103513148
550.103513148
550.103513148
550.103513148
550.103513148
550.103513148
550.103513148
550.103513148
550.103513148
550.103513148
550.103513148
550.103513148
550.103513148
550.103513148
550.103513148
550.103513148
550.103513148
550.103513148
550.103513148
550.103513148
550.103513148
550.103513148
550.103513148
550.103513148
550.103513148
550.103513148
550.103513148
550.103513148
550.103513148
550.103513148
550.103513148
550.103513148
550.103513148
550.103513148
550.103513148
550.103513148
549.282872457
549.282872457
549.282872457
549.282872457
549.282872457
549.282872457
549.282872457
549.282872457
549.282872457
549.282872457
549.282872457
549.282872457
549.282872457
549.282872457
549.282872457
549.282872457
549.282872457
549.282872457
549.282872457
549.282872457
549.282872457
549.282872457
549.282872457
549.282872457
549.282872457
549.282872457
549.282872457
549.282872457
549.282872457
549.282872457
549.282872457
549.282872457
549.282872457
549.282872457
549.282872457
549.282872457
549.282872457
549.282872457
549.282872457
549.282872457
549.282872457
549.282872457
549.282872457
549.282872457
549.282872457
549.282872457
549.282872457
549.282872457
549.282872457
549.282872457
549.282872457
549.282872457
549.282872457
549.282872457
549.282872457
549.282872457
549.282872457
549.282872457
549.282872457
549.282872457
549.282872457
549.282872457
549.282872457
549.282872457
549.282872457
549.282872457
549.282872457
549.282872457
547.700593693
547.700593693
547.700593693
547.700593693
547.700593693
547.700593693
547.700593693
547.700593693
547.700593693
547.700593693
547.700593693
547.700593693
547.700593693
547.700593693
547.700593693
547.700593693
547.700593693
547.700593693
547.700593693
547.700593693
547.700593693
547.700593693
547.700593693
547.700593693
547.700593693
547.700593693
547.700593693
547.700593693
547.700593693
547.700593693
547.700593693
547.700593693
547.700593693
547.700593693
547.700593693
547.700593693
547.700593693
547.700593693
545.319964206
545.319964206
545.319964206
545.319964206
545.319964206
545.319964206
545.319964206
545.319964206
545.319964206
545.319964206
545.319964206
545.319964206
545.319964206
545.319964206
545.319964206
545.319964206
545.319964206
545.319964206
545.319964206
545.319964206
545.319964206
545.319964206
545.319964206
545.319964206
545.319964206
545.319964206
545.319964206
545.319964206
545.319964206
545.319964206
545.319964206
545.319964206
545.319964206
545.319964206
544.245943022
544.245943022
544.245943022
544.245943022
544.245943022
544.245943022
544.245943022
544.245943022
544.245943022
544.245943022
544.245943022
544.245943022
544.245943022
544.245943022
544.245943022
544.245943022
544.245943022
544.245943022
544.245943022
544.245943022
544.245943022
544.245943022
544.245943022
544.245943022
544.245943022
544.245943022
544.245943022
544.245943022
544.245943022
544.245943022
544.245943022
544.245943022
544.245943022
544.245943022
544.245943022
544.245943022
544.245943022
544.245943022
544.245943022
544.245943022
544.245943022
544.245943022
544.245943022
544.245943022
544.245943022
544.245943022
544.245943022
544.245943022
544.245943022
544.245943022
544.245943022
544.245943022
544.245943022
544.245943022
544.245943022
544.245943022
544.245943022
544.245943022
544.245943022
544.245943022
544.245943022
544.245943022
544.245943022
544.245943022
544.245943022
544.245943022
544.245943022
544.245943022
544.245943022
544.245943022
544.245943022
544.245943022
544.245943022
544.245943022
544.245943022
544.245943022
544.245943022
544.245943022
544.245943022
544.245943022
544.245943022
544.245943022
544.245943022
544.245943022
544.245943022
544.245943022
544.245943022
544.245943022
544.245943022
544.245943022
544.245943022
544.245943022
544.245943022
544.245943022
544.245943022
544.245943022
544.245943022
544.245943022
544.245943022
544.245943022
544.245943022
544.245943022
544.245943022
544.245943022
544.245943022
544.245943022
544.245943022
544.245943022
544.245943022
544.245943022
544.245943022
544.245943022
544.245943022
544.245943022
544.245943022
544.245943022
544.245943022
544.245943022
544.245943022
544.245943022
544.245943022
544.245943022
544.245943022
544.245943022
544.245943022
544.245943022
544.245943022
544.245943022
544.245943022
544.245943022
544.245943022
544.245943022
544.245943022
544.245943022
544.245943022
544.245943022
544.245943022
544.245943022
544.245943022
544.245943022
544.245943022
544.245943022
544.245943022
544.245943022
544.245943022
544.245943022
544.245943022
544.245943022
544.245943022
544.245943022
544.245943022
544.245943022
544.245943022
544.245943022
544.245943022
544.245943022
544.245943022
544.245943022
544.245943022
544.245943022
544.245943022
544.245943022
544.245943022
544.245943022
544.245943022
544.245943022
544.245943022
544.245943022
544.245943022
544.245943022
544.245943022
544.245943022
544.245943022
544.245943022
544.245943022
544.245943022
544.245943022
544.245943022
544.245943022
544.245943022
544.245943022
544.245943022
544.245943022
544.245943022
544.245943022
544.245943022
544.245943022
544.245943022
544.245943022
544.245943022
544.245943022
544.245943022
544.245943022
544.245943022
544.245943022
544.245943022
544.245943022
544.245943022
544.245943022
544.245943022
544.245943022
544.245943022
544.245943022
544.245943022
544.245943022
544.245943022
544.245943022
544.245943022
544.245943022
544.245943022
544.245943022
544.245943022
544.245943022
544.245943022
544.245943022
544.245943022
544.245943022
544.245943022
544.245943022
544.245943022
544.245943022
544.245943022
544.245943022
544.245943022
544.245943022
544.245943022
544.245943022
544.245943022
544.245943022
544.245943022
544.245943022
544.245943022
544.245943022
544.245943022
544.245943022
544.245943022
544.245943022
544.245943022
544.245943022
544.245943022
544.245943022
544.245943022
544.245943022
544.245943022
544.245943022
544.245943022
544.245943022
544.245943022
544.245943022
544.245943022
544.245943022
544.245943022
544.245943022
544.245943022
544.245943022
544.245943022
544.245943022
544.245943022
544.245943022
544.245943022
544.245943022
544.245943022
544.245943022
544.245943022
544.245943022
544.245943022
544.245943022
544.245943022
544.245943022
544.245943022
544.245943022
544.245943022
544.245943022
544.245943022
544.245943022
544.245943022
544.245943022
544.245943022
544.245943022
544.245943022
544.245943022
544.245943022
544.245943022
544.245943022
544.245943022
544.245943022
544.245943022
544.245943022
544.245943022
544.245943022
544.245943022
544.245943022
544.245943022
544.245943022
544.245943022
544.245943022
544.245943022
544.245943022
544.245943022
544.245943022
544.245943022
544.245943022
544.245943022
544.245943022
544.245943022
544.245943022
544.245943022
544.245943022
544.245943022
544.245943022
544.245943022
544.245943022
544.245943022
544.245943022
544.245943022
544.245943022
544.245943022
544.245943022
544.245943022
544.245943022
544.245943022
544.245943022
544.245943022
544.245943022
544.245943022
544.245943022
544.245943022
544.245943022
544.245943022
544.245943022
544.245943022
544.245943022
544.245943022
544.245943022
544.245943022
544.245943022
544.245943022
544.245943022
544.245943022
544.245943022
544.245943022
544.245943022
544.245943022
544.245943022
544.245943022
544.245943022
544.245943022
544.245943022
544.245943022
544.245943022
544.245943022
544.245943022
544.245943022
544.245943022
544.245943022
544.245943022
544.245943022
544.245943022
544.245943022
544.245943022
544.245943022
544.245943022
544.245943022
544.245943022
544.245943022
544.245943022
544.245943022
544.245943022
544.245943022
544.245943022
544.245943022
544.245943022
544.245943022
544.245943022
544.245943022
544.245943022
544.245943022
544.245943022
544.245943022
544.245943022
544.245943022
544.245943022
544.245943022
544.245943022
544.245943022
544.245943022
544.245943022
544.245943022
544.245943022
544.245943022
544.245943022
544.245943022
544.245943022
544.245943022
544.245943022
544.245943022
544.245943022
544.245943022
544.245943022
544.245943022
544.245943022
544.245943022
544.245943022
544.245943022
544.245943022
544.245943022
544.245943022
544.245943022
544.245943022
544.245943022
544.245943022
544.245943022
544.245943022
544.245943022
544.245943022
544.245943022
544.245943022
544.245943022
544.245943022
544.245943022
544.245943022
544.245943022
544.245943022
544.245943022
544.245943022
544.245943022
544.245943022
544.245943022
544.245943022
544.245943022
544.245943022
544.245943022
544.245943022
544.245943022
544.245943022
544.245943022
544.245943022
544.245943022
544.245943022
544.245943022
544.245943022
544.245943022
544.245943022
544.245943022
544.245943022
544.245943022
544.245943022
544.245943022
544.245943022
544.245943022
544.245943022
544.245943022
544.245943022
544.245943022
544.245943022
544.245943022
544.245943022
544.245943022
544.245943022
544.245943022
544.245943022
544.245943022
544.245943022
544.245943022
544.245943022
544.245943022
544.245943022
544.245943022
544.245943022
544.245943022
544.245943022
544.245943022
544.245943022
544.245943022
544.245943022
544.245943022
544.245943022
544.245943022
544.245943022
544.245943022
544.245943022
544.245943022
544.245943022
544.245943022
544.245943022
544.245943022
544.245943022
544.245943022
544.245943022
544.245943022
544.245943022
544.245943022
544.245943022
544.245943022
544.245943022
544.245943022
544.245943022
544.245943022
544.245943022
544.245943022
544.245943022
544.245943022
544.245943022
544.245943022
544.245943022
544.245943022
544.245943022
544.245943022
544.245943022
544.245943022
544.245943022
544.245943022
544.245943022
544.245943022
544.245943022
544.245943022
544.245943022
544.245943022
544.245943022
544.245943022
544.245943022
544.245943022
544.245943022
544.245943022
544.245943022
544.245943022
544.245943022
544.245943022
544.245943022
544.245943022
544.245943022
544.245943022
544.245943022
544.245943022
544.245943022
544.245943022
544.245943022
544.245943022
544.245943022
544.245943022
544.245943022
544.245943022
544.245943022
544.245943022
544.245943022
544.245943022
544.245943022
544.245943022
544.245943022
544.245943022
544.245943022
544.245943022
544.245943022
544.245943022
544.245943022
544.245943022
544.245943022
544.245943022
544.245943022
544.245943022
544.245943022
544.245943022
544.245943022
544.245943022
544.245943022
544.245943022
544.245943022
544.245943022
544.245943022
544.245943022
544.245943022
544.245943022
544.245943022
544.245943022
544.245943022
544.245943022
544.245943022
544.245943022
544.245943022
544.245943022
544.245943022
544.245943022
544.245943022
544.245943022
544.245943022
544.245943022
544.245943022
544.245943022
544.245943022
544.245943022
544.245943022
544.245943022
544.245943022
544.245943022
544.245943022
544.245943022
544.245943022
544.245943022
544.245943022
544.245943022
544.245943022
544.245943022
544.245943022
544.245943022
544.245943022
544.245943022
544.245943022
544.245943022
544.245943022
544.245943022
544.245943022
544.245943022
544.245943022
544.245943022
544.245943022
544.245943022
544.245943022
544.245943022
544.245943022
544.245943022
544.245943022
544.245943022
544.245943022
544.245943022
544.245943022
544.245943022
544.245943022
544.245943022
544.245943022
544.245943022
544.245943022
544.245943022
544.245943022
544.245943022
544.245943022
544.245943022
544.245943022
544.245943022
544.245943022
544.245943022
544.245943022
544.245943022
544.245943022
544.245943022
544.245943022
544.245943022
544.245943022
544.245943022
544.245943022
544.245943022
544.245943022
544.245943022
544.245943022
544.245943022
544.245943022
544.245943022
544.245943022
544.245943022
544.245943022
544.245943022
544.245943022
544.245943022
544.245943022
544.245943022
544.245943022
544.245943022
544.245943022
544.245943022
544.245943022
544.245943022
544.245943022
544.245943022
544.245943022
544.245943022
544.245943022
544.245943022
544.245943022
544.245943022
544.245943022
544.245943022
544.245943022
544.245943022
544.245943022
544.245943022
544.245943022
544.245943022
544.245943022
544.245943022
544.245943022
544.245943022
544.245943022
544.245943022
544.245943022
544.245943022
544.245943022
544.245943022
544.245943022
544.245943022
544.245943022
544.245943022
544.245943022
544.245943022
544.245943022
544.245943022
544.245943022
544.245943022
544.245943022
544.245943022
544.245943022
544.245943022
544.245943022
544.245943022
544.245943022
544.245943022
544.245943022
544.245943022
544.245943022
544.245943022
544.245943022
544.245943022
544.245943022
544.245943022
544.245943022
544.245943022
544.245943022
544.245943022
544.245943022
544.245943022
544.245943022
544.245943022
544.245943022
544.245943022
544.245943022
544.245943022
544.245943022
544.245943022
544.245943022
544.245943022
544.245943022
544.245943022
544.245943022
544.245943022
544.245943022
544.245943022
544.245943022
544.245943022
544.245943022
544.245943022
544.245943022
544.245943022
544.245943022
544.245943022
544.245943022
544.245943022
544.245943022
544.245943022
544.245943022
544.245943022
544.245943022
544.245943022
544.245943022
544.245943022
544.245943022
544.245943022
544.245943022
544.245943022
544.245943022
544.245943022
544.245943022
544.245943022
544.245943022
544.245943022
544.245943022
544.245943022
544.245943022
544.245943022
544.245943022
544.245943022
544.245943022
544.245943022
544.245943022
544.245943022
544.245943022
544.245943022
544.245943022
544.245943022
544.245943022
544.245943022
544.245943022
544.245943022
544.245943022
544.245943022
544.245943022
544.245943022
544.245943022
544.245943022
544.245943022
544.245943022
544.245943022
544.245943022
544.245943022
544.245943022
544.245943022
544.245943022
544.245943022
544.245943022
544.245943022
544.245943022
544.245943022
544.245943022
544.245943022
544.245943022
544.245943022
544.245943022
544.245943022
544.245943022
544.245943022
544.245943022
544.245943022
544.245943022
544.245943022
544.245943022
544.245943022
544.245943022
544.245943022
544.245943022
544.245943022
544.245943022
544.245943022
544.245943022
544.245943022
544.245943022
544.245943022
544.245943022
544.245943022
544.245943022
544.245943022
544.245943022
544.245943022
544.245943022
544.245943022
544.245943022
544.245943022
544.245943022
544.245943022
544.245943022
544.245943022
544.245943022
544.245943022
544.245943022
544.245943022
544.245943022
544.245943022
544.245943022
544.245943022
544.245943022
544.245943022
544.245943022
544.245943022
544.245943022
544.245943022
544.245943022
544.245943022
544.245943022
544.245943022
544.245943022
544.245943022
544.245943022
544.245943022
544.245943022
544.245943022
544.245943022
544.245943022
544.245943022
544.245943022
544.245943022
544.245943022
544.245943022
544.245943022
544.245943022
544.245943022
544.245943022
544.245943022
544.245943022
544.245943022
544.245943022
544.245943022
544.245943022
544.245943022
544.245943022
544.245943022
544.245943022
544.245943022
544.245943022
544.245943022
544.245943022
544.245943022
544.245943022
544.245943022
544.245943022
544.245943022
544.245943022
544.245943022
544.245943022
544.245943022
544.245943022
544.245943022
544.245943022
544.245943022
544.245943022
544.245943022
544.245943022
544.245943022
544.245943022
544.245943022
544.245943022
544.245943022
544.245943022
544.245943022
544.245943022
544.245943022
544.245943022
544.245943022
544.245943022
544.245943022
544.245943022
544.245943022
544.245943022
544.245943022
544.245943022
544.245943022
544.245943022
544.245943022
544.245943022
544.245943022
544.245943022
544.245943022
544.245943022
544.245943022
544.245943022
544.245943022
544.245943022
544.245943022
544.245943022
544.245943022
544.245943022
544.245943022
544.245943022
544.245943022
544.245943022
544.245943022
544.245943022
544.245943022
544.245943022
544.245943022
544.245943022
544.245943022
544.245943022
544.245943022
544.245943022
544.245943022
544.245943022
544.245943022
544.245943022
544.245943022
544.245943022
544.245943022
544.245943022
544.245943022
544.245943022
544.245943022
544.245943022
544.245943022
544.245943022
544.245943022
544.245943022
544.245943022
544.245943022
544.245943022
544.245943022
544.245943022
544.245943022
544.245943022
544.245943022
544.245943022
544.245943022
544.245943022
544.245943022
544.245943022
544.245943022
544.245943022
544.245943022
544.245943022
544.245943022
544.245943022
544.245943022
544.245943022
544.245943022
544.245943022
544.245943022
544.245943022
544.245943022
544.245943022
544.245943022
544.245943022
544.245943022
544.245943022
544.245943022
544.245943022
544.245943022
544.245943022
544.245943022
544.245943022
544.245943022
544.245943022
544.245943022
544.245943022
544.245943022
544.245943022
544.245943022
544.245943022
544.245943022
544.245943022
544.245943022
544.245943022
544.245943022
544.245943022
544.245943022
544.245943022
544.245943022
544.245943022
544.245943022
544.245943022
544.245943022
544.245943022
544.245943022
544.245943022
544.245943022
544.245943022
544.245943022
544.245943022
544.245943022
544.245943022
544.245943022
544.245943022
544.245943022
544.245943022
544.245943022
544.245943022
544.245943022
544.245943022
544.245943022
544.245943022
544.245943022
544.245943022
544.245943022
544.245943022
544.245943022
544.245943022
544.245943022
544.245943022
544.245943022
544.245943022
544.245943022
544.245943022
544.245943022
544.245943022
544.245943022
544.245943022
544.245943022
544.245943022
544.245943022
544.245943022
544.245943022
544.245943022
544.245943022
544.245943022
544.245943022
544.245943022
544.245943022
544.245943022
544.245943022
544.245943022
544.245943022
544.245943022
544.245943022
544.245943022
544.245943022
544.245943022
544.245943022
544.245943022
544.245943022
544.245943022
544.245943022
544.245943022
544.245943022
544.245943022
544.245943022
544.245943022
544.245943022
544.245943022
544.245943022
544.245943022
544.245943022
544.245943022
544.245943022
544.245943022
544.245943022
544.245943022
544.245943022
544.245943022
544.245943022
544.245943022
544.245943022
544.245943022
544.245943022
544.245943022
544.245943022
544.245943022
544.245943022
544.245943022
544.245943022
544.245943022
544.245943022
544.245943022
544.245943022
544.245943022
544.245943022
544.245943022
544.245943022
544.245943022
544.245943022
544.245943022
544.245943022
544.245943022
544.245943022
544.245943022
544.245943022
544.245943022
544.245943022
544.245943022
544.245943022
544.245943022
544.245943022
544.245943022
544.245943022
544.245943022
544.245943022
544.245943022
544.245943022
544.245943022
544.245943022
544.245943022
544.245943022
544.245943022
544.245943022
544.245943022
544.245943022
544.245943022
544.245943022
544.245943022
544.245943022
544.245943022
544.245943022
544.245943022
544.245943022
544.245943022
544.245943022
544.245943022
544.245943022
544.245943022
544.245943022
544.245943022
544.245943022
544.245943022
544.245943022
544.245943022
544.245943022
544.245943022
544.245943022
544.245943022
544.245943022
544.245943022
544.245943022
544.245943022
544.245943022
544.245943022
544.245943022
544.245943022
544.245943022
544.245943022
544.245943022
544.245943022
544.245943022
544.245943022
544.245943022
544.245943022
544.245943022
544.245943022
544.245943022
544.245943022
544.245943022
544.245943022
544.245943022
544.245943022
544.245943022
544.245943022
544.245943022
544.245943022
544.245943022
544.245943022
544.245943022
544.245943022
544.245943022
544.245943022
544.245943022
544.245943022
544.245943022
544.245943022
544.245943022
544.245943022
544.245943022
544.245943022
544.245943022
544.245943022
544.245943022
544.245943022
544.245943022
544.245943022
544.245943022
544.245943022
544.245943022
544.245943022
544.245943022
544.245943022
544.245943022
544.245943022
544.245943022
544.245943022
544.245943022
544.245943022
544.245943022
544.245943022
544.245943022
544.245943022
544.245943022
544.245943022
544.245943022
544.245943022
544.245943022
544.245943022
544.245943022
544.245943022
544.245943022
544.245943022
544.245943022
544.245943022
544.245943022
544.245943022
544.245943022
544.245943022
544.245943022
544.245943022
544.245943022
544.245943022
544.245943022
544.245943022
544.245943022
544.245943022
544.245943022
544.245943022
544.245943022
544.245943022
544.245943022
544.245943022
544.245943022
544.245943022
544.245943022
544.245943022
544.245943022
544.245943022
544.245943022
544.245943022
544.245943022
544.245943022
544.245943022
544.245943022
544.245943022
544.245943022
544.245943022
544.245943022
544.245943022
544.245943022
544.245943022
544.245943022
544.245943022
544.245943022
544.245943022
544.245943022
544.245943022
544.245943022
544.245943022
544.245943022
544.245943022
544.245943022
544.245943022
544.245943022
544.245943022
544.245943022
544.245943022
544.245943022
544.245943022
544.245943022
544.245943022
544.245943022
544.245943022
544.245943022
544.245943022
544.245943022
544.245943022
544.245943022
544.245943022
544.245943022
544.245943022
544.245943022
544.245943022
544.245943022
544.245943022
544.245943022
544.245943022
544.245943022
544.245943022
544.245943022
544.245943022
544.245943022
544.245943022
544.245943022
544.245943022
544.245943022
544.245943022
544.245943022
544.245943022
544.245943022
544.245943022
544.245943022
544.245943022
544.245943022
544.245943022
544.245943022
544.245943022
544.245943022
544.245943022
544.245943022
544.245943022
544.245943022
544.245943022
544.245943022
544.245943022
544.245943022
544.245943022
544.245943022
544.245943022
544.245943022
544.245943022
544.245943022
544.245943022
544.245943022
544.245943022
544.245943022
544.245943022
544.245943022
544.245943022
544.245943022
544.245943022
544.245943022
544.245943022
544.245943022
544.245943022
544.245943022
544.245943022
544.245943022
544.245943022
544.245943022
544.245943022
544.245943022
544.245943022
544.245943022
544.245943022
544.245943022
544.245943022
544.245943022
544.245943022
544.245943022
544.245943022
544.245943022
544.245943022
544.245943022
544.245943022
544.245943022
544.245943022
544.245943022
544.245943022
544.245943022
544.245943022
544.245943022
544.245943022
544.245943022
544.245943022
544.245943022
544.245943022
544.245943022
544.245943022
544.245943022
544.245943022
544.245943022
544.245943022
544.245943022
544.245943022
544.245943022
544.245943022
544.245943022
544.245943022
544.245943022
544.245943022
544.245943022
544.245943022
544.245943022
544.245943022
544.245943022
544.245943022
544.245943022
544.245943022
544.245943022
544.245943022
544.245943022
544.245943022
544.245943022
544.245943022
544.245943022
544.245943022
544.245943022
544.245943022
544.245943022
544.245943022
544.245943022
544.245943022
544.245943022
544.245943022
544.245943022
544.245943022
544.245943022
544.245943022
544.245943022
544.245943022
544.245943022
544.245943022
544.245943022
544.245943022
544.245943022
544.245943022
544.245943022
544.245943022
544.245943022
544.245943022
544.245943022
544.245943022
544.245943022
544.245943022
544.245943022
544.245943022
544.245943022
544.245943022
544.245943022
544.245943022
544.245943022
544.245943022
544.245943022
544.245943022
544.245943022
544.245943022
544.245943022
544.245943022
544.245943022
544.245943022
544.245943022
544.245943022
544.245943022
544.245943022
544.245943022
544.245943022
544.245943022
544.245943022
544.245943022
544.245943022
544.245943022
544.245943022
544.245943022
544.245943022
544.245943022
544.245943022
544.245943022
544.245943022
544.245943022
544.245943022
544.245943022
544.245943022
544.245943022
544.245943022
544.245943022
544.245943022
544.245943022
544.245943022
544.245943022
544.245943022
544.245943022
544.245943022
544.245943022
544.245943022
544.245943022
544.245943022
544.245943022
544.245943022
544.245943022
544.245943022
544.245943022
544.245943022
544.245943022
544.245943022
544.245943022
544.245943022
544.245943022
544.245943022
544.245943022
544.245943022
544.245943022
544.245943022
544.245943022
544.245943022
544.245943022
544.245943022
544.245943022
544.245943022
544.245943022
544.245943022
544.245943022
544.245943022
544.245943022
544.245943022
544.245943022
544.245943022
544.245943022
544.245943022
544.245943022
544.245943022
544.245943022
544.245943022
544.245943022
544.245943022
544.245943022
544.245943022
544.245943022
544.245943022
544.245943022
544.245943022
544.245943022
544.245943022
544.245943022
544.245943022
544.245943022
544.245943022
544.245943022
544.245943022
544.245943022
544.245943022
544.245943022
544.245943022
544.245943022
544.245943022
544.245943022
544.245943022
544.245943022
544.245943022
544.245943022
544.245943022
544.245943022
544.245943022
544.245943022
544.245943022
544.245943022
544.245943022
544.245943022
544.245943022
544.245943022
544.245943022
544.245943022
544.245943022
544.245943022
544.245943022
544.245943022
544.245943022
544.245943022
544.245943022
544.245943022
544.245943022
544.245943022
544.245943022
544.245943022
544.245943022
544.245943022
544.245943022
544.245943022
544.245943022
544.245943022
544.245943022
544.245943022
544.245943022
544.245943022
544.245943022
544.245943022
544.245943022
544.245943022
544.245943022
544.245943022
544.245943022
544.245943022
544.245943022
544.245943022
544.245943022
544.245943022
544.245943022
544.245943022
544.245943022
544.245943022
544.245943022
544.245943022
544.245943022
544.245943022
544.245943022
544.245943022
544.245943022
544.245943022
544.245943022
544.245943022
544.245943022
544.245943022
544.245943022
544.245943022
544.245943022
544.245943022
544.245943022
544.245943022
544.245943022
544.245943022
544.245943022
544.245943022
544.245943022
544.245943022
544.245943022
544.245943022
544.245943022
544.245943022
544.245943022
544.245943022
544.245943022
544.245943022
544.245943022
544.245943022
544.245943022
544.245943022
544.245943022
544.245943022
544.245943022
544.245943022
544.245943022
544.245943022
544.245943022
544.245943022
544.245943022
544.245943022
544.245943022
544.245943022
544.245943022
544.245943022
544.245943022
544.245943022
544.245943022
544.245943022
544.245943022
544.245943022
544.245943022
544.245943022
544.245943022
544.245943022
544.245943022
544.245943022
544.245943022
544.245943022
544.245943022
544.245943022
544.245943022
544.245943022
544.245943022
544.245943022
544.245943022
544.245943022
544.245943022
544.245943022
544.245943022
544.245943022
544.245943022
544.245943022
544.245943022
544.245943022
544.245943022
544.245943022
544.245943022
544.245943022
544.245943022
544.245943022
544.245943022
544.245943022
544.245943022
544.245943022
544.245943022
544.245943022
544.245943022
544.245943022
544.245943022
544.245943022
544.245943022
544.245943022
544.245943022
544.245943022
544.245943022
544.245943022
544.245943022
544.245943022
544.245943022
544.245943022
544.245943022
544.245943022
544.245943022
544.245943022
544.245943022
544.245943022
544.245943022
544.245943022
544.245943022
544.245943022
544.245943022
544.245943022
544.245943022
544.245943022
544.245943022
544.245943022
544.245943022
544.245943022
544.245943022
544.245943022
544.245943022
544.245943022
544.245943022
544.245943022
544.245943022
544.245943022
544.245943022
544.245943022
544.245943022
544.245943022
544.245943022
544.245943022
544.245943022
544.245943022
544.245943022
544.245943022
544.245943022
544.245943022
544.245943022
544.245943022
544.245943022
544.245943022
544.245943022
544.245943022
544.245943022
544.245943022
544.245943022
544.245943022
544.245943022
544.245943022
544.245943022
544.245943022
544.245943022
544.245943022
544.245943022
544.245943022
544.245943022
544.245943022
544.245943022
544.245943022
544.245943022
544.245943022
544.245943022
544.245943022
544.245943022
544.245943022
544.245943022
544.245943022
544.245943022
544.245943022
544.245943022
544.245943022
544.245943022
544.245943022
544.245943022
544.245943022
544.245943022
544.245943022
544.245943022
544.245943022
544.245943022
544.245943022
544.245943022
544.245943022
544.245943022
544.245943022
544.245943022
544.245943022
544.245943022
544.245943022
544.245943022
544.245943022
544.245943022
544.245943022
544.245943022
544.245943022
544.245943022
544.245943022
544.245943022
544.245943022
544.245943022
544.245943022
544.245943022
544.245943022
544.245943022
544.245943022
544.245943022
544.245943022
544.245943022
544.245943022
544.245943022
544.245943022
544.245943022
544.245943022
544.245943022
544.245943022
544.245943022
544.245943022
544.245943022
544.245943022
544.245943022
544.245943022
544.245943022
544.245943022
544.245943022
544.245943022
544.245943022
544.245943022
544.245943022
544.245943022
544.245943022
544.245943022
544.245943022
544.245943022
544.245943022
544.245943022
544.245943022
544.245943022
544.245943022
544.245943022
544.245943022
544.245943022
544.245943022
544.245943022
544.245943022
544.245943022
544.245943022
544.245943022
544.245943022
544.245943022
544.245943022
544.245943022
544.245943022
544.245943022
544.245943022
544.245943022
544.245943022
544.245943022
544.245943022
544.245943022
544.245943022
544.245943022
544.245943022
544.245943022
544.245943022
544.245943022
544.245943022
544.245943022
544.245943022
544.245943022
544.245943022
544.245943022
544.245943022
544.245943022
544.245943022
544.245943022
544.245943022
544.245943022
544.245943022
544.245943022
544.245943022
544.245943022
544.245943022
544.245943022
544.245943022
544.245943022
544.245943022
544.245943022
544.245943022
544.245943022
544.245943022
544.245943022
544.245943022
544.245943022
544.245943022
544.245943022
544.245943022
544.245943022
544.245943022
544.245943022
544.245943022
544.245943022
544.245943022
544.245943022
544.245943022
544.245943022
544.245943022
544.245943022
544.245943022
544.245943022
544.245943022
544.245943022
544.245943022
544.245943022
544.245943022
544.245943022
544.245943022
544.245943022
544.245943022
544.245943022
544.245943022
544.245943022
544.245943022
544.245943022
544.245943022
544.245943022
544.245943022
544.245943022
544.245943022
544.245943022
544.245943022
544.245943022
544.245943022
544.245943022
544.245943022
544.245943022
544.245943022
544.245943022
544.245943022
544.245943022
544.245943022
544.245943022
544.245943022
544.245943022
544.245943022
544.245943022
544.245943022
544.245943022
544.245943022
544.245943022
544.245943022
544.245943022
544.245943022
544.245943022
544.245943022
544.245943022
544.245943022
544.245943022
544.245943022
544.245943022
544.245943022
544.245943022
544.245943022
544.245943022
544.245943022
544.245943022
544.245943022
544.245943022
544.245943022
544.245943022
544.245943022
544.245943022
544.245943022
544.245943022
544.245943022
544.245943022
544.245943022
544.245943022
544.245943022
544.245943022
544.245943022
544.245943022
544.245943022
544.245943022
544.245943022
544.245943022
544.245943022
544.245943022
544.245943022
544.245943022
544.245943022
544.245943022
544.245943022
544.245943022
544.245943022
544.245943022
544.245943022
544.245943022
544.245943022
544.245943022
544.245943022
544.245943022
544.245943022
544.245943022
544.245943022
544.245943022
544.245943022
544.245943022
544.245943022
544.245943022
544.245943022
544.245943022
544.245943022
544.245943022
544.245943022
544.245943022
544.245943022
544.245943022
544.245943022
544.245943022
544.245943022
544.245943022
544.245943022
544.245943022
544.245943022
544.245943022
544.245943022
544.245943022
544.245943022
544.245943022
544.245943022
544.245943022
544.245943022
544.245943022
544.245943022
544.245943022
544.245943022
544.245943022
544.245943022
544.245943022
544.245943022
544.245943022
544.245943022
544.245943022
544.245943022
544.245943022
544.245943022
544.245943022
544.245943022
544.245943022
544.245943022
544.245943022
544.245943022
544.245943022
544.245943022
544.245943022
544.245943022
544.245943022
544.245943022
544.245943022
544.245943022
544.245943022
544.245943022
544.245943022
544.245943022
544.245943022
544.245943022
544.245943022
544.245943022
544.245943022
544.245943022
544.245943022
544.245943022
544.245943022
544.245943022
544.245943022
544.245943022
544.245943022
544.245943022
544.245943022
544.245943022
544.245943022
544.245943022
544.245943022
544.245943022
544.245943022
544.245943022
544.245943022
544.245943022
544.245943022
544.245943022
544.245943022
544.245943022
544.245943022
544.245943022
544.245943022
544.245943022
544.245943022
544.245943022
544.245943022
544.245943022
544.245943022
544.245943022
544.245943022
544.245943022
544.245943022
544.245943022
544.245943022
544.245943022
544.245943022
544.245943022
544.245943022
544.245943022
544.245943022
544.245943022
544.245943022
544.245943022
544.245943022
544.245943022
544.245943022
544.245943022
544.245943022
544.245943022
544.245943022
544.245943022
544.245943022
544.245943022
544.245943022
544.245943022
544.245943022
544.245943022
544.245943022
544.245943022
544.245943022
544.245943022
544.245943022
544.245943022
544.245943022
544.245943022
544.245943022
544.245943022
544.245943022
544.245943022
544.245943022
544.245943022
544.245943022
544.245943022
544.245943022
544.245943022
544.245943022
544.245943022
544.245943022
544.245943022
544.245943022
544.245943022
544.245943022
544.245943022
544.245943022
544.245943022
544.245943022
544.245943022
544.245943022
544.245943022
544.245943022
544.245943022
544.245943022
544.245943022
544.245943022
544.245943022
544.245943022
544.245943022
544.245943022
544.245943022
544.245943022
544.245943022
544.245943022
544.245943022
544.245943022
544.245943022
544.245943022
544.245943022
544.245943022
544.245943022
544.245943022
544.245943022
544.245943022
544.245943022
544.245943022
544.245943022
544.245943022
544.245943022
544.245943022
544.245943022
544.245943022
544.245943022
544.245943022
544.245943022
544.245943022
544.245943022
544.245943022
544.245943022
544.245943022
544.245943022
544.245943022
544.245943022
544.245943022
544.245943022
544.245943022
544.245943022
544.245943022
544.245943022
544.245943022
544.245943022
544.245943022
544.245943022
544.245943022
544.245943022
544.245943022
544.245943022
544.245943022
544.245943022
544.245943022
544.245943022
544.245943022
544.245943022
544.245943022
544.245943022
544.245943022
544.245943022
544.245943022
544.245943022
544.245943022
544.245943022
544.245943022
544.245943022
544.245943022
544.245943022
544.245943022
544.245943022
544.245943022
544.245943022
544.245943022
544.245943022
544.245943022
544.245943022
544.245943022
544.245943022
544.245943022
544.245943022
544.245943022
544.245943022
544.245943022
544.245943022
544.245943022
544.245943022
544.245943022
544.245943022
544.245943022
544.245943022
544.245943022
544.245943022
544.245943022
544.245943022
544.245943022
544.245943022
544.245943022
544.245943022
544.245943022
544.245943022
544.245943022
544.245943022
544.245943022
544.245943022
544.245943022
544.245943022
544.245943022
544.245943022
544.245943022
544.245943022
544.245943022
544.245943022
544.245943022
544.245943022
544.245943022
544.245943022
544.245943022
544.245943022
544.245943022
544.245943022
544.245943022
544.245943022
544.245943022
544.245943022
544.245943022
544.245943022
544.245943022
544.245943022
544.245943022
544.245943022
544.245943022
544.245943022
544.245943022
544.245943022
544.245943022
544.245943022
544.245943022
544.245943022
544.245943022
544.245943022
544.245943022
544.245943022
544.245943022
544.245943022
544.245943022
544.245943022
544.245943022
544.245943022
544.245943022
544.245943022
544.245943022
544.245943022
544.245943022
544.245943022
544.245943022
544.245943022
544.245943022
544.245943022
544.245943022
544.245943022
544.245943022
544.245943022
544.245943022
544.245943022
544.245943022
544.245943022
544.245943022
544.245943022
544.245943022
544.245943022
544.245943022
544.245943022
544.245943022
544.245943022
544.245943022
544.245943022
544.245943022
544.245943022
544.245943022
544.245943022
544.245943022
544.245943022
544.245943022
544.245943022
544.245943022
544.245943022
544.245943022
544.245943022
544.245943022
544.245943022
544.245943022
544.245943022
544.245943022
544.245943022
544.245943022
544.245943022
544.245943022
544.245943022
544.245943022
544.245943022
544.245943022
544.245943022
544.245943022
544.245943022
544.245943022
544.245943022
544.245943022
544.245943022
544.245943022
544.245943022
544.245943022
544.245943022
544.245943022
544.245943022
544.245943022
544.245943022
544.245943022
544.245943022
544.245943022
544.245943022
544.245943022
544.245943022
544.245943022
544.245943022
544.245943022
544.245943022
544.245943022
544.245943022
544.245943022
544.245943022
544.245943022
544.245943022
544.245943022
544.245943022
544.245943022
544.245943022
544.245943022
544.245943022
544.245943022
544.245943022
544.245943022
544.245943022
544.245943022
544.245943022
544.245943022
544.245943022
544.245943022
544.245943022
544.245943022
544.245943022
544.245943022
544.245943022
544.245943022
544.245943022
544.245943022
544.245943022
544.245943022
544.245943022
544.245943022
544.245943022
544.245943022
544.245943022
544.245943022
544.245943022
544.245943022
544.245943022
544.245943022
544.245943022
544.245943022
544.245943022
544.245943022
544.245943022
544.245943022
544.245943022
544.245943022
544.245943022
544.245943022
544.245943022
544.245943022
544.245943022
544.245943022
544.245943022
544.245943022
544.245943022
544.245943022
544.245943022
544.245943022
544.245943022
544.245943022
544.245943022
544.245943022
544.245943022
544.245943022
544.245943022
544.245943022
544.245943022
544.245943022
544.245943022
544.245943022
544.245943022
544.245943022
544.245943022
544.245943022
544.245943022
544.245943022
544.245943022
544.245943022
544.245943022
544.245943022
544.245943022
544.245943022
544.245943022
544.245943022
544.245943022
544.245943022
544.245943022
544.245943022
544.245943022
544.245943022
544.245943022
544.245943022
544.245943022
544.245943022
544.245943022
544.245943022
544.245943022
544.245943022
544.245943022
544.245943022
544.245943022
544.245943022
544.245943022
544.245943022
544.245943022
544.245943022
544.245943022
544.245943022
544.245943022
544.245943022
544.245943022
544.245943022
544.245943022
544.245943022
544.245943022
544.245943022
544.245943022
544.245943022
544.245943022
544.245943022
544.245943022
544.245943022
544.245943022
544.245943022
544.245943022
544.245943022
544.245943022
544.245943022
544.245943022
544.245943022
544.245943022
544.245943022
544.245943022
544.245943022
544.245943022
544.245943022
544.245943022
544.245943022
544.245943022
544.245943022
544.245943022
544.245943022
544.245943022
544.245943022
544.245943022
544.245943022
544.245943022
544.245943022
544.245943022
544.245943022
544.245943022
544.245943022
544.245943022
544.245943022
544.245943022
544.245943022
544.245943022
544.245943022
544.245943022
544.245943022
544.245943022
544.245943022
544.245943022
544.245943022
544.245943022
544.245943022
544.245943022
544.245943022
544.245943022
544.245943022
544.245943022
544.245943022
544.245943022
544.245943022
544.245943022
544.245943022
544.245943022
544.245943022
544.245943022
544.245943022
544.245943022
544.245943022
544.245943022
544.245943022
544.245943022
544.245943022
544.245943022
544.245943022
544.245943022
544.245943022
544.245943022
544.245943022
544.245943022
544.245943022
544.245943022
544.245943022
544.245943022
544.245943022
544.245943022
544.245943022
544.245943022
544.245943022
544.245943022
544.245943022
544.245943022
544.245943022
544.245943022
544.245943022
544.245943022
544.245943022
544.245943022
544.245943022
544.245943022
544.245943022
544.245943022
544.245943022
544.245943022
544.245943022
544.245943022
544.245943022
544.245943022
544.245943022
544.245943022
544.245943022
544.245943022
544.245943022
544.245943022
544.245943022
544.245943022
544.245943022
544.245943022
544.245943022
544.245943022
544.245943022
544.245943022
544.245943022
544.245943022
544.245943022
544.245943022
544.245943022
544.245943022
544.245943022
544.245943022
544.245943022
544.245943022
544.245943022
544.245943022
544.245943022
544.245943022
544.245943022
544.245943022
544.245943022
544.245943022
544.245943022
544.245943022
544.245943022
544.245943022
544.245943022
544.245943022
544.245943022
544.245943022
544.245943022
544.245943022
544.245943022
544.245943022
544.245943022
544.245943022
544.245943022
544.245943022
544.245943022
544.245943022
544.245943022
544.245943022
544.245943022
544.245943022
544.245943022
544.245943022
544.245943022
544.245943022
544.245943022
544.245943022
544.245943022
544.245943022
544.245943022
544.245943022
544.245943022
544.245943022
544.245943022
544.245943022
544.245943022
544.245943022
544.245943022
544.245943022
544.245943022
544.245943022
544.245943022
544.245943022
544.245943022
544.245943022
544.245943022
544.245943022
544.245943022
544.245943022
544.245943022
544.245943022
544.245943022
544.245943022
544.245943022
544.245943022
544.245943022
544.245943022
544.245943022
544.245943022
544.245943022
544.245943022
544.245943022
544.245943022
544.245943022
544.245943022
544.245943022
544.245943022
544.245943022
544.245943022
544.245943022
544.245943022
544.245943022
544.245943022
544.245943022
544.245943022
544.245943022
544.245943022
544.245943022
544.245943022
544.245943022
544.245943022
544.245943022
544.245943022
544.245943022
544.245943022
544.245943022
544.245943022
544.245943022
544.245943022
544.245943022
544.245943022
544.245943022
544.245943022
544.245943022
544.245943022
544.245943022
544.245943022
544.245943022
544.245943022
544.245943022
544.245943022
544.245943022
544.245943022
544.245943022
544.245943022
544.245943022
544.245943022
544.245943022
544.245943022
544.245943022
544.245943022
544.245943022
544.245943022
544.245943022
544.245943022
544.245943022
544.245943022
544.245943022
544.245943022
544.245943022
544.245943022
544.245943022
544.245943022
544.245943022
544.245943022
544.245943022
544.245943022
544.245943022
544.245943022
544.245943022
544.245943022
544.245943022
544.245943022
544.245943022
544.245943022
544.245943022
544.245943022
544.245943022
544.245943022
544.245943022
544.245943022
544.245943022
544.245943022
544.245943022
544.245943022
544.245943022
544.245943022
544.245943022
544.245943022
544.245943022
544.245943022
544.245943022
544.245943022
544.245943022
544.245943022
544.245943022
544.245943022
544.245943022
544.245943022
544.245943022
544.245943022
544.245943022
544.245943022
544.245943022
544.245943022
544.245943022
544.245943022
544.245943022
544.245943022
544.245943022
544.245943022
544.245943022
544.245943022
544.245943022
544.245943022
544.245943022
544.245943022
544.245943022
544.245943022
544.245943022
544.245943022
544.245943022
544.245943022
544.245943022
544.245943022
544.245943022
544.245943022
544.245943022
544.245943022
544.245943022
544.245943022
544.245943022
544.245943022
544.245943022
544.245943022
544.245943022
544.245943022
544.245943022
544.245943022
544.245943022
544.245943022
544.245943022
544.245943022
544.245943022
544.245943022
544.245943022
544.245943022
544.245943022
544.245943022
544.245943022
544.245943022
544.245943022
544.245943022
544.245943022
544.245943022
544.245943022
544.245943022
544.245943022
544.245943022
544.245943022
544.245943022
544.245943022
544.245943022
544.245943022
544.245943022
544.245943022
544.245943022
544.245943022
544.245943022
544.245943022
544.245943022
544.245943022
544.245943022
544.245943022
544.245943022
544.245943022
544.245943022
544.245943022
544.245943022
544.245943022
544.245943022
544.245943022
544.245943022
544.245943022
544.245943022
544.245943022
544.245943022
544.245943022
544.245943022
544.245943022
544.245943022
544.245943022
544.245943022
544.245943022
544.245943022
544.245943022
544.245943022
544.245943022
544.245943022
544.245943022
544.245943022
544.245943022
544.245943022
544.245943022
544.245943022
544.245943022
544.245943022
544.245943022
544.245943022
544.245943022
544.245943022
544.245943022
544.245943022
544.245943022
544.245943022
544.245943022
544.245943022
544.245943022
544.245943022
544.245943022
544.245943022
544.245943022
544.245943022
544.245943022
544.245943022
544.245943022
544.245943022
544.245943022
544.245943022
544.245943022
544.245943022
544.245943022
544.245943022
544.245943022
544.245943022
544.245943022
544.245943022
544.245943022
544.245943022
544.245943022
544.245943022
544.245943022
544.245943022
544.245943022
544.245943022
544.245943022
544.245943022
544.245943022
544.245943022
544.245943022
544.245943022
544.245943022
544.245943022
544.245943022
544.245943022
544.245943022
544.245943022
544.245943022
544.245943022
544.245943022
544.245943022
544.245943022
544.245943022
544.245943022
544.245943022
544.245943022
544.245943022
544.245943022
544.245943022
544.245943022
544.245943022
544.245943022
544.245943022
544.245943022
544.245943022
544.245943022
544.245943022
544.245943022
544.245943022
544.245943022
544.245943022
544.245943022
544.245943022
544.245943022
544.245943022
544.245943022
544.245943022
544.245943022
544.245943022
544.245943022
544.245943022
544.245943022
544.245943022
544.245943022
544.245943022
544.245943022
544.245943022
544.245943022
544.245943022
544.245943022
544.245943022
544.245943022
544.245943022
544.245943022
544.245943022
544.245943022
544.245943022
544.245943022
544.245943022
544.245943022
544.245943022
544.245943022
544.245943022
544.245943022
544.245943022
544.245943022
544.245943022
544.245943022
544.245943022
544.245943022
544.245943022
544.245943022
544.245943022
544.245943022
544.245943022
544.245943022
544.245943022
544.245943022
544.245943022
544.245943022
544.245943022
544.245943022
544.245943022
544.245943022
544.245943022
544.245943022
544.245943022
544.245943022
544.245943022
544.245943022
544.245943022
544.245943022
544.245943022
544.245943022
544.245943022
544.245943022
544.245943022
544.245943022
544.245943022
544.245943022
544.245943022
544.245943022
544.245943022
544.245943022
544.245943022
544.245943022
544.245943022
544.245943022
544.245943022
544.245943022
544.245943022
544.245943022
544.245943022
544.245943022
544.245943022
544.245943022
544.245943022
544.245943022
544.245943022
544.245943022
544.245943022
544.245943022
544.245943022
544.245943022
544.245943022
544.245943022
544.245943022
544.245943022
544.245943022
544.245943022
544.245943022
544.245943022
544.245943022
544.245943022
544.245943022
544.245943022
544.245943022
544.245943022
544.245943022
544.245943022
544.245943022
544.245943022
544.245943022
544.245943022
544.245943022
544.245943022
544.245943022
544.245943022
544.245943022
544.245943022
544.245943022
544.245943022
544.245943022
544.245943022
544.245943022
544.245943022
544.245943022
544.245943022
544.245943022
544.245943022
544.245943022
544.245943022
544.245943022
544.245943022
544.245943022
544.245943022
544.245943022
544.245943022
544.245943022
544.245943022
544.245943022
544.245943022
544.245943022
544.245943022
544.245943022
544.245943022
544.245943022
544.245943022
544.245943022
544.245943022
544.245943022
544.245943022
544.245943022
544.245943022
544.245943022
544.245943022
544.245943022
544.245943022
544.245943022
544.245943022
544.245943022
544.245943022
544.245943022
544.245943022
544.245943022
544.245943022
544.245943022
544.245943022
544.245943022
544.245943022
544.245943022
544.245943022
544.245943022
544.245943022
544.245943022
544.245943022
544.245943022
544.245943022
544.245943022
544.245943022
544.245943022
544.245943022
544.245943022
544.245943022
544.245943022
544.245943022
544.245943022
544.245943022
544.245943022
544.245943022
544.245943022
544.245943022
544.245943022
544.245943022
544.245943022
544.245943022
544.245943022
544.245943022
544.245943022
544.245943022
544.245943022
544.245943022
544.245943022
544.245943022
544.245943022
544.245943022
544.245943022
544.245943022
544.245943022
544.245943022
544.245943022
544.245943022
544.245943022
544.245943022
544.245943022
544.245943022
544.245943022
544.245943022
544.245943022
544.245943022
544.245943022
544.245943022
544.245943022
544.245943022
544.245943022
544.245943022
544.245943022
544.245943022
544.245943022
544.245943022
544.245943022
544.245943022
544.245943022
544.245943022
544.245943022
544.245943022
544.245943022
544.245943022
544.245943022
544.245943022
544.245943022
544.245943022
544.245943022
544.245943022
544.245943022
544.245943022
544.245943022
544.245943022
544.245943022
544.245943022
544.245943022
544.245943022
544.245943022
544.245943022
544.245943022
544.245943022
544.245943022
544.245943022
544.245943022
544.245943022
544.245943022
544.245943022
544.245943022
544.245943022
544.245943022
544.245943022
544.245943022
544.245943022
544.245943022
544.245943022
544.245943022
544.245943022
544.245943022
544.245943022
544.245943022
544.245943022
544.245943022
544.245943022
544.245943022
544.245943022
544.245943022
544.245943022
544.245943022
544.245943022
544.245943022
544.245943022
544.245943022
544.245943022
544.245943022
544.245943022
544.245943022
544.245943022
544.245943022
544.245943022
544.245943022
544.245943022
544.245943022
544.245943022
544.245943022
544.245943022
544.245943022
544.245943022
544.245943022
544.245943022
544.245943022
544.245943022
544.245943022
544.245943022
544.245943022
544.245943022
544.245943022
544.245943022
544.245943022
544.245943022
544.245943022
544.245943022
544.245943022
544.245943022
544.245943022
544.245943022
544.245943022
544.245943022
544.245943022
544.245943022
544.245943022
544.245943022
544.245943022
544.245943022
544.245943022
544.245943022
544.245943022
544.245943022
544.245943022
544.245943022
544.245943022
544.245943022
544.245943022
544.245943022
544.245943022
544.245943022
544.245943022
544.245943022
544.245943022
544.245943022
544.245943022
544.245943022
544.245943022
544.245943022
544.245943022
544.245943022
544.245943022
544.245943022
544.245943022
544.245943022
544.245943022
544.245943022
544.245943022
544.245943022
544.245943022
544.245943022
544.245943022
544.245943022
544.245943022
544.245943022
544.245943022
544.245943022
544.245943022
544.245943022
544.245943022
544.245943022
544.245943022
544.245943022
544.245943022
544.245943022
544.245943022
544.245943022
544.245943022
544.245943022
544.245943022
544.245943022
544.245943022
544.245943022
544.245943022
544.245943022
544.245943022
544.245943022
544.245943022
544.245943022
544.245943022
544.245943022
544.245943022
544.245943022
544.245943022
544.245943022
544.245943022
544.245943022
544.245943022
544.245943022
544.245943022
544.245943022
544.245943022
544.245943022
544.245943022
544.245943022
544.245943022
544.245943022
544.245943022
544.245943022
544.245943022
544.245943022
544.245943022
544.245943022
544.245943022
544.245943022
544.245943022
544.245943022
544.245943022
544.245943022
544.245943022
544.245943022
544.245943022
544.245943022
544.245943022
544.245943022
544.245943022
544.245943022
544.245943022
544.245943022
544.245943022
544.245943022
544.245943022
544.245943022
544.245943022
544.245943022
544.245943022
544.245943022
544.245943022
544.245943022
544.245943022
544.245943022
544.245943022
544.245943022
544.245943022
544.245943022
544.245943022
544.245943022
544.245943022
544.245943022
544.245943022
544.245943022
544.245943022
544.245943022
544.245943022
544.245943022
544.245943022
544.245943022
544.245943022
544.245943022
544.245943022
544.245943022
544.245943022
544.245943022
544.245943022
544.245943022
544.245943022
544.245943022
544.245943022
544.245943022
544.245943022
544.245943022
544.245943022
544.245943022
544.245943022
544.245943022
544.245943022
544.245943022
544.245943022
544.245943022
544.245943022
544.245943022
544.245943022
544.245943022
544.245943022
544.245943022
544.245943022
544.245943022
544.245943022
544.245943022
544.245943022
544.245943022
544.245943022
544.245943022
544.245943022
544.245943022
544.245943022
544.245943022
544.245943022
544.245943022
544.245943022
544.245943022
544.245943022
544.245943022
544.245943022
544.245943022
544.245943022
544.245943022
544.245943022
544.245943022
544.245943022
544.245943022
544.245943022
544.245943022
544.245943022
544.245943022
544.245943022
544.245943022
544.245943022
544.245943022
544.245943022
544.245943022
544.245943022
544.245943022
544.245943022
544.245943022
544.245943022
544.245943022
544.245943022
544.245943022
544.245943022
544.245943022
544.245943022
544.245943022
544.245943022
544.245943022
544.245943022
544.245943022
544.245943022
544.245943022
544.245943022
544.245943022
544.245943022
544.245943022
544.245943022
544.245943022
544.245943022
544.245943022
544.245943022
544.245943022
544.245943022
544.245943022
544.245943022
544.245943022
544.245943022
544.245943022
544.245943022
544.245943022
544.245943022
544.245943022
544.245943022
544.245943022
544.245943022
544.245943022
544.245943022
544.245943022
544.245943022
544.245943022
544.245943022
544.245943022
544.245943022
544.245943022
544.245943022
544.245943022
544.245943022
544.245943022
544.245943022
544.245943022
544.245943022
544.245943022
544.245943022
544.245943022
544.245943022
544.245943022
544.245943022
544.245943022
544.245943022
544.245943022
544.245943022
544.245943022
544.245943022
544.245943022
544.245943022
544.245943022
544.245943022
544.245943022
544.245943022
544.245943022
544.245943022
544.245943022
544.245943022
544.245943022
544.245943022
544.245943022
544.245943022
544.245943022
544.245943022
544.245943022
544.245943022
544.245943022
544.245943022
544.245943022
544.245943022
544.245943022
544.245943022
544.245943022
544.245943022
544.245943022
544.245943022
544.245943022
544.245943022
544.245943022
544.245943022
544.245943022
544.245943022
544.245943022
544.245943022
544.245943022
544.245943022
544.245943022
544.245943022
544.245943022
544.245943022
544.245943022
544.245943022
544.245943022
544.245943022
544.245943022
544.245943022
544.245943022
544.245943022
544.245943022
544.245943022
544.245943022
544.245943022
544.245943022
544.245943022
544.245943022
544.245943022
544.245943022
544.245943022
544.245943022
544.245943022
544.245943022
544.245943022
544.245943022
544.245943022
544.245943022
544.245943022
544.245943022
544.245943022
544.245943022
544.245943022
544.245943022
544.245943022
544.245943022
544.245943022
544.245943022
544.245943022
544.245943022
544.245943022
544.245943022
544.245943022
544.245943022
544.245943022
544.245943022
544.245943022
544.245943022
544.245943022
544.245943022
544.245943022
544.245943022
544.245943022
544.245943022
544.245943022
544.245943022
544.245943022
544.245943022
544.245943022
544.245943022
544.245943022
544.245943022
544.245943022
544.245943022
544.245943022
544.245943022
544.245943022
544.245943022
544.245943022
544.245943022
544.245943022
544.245943022
544.245943022
544.245943022
544.245943022
544.245943022
544.245943022
544.245943022
544.245943022
544.245943022
544.245943022
544.245943022
544.245943022
544.245943022
544.245943022
544.245943022
544.245943022
544.245943022
544.245943022
544.245943022
544.245943022
544.245943022
544.245943022
544.245943022
544.245943022
544.245943022
544.245943022
544.245943022
544.245943022
544.245943022
544.245943022
544.245943022
544.245943022
544.245943022
544.245943022
544.245943022
544.245943022
544.245943022
544.245943022
544.245943022
544.245943022
544.245943022
544.245943022
544.245943022
544.245943022
544.245943022
544.245943022
544.245943022
544.245943022
544.245943022
544.245943022
544.245943022
544.245943022
544.245943022
544.245943022
544.245943022
544.245943022
544.245943022
544.245943022
544.245943022
544.245943022
544.245943022
544.245943022
544.245943022
544.245943022
544.245943022
544.245943022
544.245943022
544.245943022
544.245943022
544.245943022
544.245943022
544.245943022
544.245943022
544.245943022
544.245943022
544.245943022
544.245943022
544.245943022
544.245943022
544.245943022
544.245943022
544.245943022
544.245943022
544.245943022
544.245943022
544.245943022
544.245943022
544.245943022
544.245943022
544.245943022
544.245943022
544.245943022
544.245943022
544.245943022
544.245943022
544.245943022
544.245943022
544.245943022
544.245943022
544.245943022
544.245943022
544.245943022
544.245943022
544.245943022
544.245943022
544.245943022
544.245943022
544.245943022
544.245943022
544.245943022
544.245943022
544.245943022
544.245943022
544.245943022
544.245943022
544.245943022
544.245943022
544.245943022
544.245943022
544.245943022
544.245943022
544.245943022
544.245943022
544.245943022
544.245943022
544.245943022
544.245943022
544.245943022
544.245943022
544.245943022
544.245943022
544.245943022
544.245943022
544.245943022
544.245943022
544.245943022
544.245943022
544.245943022
544.245943022
544.245943022
544.245943022
544.245943022
544.245943022
544.245943022
544.245943022
544.245943022
544.245943022
544.245943022
544.245943022
544.245943022
544.245943022
544.245943022
544.245943022
544.245943022
544.245943022
544.245943022
544.245943022
544.245943022
544.245943022
544.245943022
544.245943022
544.245943022
544.245943022
544.245943022
544.245943022
544.245943022
544.245943022
544.245943022
544.245943022
544.245943022
544.245943022
544.245943022
544.245943022
544.245943022
544.245943022
544.245943022
544.245943022
544.245943022
544.245943022
544.245943022
