1662.29677569
1586.93114375
1580.61411938
1529.89859927
1498.60432225
1435.62665325
1431.86872634
1411.0094418
1361.63666089
1349.5730307
1345.21075599
1328.30710587
1294.50320072
1301.6228469
1301.33260029
1275.73711098
1203.21180543
1244.74282278
1233.25429978
1234.20411171
1234.87784875
1216.97260291
1211.62696478
1222.22905947
1229.5113681
1218.77073112
1230.90699763
1194.57170584
1195.52727751
1177.27392909
1176.34713129
1133.38350293
1144.62519694
1139.48059666
1100.07928176
1073.15346041
1068.10591732
1079.10552649
1088.47374387
1088.68154444
1083.06212269
1063.76814029
1052.1743606
1043.83082607
1067.5268217
1061.62479244
1042.18665824
1041.16869477
1029.04725329
1029.04725329
1015.25672133
1015.25672133
1013.7747278
1014.43285383
1005.58512452
1013.56273391
1017.89902199
991.599557278
999.943091816
997.760286565
1004.00504368
981.531019602
981.531019602
982.786350205
988.369936658
983.528587897
1004.13128969
1012.84332916
1010.67551555
981.169708182
970.263059191
947.413462923
947.413462923
946.158132319
927.185511997
926.933037207
926.933037207
926.933037207
927.570876686
939.406784689
931.794712334
901.853899933
901.853899933
891.177088569
891.177088569
883.728804685
874.112429163
887.178030053
882.86195727
877.418032013
876.416894681
871.72582516
871.72582516
866.487328346
859.719485455
859.719485455
859.719485455
870.962874258
863.887248661
863.887248661
894.792686729
883.73122956
878.661116268
877.503766571
877.503766571
877.503766571
877.503766571
862.770668023
862.770668023
862.770668023
862.770668023
857.686703723
857.686703723
857.686703723
852.225890889
842.982846381
842.982846381
836.4644831
836.4644831
839.972157151
839.972157151
829.465879268
829.465879268
829.465879268
829.465879268
818.656748179
818.656748179
818.656748179
818.656748179
818.656748179
818.656748179
807.144767962
788.527578516
788.527578516
788.527578516
788.527578516
788.527578516
788.527578516
782.346612676
779.420629261
779.420629261
779.420629261
776.547819245
776.547819245
772.383307623
772.383307623
772.383307623
772.383307623
760.957577921
760.957577921
757.259135918
757.259135918
757.259135918
749.495906007
749.495906007
749.495906007
749.495906007
749.495906007
749.495906007
749.495906007
748.891943832
748.891943832
748.891943832
748.891943832
748.891943832
748.891943832
748.891943832
746.986036884
746.986036884
746.986036884
746.986036884
746.986036884
746.986036884
746.986036884
746.986036884
746.986036884
738.169112196
738.169112196
734.400407214
734.400407214
733.248791773
733.248791773
733.248791773
733.248791773
733.248791773
733.248791773
733.248791773
733.248791773
733.248791773
733.248791773
733.248791773
733.248791773
733.248791773
733.248791773
733.248791773
733.248791773
733.248791773
733.248791773
733.248791773
733.248791773
733.248791773
733.260070855
733.260070855
733.260070855
733.260070855
733.260070855
733.260070855
733.260070855
733.260070855
733.260070855
733.260070855
733.260070855
733.260070855
733.260070855
733.260070855
733.260070855
733.260070855
733.260070855
720.471750759
720.471750759
711.727304567
711.727304567
711.727304567
711.727304567
711.727304567
711.727304567
711.323084382
711.323084382
711.323084382
711.323084382
711.323084382
711.323084382
711.323084382
711.323084382
711.323084382
711.323084382
711.323084382
711.323084382
711.323084382
711.323084382
711.323084382
709.417522511
709.417522511
709.417522511
709.417522511
709.417522511
709.188031038
701.249836116
701.249836116
701.249836116
701.249836116
701.249836116
699.869983523
699.869983523
699.869983523
699.869983523
699.869983523
699.869983523
699.869983523
699.869983523
699.869983523
699.869983523
699.869983523
699.869983523
699.869983523
699.869983523
699.869983523
699.869983523
699.869983523
699.869983523
699.869983523
699.869983523
699.869983523
699.869983523
699.869983523
699.869983523
699.869983523
699.869983523
699.382139334
699.382139334
699.382139334
699.382139334
699.382139334
699.382139334
699.382139334
699.382139334
699.382139334
699.382139334
699.382139334
699.382139334
699.382139334
699.382139334
699.382139334
699.382139334
699.382139334
699.382139334
699.382139334
699.382139334
699.382139334
699.382139334
699.382139334
699.382139334
699.382139334
696.995462657
696.995462657
696.995462657
696.995462657
696.995462657
696.995462657
696.995462657
696.995462657
696.995462657
696.995462657
696.995462657
696.995462657
696.995462657
696.995462657
696.995462657
696.995462657
696.995462657
696.995462657
696.995462657
696.995462657
696.995462657
696.995462657
696.995462657
696.995462657
696.995462657
696.995462657
696.995462657
696.995462657
696.995462657
696.995462657
696.995462657
696.995462657
690.357644856
690.357644856
690.357644856
690.357644856
690.357644856
690.357644856
690.357644856
690.357644856
690.357644856
690.357644856
690.357644856
690.294020447
690.294020447
690.294020447
690.294020447
686.053558561
684.280358486
684.280358486
684.280358486
684.23712763
684.23712763
684.23712763
683.685927359
683.685927359
683.685927359
683.685927359
683.685927359
680.920014426
680.920014426
680.920014426
680.920014426
680.920014426
680.920014426
680.920014426
680.507843271
680.507843271
680.507843271
677.063223734
677.063223734
677.063223734
672.349718188
672.349718188
672.349718188
672.349718188
672.349718188
672.349718188
672.349718188
672.349718188
672.349718188
672.349718188
672.349718188
672.349718188
672.349718188
672.349718188
672.349718188
668.143795024
668.143795024
668.143795024
668.143795024
668.143795024
668.143795024
666.498902759
666.498902759
666.498902759
659.505147024
659.505147024
659.505147024
659.505147024
659.505147024
659.505147024
659.505147024
659.505147024
659.505147024
659.505147024
659.505147024
659.505147024
659.505147024
659.505147024
659.505147024
659.505147024
659.505147024
659.505147024
659.505147024
659.505147024
659.505147024
659.505147024
659.505147024
659.505147024
659.505147024
659.505147024
659.505147024
659.505147024
659.505147024
659.505147024
659.505147024
659.505147024
659.505147024
659.505147024
659.505147024
659.505147024
659.505147024
659.505147024
659.505147024
658.13900094
658.13900094
657.873538074
657.873538074
657.873538074
657.873538074
657.873538074
657.873538074
657.873538074
657.873538074
657.873538074
651.628419727
651.628419727
651.628419727
651.628419727
651.628419727
651.628419727
651.628419727
651.628419727
651.628419727
649.171796567
649.171796567
649.171796567
649.171796567
649.171796567
649.171796567
649.171796567
649.171796567
649.171796567
647.805814746
647.805814746
647.805814746
647.805814746
647.805814746
647.805814746
647.805814746
643.729417253
643.729417253
643.729417253
643.729417253
643.729417253
643.729417253
643.729417253
643.729417253
643.729417253
643.729417253
643.729417253
643.729417253
643.729417253
643.729417253
643.729417253
643.729417253
643.729417253
643.729417253
643.729417253
643.729417253
643.729417253
643.729417253
643.729417253
643.729417253
643.729417253
643.729417253
643.729417253
643.729417253
643.729417253
643.729417253
643.729417253
643.729417253
643.729417253
643.729417253
643.729417253
643.729417253
643.729417253
643.729417253
643.729417253
643.729417253
643.729417253
640.220163351
640.220163351
640.220163351
640.220163351
640.220163351
640.220163351
640.220163351
638.982809662
638.982809662
638.982809662
638.982809662
638.982809662
638.982809662
638.982809662
638.982809662
638.982809662
638.982809662
638.982809662
638.982809662
638.982809662
638.982809662
638.982809662
638.982809662
638.982809662
638.982809662
638.982809662
638.982809662
638.982809662
638.982809662
638.982809662
638.982809662
638.982809662
638.982809662
638.982809662
638.982809662
638.982809662
638.982809662
638.982809662
638.982809662
638.982809662
638.982809662
638.982809662
638.982809662
638.982809662
638.982809662
638.982809662
638.982809662
638.982809662
638.982809662
638.982809662
638.982809662
638.982809662
638.982809662
638.982809662
638.982809662
638.982809662
638.982809662
638.982809662
638.982809662
638.982809662
636.436794195
636.436794195
636.436794195
636.436794195
636.436794195
636.436794195
636.436794195
636.436794195
636.436794195
636.436794195
636.436794195
636.436794195
636.436794195
636.436794195
636.436794195
636.436794195
636.436794195
636.436794195
636.436794195
636.436794195
636.436794195
636.436794195
636.436794195
636.436794195
636.436794195
636.436794195
635.236235848
635.236235848
635.236235848
635.236235848
635.236235848
635.236235848
635.236235848
635.236235848
635.236235848
635.236235848
635.236235848
635.236235848
635.236235848
635.236235848
635.236235848
635.236235848
635.236235848
635.236235848
635.236235848
635.236235848
635.236235848
635.236235848
635.236235848
635.236235848
635.236235848
635.236235848
635.236235848
635.236235848
635.236235848
635.236235848
635.236235848
635.236235848
635.236235848
635.236235848
635.236235848
635.236235848
635.236235848
635.236235848
635.236235848
635.236235848
635.236235848
635.236235848
635.236235848
635.236235848
635.236235848
635.236235848
635.236235848
635.236235848
635.236235848
635.236235848
635.236235848
635.236235848
635.236235848
635.236235848
635.236235848
635.236235848
635.236235848
635.236235848
635.236235848
635.236235848
635.236235848
635.236235848
635.236235848
635.236235848
635.236235848
635.236235848
635.236235848
635.236235848
635.236235848
635.236235848
635.236235848
635.236235848
635.236235848
635.236235848
635.236235848
635.236235848
635.236235848
635.236235848
635.236235848
635.236235848
635.236235848
635.236235848
635.236235848
635.236235848
635.236235848
635.236235848
635.236235848
635.236235848
635.236235848
635.236235848
635.236235848
635.236235848
635.236235848
635.236235848
635.236235848
635.236235848
635.236235848
635.236235848
635.236235848
635.236235848
635.236235848
635.236235848
635.236235848
635.236235848
635.236235848
635.236235848
635.236235848
635.236235848
635.236235848
635.236235848
635.236235848
635.236235848
635.236235848
635.236235848
635.236235848
635.236235848
635.236235848
635.236235848
635.236235848
635.236235848
635.236235848
635.236235848
635.236235848
635.236235848
635.236235848
635.236235848
635.236235848
631.620272272
631.620272272
631.620272272
631.620272272
631.620272272
631.620272272
631.620272272
631.620272272
631.620272272
631.620272272
631.620272272
631.620272272
631.620272272
631.620272272
631.620272272
631.620272272
631.620272272
631.620272272
631.620272272
631.620272272
631.620272272
631.620272272
631.620272272
631.620272272
631.620272272
631.620272272
631.620272272
631.620272272
631.620272272
631.620272272
631.620272272
631.620272272
631.620272272
631.620272272
631.620272272
631.620272272
631.620272272
631.620272272
631.620272272
631.620272272
631.620272272
631.620272272
631.620272272
631.620272272
631.620272272
631.620272272
631.620272272
631.620272272
631.620272272
631.620272272
631.620272272
631.620272272
631.620272272
631.620272272
631.620272272
631.620272272
631.620272272
631.620272272
631.620272272
631.620272272
631.620272272
631.620272272
631.620272272
631.620272272
631.620272272
631.620272272
631.620272272
631.620272272
631.620272272
631.620272272
631.620272272
631.620272272
631.620272272
631.620272272
631.620272272
631.620272272
631.620272272
631.620272272
631.620272272
631.620272272
631.620272272
631.620272272
631.620272272
631.620272272
631.620272272
631.620272272
631.620272272
631.620272272
631.620272272
631.620272272
631.620272272
631.620272272
631.620272272
631.620272272
631.620272272
631.620272272
629.347195873
629.347195873
629.347195873
629.347195873
629.347195873
629.347195873
629.347195873
629.347195873
629.347195873
629.347195873
629.347195873
629.347195873
629.347195873
629.347195873
629.347195873
629.347195873
629.347195873
629.347195873
629.347195873
629.347195873
629.347195873
629.347195873
629.347195873
629.347195873
629.347195873
629.347195873
629.347195873
629.347195873
629.347195873
629.347195873
629.347195873
629.347195873
629.347195873
629.347195873
629.347195873
629.347195873
629.347195873
629.347195873
629.347195873
629.347195873
629.347195873
629.347195873
629.347195873
629.347195873
629.347195873
629.347195873
629.347195873
629.347195873
629.347195873
629.347195873
629.347195873
629.347195873
629.347195873
629.347195873
629.347195873
629.347195873
629.347195873
629.347195873
629.347195873
629.347195873
629.347195873
629.347195873
629.347195873
629.347195873
629.347195873
629.347195873
629.347195873
629.347195873
629.347195873
629.347195873
629.347195873
629.347195873
629.347195873
629.347195873
629.347195873
629.347195873
629.347195873
629.347195873
629.347195873
629.347195873
629.347195873
629.347195873
629.347195873
629.347195873
626.046967253
626.046967253
626.046967253
626.046967253
626.046967253
626.046967253
626.046967253
626.046967253
626.046967253
626.046967253
626.046967253
626.046967253
626.046967253
626.046967253
626.046967253
626.046967253
626.046967253
626.046967253
626.046967253
626.046967253
626.046967253
626.046967253
626.046967253
626.046967253
626.046967253
626.046967253
626.046967253
626.046967253
626.046967253
626.046967253
626.046967253
626.046967253
626.046967253
626.046967253
626.046967253
626.046967253
626.046967253
626.046967253
626.046967253
626.046967253
626.046967253
626.046967253
626.046967253
626.046967253
626.046967253
626.046967253
626.046967253
626.046967253
626.046967253
626.046967253
626.046967253
626.046967253
626.046967253
626.046967253
626.046967253
626.046967253
626.046967253
626.046967253
626.046967253
626.046967253
626.046967253
626.046967253
626.046967253
626.046967253
626.046967253
623.948956964
623.948956964
623.948956964
623.948956964
623.948956964
623.948956964
623.948956964
623.948956964
623.948956964
623.948956964
623.948956964
623.948956964
623.948956964
623.948956964
623.948956964
623.948956964
623.948956964
623.948956964
623.948956964
623.948956964
623.948956964
623.948956964
623.948956964
623.948956964
623.948956964
623.948956964
623.948956964
623.948956964
623.948956964
623.948956964
623.948956964
623.948956964
623.948956964
623.948956964
623.948956964
623.948956964
623.948956964
623.948956964
623.948956964
623.948956964
623.948956964
623.948956964
623.948956964
623.948956964
623.948956964
623.948956964
623.948956964
623.948956964
623.948956964
623.948956964
623.948956964
623.948956964
623.948956964
623.948956964
623.948956964
623.948956964
623.948956964
623.948956964
623.948956964
623.948956964
623.948956964
623.948956964
623.948956964
623.948956964
623.948956964
623.948956964
623.948956964
623.948956964
623.948956964
623.948956964
623.948956964
623.948956964
623.948956964
623.948956964
623.948956964
623.948956964
623.948956964
623.948956964
623.948956964
623.948956964
623.948956964
623.948956964
623.948956964
623.948956964
623.948956964
623.948956964
623.948956964
623.948956964
623.948956964
623.948956964
623.948956964
623.948956964
623.948956964
623.948956964
623.948956964
623.948956964
623.948956964
623.948956964
623.948956964
623.948956964
623.948956964
623.948956964
623.948956964
623.948956964
623.948956964
623.948956964
623.948956964
623.948956964
623.948956964
623.948956964
623.948956964
623.948956964
623.948956964
623.948956964
623.948956964
623.948956964
623.948956964
623.948956964
623.948956964
623.948956964
623.948956964
623.948956964
623.948956964
623.948956964
623.948956964
623.948956964
623.948956964
623.948956964
623.948956964
623.948956964
623.948956964
623.948956964
623.948956964
623.948956964
623.948956964
623.948956964
623.948956964
623.948956964
623.948956964
623.948956964
623.948956964
623.948956964
623.948956964
623.948956964
623.948956964
623.948956964
623.948956964
623.948956964
623.948956964
623.948956964
623.948956964
623.948956964
623.948956964
623.948956964
623.948956964
623.948956964
623.948956964
623.948956964
623.948956964
623.948956964
623.948956964
623.948956964
623.948956964
623.948956964
623.948956964
623.948956964
623.948956964
623.948956964
623.948956964
623.948956964
623.948956964
623.948956964
623.948956964
623.948956964
623.948956964
623.948956964
623.948956964
623.948956964
623.948956964
623.948956964
623.948956964
623.948956964
623.948956964
623.948956964
623.948956964
623.948956964
623.948956964
623.948956964
623.948956964
623.948956964
623.948956964
623.948956964
623.948956964
623.948956964
623.948956964
623.948956964
623.948956964
623.948956964
623.948956964
623.948956964
623.948956964
623.948956964
623.948956964
623.948956964
623.948956964
623.948956964
623.948956964
623.948956964
623.948956964
623.948956964
623.948956964
623.948956964
623.948956964
623.948956964
623.948956964
623.948956964
623.948956964
623.948956964
623.948956964
623.948956964
623.948956964
623.948956964
623.948956964
623.948956964
623.948956964
623.948956964
623.948956964
623.948956964
623.948956964
623.948956964
623.948956964
623.948956964
623.948956964
623.948956964
623.948956964
623.948956964
623.948956964
623.948956964
623.948956964
623.948956964
623.948956964
623.948956964
623.948956964
623.948956964
623.948956964
623.948956964
623.948956964
623.948956964
623.948956964
623.948956964
623.948956964
623.948956964
623.948956964
623.948956964
623.948956964
623.948956964
623.948956964
623.948956964
623.948956964
623.948956964
623.948956964
623.948956964
623.948956964
623.948956964
623.948956964
623.948956964
623.948956964
623.948956964
623.948956964
623.948956964
623.948956964
623.948956964
623.948956964
623.948956964
623.948956964
623.948956964
623.948956964
623.948956964
623.948956964
623.948956964
623.948956964
623.948956964
623.948956964
623.948956964
623.948956964
623.948956964
623.948956964
623.948956964
623.948956964
623.948956964
623.948956964
623.948956964
623.948956964
623.948956964
623.948956964
623.948956964
623.948956964
623.948956964
623.948956964
623.948956964
623.948956964
623.948956964
623.948956964
623.948956964
623.948956964
623.948956964
623.948956964
623.948956964
623.948956964
623.948956964
623.948956964
623.948956964
623.948956964
623.948956964
623.948956964
623.948956964
623.948956964
623.948956964
623.948956964
623.948956964
623.948956964
623.948956964
623.948956964
623.948956964
623.948956964
623.948956964
623.948956964
623.948956964
623.948956964
623.948956964
623.948956964
623.948956964
623.948956964
623.948956964
623.948956964
623.948956964
623.948956964
623.948956964
623.948956964
623.948956964
623.948956964
623.948956964
623.948956964
623.948956964
623.948956964
623.948956964
623.948956964
623.948956964
623.948956964
623.948956964
623.948956964
623.948956964
623.948956964
623.948956964
623.948956964
623.948956964
623.948956964
623.948956964
623.948956964
623.948956964
623.948956964
623.948956964
623.948956964
623.948956964
623.948956964
623.948956964
623.948956964
623.948956964
623.948956964
623.948956964
623.948956964
623.948956964
623.948956964
623.948956964
623.948956964
623.948956964
623.948956964
623.948956964
623.948956964
623.948956964
623.948956964
623.948956964
623.948956964
623.948956964
623.948956964
623.948956964
623.948956964
623.948956964
623.948956964
623.948956964
623.948956964
623.948956964
623.948956964
623.948956964
623.948956964
623.948956964
623.948956964
623.948956964
623.948956964
623.948956964
623.948956964
623.948956964
623.948956964
623.948956964
623.948956964
623.948956964
623.948956964
623.948956964
623.948956964
623.948956964
623.948956964
623.948956964
623.948956964
623.948956964
623.948956964
623.948956964
623.948956964
623.948956964
623.948956964
623.948956964
623.948956964
623.948956964
623.948956964
623.948956964
623.948956964
623.948956964
623.948956964
623.948956964
623.948956964
623.948956964
623.948956964
623.948956964
623.948956964
623.948956964
623.948956964
623.948956964
623.948956964
623.948956964
623.948956964
623.948956964
623.948956964
623.948956964
623.948956964
623.948956964
623.948956964
623.948956964
623.948956964
623.948956964
623.948956964
623.948956964
623.948956964
623.948956964
623.948956964
623.948956964
623.948956964
623.948956964
623.948956964
623.948956964
623.948956964
623.948956964
623.948956964
623.948956964
623.948956964
623.948956964
623.948956964
623.948956964
623.948956964
623.948956964
623.948956964
623.948956964
623.948956964
623.948956964
623.948956964
623.948956964
623.948956964
623.948956964
623.948956964
623.948956964
623.948956964
623.948956964
623.948956964
623.948956964
623.948956964
623.948956964
623.948956964
623.948956964
623.948956964
623.948956964
623.948956964
623.948956964
623.948956964
623.948956964
623.948956964
623.948956964
623.948956964
623.948956964
623.948956964
623.948956964
623.948956964
623.948956964
623.948956964
623.948956964
623.948956964
623.948956964
623.948956964
623.948956964
623.948956964
623.948956964
623.948956964
623.948956964
623.948956964
623.948956964
623.948956964
623.948956964
623.948956964
623.948956964
623.948956964
623.948956964
623.948956964
623.948956964
623.948956964
623.948956964
623.948956964
623.948956964
623.948956964
623.948956964
623.948956964
623.948956964
623.948956964
623.948956964
623.948956964
623.948956964
623.948956964
623.948956964
623.948956964
623.948956964
623.948956964
623.948956964
623.948956964
623.948956964
623.948956964
623.948956964
623.948956964
623.948956964
623.948956964
623.948956964
623.948956964
623.948956964
623.948956964
623.948956964
623.948956964
623.948956964
623.948956964
623.948956964
623.948956964
623.948956964
623.948956964
623.948956964
623.948956964
623.948956964
623.948956964
623.948956964
623.948956964
623.948956964
623.948956964
623.948956964
623.948956964
623.948956964
623.948956964
623.948956964
623.948956964
623.948956964
623.948956964
623.948956964
623.948956964
623.948956964
623.948956964
623.948956964
623.948956964
623.948956964
623.948956964
623.948956964
623.948956964
623.948956964
623.948956964
623.948956964
623.948956964
623.948956964
623.948956964
623.948956964
623.948956964
623.948956964
623.948956964
623.948956964
623.948956964
623.948956964
623.948956964
623.948956964
623.948956964
623.948956964
623.948956964
623.948956964
623.948956964
623.948956964
623.948956964
623.948956964
623.948956964
623.948956964
623.948956964
623.948956964
623.948956964
623.948956964
623.948956964
623.948956964
623.948956964
623.948956964
623.948956964
623.948956964
623.948956964
623.948956964
623.948956964
623.948956964
623.948956964
623.948956964
623.948956964
623.948956964
623.948956964
623.948956964
623.948956964
623.948956964
623.948956964
623.948956964
623.948956964
623.948956964
623.948956964
623.948956964
623.948956964
623.948956964
623.948956964
623.948956964
623.948956964
623.948956964
623.948956964
623.948956964
623.948956964
623.948956964
623.948956964
623.948956964
623.948956964
623.948956964
623.948956964
623.948956964
623.948956964
623.948956964
623.948956964
623.948956964
623.948956964
623.948956964
623.948956964
623.948956964
623.948956964
623.948956964
623.948956964
623.948956964
623.948956964
623.948956964
623.948956964
623.948956964
623.948956964
623.948956964
623.948956964
623.948956964
623.948956964
623.948956964
623.948956964
623.948956964
623.948956964
623.948956964
623.948956964
623.948956964
623.948956964
623.948956964
623.948956964
623.948956964
623.948956964
623.948956964
623.948956964
623.948956964
623.948956964
623.948956964
623.948956964
623.948956964
623.948956964
623.948956964
623.948956964
623.948956964
623.948956964
623.948956964
623.948956964
623.948956964
623.948956964
623.948956964
623.948956964
623.948956964
623.948956964
623.948956964
623.948956964
623.948956964
623.948956964
623.948956964
623.948956964
623.948956964
623.948956964
623.948956964
623.948956964
623.948956964
623.948956964
623.948956964
623.948956964
623.948956964
623.948956964
623.948956964
623.948956964
623.948956964
623.948956964
623.948956964
623.948956964
623.948956964
623.948956964
623.948956964
623.948956964
623.948956964
623.948956964
623.948956964
623.948956964
623.948956964
623.948956964
623.948956964
623.948956964
623.948956964
623.948956964
623.948956964
623.948956964
623.948956964
623.948956964
623.948956964
623.948956964
623.948956964
623.948956964
623.948956964
623.948956964
623.948956964
623.948956964
623.948956964
623.948956964
623.948956964
623.948956964
623.948956964
623.948956964
623.948956964
623.948956964
623.948956964
623.948956964
623.948956964
623.948956964
623.948956964
623.948956964
623.948956964
623.948956964
623.948956964
623.948956964
623.948956964
623.948956964
623.948956964
623.948956964
623.948956964
623.948956964
623.948956964
623.948956964
623.948956964
623.948956964
623.948956964
623.948956964
623.948956964
623.948956964
623.948956964
623.948956964
623.948956964
623.948956964
623.948956964
623.948956964
623.948956964
623.948956964
623.948956964
623.948956964
623.948956964
623.948956964
623.948956964
623.948956964
623.948956964
623.948956964
623.948956964
623.948956964
623.948956964
623.948956964
623.948956964
623.948956964
623.948956964
623.948956964
623.948956964
623.948956964
623.948956964
623.948956964
623.948956964
623.948956964
623.948956964
623.948956964
623.948956964
623.948956964
623.948956964
623.948956964
623.948956964
623.948956964
623.948956964
623.948956964
623.948956964
623.948956964
623.948956964
623.948956964
623.948956964
623.948956964
623.948956964
623.948956964
623.948956964
623.948956964
623.948956964
623.948956964
623.948956964
623.948956964
623.948956964
623.948956964
623.948956964
623.948956964
623.948956964
623.948956964
623.948956964
623.948956964
623.948956964
623.948956964
623.948956964
623.948956964
623.948956964
623.948956964
623.948956964
623.948956964
623.948956964
623.948956964
623.948956964
623.948956964
623.948956964
623.948956964
623.948956964
623.948956964
623.948956964
623.948956964
623.948956964
623.948956964
623.948956964
623.948956964
623.948956964
623.948956964
623.948956964
623.948956964
623.948956964
623.948956964
623.948956964
623.948956964
623.948956964
623.948956964
623.948956964
623.948956964
623.948956964
623.948956964
623.948956964
623.948956964
623.948956964
623.948956964
623.948956964
623.948956964
623.948956964
623.948956964
623.948956964
623.948956964
623.948956964
623.948956964
623.948956964
623.948956964
623.948956964
623.948956964
623.948956964
623.948956964
623.948956964
623.948956964
623.948956964
623.948956964
623.948956964
623.948956964
623.948956964
623.948956964
623.948956964
623.948956964
623.948956964
623.948956964
623.948956964
623.948956964
623.948956964
623.948956964
623.948956964
623.948956964
623.948956964
623.948956964
623.948956964
623.948956964
623.948956964
623.948956964
623.948956964
623.948956964
623.948956964
623.948956964
623.948956964
623.948956964
623.948956964
623.948956964
623.948956964
623.948956964
623.948956964
623.948956964
623.948956964
623.948956964
623.948956964
623.948956964
623.948956964
623.948956964
623.948956964
623.948956964
623.948956964
623.948956964
623.948956964
623.948956964
623.948956964
623.948956964
623.948956964
623.948956964
623.948956964
623.948956964
623.948956964
623.948956964
623.948956964
623.948956964
623.948956964
623.948956964
623.948956964
623.948956964
623.948956964
623.948956964
623.948956964
623.948956964
623.948956964
623.948956964
623.948956964
623.948956964
623.948956964
623.948956964
623.948956964
623.948956964
623.948956964
623.948956964
623.948956964
623.948956964
623.948956964
623.948956964
623.948956964
623.948956964
623.948956964
623.948956964
623.948956964
623.948956964
623.948956964
623.948956964
623.948956964
623.948956964
623.948956964
623.948956964
623.948956964
623.948956964
623.948956964
623.948956964
623.948956964
623.948956964
623.948956964
623.948956964
623.948956964
623.948956964
623.948956964
623.948956964
623.948956964
623.948956964
623.948956964
623.948956964
623.948956964
623.948956964
623.948956964
623.948956964
623.948956964
623.948956964
623.948956964
623.948956964
623.948956964
623.948956964
623.948956964
623.948956964
623.948956964
623.948956964
623.948956964
623.948956964
623.948956964
623.948956964
623.948956964
623.948956964
623.948956964
623.948956964
623.948956964
623.948956964
623.948956964
623.948956964
623.948956964
623.948956964
623.948956964
623.948956964
623.948956964
623.948956964
623.948956964
623.948956964
623.948956964
623.948956964
623.948956964
623.948956964
623.948956964
623.948956964
623.948956964
623.948956964
623.948956964
623.948956964
623.948956964
623.948956964
623.948956964
623.948956964
623.948956964
623.948956964
623.948956964
623.948956964
623.948956964
623.948956964
623.948956964
623.948956964
623.948956964
623.948956964
623.948956964
623.948956964
623.948956964
623.948956964
623.948956964
623.948956964
623.948956964
623.948956964
623.948956964
623.948956964
623.948956964
623.948956964
623.948956964
623.948956964
623.948956964
623.948956964
623.948956964
623.948956964
623.948956964
623.948956964
623.948956964
623.948956964
623.948956964
623.948956964
623.948956964
623.948956964
623.948956964
623.948956964
623.948956964
623.948956964
623.948956964
623.948956964
623.948956964
623.948956964
623.948956964
623.948956964
623.948956964
623.948956964
623.948956964
623.948956964
623.948956964
623.948956964
623.948956964
623.948956964
623.948956964
623.948956964
623.948956964
623.948956964
623.948956964
623.948956964
623.948956964
623.948956964
623.948956964
623.948956964
623.948956964
623.948956964
623.948956964
623.948956964
623.948956964
623.948956964
623.948956964
623.948956964
623.948956964
623.948956964
623.948956964
623.948956964
623.948956964
623.948956964
623.948956964
623.948956964
623.948956964
623.948956964
623.948956964
623.948956964
623.948956964
623.948956964
623.948956964
623.948956964
623.948956964
623.948956964
623.948956964
623.948956964
623.948956964
623.948956964
623.948956964
623.948956964
623.948956964
623.948956964
623.948956964
623.948956964
623.948956964
623.948956964
623.948956964
623.948956964
623.948956964
623.948956964
623.948956964
623.948956964
623.948956964
623.948956964
623.948956964
623.948956964
623.948956964
623.948956964
623.948956964
623.948956964
623.948956964
623.948956964
623.948956964
623.948956964
623.948956964
623.948956964
623.948956964
623.948956964
623.948956964
623.948956964
623.948956964
623.948956964
623.948956964
623.948956964
623.948956964
623.948956964
623.948956964
623.948956964
623.948956964
623.948956964
623.948956964
623.948956964
623.948956964
623.948956964
623.948956964
623.948956964
623.948956964
623.948956964
623.948956964
623.948956964
623.948956964
623.948956964
623.948956964
623.948956964
623.948956964
623.948956964
623.948956964
623.948956964
623.948956964
623.948956964
623.948956964
623.948956964
623.948956964
623.948956964
623.948956964
623.948956964
623.948956964
623.948956964
623.948956964
623.948956964
623.948956964
623.948956964
623.948956964
623.948956964
623.948956964
623.948956964
623.948956964
623.948956964
623.948956964
623.948956964
623.948956964
623.948956964
623.948956964
623.948956964
623.948956964
623.948956964
623.948956964
623.948956964
623.948956964
623.948956964
623.948956964
623.948956964
623.948956964
623.948956964
623.948956964
623.948956964
623.948956964
623.948956964
623.948956964
623.948956964
623.948956964
623.948956964
623.948956964
623.948956964
623.948956964
623.948956964
623.948956964
623.948956964
623.948956964
623.948956964
623.948956964
623.948956964
623.948956964
623.948956964
623.948956964
623.948956964
623.948956964
623.948956964
623.948956964
623.948956964
623.948956964
623.948956964
623.948956964
623.948956964
623.948956964
623.948956964
623.948956964
623.948956964
623.948956964
623.948956964
623.948956964
623.948956964
623.948956964
623.948956964
623.948956964
623.948956964
623.948956964
623.948956964
623.948956964
623.948956964
623.948956964
623.948956964
623.948956964
623.948956964
623.948956964
623.948956964
623.948956964
623.948956964
623.948956964
623.948956964
623.948956964
623.948956964
623.948956964
623.948956964
623.948956964
623.948956964
623.948956964
623.948956964
623.948956964
623.948956964
623.948956964
623.948956964
623.948956964
623.948956964
623.948956964
623.948956964
623.948956964
623.948956964
623.948956964
623.948956964
623.948956964
623.948956964
623.948956964
623.948956964
623.948956964
623.948956964
623.948956964
623.948956964
623.948956964
623.948956964
623.948956964
623.948956964
623.948956964
623.948956964
623.948956964
623.948956964
623.948956964
623.948956964
623.948956964
623.948956964
623.948956964
623.948956964
623.948956964
623.948956964
623.948956964
623.948956964
623.948956964
623.948956964
623.948956964
623.948956964
623.948956964
623.948956964
623.948956964
623.948956964
623.948956964
623.948956964
623.948956964
623.948956964
623.948956964
623.948956964
623.948956964
623.948956964
623.948956964
623.948956964
623.948956964
623.948956964
623.948956964
623.948956964
623.948956964
623.948956964
623.948956964
623.948956964
623.948956964
623.948956964
623.948956964
623.948956964
623.948956964
623.948956964
623.948956964
623.948956964
623.948956964
623.948956964
623.948956964
623.948956964
623.948956964
623.948956964
623.948956964
623.948956964
623.948956964
623.948956964
623.948956964
623.948956964
623.948956964
623.948956964
623.948956964
623.948956964
623.948956964
623.948956964
623.948956964
623.948956964
623.948956964
623.948956964
623.948956964
623.948956964
623.948956964
623.948956964
623.948956964
623.948956964
623.948956964
623.948956964
623.948956964
623.948956964
623.948956964
623.948956964
623.948956964
623.948956964
623.948956964
623.948956964
623.948956964
623.948956964
623.948956964
623.948956964
623.948956964
623.948956964
623.948956964
623.948956964
623.948956964
623.948956964
623.948956964
623.948956964
623.948956964
623.948956964
623.948956964
623.948956964
623.948956964
623.948956964
623.948956964
623.948956964
623.948956964
623.948956964
623.948956964
623.948956964
623.948956964
623.948956964
623.948956964
623.948956964
623.948956964
623.948956964
623.948956964
623.948956964
623.948956964
623.948956964
623.948956964
623.948956964
623.948956964
623.948956964
623.948956964
623.948956964
623.948956964
623.948956964
623.948956964
623.948956964
623.948956964
623.948956964
623.948956964
623.948956964
623.948956964
623.948956964
623.948956964
623.948956964
623.948956964
623.948956964
623.948956964
623.948956964
623.948956964
623.948956964
623.948956964
623.948956964
623.948956964
623.948956964
623.948956964
623.948956964
623.948956964
623.948956964
623.948956964
623.948956964
623.948956964
623.948956964
623.948956964
623.948956964
623.948956964
623.948956964
623.948956964
623.948956964
623.948956964
623.948956964
623.948956964
623.948956964
623.948956964
623.948956964
623.948956964
623.948956964
623.948956964
623.948956964
623.948956964
623.948956964
623.948956964
623.948956964
623.948956964
623.948956964
623.948956964
623.948956964
623.948956964
623.948956964
623.948956964
623.948956964
623.948956964
623.948956964
623.948956964
623.948956964
623.948956964
623.948956964
623.948956964
623.948956964
623.948956964
623.948956964
623.948956964
623.948956964
623.948956964
623.948956964
623.948956964
623.948956964
623.948956964
623.948956964
623.948956964
623.948956964
623.948956964
623.948956964
623.948956964
623.948956964
623.948956964
623.948956964
623.948956964
623.948956964
623.948956964
623.948956964
623.948956964
623.948956964
623.948956964
623.948956964
623.948956964
623.948956964
623.948956964
623.948956964
623.948956964
623.948956964
623.948956964
623.948956964
623.948956964
623.948956964
623.948956964
623.948956964
623.948956964
623.948956964
623.948956964
623.948956964
623.948956964
623.948956964
623.948956964
623.948956964
623.948956964
623.948956964
623.948956964
623.948956964
623.948956964
623.948956964
623.948956964
623.948956964
623.948956964
623.948956964
623.948956964
623.948956964
623.948956964
623.948956964
623.948956964
623.948956964
623.948956964
623.948956964
623.948956964
623.948956964
623.948956964
623.948956964
623.948956964
623.948956964
623.948956964
623.948956964
623.948956964
623.948956964
623.948956964
623.948956964
623.948956964
623.948956964
623.948956964
623.948956964
623.948956964
623.948956964
623.948956964
623.948956964
623.948956964
623.948956964
623.948956964
623.948956964
623.948956964
623.948956964
623.948956964
623.948956964
623.948956964
623.948956964
623.948956964
623.948956964
623.948956964
623.948956964
623.948956964
623.948956964
623.948956964
623.948956964
623.948956964
623.948956964
623.948956964
623.948956964
623.948956964
623.948956964
623.948956964
623.948956964
623.948956964
623.948956964
623.948956964
623.948956964
623.948956964
623.948956964
623.948956964
623.948956964
623.948956964
623.948956964
623.948956964
623.948956964
623.948956964
623.948956964
623.948956964
623.948956964
623.948956964
623.948956964
623.948956964
623.948956964
623.948956964
623.948956964
623.948956964
623.948956964
623.948956964
623.948956964
623.948956964
623.948956964
623.948956964
623.948956964
623.948956964
623.948956964
623.948956964
623.948956964
623.948956964
623.948956964
623.948956964
623.948956964
623.948956964
623.948956964
623.948956964
623.948956964
623.948956964
623.948956964
623.948956964
623.948956964
623.948956964
623.948956964
623.948956964
623.948956964
623.948956964
623.948956964
623.948956964
623.948956964
623.948956964
623.948956964
623.948956964
623.948956964
623.948956964
623.948956964
623.948956964
623.948956964
623.948956964
623.948956964
623.948956964
623.948956964
623.948956964
623.948956964
623.948956964
623.948956964
623.948956964
623.948956964
623.948956964
623.948956964
623.948956964
623.948956964
623.948956964
623.948956964
623.948956964
623.948956964
623.948956964
623.948956964
623.948956964
623.948956964
623.948956964
623.948956964
623.948956964
623.948956964
623.948956964
623.948956964
623.948956964
623.948956964
623.948956964
623.948956964
623.948956964
623.948956964
623.948956964
623.948956964
623.948956964
623.948956964
623.948956964
623.948956964
623.948956964
623.948956964
623.948956964
623.948956964
623.948956964
623.948956964
623.948956964
623.948956964
623.948956964
623.948956964
623.948956964
623.948956964
623.948956964
623.948956964
623.948956964
623.948956964
623.948956964
623.948956964
623.948956964
623.948956964
623.948956964
623.948956964
623.948956964
623.948956964
623.948956964
623.948956964
623.948956964
623.948956964
623.948956964
623.948956964
623.948956964
623.948956964
623.948956964
623.948956964
623.948956964
623.948956964
623.948956964
623.948956964
623.948956964
623.948956964
623.948956964
623.948956964
623.948956964
623.948956964
623.948956964
623.948956964
623.948956964
623.948956964
623.948956964
623.948956964
623.948956964
623.948956964
623.948956964
623.948956964
623.948956964
623.948956964
623.948956964
623.948956964
623.948956964
623.948956964
623.948956964
623.948956964
623.948956964
623.948956964
623.948956964
623.948956964
623.948956964
623.948956964
623.948956964
623.948956964
623.948956964
623.948956964
623.948956964
623.948956964
623.948956964
623.948956964
623.948956964
623.948956964
623.948956964
623.948956964
623.948956964
623.948956964
623.948956964
623.948956964
623.948956964
623.948956964
623.948956964
623.948956964
623.948956964
623.948956964
623.948956964
623.948956964
623.948956964
623.948956964
623.948956964
623.948956964
623.948956964
623.948956964
623.948956964
623.948956964
623.948956964
623.948956964
623.948956964
623.948956964
623.948956964
623.948956964
623.948956964
623.948956964
623.948956964
623.948956964
623.948956964
623.948956964
623.948956964
623.948956964
623.948956964
623.948956964
623.948956964
623.948956964
623.948956964
623.948956964
623.948956964
623.948956964
623.948956964
623.948956964
623.948956964
623.948956964
623.948956964
623.948956964
623.948956964
623.948956964
623.948956964
623.948956964
623.948956964
623.948956964
623.948956964
623.948956964
623.948956964
623.948956964
623.948956964
623.948956964
623.948956964
623.948956964
623.948956964
623.948956964
623.948956964
623.948956964
623.948956964
623.948956964
623.948956964
623.948956964
623.948956964
623.948956964
623.948956964
623.948956964
623.948956964
623.948956964
623.948956964
623.948956964
623.948956964
623.948956964
623.948956964
623.948956964
623.948956964
623.948956964
623.948956964
623.948956964
623.948956964
623.948956964
623.948956964
623.948956964
623.948956964
623.948956964
623.948956964
623.948956964
623.948956964
623.948956964
623.948956964
623.948956964
623.948956964
623.948956964
623.948956964
623.948956964
623.948956964
623.948956964
623.948956964
623.948956964
623.948956964
623.948956964
623.948956964
623.948956964
623.948956964
623.948956964
623.948956964
623.948956964
623.948956964
623.948956964
623.948956964
623.948956964
623.948956964
623.948956964
623.948956964
623.948956964
623.948956964
623.948956964
623.948956964
623.948956964
623.948956964
623.948956964
623.948956964
623.948956964
623.948956964
623.948956964
623.948956964
623.948956964
623.948956964
623.948956964
623.948956964
623.948956964
623.948956964
623.948956964
623.948956964
623.948956964
623.948956964
623.948956964
623.948956964
623.948956964
623.948956964
623.948956964
623.948956964
623.948956964
623.948956964
623.948956964
623.948956964
623.948956964
623.948956964
623.948956964
623.948956964
623.948956964
623.948956964
623.948956964
623.948956964
623.948956964
623.948956964
623.948956964
623.948956964
623.948956964
623.948956964
623.948956964
623.948956964
623.948956964
623.948956964
623.948956964
623.948956964
623.948956964
623.948956964
623.948956964
623.948956964
623.948956964
623.948956964
623.948956964
623.948956964
623.948956964
623.948956964
623.948956964
623.948956964
623.948956964
623.948956964
623.948956964
623.948956964
623.948956964
623.948956964
623.948956964
623.948956964
623.948956964
623.948956964
623.948956964
623.948956964
623.948956964
623.948956964
623.948956964
623.948956964
623.948956964
623.948956964
623.948956964
623.948956964
623.948956964
623.948956964
623.948956964
623.948956964
623.948956964
623.948956964
623.948956964
623.948956964
623.948956964
623.948956964
623.948956964
623.948956964
623.948956964
623.948956964
623.948956964
623.948956964
623.948956964
623.948956964
623.948956964
623.948956964
623.948956964
623.948956964
623.948956964
623.948956964
623.948956964
623.948956964
623.948956964
623.948956964
623.948956964
623.948956964
623.948956964
623.948956964
623.948956964
623.948956964
623.948956964
623.948956964
623.948956964
623.948956964
623.948956964
623.948956964
623.948956964
623.948956964
623.948956964
623.948956964
623.948956964
623.948956964
623.948956964
623.948956964
623.948956964
623.948956964
623.948956964
623.948956964
623.948956964
623.948956964
623.948956964
623.948956964
623.948956964
623.948956964
623.948956964
623.948956964
623.948956964
623.948956964
623.948956964
623.948956964
623.948956964
623.948956964
623.948956964
623.948956964
623.948956964
623.948956964
623.948956964
623.948956964
623.948956964
623.948956964
623.948956964
623.948956964
623.948956964
623.948956964
623.948956964
623.948956964
623.948956964
623.948956964
623.948956964
623.948956964
623.948956964
623.948956964
623.948956964
623.948956964
623.948956964
623.948956964
623.948956964
623.948956964
623.948956964
623.948956964
623.948956964
623.948956964
623.948956964
623.948956964
623.948956964
623.948956964
623.948956964
623.948956964
623.948956964
623.948956964
623.948956964
623.948956964
623.948956964
623.948956964
623.948956964
623.948956964
623.948956964
623.948956964
623.948956964
623.948956964
623.948956964
623.948956964
623.948956964
623.948956964
623.948956964
623.948956964
623.948956964
623.948956964
623.948956964
623.948956964
623.948956964
623.948956964
623.948956964
623.948956964
623.948956964
623.948956964
623.948956964
623.948956964
623.948956964
623.948956964
623.948956964
623.948956964
623.948956964
623.948956964
623.948956964
623.948956964
623.948956964
623.948956964
623.948956964
623.948956964
623.948956964
623.948956964
623.948956964
623.948956964
623.948956964
623.948956964
623.948956964
623.948956964
623.948956964
623.948956964
623.948956964
623.948956964
623.948956964
623.948956964
623.948956964
623.948956964
623.948956964
623.948956964
623.948956964
623.948956964
623.948956964
623.948956964
623.948956964
623.948956964
623.948956964
623.948956964
623.948956964
623.948956964
623.948956964
623.948956964
623.948956964
623.948956964
623.948956964
623.948956964
623.948956964
623.948956964
623.948956964
623.948956964
623.948956964
623.948956964
623.948956964
623.948956964
623.948956964
623.948956964
623.948956964
623.948956964
623.948956964
623.948956964
623.948956964
623.948956964
623.948956964
623.948956964
623.948956964
623.948956964
623.948956964
623.948956964
623.948956964
623.948956964
623.948956964
623.948956964
623.948956964
623.948956964
623.948956964
623.948956964
623.948956964
623.948956964
623.948956964
623.948956964
623.948956964
623.948956964
623.948956964
623.948956964
623.948956964
623.948956964
623.948956964
623.948956964
623.948956964
623.948956964
623.948956964
623.948956964
623.948956964
623.948956964
623.948956964
623.948956964
623.948956964
623.948956964
623.948956964
623.948956964
623.948956964
623.948956964
623.948956964
623.948956964
623.948956964
623.948956964
623.948956964
623.948956964
623.948956964
623.948956964
623.948956964
623.948956964
623.948956964
623.948956964
623.948956964
623.948956964
623.948956964
623.948956964
623.948956964
623.948956964
623.948956964
623.948956964
623.948956964
623.948956964
623.948956964
623.948956964
623.948956964
623.948956964
623.948956964
623.948956964
623.948956964
623.948956964
623.948956964
623.948956964
623.948956964
623.948956964
623.948956964
623.948956964
623.948956964
623.948956964
623.948956964
623.948956964
623.948956964
623.948956964
623.948956964
623.948956964
623.948956964
623.948956964
623.948956964
623.948956964
623.948956964
623.948956964
623.948956964
623.948956964
623.948956964
623.948956964
623.948956964
623.948956964
623.948956964
623.948956964
623.948956964
623.948956964
623.948956964
623.948956964
623.948956964
623.948956964
623.948956964
623.948956964
623.948956964
623.948956964
623.948956964
623.948956964
623.948956964
623.948956964
623.948956964
623.948956964
623.948956964
623.948956964
623.948956964
623.948956964
623.948956964
623.948956964
623.948956964
623.948956964
623.948956964
623.948956964
623.948956964
623.948956964
623.948956964
623.948956964
623.948956964
623.948956964
623.948956964
623.948956964
623.948956964
623.948956964
623.948956964
623.948956964
623.948956964
623.948956964
623.948956964
623.948956964
623.948956964
623.948956964
623.948956964
623.948956964
623.948956964
623.948956964
623.948956964
623.948956964
623.948956964
623.948956964
623.948956964
623.948956964
623.948956964
623.948956964
623.948956964
623.948956964
623.948956964
623.948956964
623.948956964
623.948956964
623.948956964
623.948956964
623.948956964
623.948956964
623.948956964
623.948956964
623.948956964
623.948956964
623.948956964
623.948956964
623.948956964
623.948956964
623.948956964
623.948956964
623.948956964
623.948956964
623.948956964
623.948956964
623.948956964
623.948956964
623.948956964
623.948956964
623.948956964
623.948956964
623.948956964
623.948956964
623.948956964
623.948956964
623.948956964
623.948956964
623.948956964
623.948956964
623.948956964
623.948956964
623.948956964
623.948956964
623.948956964
623.948956964
623.948956964
623.948956964
623.948956964
623.948956964
623.948956964
623.948956964
623.948956964
623.948956964
623.948956964
623.948956964
623.948956964
623.948956964
623.948956964
623.948956964
623.948956964
623.948956964
623.948956964
623.948956964
623.948956964
623.948956964
623.948956964
623.948956964
623.948956964
623.948956964
623.948956964
623.948956964
623.948956964
623.948956964
623.948956964
623.948956964
623.948956964
623.948956964
623.948956964
623.948956964
623.948956964
623.948956964
623.948956964
623.948956964
623.948956964
623.948956964
623.948956964
623.948956964
623.948956964
623.948956964
623.948956964
623.948956964
623.948956964
623.948956964
623.948956964
623.948956964
623.948956964
623.948956964
623.948956964
623.948956964
623.948956964
623.948956964
623.948956964
623.948956964
623.948956964
623.948956964
623.948956964
623.948956964
623.948956964
623.948956964
623.948956964
623.948956964
623.948956964
623.948956964
623.948956964
623.948956964
623.948956964
623.948956964
623.948956964
623.948956964
623.948956964
623.948956964
623.948956964
623.948956964
623.948956964
623.948956964
623.948956964
623.948956964
623.948956964
623.948956964
623.948956964
623.948956964
623.948956964
623.948956964
623.948956964
623.948956964
623.948956964
623.948956964
623.948956964
623.948956964
623.948956964
623.948956964
623.948956964
623.948956964
623.948956964
623.948956964
623.948956964
623.948956964
623.948956964
623.948956964
623.948956964
623.948956964
623.948956964
623.948956964
623.948956964
623.948956964
623.948956964
623.948956964
623.948956964
623.948956964
623.948956964
623.948956964
623.948956964
623.948956964
623.948956964
623.948956964
623.948956964
623.948956964
623.948956964
623.948956964
623.948956964
623.948956964
623.948956964
623.948956964
623.948956964
623.948956964
623.948956964
623.948956964
623.948956964
623.948956964
623.948956964
623.948956964
623.948956964
623.948956964
623.948956964
623.948956964
623.948956964
623.948956964
623.948956964
623.948956964
623.948956964
623.948956964
623.948956964
623.948956964
623.948956964
623.948956964
623.948956964
623.948956964
623.948956964
623.948956964
623.948956964
623.948956964
623.948956964
623.948956964
623.948956964
623.948956964
623.948956964
623.948956964
623.948956964
623.948956964
623.948956964
623.948956964
623.948956964
623.948956964
623.948956964
623.948956964
623.948956964
623.948956964
623.948956964
623.948956964
623.948956964
623.948956964
623.948956964
623.948956964
623.948956964
623.948956964
623.948956964
623.948956964
623.948956964
623.948956964
623.948956964
623.948956964
623.948956964
623.948956964
623.948956964
623.948956964
623.948956964
623.948956964
623.948956964
623.948956964
623.948956964
623.948956964
623.948956964
623.948956964
623.948956964
623.948956964
623.948956964
623.948956964
623.948956964
623.948956964
623.948956964
623.948956964
623.948956964
623.948956964
623.948956964
623.948956964
623.948956964
623.948956964
623.948956964
623.948956964
623.948956964
623.948956964
623.948956964
623.948956964
623.948956964
623.948956964
623.948956964
623.948956964
623.948956964
623.948956964
623.948956964
623.948956964
623.948956964
623.948956964
623.948956964
623.948956964
623.948956964
623.948956964
623.948956964
623.948956964
623.948956964
623.948956964
623.948956964
623.948956964
623.948956964
623.948956964
623.948956964
623.948956964
623.948956964
623.948956964
623.948956964
623.948956964
623.948956964
623.948956964
623.948956964
623.948956964
623.948956964
623.948956964
623.948956964
623.948956964
623.948956964
623.948956964
623.948956964
623.948956964
623.948956964
623.948956964
623.948956964
623.948956964
623.948956964
623.948956964
623.948956964
623.948956964
623.948956964
623.948956964
623.948956964
623.948956964
623.948956964
623.948956964
623.948956964
623.948956964
623.948956964
623.948956964
623.948956964
623.948956964
623.948956964
623.948956964
623.948956964
623.948956964
623.948956964
623.948956964
623.948956964
623.948956964
623.948956964
623.948956964
623.948956964
623.948956964
623.948956964
623.948956964
623.948956964
623.948956964
623.948956964
623.948956964
623.948956964
623.948956964
623.948956964
623.948956964
623.948956964
623.948956964
623.948956964
623.948956964
623.948956964
623.948956964
623.948956964
623.948956964
623.948956964
623.948956964
623.948956964
623.948956964
623.948956964
623.948956964
623.948956964
623.948956964
623.948956964
623.948956964
623.948956964
623.948956964
623.948956964
623.948956964
623.948956964
623.948956964
623.948956964
623.948956964
623.948956964
623.948956964
623.948956964
623.948956964
623.948956964
623.948956964
623.948956964
623.948956964
623.948956964
623.948956964
623.948956964
623.948956964
623.948956964
623.948956964
623.948956964
623.948956964
623.948956964
623.948956964
623.948956964
623.948956964
623.948956964
623.948956964
623.948956964
623.948956964
623.948956964
623.948956964
623.948956964
623.948956964
623.948956964
623.948956964
623.948956964
623.948956964
623.948956964
623.948956964
623.948956964
623.948956964
623.948956964
623.948956964
623.948956964
623.948956964
623.948956964
623.948956964
623.948956964
623.948956964
623.948956964
623.948956964
623.948956964
623.948956964
623.948956964
623.948956964
623.948956964
623.948956964
623.948956964
623.948956964
623.948956964
623.948956964
623.948956964
623.948956964
623.948956964
623.948956964
623.948956964
623.948956964
623.948956964
623.948956964
623.948956964
623.948956964
623.948956964
623.948956964
623.948956964
623.948956964
623.948956964
623.948956964
623.948956964
623.948956964
623.948956964
623.948956964
623.948956964
623.948956964
623.948956964
623.948956964
623.948956964
623.948956964
623.948956964
623.948956964
623.948956964
623.948956964
623.948956964
623.948956964
623.948956964
623.948956964
623.948956964
623.948956964
623.948956964
623.948956964
623.948956964
623.948956964
623.948956964
623.948956964
623.948956964
623.948956964
623.948956964
623.948956964
623.948956964
623.948956964
623.948956964
623.948956964
623.948956964
623.948956964
623.948956964
623.948956964
623.948956964
623.948956964
623.948956964
623.948956964
623.948956964
623.948956964
623.948956964
623.948956964
623.948956964
623.948956964
623.948956964
623.948956964
623.948956964
623.948956964
623.948956964
623.948956964
623.948956964
623.948956964
623.948956964
623.948956964
623.948956964
623.948956964
623.948956964
623.948956964
623.948956964
623.948956964
623.948956964
623.948956964
623.948956964
623.948956964
623.948956964
623.948956964
623.948956964
623.948956964
623.948956964
623.948956964
623.948956964
623.948956964
623.948956964
623.948956964
623.948956964
623.948956964
623.948956964
623.948956964
623.948956964
623.948956964
623.948956964
623.948956964
623.948956964
623.948956964
623.948956964
623.948956964
623.948956964
623.948956964
623.948956964
623.948956964
623.948956964
623.948956964
623.948956964
623.948956964
623.948956964
623.948956964
623.948956964
623.948956964
623.948956964
623.948956964
623.948956964
623.948956964
623.948956964
623.948956964
623.948956964
623.948956964
623.948956964
623.948956964
623.948956964
623.948956964
623.948956964
623.948956964
623.948956964
623.948956964
623.948956964
623.948956964
623.948956964
623.948956964
623.948956964
623.948956964
623.948956964
623.948956964
623.948956964
623.948956964
623.948956964
623.948956964
623.948956964
623.948956964
623.948956964
623.948956964
623.948956964
623.948956964
623.948956964
623.948956964
623.948956964
623.948956964
623.948956964
623.948956964
623.948956964
623.948956964
623.948956964
623.948956964
623.948956964
623.948956964
623.948956964
623.948956964
623.948956964
623.948956964
623.948956964
623.948956964
623.948956964
623.948956964
623.948956964
623.948956964
623.948956964
623.948956964
623.948956964
623.948956964
623.948956964
623.948956964
623.948956964
623.948956964
623.948956964
623.948956964
623.948956964
623.948956964
623.948956964
623.948956964
623.948956964
623.948956964
623.948956964
623.948956964
623.948956964
623.948956964
623.948956964
623.948956964
623.948956964
623.948956964
623.948956964
623.948956964
623.948956964
623.948956964
623.948956964
623.948956964
623.948956964
623.948956964
623.948956964
623.948956964
623.948956964
623.948956964
623.948956964
623.948956964
623.948956964
623.948956964
623.948956964
623.948956964
623.948956964
623.948956964
623.948956964
623.948956964
623.948956964
623.948956964
623.948956964
623.948956964
623.948956964
623.948956964
623.948956964
623.948956964
623.948956964
623.948956964
623.948956964
623.948956964
623.948956964
623.948956964
623.948956964
623.948956964
623.948956964
623.948956964
623.948956964
623.948956964
623.948956964
623.948956964
623.948956964
623.948956964
623.948956964
623.948956964
623.948956964
623.948956964
623.948956964
623.948956964
623.948956964
623.948956964
623.948956964
623.948956964
623.948956964
623.948956964
623.948956964
623.948956964
623.948956964
623.948956964
623.948956964
623.948956964
623.948956964
623.948956964
623.948956964
623.948956964
623.948956964
623.948956964
623.948956964
623.948956964
623.948956964
623.948956964
623.948956964
623.948956964
623.948956964
623.948956964
623.948956964
623.948956964
623.948956964
623.948956964
623.948956964
623.948956964
623.948956964
623.948956964
623.948956964
623.948956964
623.948956964
623.948956964
623.948956964
623.948956964
623.948956964
623.948956964
623.948956964
623.948956964
623.948956964
623.948956964
623.948956964
623.948956964
623.948956964
623.948956964
623.948956964
623.948956964
623.948956964
623.948956964
623.948956964
623.948956964
623.948956964
623.948956964
623.948956964
623.948956964
623.948956964
623.948956964
623.948956964
623.948956964
623.948956964
623.948956964
623.948956964
623.948956964
623.948956964
623.948956964
623.948956964
623.948956964
623.948956964
623.948956964
623.948956964
623.948956964
623.948956964
623.948956964
623.948956964
623.948956964
623.948956964
623.948956964
623.948956964
623.948956964
623.948956964
623.948956964
623.948956964
623.948956964
623.948956964
623.948956964
623.948956964
623.948956964
623.948956964
623.948956964
623.948956964
623.948956964
623.948956964
623.948956964
623.948956964
623.948956964
623.948956964
623.948956964
623.948956964
623.948956964
623.948956964
623.948956964
623.948956964
623.948956964
623.948956964
623.948956964
623.948956964
623.948956964
623.948956964
623.948956964
623.948956964
623.948956964
623.948956964
623.948956964
623.948956964
623.948956964
623.948956964
623.948956964
623.948956964
623.948956964
623.948956964
623.948956964
623.948956964
623.948956964
623.948956964
623.948956964
623.948956964
623.948956964
623.948956964
623.948956964
623.948956964
623.948956964
623.948956964
623.948956964
623.948956964
623.948956964
623.948956964
623.948956964
623.948956964
623.948956964
623.948956964
623.948956964
623.948956964
623.948956964
623.948956964
623.948956964
623.948956964
623.948956964
623.948956964
623.948956964
623.948956964
623.948956964
623.948956964
623.948956964
623.948956964
623.948956964
623.948956964
623.948956964
623.948956964
623.948956964
623.948956964
623.948956964
623.948956964
623.948956964
623.948956964
623.948956964
623.948956964
623.948956964
623.948956964
623.948956964
623.948956964
623.948956964
623.948956964
623.948956964
623.948956964
623.948956964
623.948956964
623.948956964
623.948956964
623.948956964
623.948956964
623.948956964
623.948956964
623.948956964
623.948956964
623.948956964
623.948956964
623.948956964
623.948956964
623.948956964
623.948956964
623.948956964
623.948956964
623.948956964
623.948956964
623.948956964
623.948956964
623.948956964
623.948956964
623.948956964
623.948956964
623.948956964
623.948956964
623.948956964
623.948956964
623.948956964
623.948956964
623.948956964
623.948956964
623.948956964
623.948956964
623.948956964
623.948956964
623.948956964
623.948956964
623.948956964
623.948956964
623.948956964
623.948956964
623.948956964
623.948956964
623.948956964
623.948956964
623.948956964
623.948956964
623.948956964
623.948956964
623.948956964
623.948956964
623.948956964
623.948956964
623.948956964
623.948956964
623.948956964
623.948956964
623.948956964
623.948956964
623.948956964
623.948956964
623.948956964
623.948956964
623.948956964
623.948956964
623.948956964
623.948956964
623.948956964
623.948956964
623.948956964
623.948956964
623.948956964
623.948956964
623.948956964
623.948956964
623.948956964
623.948956964
623.948956964
623.948956964
623.948956964
623.948956964
623.948956964
623.948956964
623.948956964
623.948956964
623.948956964
623.948956964
623.948956964
623.948956964
623.948956964
623.948956964
623.948956964
623.948956964
623.948956964
623.948956964
623.948956964
623.948956964
623.948956964
623.948956964
623.948956964
623.948956964
623.948956964
623.948956964
623.948956964
623.948956964
623.948956964
623.948956964
623.948956964
623.948956964
623.948956964
623.948956964
623.948956964
623.948956964
623.948956964
623.948956964
623.948956964
623.948956964
623.948956964
623.948956964
623.948956964
623.948956964
623.948956964
623.948956964
623.948956964
623.948956964
623.948956964
623.948956964
623.948956964
623.948956964
623.948956964
623.948956964
623.948956964
623.948956964
623.948956964
623.948956964
623.948956964
623.948956964
623.948956964
623.948956964
623.948956964
623.948956964
623.948956964
623.948956964
623.948956964
623.948956964
623.948956964
623.948956964
623.948956964
623.948956964
623.948956964
623.948956964
623.948956964
623.948956964
623.948956964
623.948956964
623.948956964
623.948956964
623.948956964
623.948956964
623.948956964
623.948956964
623.948956964
623.948956964
623.948956964
623.948956964
623.948956964
623.948956964
623.948956964
623.948956964
623.948956964
623.948956964
623.948956964
623.948956964
623.948956964
623.948956964
623.948956964
623.948956964
623.948956964
623.948956964
623.948956964
623.948956964
623.948956964
623.948956964
623.948956964
623.948956964
623.948956964
623.948956964
623.948956964
623.948956964
623.948956964
623.948956964
623.948956964
623.948956964
623.948956964
623.948956964
623.948956964
623.948956964
623.948956964
623.948956964
623.948956964
623.948956964
623.948956964
623.948956964
623.948956964
623.948956964
623.948956964
623.948956964
623.948956964
623.948956964
623.948956964
623.948956964
623.948956964
623.948956964
623.948956964
623.948956964
623.948956964
623.948956964
623.948956964
623.948956964
623.948956964
623.948956964
623.948956964
623.948956964
623.948956964
623.948956964
623.948956964
623.948956964
623.948956964
623.948956964
623.948956964
623.948956964
623.948956964
623.948956964
623.948956964
623.948956964
623.948956964
623.948956964
623.948956964
623.948956964
623.948956964
623.948956964
623.948956964
623.948956964
623.948956964
623.948956964
623.948956964
623.948956964
623.948956964
623.948956964
623.948956964
623.948956964
623.948956964
623.948956964
623.948956964
623.948956964
623.948956964
623.948956964
623.948956964
623.948956964
623.948956964
623.948956964
623.948956964
623.948956964
623.948956964
623.948956964
623.948956964
623.948956964
623.948956964
623.948956964
623.948956964
623.948956964
623.948956964
623.948956964
623.948956964
623.948956964
623.948956964
623.948956964
623.948956964
623.948956964
623.948956964
623.948956964
623.948956964
623.948956964
623.948956964
623.948956964
623.948956964
623.948956964
623.948956964
623.948956964
623.948956964
623.948956964
623.948956964
623.948956964
623.948956964
623.948956964
623.948956964
623.948956964
623.948956964
623.948956964
623.948956964
623.948956964
623.948956964
623.948956964
623.948956964
623.948956964
623.948956964
623.948956964
623.948956964
623.948956964
623.948956964
623.948956964
623.948956964
623.948956964
623.948956964
623.948956964
623.948956964
623.948956964
623.948956964
623.948956964
623.948956964
623.948956964
623.948956964
623.948956964
623.948956964
623.948956964
623.948956964
623.948956964
623.948956964
623.948956964
623.948956964
623.948956964
623.948956964
623.948956964
623.948956964
623.948956964
623.948956964
623.948956964
623.948956964
623.948956964
623.948956964
623.948956964
623.948956964
623.948956964
623.948956964
623.948956964
623.948956964
623.948956964
623.948956964
623.948956964
623.948956964
623.948956964
623.948956964
623.948956964
623.948956964
623.948956964
623.948956964
623.948956964
623.948956964
623.948956964
623.948956964
623.948956964
623.948956964
623.948956964
623.948956964
623.948956964
623.948956964
623.948956964
623.948956964
623.948956964
623.948956964
623.948956964
623.948956964
623.948956964
623.948956964
623.948956964
623.948956964
623.948956964
623.948956964
623.948956964
623.948956964
623.948956964
623.948956964
623.948956964
623.948956964
623.948956964
623.948956964
623.948956964
623.948956964
623.948956964
623.948956964
623.948956964
623.948956964
623.948956964
623.948956964
623.948956964
623.948956964
623.948956964
623.948956964
623.948956964
623.948956964
623.948956964
623.948956964
623.948956964
623.948956964
623.948956964
623.948956964
623.948956964
623.948956964
623.948956964
623.948956964
623.948956964
623.948956964
623.948956964
623.948956964
623.948956964
623.948956964
623.948956964
623.948956964
623.948956964
623.948956964
623.948956964
623.948956964
623.948956964
623.948956964
623.948956964
623.948956964
623.948956964
623.948956964
623.948956964
623.948956964
623.948956964
623.948956964
623.948956964
623.948956964
623.948956964
623.948956964
623.948956964
623.948956964
623.948956964
623.948956964
623.948956964
623.948956964
623.948956964
623.948956964
623.948956964
623.948956964
623.948956964
623.948956964
623.948956964
623.948956964
623.948956964
623.948956964
623.948956964
623.948956964
623.948956964
623.948956964
623.948956964
623.948956964
623.948956964
623.948956964
623.948956964
623.948956964
623.948956964
623.948956964
623.948956964
623.948956964
623.948956964
623.948956964
623.948956964
623.948956964
623.948956964
623.948956964
623.948956964
623.948956964
623.948956964
623.948956964
623.948956964
623.948956964
623.948956964
623.948956964
623.948956964
623.948956964
623.948956964
623.948956964
623.948956964
623.948956964
623.948956964
623.948956964
623.948956964
623.948956964
623.948956964
623.948956964
623.948956964
623.948956964
623.948956964
623.948956964
623.948956964
623.948956964
623.948956964
623.948956964
623.948956964
623.948956964
623.948956964
623.948956964
623.948956964
623.948956964
623.948956964
623.948956964
623.948956964
623.948956964
623.948956964
623.948956964
623.948956964
623.948956964
623.948956964
623.948956964
623.948956964
623.948956964
623.948956964
623.948956964
623.948956964
623.948956964
623.948956964
623.948956964
623.948956964
623.948956964
623.948956964
623.948956964
623.948956964
623.948956964
623.948956964
623.948956964
623.948956964
623.948956964
623.948956964
623.948956964
623.948956964
623.948956964
623.948956964
623.948956964
623.948956964
623.948956964
623.948956964
623.948956964
623.948956964
623.948956964
623.948956964
623.948956964
623.948956964
623.948956964
623.948956964
623.948956964
623.948956964
623.948956964
623.948956964
623.948956964
623.948956964
623.948956964
623.948956964
623.948956964
623.948956964
623.948956964
623.948956964
623.948956964
623.948956964
623.948956964
623.948956964
623.948956964
623.948956964
623.948956964
623.948956964
623.948956964
623.948956964
623.948956964
623.948956964
623.948956964
623.948956964
623.948956964
623.948956964
623.948956964
623.948956964
623.948956964
623.948956964
623.948956964
623.948956964
623.948956964
623.948956964
623.948956964
623.948956964
623.948956964
623.948956964
623.948956964
623.948956964
623.948956964
623.948956964
623.948956964
623.948956964
623.948956964
623.948956964
623.948956964
623.948956964
623.948956964
623.948956964
623.948956964
623.948956964
623.948956964
623.948956964
623.948956964
623.948956964
623.948956964
623.948956964
623.948956964
623.948956964
623.948956964
623.948956964
623.948956964
623.948956964
623.948956964
623.948956964
623.948956964
623.948956964
623.948956964
623.948956964
623.948956964
623.948956964
623.948956964
623.948956964
623.948956964
623.948956964
623.948956964
623.948956964
623.948956964
623.948956964
623.948956964
623.948956964
623.948956964
623.948956964
623.948956964
623.948956964
623.948956964
623.948956964
623.948956964
623.948956964
623.948956964
623.948956964
623.948956964
623.948956964
623.948956964
623.948956964
623.948956964
623.948956964
623.948956964
623.948956964
623.948956964
623.948956964
623.948956964
623.948956964
623.948956964
623.948956964
623.948956964
623.948956964
623.948956964
623.948956964
623.948956964
623.948956964
623.948956964
623.948956964
623.948956964
623.948956964
623.948956964
623.948956964
623.948956964
623.948956964
623.948956964
623.948956964
623.948956964
623.948956964
623.948956964
623.948956964
623.948956964
623.948956964
623.948956964
623.948956964
623.948956964
623.948956964
623.948956964
623.948956964
623.948956964
623.948956964
623.948956964
623.948956964
623.948956964
623.948956964
623.948956964
623.948956964
623.948956964
623.948956964
623.948956964
623.948956964
623.948956964
623.948956964
623.948956964
623.948956964
623.948956964
623.948956964
623.948956964
623.948956964
623.948956964
623.948956964
623.948956964
623.948956964
623.948956964
623.948956964
623.948956964
623.948956964
623.948956964
623.948956964
623.948956964
623.948956964
623.948956964
623.948956964
623.948956964
623.948956964
623.948956964
623.948956964
623.948956964
623.948956964
623.948956964
623.948956964
623.948956964
623.948956964
623.948956964
623.948956964
623.948956964
623.948956964
623.948956964
623.948956964
623.948956964
623.948956964
623.948956964
623.948956964
623.948956964
623.948956964
623.948956964
623.948956964
623.948956964
623.948956964
623.948956964
623.948956964
623.948956964
623.948956964
623.948956964
623.948956964
623.948956964
623.948956964
623.948956964
623.948956964
623.948956964
623.948956964
623.948956964
623.948956964
623.948956964
623.948956964
623.948956964
623.948956964
623.948956964
623.948956964
623.948956964
623.948956964
623.948956964
623.948956964
623.948956964
623.948956964
623.948956964
623.948956964
623.948956964
623.948956964
623.948956964
623.948956964
623.948956964
623.948956964
623.948956964
623.948956964
623.948956964
623.948956964
623.948956964
623.948956964
623.948956964
623.948956964
623.948956964
623.948956964
623.948956964
623.948956964
623.948956964
623.948956964
623.948956964
623.948956964
