1472.87304097
1372.8139213
1326.90506347
1286.55730585
1290.47233744
1273.15774836
1272.07504626
1265.6367123
1251.00976907
1261.69767262
1243.06595876
1249.79258642
1243.56732518
1162.62765689
1146.3560797
1139.25977025
1134.33219028
1092.6229097
1092.00043007
1089.6400643
1086.66571387
1083.3968013
1094.02983254
1095.91315847
1101.14725713
1128.82124322
1128.20496921
1123.72217888
1118.6744463
1123.71454518
1124.41591081
1125.26846411
1118.42438629
1126.52576716
1127.47571076
1143.036416
1147.1086189
1149.86335487
1127.92940646
1169.05322834
1132.30928952
1120.931797
1117.99739307
1112.19452684
1095.54475067
1105.5798956
1088.66950661
1112.89402687
1086.50939086
1060.76063281
1069.30860714
1051.95820956
1057.95551075
1052.67468087
1064.97854733
1054.96323432
1074.18658419
1074.18658419
1078.98495601
1094.42629181
1039.88084497
1039.88084497
1008.95122999
1008.95122999
1010.77978436
1008.25228026
1008.37996572
985.646810988
993.625893003
989.169012651
1021.44237519
1016.2151048
1011.65770609
997.042354525
1026.35698135
1028.00421176
1072.30338329
1049.88017112
1010.7342847
999.486958467
993.531928891
981.264036496
979.390497919
974.94685687
965.553595147
957.381418451
946.16545387
939.709556377
939.709556377
934.485875923
921.910383918
921.910383918
931.807663171
931.727292649
901.20880814
901.20880814
901.20880814
915.770172841
908.100975585
908.100975585
904.913719456
890.465406145
890.465406145
890.465406145
890.465406145
868.43325298
868.43325298
868.43325298
868.43325298
868.43325298
865.10143352
864.085608717
864.085608717
864.085608717
850.438294555
833.009857424
829.665609915
829.665609915
829.665609915
820.779679626
818.75345178
818.288631545
818.288631545
818.288631545
811.856635747
811.856635747
811.856635747
810.372267567
810.372267567
810.372267567
810.372267567
810.372267567
810.111788289
810.111788289
808.76089626
808.76089626
812.204297964
808.996726159
808.996726159
808.996726159
808.996726159
800.780687513
800.780687513
800.780687513
800.780687513
800.780687513
800.181020238
780.900540827
780.900540827
780.900540827
780.900540827
771.105053395
771.105053395
771.105053395
771.105053395
771.105053395
771.105053395
771.105053395
771.105053395
760.636317548
760.636317548
760.636317548
760.636317548
760.636317548
757.55249004
754.334373946
742.81541979
742.81541979
742.81541979
734.584056388
734.584056388
734.584056388
733.476282561
732.564466133
732.564466133
732.564466133
732.564466133
732.564466133
732.564466133
732.564466133
731.292286839
731.292286839
731.292286839
718.752159923
718.752159923
718.752159923
718.752159923
718.752159923
718.752159923
718.752159923
718.752159923
718.752159923
716.904673963
716.904673963
716.904673963
716.904673963
716.904673963
703.80455199
703.80455199
703.80455199
703.80455199
703.80455199
703.80455199
703.80455199
703.741088068
702.633314242
702.633314242
702.633314242
702.633314242
702.633314242
702.633314242
702.633314242
702.633314242
702.633314242
702.633314242
700.02468567
695.565916828
695.565916828
695.565916828
690.676272093
690.676272093
690.676272093
690.676272093
690.290781135
690.290781135
690.290781135
687.876059306
687.876059306
687.876059306
687.876059306
687.876059306
687.876059306
687.876059306
687.876059306
687.876059306
687.876059306
687.876059306
684.810211936
684.810211936
684.810211936
684.810211936
684.810211936
684.810211936
684.810211936
684.810211936
684.810211936
684.810211936
684.810211936
684.810211936
684.810211936
684.810211936
684.810211936
684.810211936
684.810211936
684.810211936
684.810211936
684.810211936
684.810211936
684.810211936
684.810211936
684.810211936
684.395986771
684.395986771
684.395986771
684.395986771
684.395986771
684.395986771
684.395986771
684.395986771
684.395986771
684.395986771
684.395986771
684.395986771
684.395986771
684.395986771
684.395986771
684.395986771
684.395986771
684.395986771
684.395986771
684.395986771
684.395986771
684.395986771
684.395986771
684.395986771
684.395986771
680.589854168
680.589854168
680.589854168
680.589854168
680.589854168
680.589854168
680.589854168
680.589854168
680.589854168
680.589854168
680.589854168
680.589854168
680.589854168
680.589854168
680.589854168
680.589854168
680.589854168
680.589854168
680.589854168
680.589854168
680.589854168
680.589854168
680.589854168
680.589854168
680.589854168
680.589854168
680.589854168
680.027517981
680.027517981
680.027517981
680.027517981
680.027517981
680.027517981
680.027517981
680.027517981
680.027517981
680.027517981
680.027517981
680.027517981
680.027517981
680.027517981
674.051323983
672.858014585
672.858014585
672.858014585
672.858014585
672.858014585
672.858014585
672.858014585
669.033007025
669.033007025
669.033007025
667.38966179
667.38966179
667.38966179
667.38966179
667.38966179
667.38966179
664.420347381
664.420347381
664.420347381
664.420347381
664.420347381
664.420347381
664.420347381
664.420347381
664.420347381
664.420347381
664.420347381
664.420347381
664.420347381
659.668968662
659.668968662
659.348724385
659.348724385
652.910222219
652.910222219
652.910222219
652.910222219
652.910222219
652.910222219
652.910222219
652.910222219
652.910222219
652.910222219
652.910222219
652.910222219
652.910222219
652.910222219
652.910222219
652.910222219
652.910222219
652.910222219
652.910222219
652.910222219
652.910222219
652.910222219
652.910222219
652.910222219
652.910222219
652.910222219
652.910222219
652.910222219
652.910222219
652.910222219
652.910222219
652.910222219
652.910222219
652.910222219
652.910222219
652.910222219
652.910222219
652.910222219
652.910222219
652.910222219
652.910222219
652.910222219
652.910222219
652.910222219
652.910222219
652.910222219
652.910222219
652.910222219
652.910222219
652.910222219
652.910222219
652.910222219
652.910222219
652.910222219
652.910222219
652.910222219
652.910222219
652.910222219
652.910222219
652.910222219
652.910222219
652.910222219
652.910222219
652.910222219
652.910222219
652.910222219
652.910222219
652.910222219
652.910222219
652.910222219
652.910222219
652.910222219
652.910222219
652.910222219
652.910222219
652.910222219
652.910222219
652.910222219
652.910222219
652.910222219
652.910222219
652.910222219
652.910222219
652.910222219
652.910222219
652.910222219
652.910222219
652.910222219
652.910222219
652.910222219
652.910222219
652.910222219
652.910222219
652.910222219
652.910222219
652.910222219
652.910222219
652.910222219
652.910222219
652.910222219
652.910222219
651.901898245
651.901898245
651.901898245
651.901898245
651.901898245
651.901898245
651.901898245
651.901898245
651.901898245
651.901898245
651.901898245
651.901898245
651.901898245
651.901898245
651.901898245
651.901898245
651.901898245
651.901898245
651.901898245
651.901898245
651.901898245
651.901898245
651.901898245
651.901898245
651.901898245
651.901898245
651.901898245
651.901898245
651.901898245
651.901898245
651.901898245
651.901898245
651.901898245
651.901898245
651.901898245
651.901898245
651.901898245
651.901898245
651.111718863
651.111718863
651.111718863
651.111718863
651.111718863
651.111718863
651.111718863
651.111718863
651.111718863
651.111718863
651.111718863
651.111718863
651.111718863
651.111718863
651.111718863
651.111718863
651.111718863
651.111718863
651.111718863
651.111718863
651.111718863
651.111718863
651.111718863
651.111718863
651.111718863
651.111718863
651.111718863
651.111718863
651.111718863
651.111718863
651.111718863
651.111718863
651.111718863
651.111718863
651.111718863
651.111718863
651.111718863
651.111718863
651.111718863
651.111718863
651.111718863
651.111718863
651.111718863
651.111718863
651.111718863
651.111718863
651.111718863
651.111718863
651.111718863
651.111718863
651.111718863
651.111718863
651.111718863
651.111718863
651.111718863
651.111718863
651.111718863
651.111718863
651.111718863
651.111718863
651.111718863
651.111718863
651.111718863
651.111718863
651.111718863
651.111718863
651.111718863
651.111718863
651.111718863
651.111718863
651.111718863
651.111718863
651.111718863
651.111718863
651.111718863
648.635975001
648.635975001
648.635975001
648.635975001
648.635975001
648.635975001
648.635975001
648.635975001
648.635975001
648.635975001
648.635975001
648.635975001
648.635975001
648.635975001
648.635975001
648.635975001
648.635975001
645.210249079
645.210249079
645.210249079
645.210249079
645.210249079
645.210249079
645.210249079
645.210249079
645.210249079
645.210249079
645.210249079
645.210249079
645.210249079
645.210249079
645.210249079
645.210249079
645.210249079
636.855058884
636.855058884
635.375393149
635.375393149
635.375393149
635.375393149
635.375393149
635.375393149
635.375393149
635.375393149
635.375393149
635.375393149
635.375393149
635.375393149
635.375393149
635.375393149
635.375393149
635.375393149
635.375393149
635.375393149
634.226558656
634.226558656
634.226558656
634.226558656
634.226558656
634.226558656
634.008893032
634.008893032
634.008893032
634.008893032
634.008893032
634.008893032
634.008893032
634.008893032
634.008893032
634.008893032
634.008893032
634.008893032
634.008893032
634.008893032
634.008893032
634.008893032
634.008893032
634.008893032
634.008893032
634.008893032
634.008893032
634.008893032
634.008893032
634.008893032
634.008893032
634.008893032
634.008893032
634.008893032
634.008893032
634.008893032
634.008893032
634.008893032
634.008893032
634.008893032
634.008893032
634.008893032
634.008893032
634.008893032
634.008893032
634.008893032
634.008893032
634.008893032
634.008893032
634.008893032
634.008893032
634.008893032
634.008893032
634.008893032
634.008893032
634.008893032
634.008893032
634.008893032
634.008893032
634.008893032
634.008893032
634.008893032
634.008893032
634.008893032
634.008893032
634.008893032
634.008893032
634.008893032
634.008893032
634.008893032
634.008893032
634.008893032
634.008893032
634.008893032
634.008893032
634.008893032
634.008893032
634.008893032
634.008893032
634.008893032
634.008893032
634.008893032
634.008893032
634.008893032
634.008893032
634.008893032
634.008893032
634.008893032
634.008893032
634.008893032
634.008893032
634.008893032
633.583339476
633.583339476
633.583339476
633.583339476
633.583339476
633.583339476
633.583339476
633.583339476
632.218178576
632.218178576
632.218178576
632.218178576
632.218178576
632.218178576
632.218178576
632.218178576
632.218178576
632.218178576
632.218178576
632.218178576
632.218178576
632.218178576
632.218178576
632.218178576
632.218178576
632.218178576
632.218178576
632.218178576
632.218178576
632.218178576
632.218178576
632.218178576
632.218178576
632.218178576
632.218178576
632.218178576
632.218178576
632.218178576
632.218178576
632.218178576
632.218178576
632.218178576
632.218178576
632.218178576
632.218178576
632.218178576
632.218178576
632.218178576
632.218178576
632.218178576
632.218178576
632.218178576
632.218178576
632.218178576
632.218178576
632.218178576
632.218178576
632.218178576
632.218178576
632.218178576
632.218178576
632.218178576
632.218178576
632.218178576
632.218178576
629.428204691
629.428204691
629.428204691
629.428204691
629.428204691
629.428204691
629.428204691
629.428204691
629.428204691
629.428204691
629.428204691
629.428204691
629.428204691
629.428204691
629.428204691
629.428204691
629.428204691
629.428204691
629.428204691
629.428204691
629.428204691
629.428204691
629.428204691
629.428204691
629.428204691
629.428204691
629.428204691
629.428204691
629.428204691
629.428204691
629.428204691
629.428204691
629.428204691
629.428204691
629.428204691
629.428204691
629.428204691
629.428204691
629.428204691
629.428204691
629.428204691
629.428204691
629.428204691
629.428204691
629.428204691
629.428204691
629.428204691
629.428204691
629.428204691
629.428204691
629.428204691
629.428204691
629.428204691
629.428204691
629.428204691
629.428204691
629.428204691
629.428204691
629.428204691
629.428204691
629.428204691
629.428204691
629.428204691
629.428204691
629.428204691
629.428204691
629.428204691
629.428204691
629.428204691
629.428204691
628.412736105
628.412736105
628.412736105
628.412736105
628.412736105
628.412736105
628.412736105
628.412736105
628.412736105
628.412736105
628.412736105
628.412736105
628.412736105
628.412736105
628.412736105
627.047575204
627.047575204
627.047575204
627.047575204
627.047575204
627.047575204
627.047575204
627.047575204
627.047575204
627.047575204
627.047575204
627.047575204
627.047575204
627.047575204
624.397766947
624.397766947
624.397766947
624.397766947
624.397766947
624.397766947
624.397766947
624.397766947
624.397766947
624.397766947
624.397766947
624.397766947
624.397766947
624.397766947
624.397766947
624.397766947
624.397766947
624.397766947
624.397766947
624.397766947
624.397766947
624.397766947
624.397766947
624.397766947
624.397766947
624.397766947
624.397766947
624.397766947
624.397766947
624.397766947
624.397766947
624.397766947
624.397766947
624.397766947
624.397766947
624.397766947
624.397766947
624.397766947
624.397766947
624.397766947
624.397766947
624.397766947
624.397766947
624.397766947
624.397766947
624.397766947
624.397766947
624.397766947
624.397766947
624.397766947
624.397766947
624.397766947
624.397766947
624.397766947
624.397766947
624.397766947
624.397766947
624.397766947
624.397766947
624.397766947
624.397766947
624.397766947
624.397766947
624.397766947
624.397766947
624.397766947
624.397766947
624.397766947
624.397766947
624.397766947
624.397766947
624.397766947
624.397766947
624.397766947
624.397766947
624.397766947
624.397766947
624.397766947
624.397766947
624.397766947
624.397766947
624.397766947
624.397766947
624.397766947
624.397766947
624.397766947
624.397766947
624.397766947
624.397766947
624.397766947
624.397766947
624.397766947
624.397766947
624.397766947
624.397766947
624.397766947
624.397766947
624.397766947
624.397766947
624.397766947
624.397766947
624.397766947
624.397766947
624.397766947
624.397766947
624.397766947
624.397766947
624.397766947
624.397766947
624.397766947
624.397766947
624.397766947
624.397766947
624.397766947
624.397766947
624.397766947
624.397766947
624.397766947
624.397766947
624.397766947
624.397766947
624.397766947
624.397766947
624.397766947
624.397766947
624.397766947
624.397766947
624.397766947
624.397766947
624.397766947
624.397766947
624.397766947
624.397766947
624.397766947
624.397766947
624.397766947
624.397766947
624.397766947
624.397766947
624.397766947
624.397766947
624.397766947
624.397766947
624.397766947
624.397766947
624.397766947
624.397766947
624.397766947
624.397766947
624.397766947
624.397766947
624.397766947
624.397766947
624.397766947
624.397766947
624.397766947
624.397766947
624.397766947
624.397766947
624.397766947
624.397766947
624.397766947
624.397766947
624.397766947
624.397766947
624.397766947
624.397766947
624.397766947
624.397766947
624.397766947
624.397766947
624.397766947
624.397766947
624.397766947
624.397766947
624.397766947
624.397766947
624.397766947
624.397766947
624.397766947
624.397766947
624.397766947
624.397766947
624.397766947
624.397766947
624.397766947
624.397766947
624.397766947
624.397766947
624.397766947
624.397766947
624.397766947
624.397766947
624.397766947
624.397766947
624.397766947
624.397766947
624.397766947
624.397766947
624.397766947
624.397766947
624.397766947
624.397766947
624.397766947
624.397766947
624.397766947
624.397766947
624.397766947
624.397766947
624.397766947
624.397766947
624.397766947
624.397766947
624.397766947
624.397766947
624.397766947
624.397766947
624.397766947
624.397766947
624.397766947
624.397766947
624.397766947
624.397766947
624.397766947
624.397766947
624.397766947
624.397766947
624.397766947
624.397766947
624.397766947
624.397766947
624.397766947
624.397766947
624.397766947
624.397766947
624.397766947
624.397766947
624.397766947
624.397766947
624.397766947
624.397766947
624.397766947
624.397766947
624.397766947
624.397766947
624.397766947
624.397766947
624.397766947
624.397766947
624.397766947
624.397766947
624.397766947
624.397766947
624.397766947
624.397766947
624.397766947
624.397766947
624.397766947
624.397766947
624.397766947
624.397766947
624.397766947
624.397766947
624.397766947
624.397766947
624.397766947
624.397766947
624.397766947
624.397766947
624.397766947
624.397766947
624.397766947
624.397766947
624.397766947
624.397766947
624.397766947
624.397766947
624.397766947
624.397766947
624.397766947
624.397766947
624.397766947
624.397766947
624.397766947
624.397766947
624.397766947
624.397766947
624.397766947
624.397766947
624.397766947
624.397766947
624.397766947
624.397766947
624.397766947
624.397766947
624.397766947
624.397766947
624.397766947
624.397766947
624.397766947
624.397766947
624.397766947
624.397766947
624.397766947
624.397766947
624.397766947
624.397766947
624.397766947
624.397766947
624.397766947
624.397766947
624.397766947
624.397766947
624.397766947
624.397766947
624.397766947
624.397766947
624.397766947
624.397766947
624.397766947
624.397766947
624.397766947
624.397766947
612.004928085
612.004928085
612.004928085
612.004928085
612.004928085
612.004928085
612.004928085
612.004928085
612.004928085
612.004928085
612.004928085
612.004928085
612.004928085
612.004928085
612.004928085
612.004928085
612.004928085
612.004928085
612.004928085
612.004928085
612.004928085
612.004928085
612.004928085
612.004928085
612.004928085
612.004928085
612.004928085
612.004928085
612.004928085
612.004928085
612.004928085
612.004928085
612.004928085
612.004928085
612.004928085
612.004928085
612.004928085
612.004928085
612.004928085
612.004928085
612.004928085
612.004928085
612.004928085
612.004928085
612.004928085
612.004928085
612.004928085
612.004928085
612.004928085
612.004928085
612.004928085
612.004928085
612.004928085
612.004928085
612.004928085
612.004928085
612.004928085
612.004928085
612.004928085
612.004928085
612.004928085
612.004928085
612.004928085
612.004928085
612.004928085
612.004928085
612.004928085
612.004928085
612.004928085
612.004928085
612.004928085
612.004928085
612.004928085
612.004928085
612.004928085
612.004928085
612.004928085
612.004928085
612.004928085
612.004928085
612.004928085
612.004928085
612.004928085
612.004928085
612.004928085
612.004928085
612.004928085
612.004928085
612.004928085
612.004928085
612.004928085
612.004928085
612.004928085
612.004928085
612.004928085
612.004928085
612.004928085
612.004928085
612.004928085
612.004928085
612.004928085
612.004928085
612.004928085
612.004928085
612.004928085
612.004928085
612.004928085
612.004928085
612.004928085
612.004928085
612.004928085
612.004928085
612.004928085
612.004928085
612.004928085
612.004928085
612.004928085
612.004928085
612.004928085
612.004928085
612.004928085
612.004928085
612.004928085
612.004928085
612.004928085
612.004928085
612.004928085
612.004928085
612.004928085
612.004928085
612.004928085
612.004928085
612.004928085
612.004928085
612.004928085
612.004928085
612.004928085
612.004928085
612.004928085
612.004928085
612.004928085
612.004928085
612.004928085
612.004928085
612.004928085
612.004928085
612.004928085
612.004928085
612.004928085
612.004928085
612.004928085
612.004928085
612.004928085
612.004928085
612.004928085
612.004928085
612.004928085
612.004928085
612.004928085
612.004928085
612.004928085
612.004928085
612.004928085
612.004928085
612.004928085
612.004928085
612.004928085
612.004928085
612.004928085
612.004928085
612.004928085
612.004928085
612.004928085
612.004928085
612.004928085
612.004928085
612.004928085
612.004928085
612.004928085
612.004928085
612.004928085
612.004928085
612.004928085
612.004928085
612.004928085
612.004928085
612.004928085
607.132077221
607.132077221
607.132077221
607.132077221
607.132077221
607.132077221
607.132077221
607.132077221
607.132077221
607.132077221
607.132077221
607.132077221
607.132077221
607.132077221
607.132077221
607.132077221
607.132077221
607.132077221
607.132077221
607.132077221
607.132077221
607.132077221
607.132077221
607.132077221
607.132077221
607.132077221
607.132077221
607.132077221
607.132077221
607.132077221
607.132077221
607.132077221
607.132077221
607.132077221
607.132077221
607.132077221
607.132077221
607.132077221
607.132077221
607.132077221
607.132077221
607.132077221
607.132077221
607.132077221
607.132077221
607.132077221
607.132077221
607.132077221
607.132077221
607.132077221
607.132077221
607.132077221
607.132077221
607.132077221
607.132077221
607.132077221
607.132077221
607.132077221
607.132077221
607.132077221
607.132077221
607.132077221
607.132077221
607.132077221
607.132077221
607.132077221
607.132077221
607.132077221
607.132077221
607.132077221
607.132077221
607.132077221
607.132077221
607.132077221
607.132077221
607.132077221
607.132077221
607.132077221
607.132077221
607.132077221
607.132077221
607.132077221
607.132077221
607.132077221
607.132077221
607.132077221
607.132077221
607.132077221
607.132077221
607.132077221
607.132077221
607.132077221
607.132077221
607.132077221
607.132077221
607.132077221
607.132077221
607.132077221
607.132077221
607.132077221
607.132077221
607.132077221
607.132077221
607.132077221
607.132077221
607.132077221
607.132077221
607.132077221
607.132077221
607.132077221
607.132077221
607.132077221
607.132077221
607.132077221
607.132077221
607.132077221
607.132077221
607.132077221
607.132077221
607.132077221
607.132077221
607.132077221
607.132077221
607.132077221
607.132077221
607.132077221
607.132077221
607.132077221
603.561308347
603.561308347
603.561308347
603.561308347
603.561308347
603.561308347
603.561308347
603.561308347
603.561308347
603.561308347
603.561308347
603.561308347
603.561308347
603.561308347
603.561308347
603.561308347
603.561308347
603.561308347
603.561308347
603.561308347
603.561308347
603.561308347
603.561308347
603.561308347
603.561308347
603.561308347
603.561308347
603.561308347
603.561308347
603.561308347
603.561308347
603.561308347
603.561308347
603.561308347
603.561308347
603.561308347
603.561308347
603.561308347
603.561308347
603.561308347
603.561308347
603.561308347
603.561308347
603.561308347
603.561308347
603.561308347
603.561308347
603.561308347
603.561308347
603.561308347
603.561308347
603.561308347
603.561308347
603.561308347
603.561308347
603.561308347
603.561308347
603.561308347
603.561308347
603.561308347
603.561308347
603.561308347
603.561308347
603.561308347
603.561308347
603.561308347
603.561308347
603.561308347
603.561308347
603.561308347
603.561308347
603.561308347
603.561308347
603.561308347
603.561308347
603.561308347
603.561308347
603.561308347
603.561308347
603.561308347
603.561308347
603.561308347
603.561308347
603.561308347
603.561308347
603.561308347
603.561308347
603.561308347
603.561308347
603.561308347
603.561308347
603.561308347
603.561308347
603.561308347
603.561308347
603.561308347
603.561308347
603.561308347
603.561308347
598.907583746
598.907583746
598.907583746
598.907583746
598.907583746
598.907583746
598.907583746
598.907583746
598.907583746
598.907583746
598.907583746
598.907583746
598.907583746
598.907583746
598.907583746
598.907583746
598.907583746
598.907583746
598.907583746
598.907583746
598.907583746
598.907583746
598.907583746
598.907583746
598.907583746
598.907583746
598.907583746
598.907583746
598.907583746
598.907583746
598.907583746
598.907583746
598.907583746
598.907583746
598.907583746
598.907583746
598.907583746
598.907583746
598.907583746
598.907583746
598.907583746
598.907583746
598.907583746
598.907583746
598.907583746
595.812824408
595.812824408
595.812824408
595.812824408
595.812824408
595.812824408
595.812824408
595.812824408
595.812824408
595.812824408
595.812824408
595.812824408
595.812824408
595.812824408
595.812824408
595.812824408
595.812824408
595.812824408
595.812824408
595.812824408
595.812824408
595.812824408
595.812824408
595.812824408
595.812824408
595.812824408
595.812824408
595.812824408
595.812824408
595.812824408
595.812824408
595.812824408
595.812824408
595.812824408
595.812824408
595.812824408
595.812824408
595.812824408
595.812824408
595.812824408
595.812824408
595.812824408
595.812824408
595.812824408
595.812824408
595.812824408
595.812824408
595.812824408
595.812824408
595.812824408
595.812824408
595.812824408
595.812824408
595.812824408
595.812824408
595.812824408
595.812824408
595.812824408
595.812824408
595.812824408
595.812824408
595.812824408
595.812824408
595.812824408
595.812824408
595.812824408
595.812824408
595.812824408
595.812824408
595.812824408
595.812824408
595.812824408
595.812824408
595.812824408
595.812824408
595.812824408
595.812824408
595.812824408
595.812824408
595.812824408
595.812824408
595.812824408
595.812824408
595.812824408
595.812824408
595.812824408
595.812824408
595.812824408
595.812824408
595.812824408
595.812824408
595.812824408
595.812824408
595.812824408
595.812824408
595.812824408
595.812824408
595.812824408
595.812824408
595.812824408
595.812824408
595.812824408
595.812824408
595.812824408
595.812824408
595.812824408
595.812824408
595.812824408
595.812824408
595.812824408
595.812824408
595.812824408
595.812824408
595.812824408
595.812824408
595.812824408
595.812824408
595.812824408
595.812824408
595.812824408
595.812824408
595.812824408
595.812824408
595.812824408
595.812824408
595.812824408
595.812824408
595.812824408
595.812824408
595.812824408
595.812824408
595.812824408
595.812824408
595.812824408
595.812824408
595.812824408
595.812824408
595.812824408
595.812824408
595.812824408
595.812824408
595.812824408
595.812824408
595.812824408
595.812824408
595.812824408
595.812824408
595.812824408
595.812824408
595.812824408
595.812824408
595.812824408
595.812824408
595.812824408
595.812824408
595.812824408
595.812824408
595.812824408
595.812824408
595.812824408
595.812824408
595.812824408
595.812824408
595.812824408
595.812824408
595.812824408
595.812824408
595.812824408
595.812824408
595.812824408
595.812824408
595.812824408
595.812824408
595.812824408
595.812824408
595.812824408
595.812824408
595.812824408
595.812824408
595.812824408
595.812824408
595.812824408
595.812824408
595.812824408
595.812824408
595.812824408
595.812824408
595.812824408
595.812824408
595.812824408
595.812824408
595.812824408
595.812824408
595.812824408
595.812824408
595.812824408
595.812824408
595.812824408
595.812824408
595.812824408
595.812824408
595.812824408
595.812824408
595.812824408
595.812824408
595.812824408
595.812824408
595.812824408
595.812824408
595.812824408
595.812824408
595.812824408
595.812824408
595.812824408
595.812824408
595.812824408
595.812824408
595.812824408
595.812824408
595.812824408
595.812824408
595.812824408
595.812824408
595.812824408
595.812824408
595.812824408
595.812824408
595.812824408
595.812824408
595.812824408
595.812824408
595.812824408
595.812824408
595.812824408
595.812824408
595.812824408
595.812824408
595.812824408
595.812824408
595.812824408
595.812824408
595.812824408
595.812824408
595.812824408
595.812824408
595.812824408
595.812824408
595.812824408
595.812824408
595.812824408
595.812824408
595.812824408
595.812824408
595.812824408
595.812824408
595.812824408
595.812824408
595.812824408
595.812824408
595.812824408
595.812824408
595.812824408
595.812824408
595.812824408
595.812824408
595.812824408
595.812824408
595.812824408
595.812824408
595.812824408
595.812824408
595.812824408
595.812824408
595.812824408
595.812824408
595.812824408
595.812824408
595.812824408
595.812824408
595.812824408
595.812824408
595.812824408
595.812824408
595.812824408
595.812824408
595.812824408
595.812824408
595.812824408
594.947451624
594.947451624
594.947451624
594.947451624
594.947451624
594.947451624
594.947451624
594.947451624
594.947451624
594.947451624
594.947451624
594.947451624
594.947451624
594.947451624
594.947451624
594.947451624
594.947451624
594.947451624
594.947451624
594.947451624
594.947451624
594.947451624
594.947451624
594.947451624
594.947451624
594.947451624
594.947451624
594.947451624
594.947451624
594.947451624
594.947451624
594.947451624
594.947451624
594.947451624
594.947451624
594.947451624
594.947451624
594.947451624
594.947451624
594.947451624
594.947451624
594.947451624
594.947451624
594.947451624
594.947451624
594.947451624
594.947451624
594.947451624
594.947451624
594.947451624
594.947451624
594.947451624
594.947451624
594.947451624
594.947451624
594.947451624
594.947451624
594.947451624
594.947451624
594.947451624
594.947451624
594.947451624
594.947451624
594.947451624
594.947451624
594.947451624
594.947451624
594.947451624
594.947451624
594.947451624
594.947451624
594.947451624
594.947451624
594.947451624
594.947451624
594.947451624
594.947451624
594.947451624
594.947451624
594.947451624
594.947451624
594.947451624
594.947451624
594.947451624
594.947451624
594.947451624
594.947451624
594.947451624
594.947451624
594.947451624
594.947451624
594.947451624
594.947451624
594.947451624
594.947451624
594.947451624
594.947451624
594.947451624
594.947451624
594.947451624
594.947451624
594.947451624
594.947451624
594.947451624
594.947451624
594.947451624
594.947451624
594.947451624
594.947451624
594.947451624
594.947451624
594.947451624
594.947451624
594.947451624
594.947451624
594.947451624
594.947451624
594.947451624
594.947451624
594.947451624
594.947451624
594.947451624
594.947451624
594.947451624
594.947451624
594.947451624
594.947451624
594.947451624
594.947451624
594.947451624
594.947451624
594.947451624
594.947451624
594.947451624
594.947451624
594.947451624
594.947451624
594.947451624
594.947451624
594.947451624
594.947451624
594.947451624
594.947451624
594.947451624
594.947451624
594.947451624
594.947451624
594.947451624
594.947451624
594.947451624
594.947451624
594.947451624
594.947451624
594.947451624
594.947451624
594.947451624
594.947451624
594.947451624
594.947451624
594.947451624
594.947451624
594.947451624
594.947451624
594.947451624
594.947451624
594.947451624
594.947451624
594.947451624
594.947451624
594.947451624
594.947451624
594.947451624
594.947451624
594.947451624
594.947451624
594.947451624
594.947451624
594.947451624
594.947451624
594.947451624
594.947451624
594.947451624
594.947451624
594.947451624
594.947451624
594.947451624
594.947451624
594.947451624
594.947451624
594.947451624
594.947451624
594.947451624
594.947451624
594.947451624
594.947451624
594.947451624
594.947451624
594.947451624
594.947451624
594.947451624
594.947451624
594.947451624
594.947451624
594.947451624
594.947451624
594.947451624
594.947451624
594.947451624
594.947451624
594.947451624
594.947451624
594.947451624
594.947451624
594.947451624
594.947451624
594.947451624
594.947451624
594.947451624
594.947451624
594.947451624
594.947451624
594.947451624
594.947451624
594.947451624
594.947451624
594.947451624
594.947451624
594.947451624
594.947451624
594.947451624
594.947451624
594.947451624
594.947451624
594.947451624
594.947451624
594.947451624
594.947451624
594.947451624
594.947451624
594.947451624
594.947451624
594.947451624
594.947451624
594.947451624
594.947451624
594.947451624
594.947451624
594.947451624
594.947451624
594.947451624
594.947451624
594.947451624
594.947451624
594.947451624
594.947451624
594.947451624
594.947451624
594.947451624
594.947451624
594.947451624
594.947451624
594.947451624
594.947451624
594.947451624
594.947451624
594.947451624
594.947451624
594.947451624
594.947451624
594.947451624
594.947451624
594.947451624
594.947451624
594.947451624
594.947451624
594.947451624
594.947451624
594.947451624
594.947451624
594.947451624
594.947451624
594.947451624
594.947451624
594.947451624
594.947451624
594.947451624
594.947451624
594.947451624
594.947451624
594.947451624
594.947451624
594.947451624
594.947451624
594.947451624
594.947451624
594.947451624
594.947451624
594.947451624
594.947451624
594.947451624
594.947451624
594.947451624
594.947451624
594.947451624
594.947451624
594.947451624
594.947451624
594.947451624
594.947451624
594.947451624
594.947451624
594.947451624
594.947451624
594.947451624
594.947451624
594.947451624
594.947451624
594.947451624
594.947451624
594.947451624
594.947451624
594.947451624
594.947451624
594.947451624
594.947451624
594.947451624
594.947451624
594.947451624
594.947451624
594.947451624
594.947451624
594.947451624
594.947451624
594.947451624
594.947451624
594.947451624
594.947451624
594.947451624
594.947451624
594.947451624
594.947451624
594.947451624
594.947451624
594.947451624
594.947451624
594.947451624
594.947451624
594.947451624
594.947451624
594.947451624
594.947451624
594.947451624
594.947451624
594.947451624
594.947451624
594.947451624
594.947451624
594.947451624
594.947451624
594.947451624
594.947451624
594.947451624
594.947451624
594.947451624
594.947451624
594.947451624
594.947451624
594.947451624
594.947451624
594.947451624
594.947451624
594.947451624
594.947451624
594.947451624
594.947451624
594.947451624
594.947451624
594.947451624
594.947451624
594.947451624
594.947451624
594.947451624
594.947451624
594.947451624
594.947451624
594.947451624
594.947451624
594.947451624
594.947451624
594.947451624
594.947451624
594.947451624
594.947451624
594.947451624
594.947451624
594.947451624
594.947451624
594.947451624
594.947451624
594.947451624
594.947451624
594.947451624
594.947451624
594.947451624
594.947451624
594.947451624
594.947451624
594.947451624
594.947451624
594.947451624
594.947451624
594.947451624
594.947451624
594.947451624
594.947451624
594.947451624
594.947451624
594.947451624
594.947451624
594.947451624
594.947451624
594.947451624
594.947451624
594.947451624
594.947451624
594.947451624
594.947451624
594.947451624
594.947451624
594.947451624
594.947451624
594.947451624
594.947451624
594.947451624
594.947451624
594.947451624
594.947451624
594.947451624
594.947451624
594.947451624
594.947451624
594.947451624
594.947451624
594.947451624
594.947451624
594.947451624
594.947451624
594.947451624
594.947451624
594.947451624
594.947451624
594.947451624
594.947451624
594.947451624
594.947451624
594.947451624
594.947451624
594.947451624
594.947451624
594.947451624
594.947451624
594.947451624
594.947451624
594.947451624
594.947451624
594.947451624
594.947451624
594.947451624
594.947451624
594.947451624
594.947451624
594.947451624
594.947451624
594.947451624
594.947451624
594.947451624
594.947451624
594.947451624
594.947451624
594.947451624
594.947451624
594.947451624
594.947451624
594.947451624
594.947451624
594.947451624
594.947451624
594.947451624
594.947451624
594.947451624
594.947451624
594.947451624
594.947451624
594.947451624
594.947451624
594.947451624
594.947451624
594.947451624
594.947451624
594.947451624
594.947451624
594.947451624
594.947451624
594.947451624
594.947451624
594.947451624
594.947451624
594.947451624
594.947451624
594.947451624
594.947451624
594.947451624
594.947451624
594.947451624
594.947451624
594.947451624
594.947451624
594.947451624
594.947451624
594.947451624
594.947451624
594.947451624
594.947451624
594.947451624
594.947451624
594.947451624
594.947451624
594.947451624
594.947451624
594.947451624
594.947451624
594.947451624
594.947451624
594.947451624
594.947451624
594.947451624
594.947451624
594.947451624
594.947451624
594.947451624
594.947451624
594.947451624
594.947451624
594.947451624
594.947451624
594.947451624
594.947451624
594.947451624
594.947451624
594.947451624
594.947451624
594.947451624
594.947451624
594.947451624
594.947451624
594.947451624
594.947451624
594.947451624
594.947451624
594.947451624
594.947451624
594.947451624
594.947451624
594.947451624
594.947451624
594.947451624
594.947451624
594.947451624
594.947451624
594.947451624
594.947451624
594.947451624
594.947451624
594.947451624
594.947451624
594.947451624
594.947451624
594.947451624
594.947451624
594.947451624
594.947451624
594.947451624
594.947451624
594.947451624
594.947451624
594.947451624
594.947451624
594.947451624
594.947451624
594.947451624
594.947451624
594.947451624
594.947451624
594.947451624
594.947451624
594.947451624
594.947451624
594.947451624
594.947451624
594.947451624
594.947451624
594.947451624
594.947451624
594.947451624
594.947451624
594.947451624
594.947451624
594.947451624
594.947451624
594.947451624
594.947451624
594.947451624
594.947451624
594.947451624
594.947451624
594.947451624
594.947451624
594.947451624
594.947451624
594.947451624
594.947451624
594.947451624
594.947451624
594.947451624
594.947451624
594.947451624
594.947451624
594.947451624
594.947451624
594.947451624
594.947451624
594.947451624
594.947451624
594.947451624
594.947451624
594.947451624
594.947451624
594.947451624
594.947451624
594.947451624
594.947451624
594.947451624
594.947451624
594.947451624
594.947451624
594.947451624
594.947451624
594.947451624
594.947451624
594.947451624
594.947451624
594.947451624
594.947451624
594.947451624
594.947451624
594.947451624
594.947451624
594.947451624
594.947451624
594.947451624
594.947451624
594.947451624
594.947451624
594.947451624
594.947451624
594.947451624
594.947451624
594.947451624
594.947451624
594.947451624
594.947451624
594.947451624
594.947451624
594.947451624
594.947451624
594.947451624
594.947451624
594.947451624
594.947451624
594.947451624
594.947451624
594.947451624
594.947451624
594.947451624
594.947451624
594.947451624
594.947451624
594.947451624
594.947451624
594.947451624
594.947451624
594.947451624
594.947451624
594.947451624
594.947451624
594.947451624
594.947451624
594.947451624
594.947451624
594.947451624
594.947451624
594.947451624
594.947451624
594.947451624
594.947451624
594.947451624
594.947451624
594.947451624
594.947451624
594.947451624
594.947451624
594.947451624
594.947451624
594.947451624
594.947451624
594.947451624
594.947451624
594.947451624
594.947451624
594.947451624
594.947451624
594.947451624
594.947451624
594.947451624
594.947451624
594.947451624
594.947451624
594.947451624
594.947451624
594.947451624
594.947451624
594.947451624
594.947451624
594.947451624
594.947451624
594.947451624
594.947451624
594.947451624
594.947451624
594.947451624
594.947451624
594.947451624
594.947451624
594.947451624
594.947451624
594.947451624
594.947451624
594.947451624
594.947451624
594.947451624
594.947451624
594.947451624
594.947451624
594.947451624
594.947451624
594.947451624
594.947451624
594.947451624
594.947451624
594.947451624
594.947451624
594.947451624
594.947451624
594.947451624
594.947451624
594.947451624
594.947451624
594.947451624
594.947451624
594.947451624
594.947451624
594.947451624
594.947451624
594.947451624
594.947451624
594.947451624
594.947451624
594.947451624
594.947451624
594.947451624
594.947451624
594.947451624
594.947451624
594.947451624
594.947451624
594.947451624
594.947451624
594.947451624
594.947451624
594.947451624
594.947451624
594.947451624
594.947451624
594.947451624
594.947451624
594.947451624
594.947451624
594.947451624
594.947451624
594.947451624
594.947451624
594.947451624
594.947451624
594.947451624
594.947451624
594.947451624
594.947451624
594.947451624
594.947451624
594.947451624
594.947451624
594.947451624
594.947451624
594.947451624
594.947451624
594.947451624
594.947451624
594.947451624
594.947451624
594.947451624
594.947451624
594.947451624
594.947451624
594.947451624
594.947451624
594.947451624
594.947451624
594.947451624
594.947451624
594.947451624
594.947451624
594.947451624
594.947451624
594.947451624
594.947451624
594.947451624
594.947451624
594.947451624
594.947451624
594.947451624
594.947451624
594.947451624
594.947451624
594.947451624
594.947451624
594.947451624
594.947451624
594.947451624
594.947451624
594.947451624
594.947451624
594.947451624
594.947451624
594.947451624
594.947451624
594.947451624
594.947451624
594.947451624
594.947451624
594.947451624
594.947451624
594.947451624
594.947451624
594.947451624
594.947451624
594.947451624
594.947451624
594.947451624
594.947451624
594.947451624
594.947451624
594.947451624
594.947451624
594.947451624
594.947451624
594.947451624
594.947451624
594.947451624
594.947451624
594.947451624
594.947451624
594.947451624
594.947451624
594.947451624
594.947451624
594.947451624
594.947451624
594.947451624
594.947451624
594.947451624
594.947451624
594.947451624
594.947451624
594.947451624
594.947451624
594.947451624
594.947451624
594.947451624
594.947451624
594.947451624
594.947451624
594.947451624
594.947451624
594.947451624
594.947451624
594.947451624
594.947451624
594.947451624
594.947451624
594.947451624
594.947451624
594.947451624
594.947451624
594.947451624
594.947451624
594.947451624
594.947451624
594.947451624
594.947451624
594.947451624
594.947451624
594.947451624
594.947451624
594.947451624
594.947451624
594.947451624
594.947451624
594.947451624
594.947451624
594.947451624
594.947451624
594.947451624
594.947451624
594.947451624
594.947451624
594.947451624
594.947451624
594.947451624
594.947451624
594.947451624
594.947451624
594.947451624
594.947451624
594.947451624
594.947451624
594.947451624
594.947451624
594.947451624
594.947451624
594.947451624
594.947451624
594.947451624
594.947451624
594.947451624
594.947451624
594.947451624
594.947451624
594.947451624
594.947451624
594.947451624
594.947451624
594.947451624
594.947451624
594.947451624
594.947451624
594.947451624
594.947451624
594.947451624
594.947451624
594.947451624
594.947451624
594.947451624
594.947451624
594.947451624
594.947451624
594.947451624
594.947451624
594.947451624
594.947451624
594.947451624
594.947451624
594.947451624
594.947451624
594.947451624
594.947451624
594.947451624
594.947451624
594.947451624
594.947451624
594.947451624
594.947451624
594.947451624
594.947451624
594.947451624
594.947451624
594.947451624
594.947451624
594.947451624
594.947451624
594.947451624
594.947451624
594.947451624
594.947451624
594.947451624
594.947451624
594.947451624
594.947451624
594.947451624
594.947451624
594.947451624
594.947451624
594.947451624
594.947451624
594.947451624
594.947451624
594.947451624
594.947451624
594.947451624
594.947451624
594.947451624
594.947451624
594.947451624
594.947451624
594.947451624
594.947451624
594.947451624
594.947451624
594.947451624
594.947451624
594.947451624
594.947451624
594.947451624
594.947451624
594.947451624
594.947451624
594.947451624
594.947451624
594.947451624
594.947451624
594.947451624
594.947451624
594.947451624
594.947451624
594.947451624
594.947451624
594.947451624
594.947451624
594.947451624
594.947451624
594.947451624
594.947451624
594.947451624
594.947451624
594.947451624
594.947451624
594.947451624
594.947451624
594.947451624
594.947451624
594.947451624
594.947451624
594.947451624
594.947451624
594.947451624
594.947451624
594.947451624
594.947451624
594.947451624
594.947451624
594.947451624
594.947451624
594.947451624
594.947451624
594.947451624
594.947451624
594.947451624
594.947451624
594.947451624
594.947451624
594.947451624
594.947451624
594.947451624
594.947451624
594.947451624
594.947451624
594.947451624
594.947451624
594.947451624
594.947451624
594.947451624
594.947451624
594.947451624
594.947451624
594.947451624
594.947451624
594.947451624
594.947451624
594.947451624
594.947451624
594.947451624
594.947451624
594.947451624
594.947451624
594.947451624
594.947451624
594.947451624
594.947451624
594.947451624
594.947451624
594.947451624
594.947451624
594.947451624
594.947451624
594.947451624
594.947451624
594.947451624
594.947451624
594.947451624
594.947451624
594.947451624
594.947451624
594.947451624
594.947451624
594.947451624
594.947451624
594.947451624
594.947451624
594.947451624
594.947451624
594.947451624
594.947451624
594.947451624
594.947451624
594.947451624
594.947451624
594.947451624
594.947451624
594.947451624
594.947451624
594.947451624
594.947451624
594.947451624
594.947451624
594.947451624
594.947451624
594.947451624
594.947451624
594.947451624
594.947451624
594.947451624
594.947451624
594.947451624
594.947451624
594.947451624
594.947451624
594.947451624
594.947451624
594.947451624
594.947451624
594.947451624
594.947451624
594.947451624
594.947451624
594.947451624
594.947451624
594.947451624
594.947451624
594.947451624
594.947451624
594.947451624
594.947451624
594.947451624
594.947451624
594.947451624
594.947451624
594.947451624
594.947451624
594.947451624
594.947451624
594.947451624
594.947451624
594.947451624
594.947451624
594.947451624
594.947451624
594.947451624
594.947451624
594.947451624
594.947451624
594.947451624
594.947451624
594.947451624
594.947451624
594.947451624
594.947451624
594.947451624
594.947451624
594.947451624
594.947451624
594.947451624
594.947451624
594.947451624
594.947451624
594.947451624
594.947451624
594.947451624
594.947451624
594.947451624
594.947451624
594.947451624
594.947451624
594.947451624
594.947451624
594.947451624
594.947451624
594.947451624
594.947451624
594.947451624
594.947451624
594.947451624
594.947451624
594.947451624
594.947451624
594.947451624
594.947451624
594.947451624
594.947451624
594.947451624
594.947451624
594.947451624
594.947451624
594.947451624
594.947451624
594.947451624
594.947451624
594.947451624
594.947451624
594.947451624
594.947451624
594.947451624
594.947451624
594.947451624
594.947451624
594.947451624
594.947451624
594.947451624
594.947451624
594.947451624
594.947451624
594.947451624
594.947451624
594.947451624
594.947451624
594.947451624
594.947451624
594.947451624
594.947451624
594.947451624
594.947451624
594.947451624
594.947451624
594.947451624
594.947451624
594.947451624
594.947451624
594.947451624
594.947451624
594.947451624
594.947451624
594.947451624
594.947451624
594.947451624
594.947451624
594.947451624
594.947451624
594.947451624
594.947451624
594.947451624
594.947451624
594.947451624
594.947451624
594.947451624
594.947451624
594.947451624
594.947451624
594.947451624
594.947451624
594.947451624
594.947451624
594.947451624
594.947451624
594.947451624
594.947451624
594.947451624
594.947451624
594.947451624
594.947451624
594.947451624
594.947451624
594.947451624
594.947451624
594.947451624
594.947451624
594.947451624
594.947451624
594.947451624
594.947451624
594.947451624
594.947451624
594.947451624
594.947451624
594.947451624
594.947451624
594.947451624
594.947451624
594.947451624
594.947451624
594.947451624
594.947451624
594.947451624
594.947451624
594.947451624
594.947451624
594.947451624
594.947451624
594.947451624
594.947451624
594.947451624
594.947451624
594.947451624
594.947451624
594.947451624
594.947451624
594.947451624
594.947451624
594.947451624
594.947451624
594.947451624
594.947451624
594.947451624
594.947451624
594.947451624
594.947451624
594.947451624
594.947451624
594.947451624
594.947451624
594.947451624
594.947451624
594.947451624
594.947451624
594.947451624
594.947451624
594.947451624
594.947451624
594.947451624
594.947451624
594.947451624
594.947451624
594.947451624
594.947451624
594.947451624
594.947451624
594.947451624
594.947451624
594.947451624
594.947451624
594.947451624
594.947451624
594.947451624
594.947451624
594.947451624
594.947451624
594.947451624
594.947451624
594.947451624
594.947451624
594.947451624
594.947451624
594.947451624
594.947451624
594.947451624
594.947451624
594.947451624
594.947451624
594.947451624
594.947451624
594.947451624
594.947451624
594.947451624
594.947451624
594.947451624
594.947451624
594.947451624
594.947451624
594.947451624
594.947451624
594.947451624
594.947451624
594.947451624
594.947451624
594.947451624
594.947451624
594.947451624
594.947451624
594.947451624
594.947451624
594.947451624
594.947451624
594.947451624
594.947451624
594.947451624
594.947451624
594.947451624
594.947451624
594.947451624
594.947451624
594.947451624
594.947451624
594.947451624
594.947451624
594.947451624
594.947451624
594.947451624
594.947451624
594.947451624
594.947451624
594.947451624
594.947451624
594.947451624
594.947451624
594.947451624
594.947451624
594.947451624
594.947451624
594.947451624
594.947451624
594.947451624
594.947451624
594.947451624
594.947451624
594.947451624
594.947451624
594.947451624
594.947451624
594.947451624
594.947451624
594.947451624
594.947451624
594.947451624
594.947451624
594.947451624
594.947451624
594.947451624
594.947451624
594.947451624
594.947451624
594.947451624
594.947451624
594.947451624
594.947451624
594.947451624
594.947451624
594.947451624
594.947451624
594.947451624
594.947451624
594.947451624
594.947451624
594.947451624
594.947451624
594.947451624
594.947451624
594.947451624
594.947451624
594.947451624
594.947451624
594.947451624
594.947451624
594.947451624
594.947451624
594.947451624
594.947451624
594.947451624
594.947451624
594.947451624
594.947451624
594.947451624
594.947451624
594.947451624
594.947451624
594.947451624
594.947451624
594.947451624
594.947451624
594.947451624
594.947451624
594.947451624
594.947451624
594.947451624
594.947451624
594.947451624
594.947451624
594.947451624
594.947451624
594.947451624
594.947451624
594.947451624
594.947451624
594.947451624
594.947451624
594.947451624
594.947451624
594.947451624
594.947451624
594.947451624
594.947451624
594.947451624
594.947451624
594.947451624
594.947451624
594.947451624
594.947451624
594.947451624
594.947451624
594.947451624
594.947451624
594.947451624
594.947451624
594.947451624
594.947451624
594.947451624
594.947451624
594.947451624
594.947451624
594.947451624
594.947451624
594.947451624
594.947451624
594.947451624
594.947451624
594.947451624
594.947451624
594.947451624
594.947451624
594.947451624
594.947451624
594.947451624
594.947451624
594.947451624
594.947451624
594.947451624
594.947451624
594.947451624
594.947451624
594.947451624
594.947451624
594.947451624
594.947451624
594.947451624
594.947451624
594.947451624
594.947451624
594.947451624
594.947451624
594.947451624
594.947451624
594.947451624
594.947451624
594.947451624
594.947451624
594.947451624
594.947451624
594.947451624
594.947451624
594.947451624
594.947451624
594.947451624
594.947451624
594.947451624
594.947451624
594.947451624
594.947451624
594.947451624
594.947451624
594.947451624
594.947451624
594.947451624
594.947451624
594.947451624
594.947451624
594.947451624
594.947451624
594.947451624
594.947451624
594.947451624
594.947451624
594.947451624
594.947451624
594.947451624
594.947451624
594.947451624
594.947451624
594.947451624
594.947451624
594.947451624
594.947451624
594.947451624
594.947451624
594.947451624
594.947451624
594.947451624
594.947451624
594.947451624
594.947451624
594.947451624
594.947451624
594.947451624
594.947451624
594.947451624
594.947451624
594.947451624
594.947451624
594.947451624
594.947451624
594.947451624
594.947451624
594.947451624
594.947451624
594.947451624
594.947451624
594.947451624
594.947451624
594.947451624
594.947451624
594.947451624
594.947451624
594.947451624
594.947451624
594.947451624
594.947451624
594.947451624
594.947451624
594.947451624
594.947451624
594.947451624
594.947451624
594.947451624
594.947451624
594.947451624
594.947451624
594.947451624
594.947451624
594.947451624
594.947451624
594.947451624
594.947451624
594.947451624
594.947451624
594.947451624
594.947451624
594.947451624
594.947451624
594.947451624
594.947451624
594.947451624
594.947451624
594.947451624
594.947451624
594.947451624
594.947451624
594.947451624
594.947451624
594.947451624
594.947451624
594.947451624
594.947451624
594.947451624
594.947451624
594.947451624
594.947451624
594.947451624
594.947451624
594.947451624
594.947451624
594.947451624
594.947451624
594.947451624
594.947451624
594.947451624
594.947451624
594.947451624
594.947451624
594.947451624
594.947451624
594.947451624
594.947451624
594.947451624
594.947451624
594.947451624
594.947451624
594.947451624
594.947451624
594.947451624
594.947451624
594.947451624
594.947451624
594.947451624
594.947451624
594.947451624
594.947451624
594.947451624
594.947451624
594.947451624
594.947451624
594.947451624
594.947451624
594.947451624
594.947451624
594.947451624
594.947451624
594.947451624
594.947451624
594.947451624
594.947451624
594.947451624
594.947451624
594.947451624
594.947451624
594.947451624
594.947451624
594.947451624
594.947451624
594.947451624
594.947451624
594.947451624
594.947451624
594.947451624
594.947451624
594.947451624
594.947451624
594.947451624
594.947451624
594.947451624
594.947451624
594.947451624
594.947451624
594.947451624
594.947451624
594.947451624
594.947451624
594.947451624
594.947451624
594.947451624
594.947451624
594.947451624
594.947451624
594.947451624
594.947451624
594.947451624
594.947451624
594.947451624
594.947451624
594.947451624
594.947451624
594.947451624
594.947451624
594.947451624
594.947451624
594.947451624
594.947451624
594.947451624
594.947451624
594.947451624
594.947451624
594.947451624
594.947451624
594.947451624
594.947451624
594.947451624
594.947451624
594.947451624
594.947451624
594.947451624
594.947451624
594.947451624
594.947451624
594.947451624
594.947451624
594.947451624
594.947451624
594.947451624
594.947451624
594.947451624
594.947451624
594.947451624
594.947451624
594.947451624
594.947451624
594.947451624
594.947451624
594.947451624
594.947451624
594.947451624
594.947451624
594.947451624
594.947451624
594.947451624
594.947451624
594.947451624
594.947451624
594.947451624
594.947451624
594.947451624
594.947451624
594.947451624
594.947451624
594.947451624
594.947451624
594.947451624
594.947451624
594.947451624
594.947451624
594.947451624
594.947451624
594.947451624
594.947451624
594.947451624
594.947451624
594.947451624
594.947451624
594.947451624
594.947451624
594.947451624
594.947451624
594.947451624
594.947451624
594.947451624
594.947451624
594.947451624
594.947451624
594.947451624
594.947451624
594.947451624
594.947451624
594.947451624
594.947451624
594.947451624
594.947451624
594.947451624
594.947451624
594.947451624
594.947451624
594.947451624
594.947451624
594.947451624
594.947451624
594.947451624
594.947451624
594.947451624
594.947451624
594.947451624
594.947451624
594.947451624
594.947451624
594.947451624
594.947451624
594.947451624
594.947451624
594.947451624
594.947451624
594.947451624
594.947451624
594.947451624
594.947451624
594.947451624
594.947451624
594.947451624
594.947451624
594.947451624
594.947451624
594.947451624
594.947451624
594.947451624
594.947451624
594.947451624
594.947451624
594.947451624
594.947451624
594.947451624
594.947451624
594.947451624
594.947451624
594.947451624
594.947451624
594.947451624
594.947451624
594.947451624
594.947451624
594.947451624
594.947451624
594.947451624
594.947451624
594.947451624
594.947451624
594.947451624
594.947451624
594.947451624
594.947451624
594.947451624
594.947451624
594.947451624
594.947451624
594.947451624
594.947451624
594.947451624
594.947451624
594.947451624
594.947451624
594.947451624
594.947451624
594.947451624
594.947451624
594.947451624
594.947451624
594.947451624
594.947451624
594.947451624
594.947451624
594.947451624
594.947451624
594.947451624
594.947451624
594.947451624
594.947451624
594.947451624
594.947451624
594.947451624
594.947451624
594.947451624
594.947451624
594.947451624
594.947451624
594.947451624
594.947451624
594.947451624
594.947451624
594.947451624
594.947451624
594.947451624
594.947451624
594.947451624
594.947451624
594.947451624
594.947451624
594.947451624
594.947451624
594.947451624
594.947451624
594.947451624
594.947451624
594.947451624
594.947451624
594.947451624
594.947451624
594.947451624
594.947451624
594.947451624
594.947451624
594.947451624
594.947451624
594.947451624
594.947451624
594.947451624
594.947451624
594.947451624
594.947451624
594.947451624
594.947451624
594.947451624
594.947451624
594.947451624
594.947451624
594.947451624
594.947451624
594.947451624
594.947451624
594.947451624
594.947451624
594.947451624
594.947451624
594.947451624
594.947451624
594.947451624
594.947451624
594.947451624
594.947451624
594.947451624
594.947451624
594.947451624
594.947451624
594.947451624
594.947451624
594.947451624
594.947451624
594.947451624
594.947451624
594.947451624
594.947451624
594.947451624
594.947451624
594.947451624
594.947451624
594.947451624
594.947451624
594.947451624
594.947451624
594.947451624
594.947451624
594.947451624
594.947451624
594.947451624
594.947451624
594.947451624
594.947451624
594.947451624
594.947451624
594.947451624
594.947451624
594.947451624
594.947451624
594.947451624
594.947451624
594.947451624
594.947451624
594.947451624
594.947451624
594.947451624
594.947451624
594.947451624
594.947451624
594.947451624
594.947451624
594.947451624
594.947451624
594.947451624
594.947451624
594.947451624
594.947451624
594.947451624
594.947451624
594.947451624
594.947451624
594.947451624
594.947451624
594.947451624
594.947451624
594.947451624
594.947451624
594.947451624
594.947451624
594.947451624
594.947451624
594.947451624
594.947451624
594.947451624
594.947451624
594.947451624
594.947451624
594.947451624
594.947451624
594.947451624
594.947451624
594.947451624
594.947451624
594.947451624
594.947451624
594.947451624
594.947451624
594.947451624
594.947451624
594.947451624
594.947451624
594.947451624
594.947451624
594.947451624
594.947451624
594.947451624
594.947451624
594.947451624
594.947451624
594.947451624
594.947451624
594.947451624
594.947451624
594.947451624
594.947451624
594.947451624
594.947451624
594.947451624
594.947451624
594.947451624
594.947451624
594.947451624
594.947451624
594.947451624
594.947451624
594.947451624
594.947451624
594.947451624
594.947451624
594.947451624
594.947451624
594.947451624
594.947451624
594.947451624
594.947451624
594.947451624
594.947451624
594.947451624
594.947451624
594.947451624
594.947451624
594.947451624
594.947451624
594.947451624
594.947451624
594.947451624
594.947451624
594.947451624
594.947451624
594.947451624
594.947451624
594.947451624
594.947451624
594.947451624
594.947451624
594.947451624
594.947451624
594.947451624
594.947451624
594.947451624
594.947451624
594.947451624
594.947451624
594.947451624
594.947451624
594.947451624
594.947451624
594.947451624
594.947451624
594.947451624
594.947451624
594.947451624
594.947451624
594.947451624
594.947451624
594.947451624
594.947451624
594.947451624
594.947451624
594.947451624
594.947451624
594.947451624
594.947451624
594.947451624
594.947451624
594.947451624
594.947451624
594.947451624
594.947451624
594.947451624
594.947451624
594.947451624
594.947451624
594.947451624
594.947451624
594.947451624
594.947451624
594.947451624
594.947451624
594.947451624
594.947451624
594.947451624
594.947451624
594.947451624
594.947451624
594.947451624
594.947451624
594.947451624
594.947451624
594.947451624
594.947451624
594.947451624
594.947451624
594.947451624
594.947451624
594.947451624
594.947451624
594.947451624
594.947451624
594.947451624
594.947451624
594.947451624
594.947451624
594.947451624
594.947451624
594.947451624
594.947451624
594.947451624
594.947451624
594.947451624
594.947451624
594.947451624
594.947451624
594.947451624
594.947451624
594.947451624
594.947451624
594.947451624
594.947451624
594.947451624
594.947451624
594.947451624
594.947451624
594.947451624
594.947451624
594.947451624
594.947451624
594.947451624
594.947451624
594.947451624
594.947451624
594.947451624
594.947451624
594.947451624
594.947451624
594.947451624
594.947451624
594.947451624
594.947451624
594.947451624
594.947451624
594.947451624
594.947451624
594.947451624
594.947451624
594.947451624
594.947451624
594.947451624
594.947451624
594.947451624
594.947451624
594.947451624
594.947451624
594.947451624
594.947451624
594.947451624
594.947451624
594.947451624
594.947451624
594.947451624
594.947451624
594.947451624
594.947451624
594.947451624
594.947451624
594.947451624
594.947451624
594.947451624
594.947451624
594.947451624
594.947451624
594.947451624
594.947451624
594.947451624
594.947451624
594.947451624
594.947451624
594.947451624
594.947451624
594.947451624
594.947451624
594.947451624
594.947451624
594.947451624
594.947451624
594.947451624
594.947451624
594.947451624
594.947451624
594.947451624
594.947451624
594.947451624
594.947451624
594.947451624
594.947451624
594.947451624
594.947451624
594.947451624
594.947451624
594.947451624
594.947451624
594.947451624
594.947451624
594.947451624
594.947451624
594.947451624
594.947451624
594.947451624
594.947451624
594.947451624
594.947451624
594.947451624
594.947451624
594.947451624
594.947451624
594.947451624
594.947451624
594.947451624
594.947451624
594.947451624
594.947451624
594.947451624
594.947451624
594.947451624
594.947451624
594.947451624
594.947451624
594.947451624
594.947451624
594.947451624
594.947451624
594.947451624
594.947451624
594.947451624
594.947451624
594.947451624
594.947451624
594.947451624
594.947451624
594.947451624
594.947451624
594.947451624
594.947451624
594.947451624
594.947451624
594.947451624
594.947451624
594.947451624
594.947451624
594.947451624
594.947451624
594.947451624
594.947451624
594.947451624
594.947451624
594.947451624
594.947451624
594.947451624
594.947451624
594.947451624
594.947451624
594.947451624
594.947451624
594.947451624
594.947451624
594.947451624
594.947451624
594.947451624
594.947451624
594.947451624
594.947451624
594.947451624
594.947451624
594.947451624
594.947451624
594.947451624
594.947451624
594.947451624
594.947451624
594.947451624
594.947451624
594.947451624
594.947451624
594.947451624
594.947451624
594.947451624
594.947451624
594.947451624
594.947451624
594.947451624
594.947451624
594.947451624
594.947451624
594.947451624
594.947451624
594.947451624
594.947451624
594.947451624
594.947451624
594.947451624
594.947451624
594.947451624
594.947451624
594.947451624
594.947451624
594.947451624
594.947451624
594.947451624
594.947451624
594.947451624
594.947451624
594.947451624
594.947451624
594.947451624
594.947451624
594.947451624
594.947451624
594.947451624
594.947451624
594.947451624
594.947451624
594.947451624
594.947451624
594.947451624
594.947451624
594.947451624
594.947451624
594.947451624
594.947451624
594.947451624
594.947451624
594.947451624
594.947451624
594.947451624
594.947451624
594.947451624
594.947451624
594.947451624
594.947451624
594.947451624
594.947451624
594.947451624
594.947451624
594.947451624
594.947451624
594.947451624
594.947451624
594.947451624
594.947451624
594.947451624
594.947451624
594.947451624
594.947451624
594.947451624
594.947451624
594.947451624
594.947451624
594.947451624
594.947451624
594.947451624
594.947451624
594.947451624
594.947451624
594.947451624
594.947451624
594.947451624
594.947451624
594.947451624
594.947451624
594.947451624
594.947451624
594.947451624
594.947451624
594.947451624
594.947451624
594.947451624
594.947451624
594.947451624
594.947451624
594.947451624
594.947451624
594.947451624
594.947451624
594.947451624
594.947451624
594.947451624
594.947451624
594.947451624
594.947451624
594.947451624
594.947451624
594.947451624
594.947451624
594.947451624
594.947451624
594.947451624
594.947451624
594.947451624
594.947451624
594.947451624
594.947451624
594.947451624
594.947451624
594.947451624
594.947451624
594.947451624
594.947451624
594.947451624
594.947451624
594.947451624
594.947451624
594.947451624
594.947451624
594.947451624
594.947451624
594.947451624
594.947451624
594.947451624
594.947451624
594.947451624
594.947451624
594.947451624
594.947451624
594.947451624
594.947451624
594.947451624
594.947451624
594.947451624
594.947451624
594.947451624
594.947451624
594.947451624
594.947451624
594.947451624
594.947451624
594.947451624
594.947451624
594.947451624
594.947451624
594.947451624
594.947451624
594.947451624
594.947451624
594.947451624
594.947451624
594.947451624
594.947451624
594.947451624
594.947451624
594.947451624
594.947451624
594.947451624
594.947451624
594.947451624
594.947451624
594.947451624
594.947451624
594.947451624
594.947451624
594.947451624
594.947451624
594.947451624
594.947451624
594.947451624
594.947451624
594.947451624
594.947451624
594.947451624
594.947451624
594.947451624
594.947451624
594.947451624
594.947451624
594.947451624
594.947451624
594.947451624
594.947451624
594.947451624
594.947451624
594.947451624
594.947451624
594.947451624
594.947451624
594.947451624
594.947451624
594.947451624
594.947451624
594.947451624
594.947451624
594.947451624
594.947451624
594.947451624
594.947451624
594.947451624
594.947451624
594.947451624
594.947451624
594.947451624
594.947451624
594.947451624
594.947451624
594.947451624
594.947451624
594.947451624
594.947451624
594.947451624
594.947451624
594.947451624
594.947451624
594.947451624
594.947451624
594.947451624
594.947451624
594.947451624
594.947451624
594.947451624
594.947451624
594.947451624
594.947451624
594.947451624
594.947451624
594.947451624
594.947451624
594.947451624
594.947451624
594.947451624
594.947451624
594.947451624
594.947451624
594.947451624
594.947451624
594.947451624
594.947451624
594.947451624
594.947451624
594.947451624
594.947451624
594.947451624
594.947451624
594.947451624
594.947451624
594.947451624
594.947451624
594.947451624
594.947451624
594.947451624
594.947451624
594.947451624
594.947451624
594.947451624
594.947451624
594.947451624
594.947451624
594.947451624
594.947451624
594.947451624
594.947451624
594.947451624
594.947451624
594.947451624
594.947451624
594.947451624
594.947451624
594.947451624
594.947451624
594.947451624
594.947451624
594.947451624
594.947451624
594.947451624
594.947451624
594.947451624
594.947451624
594.947451624
594.947451624
594.947451624
594.947451624
594.947451624
594.947451624
594.947451624
594.947451624
594.947451624
594.947451624
594.947451624
594.947451624
594.947451624
594.947451624
594.947451624
594.947451624
594.947451624
594.947451624
594.947451624
594.947451624
594.947451624
594.947451624
594.947451624
594.947451624
594.947451624
594.947451624
594.947451624
594.947451624
594.947451624
594.947451624
594.947451624
594.947451624
594.947451624
594.947451624
594.947451624
594.947451624
594.947451624
594.947451624
594.947451624
594.947451624
594.947451624
594.947451624
594.947451624
594.947451624
594.947451624
594.947451624
594.947451624
594.947451624
594.947451624
594.947451624
594.947451624
594.947451624
594.947451624
594.947451624
594.947451624
594.947451624
594.947451624
594.947451624
594.947451624
594.947451624
594.947451624
594.947451624
594.947451624
594.947451624
594.947451624
594.947451624
594.947451624
594.947451624
594.947451624
594.947451624
594.947451624
594.947451624
594.947451624
594.947451624
594.947451624
594.947451624
594.947451624
594.947451624
594.947451624
594.947451624
594.947451624
594.947451624
594.947451624
594.947451624
594.947451624
594.947451624
594.947451624
594.947451624
594.947451624
594.947451624
594.947451624
594.947451624
594.947451624
594.947451624
594.947451624
594.947451624
594.947451624
594.947451624
594.947451624
594.947451624
594.947451624
594.947451624
594.947451624
594.947451624
594.947451624
594.947451624
594.947451624
594.947451624
594.947451624
594.947451624
594.947451624
594.947451624
594.947451624
594.947451624
594.947451624
594.947451624
594.947451624
594.947451624
594.947451624
594.947451624
594.947451624
594.947451624
594.947451624
594.947451624
594.947451624
594.947451624
594.947451624
594.947451624
594.947451624
594.947451624
594.947451624
594.947451624
594.947451624
594.947451624
594.947451624
594.947451624
594.947451624
594.947451624
594.947451624
594.947451624
594.947451624
594.947451624
594.947451624
594.947451624
594.947451624
594.947451624
594.947451624
594.947451624
594.947451624
594.947451624
594.947451624
594.947451624
594.947451624
594.947451624
594.947451624
594.947451624
594.947451624
594.947451624
594.947451624
594.947451624
594.947451624
594.947451624
594.947451624
594.947451624
594.947451624
594.947451624
594.947451624
594.947451624
594.947451624
594.947451624
594.947451624
594.947451624
594.947451624
594.947451624
594.947451624
594.947451624
594.947451624
594.947451624
594.947451624
594.947451624
594.947451624
594.947451624
594.947451624
594.947451624
594.947451624
594.947451624
594.947451624
594.947451624
594.947451624
594.947451624
594.947451624
594.947451624
594.947451624
594.947451624
594.947451624
594.947451624
594.947451624
594.947451624
594.947451624
594.947451624
594.947451624
594.947451624
594.947451624
594.947451624
594.947451624
594.947451624
594.947451624
594.947451624
594.947451624
594.947451624
594.947451624
594.947451624
594.947451624
594.947451624
594.947451624
594.947451624
594.947451624
594.947451624
594.947451624
594.947451624
594.947451624
594.947451624
594.947451624
594.947451624
594.947451624
594.947451624
594.947451624
594.947451624
594.947451624
594.947451624
594.947451624
594.947451624
594.947451624
594.947451624
594.947451624
594.947451624
594.947451624
594.947451624
594.947451624
594.947451624
594.947451624
594.947451624
594.947451624
594.947451624
594.947451624
594.947451624
594.947451624
594.947451624
594.947451624
594.947451624
594.947451624
594.947451624
594.947451624
594.947451624
594.947451624
594.947451624
594.947451624
594.947451624
594.947451624
594.947451624
594.947451624
594.947451624
594.947451624
594.947451624
594.947451624
594.947451624
594.947451624
594.947451624
594.947451624
594.947451624
594.947451624
594.947451624
594.947451624
594.947451624
594.947451624
594.947451624
594.947451624
594.947451624
594.947451624
594.947451624
594.947451624
594.947451624
594.947451624
594.947451624
594.947451624
594.947451624
594.947451624
594.947451624
594.947451624
594.947451624
594.947451624
594.947451624
594.947451624
594.947451624
594.947451624
594.947451624
594.947451624
594.947451624
594.947451624
594.947451624
594.947451624
594.947451624
594.947451624
594.947451624
594.947451624
594.947451624
594.947451624
594.947451624
594.947451624
594.947451624
594.947451624
594.947451624
594.947451624
594.947451624
594.947451624
594.947451624
594.947451624
594.947451624
594.947451624
594.947451624
594.947451624
594.947451624
594.947451624
594.947451624
594.947451624
594.947451624
594.947451624
594.947451624
594.947451624
594.947451624
594.947451624
594.947451624
594.947451624
594.947451624
594.947451624
594.947451624
594.947451624
594.947451624
594.947451624
594.947451624
594.947451624
594.947451624
594.947451624
594.947451624
594.947451624
594.947451624
594.947451624
594.947451624
594.947451624
594.947451624
594.947451624
594.947451624
594.947451624
594.947451624
594.947451624
594.947451624
594.947451624
594.947451624
594.947451624
594.947451624
594.947451624
594.947451624
594.947451624
594.947451624
594.947451624
594.947451624
594.947451624
594.947451624
594.947451624
594.947451624
