1597.89734998
1562.10152854
1518.64729823
1462.78976146
1409.45168798
1356.59175655
1367.31599109
1359.78259055
1337.19511423
1327.12586331
1323.5795305
1280.24593413
1286.70900781
1284.09216892
1283.84595767
1261.57225607
1225.93758736
1221.54565271
1217.81033278
1226.07347268
1178.29850857
1141.53192542
1103.46759586
1085.85702431
1112.63450867
1123.75784241
1118.40130492
1126.79569564
1095.8319922
1101.8321405
1081.02203227
1078.60094765
1098.16673424
1084.24550407
1083.11304818
1074.88521547
1071.62535384
1064.4723104
1071.07257301
1079.06446337
1096.89105301
1097.12520111
1056.75608968
1066.07137333
1052.27251065
1055.70278884
1054.21190134
1054.21190134
1045.12212232
1035.5059546
1035.5059546
1044.88419643
1044.88419643
1042.49449583
1034.28130179
1027.17706801
1027.17706801
1045.8702431
1039.1925449
1038.10318049
1030.03533106
1014.30688598
1008.20109522
988.858609697
975.507995028
969.395993853
973.038090445
1009.75864599
1008.65436844
1008.53967121
997.543727535
997.543727535
996.375225425
997.513010681
988.756821596
988.756821596
987.881341413
999.033277258
1008.34392009
989.366135918
973.218803197
979.475121324
947.813400605
943.261225082
896.999228151
875.673022091
868.944455471
868.944455471
868.944455471
868.944455471
868.944455471
878.95227211
878.95227211
878.95227211
878.95227211
878.95227211
866.377761502
865.707691544
865.707691544
841.520973316
831.942612035
831.942612035
831.942612035
829.271507314
829.271507314
832.557765971
831.237635671
831.237635671
827.414682042
818.727854541
818.727854541
815.513907031
807.22794693
802.617881046
802.617881046
799.151505512
799.151505512
799.151505512
799.151505512
796.388896661
796.388896661
796.388896661
796.388896661
794.664607355
785.830104077
785.830104077
785.830104077
785.830104077
785.830104077
785.830104077
785.830104077
785.830104077
785.830104077
785.534679175
776.348801783
776.348801783
775.133811976
775.133811976
775.133811976
775.133811976
775.133811976
775.133811976
775.133811976
775.133811976
775.133811976
775.133811976
775.133811976
769.564235692
769.564235692
769.564235692
769.564235692
769.564235692
769.564235692
767.293859062
765.347072265
765.347072265
765.347072265
765.347072265
758.57540745
758.57540745
758.57540745
758.57540745
758.57540745
758.57540745
758.57540745
758.57540745
758.57540745
758.57540745
758.57540745
758.57540745
758.57540745
758.57540745
758.57540745
758.57540745
758.57540745
757.573745387
757.573745387
757.573745387
757.573745387
757.573745387
757.573745387
757.573745387
757.573745387
757.573745387
752.87754481
752.87754481
752.87754481
736.334038314
736.334038314
733.08104919
733.08104919
733.08104919
726.364038087
725.501315408
725.501315408
725.501315408
725.501315408
725.501315408
725.501315408
725.501315408
725.501315408
725.501315408
725.501315408
725.501315408
725.501315408
725.501315408
717.840596096
717.840596096
717.840596096
717.840596096
717.840596096
699.770296492
699.770296492
699.770296492
699.770296492
699.770296492
691.326281121
691.326281121
691.326281121
691.326281121
691.326281121
691.326281121
691.326281121
691.326281121
691.326281121
684.173377529
684.173377529
684.173377529
684.173377529
669.506137033
669.506137033
669.506137033
669.506137033
669.506137033
669.506137033
663.523475772
663.523475772
663.523475772
663.523475772
663.523475772
663.523475772
663.523475772
663.523475772
663.523475772
663.523475772
663.523475772
663.523475772
663.523475772
663.523475772
653.371968833
640.713784236
640.713784236
640.713784236
640.713784236
640.713784236
640.713784236
640.713784236
640.713784236
631.765852667
631.765852667
631.765852667
631.765852667
631.765852667
631.765852667
631.765852667
631.765852667
631.765852667
631.765852667
631.765852667
631.765852667
631.765852667
631.765852667
631.765852667
631.765852667
631.765852667
631.765852667
631.765852667
631.765852667
631.765852667
631.765852667
631.765852667
631.765852667
631.765852667
631.765852667
631.765852667
631.765852667
631.765852667
631.765852667
631.765852667
631.765852667
631.765852667
631.765852667
631.765852667
631.765852667
631.765852667
631.765852667
631.765852667
631.765852667
631.765852667
631.765852667
631.765852667
631.765852667
631.765852667
631.765852667
631.765852667
631.765852667
631.765852667
631.765852667
631.765852667
631.765852667
631.765852667
631.765852667
631.765852667
630.962039409
630.962039409
630.962039409
630.962039409
630.962039409
630.962039409
630.962039409
630.962039409
630.962039409
630.962039409
630.962039409
630.962039409
630.962039409
630.962039409
630.962039409
630.962039409
630.962039409
630.962039409
630.962039409
630.962039409
630.962039409
630.962039409
618.848940955
618.848940955
618.848940955
618.848940955
618.848940955
618.848940955
618.848940955
618.848940955
618.848940955
618.848940955
618.489406125
616.846611614
616.846611614
616.846611614
616.846611614
616.846611614
616.846611614
616.846611614
616.846611614
616.846611614
616.846611614
616.846611614
616.846611614
616.846611614
616.846611614
616.846611614
616.846611614
616.846611614
616.846611614
616.846611614
615.553118385
615.553118385
615.553118385
615.553118385
615.553118385
615.553118385
615.553118385
615.553118385
615.553118385
615.553118385
615.553118385
615.553118385
615.553118385
615.553118385
615.553118385
615.553118385
615.553118385
611.023051173
611.023051173
611.023051173
611.023051173
611.023051173
611.023051173
611.023051173
611.023051173
611.023051173
611.023051173
611.023051173
611.023051173
611.023051173
607.134041161
607.134041161
607.134041161
607.134041161
607.134041161
607.134041161
607.134041161
607.134041161
607.134041161
607.134041161
607.134041161
607.134041161
607.134041161
607.134041161
600.842537603
600.842537603
600.842537603
599.80189885
599.80189885
599.80189885
599.80189885
599.80189885
599.80189885
599.80189885
599.80189885
599.80189885
599.80189885
599.80189885
599.80189885
599.80189885
598.825191032
598.825191032
598.825191032
598.825191032
598.825191032
598.825191032
598.825191032
598.825191032
598.825191032
598.825191032
598.825191032
591.745695898
591.745695898
591.745695898
591.745695898
591.745695898
591.745695898
591.745695898
591.745695898
591.745695898
591.745695898
591.745695898
591.745695898
591.745695898
591.745695898
591.745695898
591.745695898
591.745695898
591.745695898
591.745695898
591.745695898
591.745695898
591.745695898
591.745695898
591.745695898
591.745695898
591.745695898
591.745695898
591.745695898
591.745695898
591.745695898
591.745695898
591.745695898
591.745695898
591.745695898
591.745695898
591.745695898
591.745695898
591.745695898
591.745695898
591.745695898
591.745695898
591.745695898
591.745695898
591.745695898
591.745695898
591.296525967
591.296525967
591.296525967
591.296525967
591.296525967
591.296525967
591.296525967
591.296525967
591.296525967
591.296525967
591.296525967
591.296525967
591.296525967
591.296525967
591.296525967
591.296525967
591.296525967
590.904018031
590.904018031
590.904018031
590.904018031
590.904018031
590.904018031
590.904018031
590.904018031
590.904018031
590.904018031
590.904018031
590.904018031
590.904018031
590.904018031
590.904018031
590.904018031
590.904018031
590.904018031
590.904018031
590.904018031
590.904018031
590.904018031
590.904018031
590.904018031
590.904018031
590.904018031
590.904018031
590.904018031
590.904018031
590.904018031
590.904018031
590.904018031
590.904018031
590.904018031
590.904018031
590.904018031
590.904018031
590.904018031
590.904018031
590.904018031
590.904018031
590.904018031
590.904018031
590.904018031
590.904018031
590.904018031
590.904018031
590.904018031
590.904018031
590.904018031
590.904018031
590.904018031
590.904018031
590.904018031
590.904018031
590.904018031
590.904018031
590.904018031
590.904018031
590.904018031
590.904018031
590.904018031
590.904018031
590.904018031
590.904018031
590.904018031
590.904018031
590.904018031
590.904018031
590.904018031
590.904018031
590.904018031
590.904018031
590.904018031
590.904018031
590.904018031
590.904018031
590.904018031
590.904018031
590.904018031
590.904018031
590.904018031
590.904018031
590.904018031
590.904018031
590.904018031
590.904018031
590.904018031
590.904018031
590.904018031
590.904018031
590.904018031
590.904018031
590.904018031
590.904018031
590.904018031
590.904018031
590.904018031
590.904018031
590.904018031
590.904018031
590.904018031
590.904018031
590.904018031
590.904018031
590.904018031
590.904018031
590.904018031
590.904018031
590.904018031
590.904018031
590.904018031
590.904018031
590.904018031
590.904018031
590.904018031
590.904018031
590.904018031
590.904018031
590.904018031
590.904018031
590.904018031
590.904018031
590.904018031
590.904018031
590.904018031
590.904018031
590.904018031
590.904018031
590.904018031
590.904018031
590.904018031
590.904018031
590.904018031
590.904018031
590.904018031
590.904018031
590.904018031
590.904018031
590.904018031
590.904018031
590.904018031
590.904018031
590.904018031
590.904018031
590.904018031
590.904018031
590.904018031
590.904018031
590.904018031
590.904018031
590.904018031
590.904018031
590.904018031
590.904018031
590.904018031
590.904018031
590.904018031
590.904018031
590.904018031
590.904018031
590.904018031
590.904018031
590.904018031
590.904018031
590.904018031
590.904018031
590.904018031
590.904018031
590.904018031
590.904018031
590.904018031
590.904018031
590.904018031
590.904018031
590.904018031
590.904018031
590.904018031
590.904018031
590.904018031
590.904018031
590.904018031
590.904018031
590.904018031
590.904018031
590.904018031
590.904018031
590.904018031
590.904018031
590.904018031
590.904018031
590.904018031
590.904018031
590.904018031
590.904018031
590.904018031
590.904018031
590.904018031
590.904018031
590.904018031
590.904018031
590.904018031
590.904018031
590.904018031
590.904018031
590.904018031
590.904018031
590.904018031
590.904018031
590.904018031
590.904018031
590.904018031
590.904018031
590.904018031
590.904018031
590.904018031
590.904018031
590.904018031
590.904018031
590.904018031
590.904018031
590.904018031
590.904018031
590.904018031
590.904018031
590.904018031
590.904018031
590.904018031
590.904018031
590.904018031
590.904018031
590.904018031
590.904018031
590.904018031
587.731275395
587.731275395
587.731275395
587.731275395
587.731275395
587.731275395
587.731275395
587.731275395
587.731275395
587.731275395
587.731275395
587.731275395
587.731275395
587.731275395
587.731275395
587.731275395
587.731275395
587.731275395
587.731275395
587.731275395
587.731275395
587.731275395
587.731275395
587.731275395
587.731275395
587.731275395
587.731275395
587.731275395
587.731275395
587.731275395
587.731275395
587.731275395
587.731275395
587.731275395
587.731275395
587.731275395
587.731275395
587.731275395
587.731275395
587.731275395
587.731275395
587.731275395
587.731275395
587.731275395
587.731275395
587.731275395
587.731275395
587.731275395
587.731275395
587.731275395
587.731275395
587.731275395
587.731275395
587.731275395
587.731275395
587.731275395
587.731275395
587.731275395
587.731275395
587.731275395
587.731275395
587.731275395
587.731275395
587.731275395
587.731275395
587.731275395
587.731275395
587.731275395
587.731275395
587.731275395
587.731275395
587.731275395
587.731275395
587.731275395
587.731275395
587.731275395
587.731275395
587.731275395
587.731275395
587.731275395
587.731275395
587.731275395
587.731275395
587.731275395
587.731275395
587.731275395
587.731275395
587.731275395
587.731275395
587.731275395
587.731275395
587.731275395
587.731275395
587.731275395
587.731275395
587.731275395
587.731275395
587.731275395
584.682196972
584.682196972
584.682196972
584.682196972
584.682196972
584.682196972
584.682196972
584.682196972
584.682196972
584.682196972
584.682196972
584.682196972
584.682196972
584.682196972
584.682196972
584.682196972
584.682196972
584.682196972
582.955410674
582.955410674
582.955410674
582.955410674
582.955410674
582.955410674
582.955410674
582.955410674
582.955410674
582.955410674
582.955410674
582.955410674
582.955410674
582.955410674
582.955410674
582.955410674
582.955410674
582.955410674
582.955410674
573.047049407
573.047049407
573.047049407
573.047049407
573.047049407
573.047049407
573.047049407
573.047049407
573.047049407
573.047049407
573.047049407
573.047049407
573.047049407
573.047049407
573.047049407
573.047049407
573.047049407
573.047049407
573.047049407
573.047049407
573.047049407
573.047049407
573.047049407
573.047049407
573.047049407
573.047049407
573.047049407
573.047049407
573.047049407
573.047049407
573.047049407
573.047049407
573.047049407
573.047049407
573.047049407
573.047049407
573.047049407
573.047049407
573.047049407
573.047049407
573.047049407
573.047049407
573.047049407
573.047049407
573.047049407
573.047049407
573.047049407
573.047049407
573.047049407
573.047049407
573.047049407
573.047049407
573.047049407
573.047049407
573.047049407
573.047049407
573.047049407
573.047049407
573.047049407
573.047049407
573.047049407
573.047049407
573.047049407
573.047049407
573.047049407
573.047049407
573.047049407
573.047049407
573.047049407
573.047049407
573.047049407
573.047049407
573.047049407
573.047049407
573.047049407
573.047049407
573.047049407
573.047049407
573.047049407
573.047049407
573.047049407
573.047049407
573.047049407
573.047049407
573.047049407
573.047049407
573.047049407
573.047049407
573.047049407
573.047049407
573.047049407
573.047049407
573.047049407
573.047049407
573.047049407
573.047049407
573.047049407
573.047049407
573.047049407
573.047049407
573.047049407
573.047049407
573.047049407
573.047049407
573.047049407
573.047049407
573.047049407
573.047049407
573.047049407
573.047049407
573.047049407
573.047049407
573.047049407
573.047049407
573.047049407
573.047049407
573.047049407
573.047049407
573.047049407
573.047049407
573.047049407
573.047049407
568.218528091
568.218528091
568.218528091
568.218528091
568.218528091
568.218528091
568.218528091
568.218528091
568.218528091
568.218528091
568.218528091
568.218528091
568.218528091
568.218528091
568.218528091
568.218528091
568.218528091
568.218528091
568.218528091
568.218528091
568.218528091
568.218528091
568.218528091
568.218528091
568.218528091
568.218528091
568.218528091
568.218528091
568.218528091
568.218528091
568.218528091
568.218528091
568.218528091
568.218528091
568.218528091
568.218528091
568.218528091
568.218528091
568.218528091
568.218528091
568.218528091
568.218528091
568.218528091
568.218528091
568.218528091
568.218528091
568.218528091
568.218528091
568.218528091
568.218528091
568.218528091
568.218528091
568.218528091
568.218528091
568.218528091
568.218528091
568.218528091
568.218528091
568.218528091
568.218528091
568.218528091
568.218528091
568.218528091
568.218528091
568.218528091
568.218528091
568.218528091
568.218528091
568.218528091
568.218528091
568.218528091
568.218528091
568.218528091
568.218528091
568.218528091
568.218528091
568.218528091
568.218528091
568.218528091
568.218528091
568.218528091
568.218528091
568.218528091
568.218528091
568.218528091
568.218528091
568.218528091
568.218528091
568.218528091
568.218528091
568.218528091
568.218528091
568.218528091
568.218528091
568.218528091
568.218528091
568.218528091
568.218528091
568.218528091
568.218528091
568.218528091
568.218528091
568.218528091
568.218528091
568.218528091
568.218528091
568.218528091
568.218528091
568.218528091
568.218528091
568.218528091
568.218528091
568.218528091
568.218528091
568.218528091
568.218528091
568.218528091
568.218528091
568.218528091
568.218528091
568.218528091
568.218528091
568.218528091
568.218528091
568.218528091
568.218528091
568.218528091
568.218528091
568.218528091
568.218528091
568.218528091
568.218528091
568.218528091
568.218528091
568.218528091
568.218528091
568.218528091
568.218528091
568.218528091
568.218528091
568.218528091
568.218528091
568.218528091
568.218528091
568.218528091
568.218528091
568.218528091
568.218528091
568.218528091
568.218528091
568.218528091
568.218528091
568.218528091
568.218528091
568.218528091
568.218528091
568.218528091
568.218528091
568.218528091
568.218528091
568.218528091
568.218528091
568.218528091
568.218528091
568.218528091
568.218528091
568.218528091
568.218528091
568.218528091
568.218528091
568.218528091
568.218528091
568.218528091
568.218528091
568.218528091
568.218528091
568.218528091
568.218528091
568.218528091
568.218528091
568.218528091
568.218528091
568.218528091
568.218528091
568.218528091
568.218528091
568.218528091
568.218528091
568.218528091
568.218528091
568.218528091
568.218528091
568.218528091
568.218528091
568.218528091
568.218528091
568.218528091
568.218528091
568.218528091
568.218528091
568.218528091
568.218528091
568.218528091
568.218528091
568.218528091
568.218528091
568.218528091
568.218528091
568.218528091
568.218528091
568.218528091
568.218528091
568.218528091
568.218528091
568.218528091
568.218528091
568.218528091
568.218528091
568.218528091
568.218528091
568.218528091
568.218528091
568.218528091
568.218528091
568.218528091
568.218528091
568.218528091
568.218528091
568.218528091
568.218528091
568.218528091
568.218528091
568.218528091
568.218528091
568.218528091
568.218528091
568.218528091
568.218528091
568.218528091
568.218528091
568.218528091
568.218528091
568.218528091
568.218528091
568.218528091
568.218528091
568.218528091
568.218528091
568.218528091
568.218528091
568.218528091
568.218528091
568.218528091
568.218528091
568.218528091
568.218528091
568.218528091
568.218528091
568.218528091
568.218528091
568.218528091
568.218528091
568.218528091
568.218528091
568.218528091
568.218528091
568.218528091
568.218528091
568.218528091
568.218528091
568.218528091
568.218528091
568.218528091
568.218528091
568.218528091
568.218528091
568.218528091
568.218528091
568.218528091
568.218528091
568.218528091
568.218528091
568.218528091
568.218528091
568.218528091
568.218528091
568.218528091
568.218528091
568.218528091
568.218528091
568.218528091
568.218528091
568.218528091
568.218528091
568.218528091
568.218528091
568.218528091
568.218528091
568.218528091
568.218528091
568.218528091
568.218528091
568.218528091
568.218528091
568.218528091
568.218528091
568.218528091
568.218528091
568.218528091
568.218528091
568.218528091
568.218528091
568.218528091
568.218528091
568.218528091
568.218528091
568.218528091
568.218528091
568.218528091
568.218528091
568.218528091
568.218528091
568.218528091
568.218528091
568.218528091
568.218528091
568.218528091
568.218528091
568.218528091
568.218528091
568.218528091
568.218528091
568.218528091
568.218528091
568.218528091
568.218528091
568.218528091
568.218528091
568.218528091
568.218528091
568.218528091
568.218528091
568.218528091
568.218528091
568.218528091
568.218528091
568.218528091
568.218528091
568.218528091
568.218528091
568.218528091
568.218528091
568.218528091
568.218528091
568.218528091
568.218528091
568.218528091
568.218528091
568.218528091
568.218528091
568.218528091
568.218528091
568.218528091
568.218528091
568.218528091
568.218528091
568.218528091
568.218528091
568.218528091
568.218528091
568.218528091
568.218528091
568.218528091
568.218528091
568.218528091
568.218528091
568.218528091
568.218528091
568.218528091
568.218528091
568.218528091
568.218528091
568.218528091
568.218528091
568.218528091
568.218528091
568.218528091
568.218528091
568.218528091
568.218528091
568.218528091
568.218528091
568.218528091
568.218528091
568.218528091
568.218528091
568.218528091
568.218528091
568.218528091
568.218528091
568.218528091
568.218528091
568.218528091
568.218528091
568.218528091
568.218528091
568.218528091
568.218528091
568.218528091
568.218528091
568.218528091
568.218528091
568.218528091
568.218528091
568.218528091
568.218528091
568.218528091
568.218528091
568.218528091
568.218528091
568.218528091
568.218528091
568.218528091
568.218528091
568.218528091
568.218528091
568.218528091
568.218528091
568.218528091
568.218528091
568.218528091
568.218528091
568.218528091
568.218528091
568.218528091
568.218528091
568.218528091
568.218528091
568.218528091
568.218528091
568.218528091
568.218528091
568.218528091
568.218528091
568.218528091
568.218528091
568.218528091
568.218528091
568.218528091
568.218528091
568.218528091
568.218528091
568.218528091
568.218528091
568.218528091
568.218528091
568.218528091
568.218528091
568.218528091
568.218528091
568.218528091
568.218528091
568.218528091
568.218528091
568.218528091
568.218528091
568.218528091
568.218528091
568.218528091
568.218528091
568.218528091
568.218528091
568.218528091
568.218528091
568.218528091
568.218528091
568.218528091
568.218528091
568.218528091
568.218528091
568.218528091
568.218528091
568.218528091
568.218528091
568.218528091
568.218528091
568.218528091
568.218528091
568.218528091
568.218528091
568.218528091
568.218528091
568.218528091
568.218528091
568.218528091
568.218528091
568.218528091
568.218528091
568.218528091
568.218528091
568.218528091
568.218528091
568.218528091
568.218528091
568.218528091
568.218528091
568.218528091
568.218528091
568.218528091
568.218528091
568.218528091
568.218528091
568.218528091
568.218528091
568.218528091
568.218528091
568.218528091
568.218528091
568.218528091
568.218528091
568.218528091
568.218528091
568.218528091
568.218528091
568.218528091
568.218528091
568.218528091
568.218528091
568.218528091
568.218528091
568.218528091
568.218528091
568.218528091
568.218528091
568.218528091
568.218528091
568.218528091
568.218528091
568.218528091
568.218528091
568.218528091
568.218528091
568.218528091
568.218528091
568.218528091
568.218528091
568.218528091
568.218528091
568.218528091
568.218528091
568.218528091
568.218528091
568.218528091
568.218528091
568.218528091
568.218528091
568.218528091
568.218528091
568.218528091
568.218528091
568.218528091
568.218528091
568.218528091
568.218528091
568.218528091
568.218528091
568.218528091
568.218528091
568.218528091
568.218528091
568.218528091
568.218528091
568.218528091
568.218528091
568.218528091
568.218528091
568.218528091
568.218528091
568.218528091
568.218528091
568.218528091
568.218528091
568.218528091
568.218528091
568.218528091
568.218528091
568.218528091
568.218528091
568.218528091
568.218528091
568.218528091
568.218528091
568.218528091
568.218528091
568.218528091
568.218528091
568.218528091
568.218528091
568.218528091
568.218528091
568.218528091
568.218528091
568.218528091
568.218528091
568.218528091
568.218528091
568.218528091
568.218528091
568.218528091
568.218528091
568.218528091
568.218528091
568.218528091
568.218528091
568.218528091
568.218528091
568.218528091
568.218528091
568.218528091
568.218528091
568.218528091
568.218528091
568.218528091
568.218528091
568.218528091
568.218528091
568.218528091
568.218528091
568.218528091
568.218528091
568.218528091
568.218528091
568.218528091
568.218528091
568.218528091
568.218528091
568.218528091
568.218528091
568.218528091
568.218528091
568.218528091
568.218528091
568.218528091
568.218528091
568.218528091
568.218528091
568.218528091
568.218528091
568.218528091
568.218528091
568.218528091
568.218528091
568.218528091
568.218528091
568.218528091
568.218528091
568.218528091
568.218528091
568.218528091
568.218528091
568.218528091
568.218528091
568.218528091
568.218528091
568.218528091
568.218528091
568.218528091
568.218528091
568.218528091
568.218528091
568.218528091
568.218528091
568.218528091
568.218528091
568.218528091
568.218528091
568.218528091
568.218528091
568.218528091
568.218528091
568.218528091
568.218528091
568.218528091
568.218528091
568.218528091
568.218528091
568.218528091
568.218528091
568.218528091
568.218528091
568.218528091
568.218528091
568.218528091
568.218528091
568.218528091
568.218528091
568.218528091
568.218528091
568.218528091
568.218528091
568.218528091
568.218528091
568.218528091
568.218528091
568.218528091
568.218528091
568.218528091
568.218528091
568.218528091
568.218528091
568.218528091
568.218528091
568.218528091
568.218528091
568.218528091
568.218528091
568.218528091
568.218528091
568.218528091
568.218528091
568.218528091
568.218528091
568.218528091
568.218528091
568.218528091
568.218528091
568.218528091
568.218528091
568.218528091
568.218528091
568.218528091
568.218528091
568.218528091
568.218528091
568.218528091
568.218528091
568.218528091
568.218528091
568.218528091
568.218528091
568.218528091
568.218528091
568.218528091
568.218528091
568.218528091
568.218528091
568.218528091
568.218528091
568.218528091
568.218528091
568.218528091
568.218528091
568.218528091
568.218528091
568.218528091
568.218528091
568.218528091
568.218528091
568.218528091
568.218528091
568.218528091
568.218528091
568.218528091
568.218528091
568.218528091
568.218528091
568.218528091
568.218528091
568.218528091
568.218528091
568.218528091
568.218528091
568.218528091
568.218528091
568.218528091
568.218528091
568.218528091
568.218528091
568.218528091
568.218528091
568.218528091
568.218528091
568.218528091
568.218528091
568.218528091
568.218528091
568.218528091
568.218528091
568.218528091
568.218528091
568.218528091
568.218528091
568.218528091
568.218528091
568.218528091
568.218528091
568.218528091
568.218528091
568.218528091
568.218528091
568.218528091
568.218528091
568.218528091
568.218528091
568.218528091
568.218528091
568.218528091
568.218528091
568.218528091
568.218528091
568.218528091
568.218528091
568.218528091
568.218528091
568.218528091
568.218528091
568.218528091
568.218528091
568.218528091
568.218528091
568.218528091
568.218528091
568.218528091
568.218528091
568.218528091
568.218528091
568.218528091
568.218528091
568.218528091
568.218528091
568.218528091
568.218528091
568.218528091
568.218528091
568.218528091
568.218528091
568.218528091
568.218528091
568.218528091
568.218528091
568.218528091
568.218528091
568.218528091
568.218528091
568.218528091
568.218528091
568.218528091
568.218528091
568.218528091
568.218528091
568.218528091
568.218528091
568.218528091
568.218528091
568.218528091
568.218528091
568.218528091
568.218528091
568.218528091
568.218528091
568.218528091
568.218528091
568.218528091
568.218528091
568.218528091
568.218528091
568.218528091
568.218528091
568.218528091
568.218528091
568.218528091
568.218528091
568.218528091
568.218528091
568.218528091
568.218528091
568.218528091
568.218528091
568.218528091
568.218528091
568.218528091
568.218528091
568.218528091
568.218528091
568.218528091
568.218528091
568.218528091
568.218528091
568.218528091
568.218528091
568.218528091
568.218528091
568.218528091
568.218528091
568.218528091
568.218528091
568.218528091
568.218528091
568.218528091
568.218528091
568.218528091
568.218528091
568.218528091
568.218528091
568.218528091
568.218528091
568.218528091
568.218528091
568.218528091
568.218528091
568.218528091
568.218528091
568.218528091
568.218528091
568.218528091
568.218528091
568.218528091
568.218528091
568.218528091
568.218528091
568.218528091
568.218528091
568.218528091
568.218528091
568.218528091
568.218528091
568.218528091
568.218528091
568.218528091
568.218528091
568.218528091
568.218528091
568.218528091
568.218528091
568.218528091
568.218528091
568.218528091
568.218528091
568.218528091
568.218528091
568.218528091
568.218528091
568.218528091
568.218528091
568.218528091
568.218528091
568.218528091
568.218528091
568.218528091
568.218528091
568.218528091
568.218528091
568.218528091
568.218528091
568.218528091
568.218528091
568.218528091
568.218528091
568.218528091
568.218528091
568.218528091
568.218528091
568.218528091
568.218528091
568.218528091
568.218528091
568.218528091
568.218528091
568.218528091
568.218528091
568.218528091
568.218528091
568.218528091
568.218528091
568.218528091
568.218528091
568.218528091
568.218528091
568.218528091
568.218528091
568.218528091
568.218528091
568.218528091
568.218528091
568.218528091
568.218528091
568.218528091
568.218528091
568.218528091
568.218528091
568.218528091
568.218528091
568.218528091
568.218528091
568.218528091
568.218528091
568.218528091
568.218528091
568.218528091
568.218528091
568.218528091
568.218528091
568.218528091
568.218528091
568.218528091
568.218528091
568.218528091
568.218528091
568.218528091
568.218528091
568.218528091
568.218528091
568.218528091
568.218528091
568.218528091
568.218528091
568.218528091
568.218528091
568.218528091
568.218528091
568.218528091
568.218528091
568.218528091
568.218528091
568.218528091
568.218528091
568.218528091
568.218528091
568.218528091
568.218528091
568.218528091
568.218528091
568.218528091
568.218528091
568.218528091
568.218528091
568.218528091
568.218528091
568.218528091
568.218528091
568.218528091
568.218528091
568.218528091
568.218528091
568.218528091
568.218528091
568.218528091
568.218528091
568.218528091
568.218528091
568.218528091
568.218528091
568.218528091
568.218528091
568.218528091
568.218528091
568.218528091
568.218528091
568.218528091
568.218528091
568.218528091
568.218528091
568.218528091
568.218528091
568.218528091
568.218528091
568.218528091
568.218528091
568.218528091
568.218528091
568.218528091
568.218528091
568.218528091
568.218528091
568.218528091
568.218528091
568.218528091
568.218528091
568.218528091
568.218528091
568.218528091
568.218528091
568.218528091
568.218528091
568.218528091
568.218528091
568.218528091
568.218528091
568.218528091
568.218528091
568.218528091
568.218528091
568.218528091
568.218528091
568.218528091
568.218528091
568.218528091
568.218528091
568.218528091
568.218528091
568.218528091
568.218528091
568.218528091
568.218528091
568.218528091
568.218528091
568.218528091
568.218528091
568.218528091
568.218528091
568.218528091
568.218528091
568.218528091
568.218528091
568.218528091
568.218528091
568.218528091
568.218528091
568.218528091
568.218528091
568.218528091
568.218528091
568.218528091
568.218528091
568.218528091
568.218528091
568.218528091
568.218528091
568.218528091
568.218528091
568.218528091
568.218528091
568.218528091
568.218528091
568.218528091
568.218528091
568.218528091
568.218528091
568.218528091
568.218528091
568.218528091
568.218528091
568.218528091
568.218528091
568.218528091
568.218528091
568.218528091
568.218528091
568.218528091
568.218528091
568.218528091
568.218528091
568.218528091
568.218528091
568.218528091
568.218528091
568.218528091
568.218528091
568.218528091
568.218528091
568.218528091
568.218528091
568.218528091
568.218528091
568.218528091
568.218528091
568.218528091
568.218528091
568.218528091
568.218528091
568.218528091
568.218528091
568.218528091
568.218528091
568.218528091
568.218528091
568.218528091
568.218528091
568.218528091
568.218528091
568.218528091
568.218528091
568.218528091
568.218528091
568.218528091
568.218528091
568.218528091
568.218528091
568.218528091
568.218528091
568.218528091
568.218528091
568.218528091
568.218528091
568.218528091
568.218528091
568.218528091
568.218528091
568.218528091
568.218528091
568.218528091
568.218528091
568.218528091
568.218528091
568.218528091
568.218528091
568.218528091
568.218528091
568.218528091
568.218528091
568.218528091
568.218528091
568.218528091
568.218528091
568.218528091
568.218528091
568.218528091
568.218528091
568.218528091
568.218528091
568.218528091
568.218528091
568.218528091
568.218528091
568.218528091
568.218528091
568.218528091
568.218528091
568.218528091
568.218528091
568.218528091
568.218528091
568.218528091
568.218528091
568.218528091
568.218528091
568.218528091
568.218528091
568.218528091
568.218528091
568.218528091
568.218528091
568.218528091
568.218528091
568.218528091
568.218528091
568.218528091
568.218528091
568.218528091
568.218528091
568.218528091
568.218528091
568.218528091
568.218528091
568.218528091
568.218528091
568.218528091
568.218528091
568.218528091
568.218528091
568.218528091
568.218528091
568.218528091
568.218528091
568.218528091
568.218528091
568.218528091
568.218528091
568.218528091
568.218528091
568.218528091
568.218528091
568.218528091
568.218528091
568.218528091
568.218528091
568.218528091
568.218528091
568.218528091
568.218528091
568.218528091
568.218528091
568.218528091
568.218528091
568.218528091
568.218528091
568.218528091
568.218528091
568.218528091
568.218528091
568.218528091
568.218528091
568.218528091
568.218528091
568.218528091
568.218528091
568.218528091
568.218528091
568.218528091
568.218528091
568.218528091
568.218528091
568.218528091
568.218528091
568.218528091
568.218528091
568.218528091
568.218528091
568.218528091
568.218528091
568.218528091
568.218528091
568.218528091
568.218528091
568.218528091
568.218528091
568.218528091
568.218528091
568.218528091
568.218528091
568.218528091
568.218528091
568.218528091
568.218528091
568.218528091
568.218528091
568.218528091
568.218528091
568.218528091
568.218528091
568.218528091
568.218528091
568.218528091
568.218528091
568.218528091
568.218528091
568.218528091
568.218528091
568.218528091
568.218528091
568.218528091
568.218528091
568.218528091
568.218528091
568.218528091
568.218528091
568.218528091
568.218528091
568.218528091
568.218528091
568.218528091
568.218528091
568.218528091
568.218528091
568.218528091
568.218528091
568.218528091
568.218528091
568.218528091
568.218528091
568.218528091
568.218528091
568.218528091
568.218528091
568.218528091
568.218528091
568.218528091
568.218528091
568.218528091
568.218528091
568.218528091
568.218528091
568.218528091
568.218528091
568.218528091
568.218528091
568.218528091
568.218528091
568.218528091
568.218528091
568.218528091
568.218528091
568.218528091
568.218528091
568.218528091
568.218528091
568.218528091
568.218528091
568.218528091
568.218528091
568.218528091
568.218528091
568.218528091
568.218528091
568.218528091
568.218528091
568.218528091
568.218528091
568.218528091
568.218528091
568.218528091
568.218528091
568.218528091
568.218528091
568.218528091
568.218528091
568.218528091
568.218528091
568.218528091
568.218528091
568.218528091
568.218528091
568.218528091
568.218528091
568.218528091
568.218528091
568.218528091
568.218528091
568.218528091
568.218528091
568.218528091
568.218528091
568.218528091
568.218528091
568.218528091
568.218528091
568.218528091
568.218528091
568.218528091
568.218528091
568.218528091
568.218528091
568.218528091
568.218528091
568.218528091
568.218528091
568.218528091
568.218528091
568.218528091
568.218528091
568.218528091
568.218528091
568.218528091
568.218528091
568.218528091
568.218528091
568.218528091
568.218528091
568.218528091
568.218528091
568.218528091
568.218528091
568.218528091
568.218528091
568.218528091
568.218528091
568.218528091
568.218528091
568.218528091
568.218528091
568.218528091
568.218528091
568.218528091
568.218528091
568.218528091
568.218528091
568.218528091
568.218528091
568.218528091
568.218528091
568.218528091
568.218528091
568.218528091
568.218528091
568.218528091
568.218528091
568.218528091
568.218528091
568.218528091
568.218528091
568.218528091
568.218528091
568.218528091
568.218528091
568.218528091
568.218528091
568.218528091
568.218528091
568.218528091
568.218528091
568.218528091
568.218528091
568.218528091
568.218528091
568.218528091
568.218528091
568.218528091
568.218528091
568.218528091
568.218528091
568.218528091
568.218528091
568.218528091
568.218528091
568.218528091
568.218528091
568.218528091
568.218528091
568.218528091
568.218528091
568.218528091
568.218528091
568.218528091
568.218528091
568.218528091
568.218528091
568.218528091
568.218528091
568.218528091
568.218528091
568.218528091
568.218528091
568.218528091
568.218528091
568.218528091
568.218528091
568.218528091
568.218528091
568.218528091
568.218528091
568.218528091
568.218528091
568.218528091
568.218528091
568.218528091
568.218528091
568.218528091
568.218528091
568.218528091
568.218528091
568.218528091
568.218528091
568.218528091
568.218528091
568.218528091
568.218528091
568.218528091
568.218528091
568.218528091
568.218528091
568.218528091
568.218528091
568.218528091
568.218528091
568.218528091
568.218528091
568.218528091
568.218528091
568.218528091
568.218528091
568.218528091
568.218528091
568.218528091
568.218528091
568.218528091
568.218528091
568.218528091
568.218528091
568.218528091
568.218528091
568.218528091
568.218528091
568.218528091
568.218528091
568.218528091
568.218528091
568.218528091
568.218528091
568.218528091
568.218528091
568.218528091
568.218528091
568.218528091
568.218528091
568.218528091
568.218528091
568.218528091
568.218528091
568.218528091
568.218528091
568.218528091
568.218528091
568.218528091
568.218528091
568.218528091
568.218528091
568.218528091
568.218528091
568.218528091
568.218528091
568.218528091
568.218528091
568.218528091
568.218528091
568.218528091
568.218528091
568.218528091
568.218528091
568.218528091
568.218528091
568.218528091
568.218528091
568.218528091
568.218528091
568.218528091
568.218528091
568.218528091
568.218528091
568.218528091
568.218528091
568.218528091
568.218528091
568.218528091
568.218528091
568.218528091
568.218528091
568.218528091
568.218528091
568.218528091
568.218528091
568.218528091
568.218528091
568.218528091
568.218528091
568.218528091
568.218528091
568.218528091
568.218528091
568.218528091
568.218528091
568.218528091
568.218528091
568.218528091
568.218528091
568.218528091
568.218528091
568.218528091
568.218528091
568.218528091
568.218528091
568.218528091
568.218528091
568.218528091
568.218528091
568.218528091
568.218528091
568.218528091
568.218528091
568.218528091
568.218528091
568.218528091
568.218528091
568.218528091
568.218528091
568.218528091
568.218528091
568.218528091
568.218528091
568.218528091
568.218528091
568.218528091
568.218528091
568.218528091
568.218528091
568.218528091
568.218528091
568.218528091
568.218528091
568.218528091
568.218528091
568.218528091
568.218528091
568.218528091
568.218528091
568.218528091
568.218528091
568.218528091
568.218528091
568.218528091
568.218528091
568.218528091
568.218528091
568.218528091
568.218528091
568.218528091
568.218528091
568.218528091
568.218528091
568.218528091
568.218528091
568.218528091
568.218528091
568.218528091
568.218528091
568.218528091
568.218528091
568.218528091
568.218528091
568.218528091
568.218528091
568.218528091
568.218528091
568.218528091
568.218528091
568.218528091
568.218528091
568.218528091
568.218528091
568.218528091
568.218528091
568.218528091
568.218528091
568.218528091
568.218528091
568.218528091
568.218528091
568.218528091
568.218528091
568.218528091
568.218528091
568.218528091
568.218528091
568.218528091
568.218528091
568.218528091
568.218528091
568.218528091
568.218528091
568.218528091
568.218528091
568.218528091
568.218528091
568.218528091
568.218528091
568.218528091
568.218528091
568.218528091
568.218528091
568.218528091
568.218528091
568.218528091
568.218528091
568.218528091
568.218528091
568.218528091
568.218528091
568.218528091
568.218528091
568.218528091
568.218528091
568.218528091
568.218528091
568.218528091
568.218528091
568.218528091
568.218528091
568.218528091
568.218528091
568.218528091
568.218528091
568.218528091
568.218528091
568.218528091
568.218528091
568.218528091
568.218528091
568.218528091
568.218528091
568.218528091
568.218528091
568.218528091
568.218528091
568.218528091
568.218528091
568.218528091
568.218528091
568.218528091
568.218528091
568.218528091
568.218528091
568.218528091
568.218528091
568.218528091
568.218528091
568.218528091
568.218528091
568.218528091
568.218528091
568.218528091
568.218528091
568.218528091
568.218528091
568.218528091
568.218528091
568.218528091
568.218528091
568.218528091
568.218528091
568.218528091
568.218528091
568.218528091
568.218528091
568.218528091
568.218528091
568.218528091
568.218528091
568.218528091
568.218528091
568.218528091
568.218528091
568.218528091
568.218528091
568.218528091
568.218528091
568.218528091
568.218528091
568.218528091
568.218528091
568.218528091
568.218528091
568.218528091
568.218528091
568.218528091
568.218528091
568.218528091
568.218528091
568.218528091
568.218528091
568.218528091
568.218528091
568.218528091
568.218528091
568.218528091
568.218528091
568.218528091
568.218528091
568.218528091
568.218528091
568.218528091
568.218528091
568.218528091
568.218528091
568.218528091
568.218528091
568.218528091
568.218528091
568.218528091
568.218528091
568.218528091
568.218528091
568.218528091
568.218528091
568.218528091
568.218528091
568.218528091
568.218528091
568.218528091
568.218528091
568.218528091
568.218528091
568.218528091
568.218528091
568.218528091
568.218528091
568.218528091
568.218528091
568.218528091
568.218528091
568.218528091
568.218528091
568.218528091
568.218528091
568.218528091
568.218528091
568.218528091
568.218528091
568.218528091
568.218528091
568.218528091
568.218528091
568.218528091
568.218528091
568.218528091
568.218528091
568.218528091
568.218528091
568.218528091
568.218528091
568.218528091
568.218528091
568.218528091
568.218528091
568.218528091
568.218528091
568.218528091
568.218528091
568.218528091
568.218528091
568.218528091
568.218528091
568.218528091
568.218528091
568.218528091
568.218528091
568.218528091
568.218528091
568.218528091
568.218528091
568.218528091
568.218528091
568.218528091
568.218528091
568.218528091
568.218528091
568.218528091
568.218528091
568.218528091
568.218528091
568.218528091
568.218528091
568.218528091
568.218528091
568.218528091
568.218528091
568.218528091
568.218528091
568.218528091
568.218528091
568.218528091
568.218528091
568.218528091
568.218528091
568.218528091
568.218528091
568.218528091
568.218528091
568.218528091
568.218528091
568.218528091
568.218528091
568.218528091
568.218528091
568.218528091
568.218528091
568.218528091
568.218528091
568.218528091
568.218528091
568.218528091
568.218528091
568.218528091
568.218528091
568.218528091
568.218528091
568.218528091
568.218528091
568.218528091
568.218528091
568.218528091
568.218528091
568.218528091
568.218528091
568.218528091
568.218528091
568.218528091
568.218528091
568.218528091
568.218528091
568.218528091
568.218528091
568.218528091
568.218528091
568.218528091
568.218528091
568.218528091
568.218528091
568.218528091
568.218528091
568.218528091
568.218528091
568.218528091
568.218528091
568.218528091
568.218528091
568.218528091
568.218528091
568.218528091
568.218528091
568.218528091
568.218528091
568.218528091
568.218528091
568.218528091
568.218528091
568.218528091
568.218528091
568.218528091
568.218528091
568.218528091
568.218528091
568.218528091
568.218528091
568.218528091
568.218528091
568.218528091
568.218528091
568.218528091
568.218528091
568.218528091
568.218528091
568.218528091
568.218528091
568.218528091
568.218528091
568.218528091
568.218528091
568.218528091
568.218528091
568.218528091
568.218528091
568.218528091
568.218528091
568.218528091
568.218528091
568.218528091
568.218528091
568.218528091
568.218528091
568.218528091
568.218528091
568.218528091
568.218528091
568.218528091
568.218528091
568.218528091
568.218528091
568.218528091
568.218528091
568.218528091
568.218528091
568.218528091
568.218528091
568.218528091
568.218528091
568.218528091
568.218528091
568.218528091
568.218528091
568.218528091
568.218528091
568.218528091
568.218528091
568.218528091
568.218528091
568.218528091
568.218528091
568.218528091
568.218528091
568.218528091
568.218528091
568.218528091
568.218528091
568.218528091
568.218528091
568.218528091
568.218528091
568.218528091
568.218528091
568.218528091
568.218528091
568.218528091
568.218528091
568.218528091
568.218528091
568.218528091
568.218528091
568.218528091
568.218528091
568.218528091
568.218528091
568.218528091
568.218528091
568.218528091
568.218528091
568.218528091
568.218528091
568.218528091
568.218528091
568.218528091
568.218528091
568.218528091
568.218528091
568.218528091
568.218528091
568.218528091
568.218528091
568.218528091
568.218528091
568.218528091
568.218528091
568.218528091
568.218528091
568.218528091
568.218528091
568.218528091
568.218528091
568.218528091
568.218528091
568.218528091
568.218528091
568.218528091
568.218528091
568.218528091
568.218528091
568.218528091
568.218528091
568.218528091
568.218528091
568.218528091
568.218528091
568.218528091
568.218528091
568.218528091
568.218528091
568.218528091
568.218528091
568.218528091
568.218528091
568.218528091
568.218528091
568.218528091
568.218528091
568.218528091
568.218528091
568.218528091
568.218528091
568.218528091
568.218528091
568.218528091
568.218528091
568.218528091
568.218528091
568.218528091
568.218528091
568.218528091
568.218528091
568.218528091
568.218528091
568.218528091
568.218528091
568.218528091
568.218528091
568.218528091
568.218528091
568.218528091
568.218528091
568.218528091
568.218528091
568.218528091
568.218528091
568.218528091
568.218528091
568.218528091
568.218528091
568.218528091
568.218528091
568.218528091
568.218528091
568.218528091
568.218528091
568.218528091
568.218528091
568.218528091
568.218528091
568.218528091
568.218528091
568.218528091
568.218528091
568.218528091
568.218528091
568.218528091
568.218528091
568.218528091
568.218528091
568.218528091
568.218528091
568.218528091
568.218528091
568.218528091
568.218528091
568.218528091
568.218528091
568.218528091
568.218528091
568.218528091
568.218528091
568.218528091
568.218528091
568.218528091
568.218528091
568.218528091
568.218528091
568.218528091
568.218528091
568.218528091
568.218528091
568.218528091
568.218528091
568.218528091
568.218528091
568.218528091
568.218528091
568.218528091
568.218528091
568.218528091
568.218528091
568.218528091
568.218528091
568.218528091
568.218528091
568.218528091
568.218528091
568.218528091
568.218528091
568.218528091
568.218528091
568.218528091
568.218528091
568.218528091
568.218528091
568.218528091
568.218528091
568.218528091
568.218528091
568.218528091
568.218528091
568.218528091
568.218528091
568.218528091
568.218528091
568.218528091
568.218528091
568.218528091
568.218528091
568.218528091
568.218528091
568.218528091
568.218528091
568.218528091
568.218528091
568.218528091
568.218528091
568.218528091
568.218528091
568.218528091
568.218528091
568.218528091
568.218528091
568.218528091
568.218528091
568.218528091
568.218528091
568.218528091
568.218528091
568.218528091
568.218528091
568.218528091
568.218528091
568.218528091
568.218528091
568.218528091
568.218528091
568.218528091
568.218528091
568.218528091
568.218528091
568.218528091
568.218528091
568.218528091
568.218528091
568.218528091
568.218528091
568.218528091
568.218528091
568.218528091
568.218528091
568.218528091
568.218528091
568.218528091
568.218528091
568.218528091
568.218528091
568.218528091
568.218528091
568.218528091
568.218528091
568.218528091
568.218528091
568.218528091
568.218528091
568.218528091
568.218528091
568.218528091
568.218528091
568.218528091
568.218528091
568.218528091
568.218528091
568.218528091
568.218528091
568.218528091
568.218528091
568.218528091
568.218528091
568.218528091
568.218528091
568.218528091
568.218528091
568.218528091
568.218528091
568.218528091
568.218528091
568.218528091
568.218528091
568.218528091
568.218528091
568.218528091
568.218528091
568.218528091
568.218528091
568.218528091
568.218528091
568.218528091
568.218528091
568.218528091
568.218528091
568.218528091
568.218528091
568.218528091
568.218528091
568.218528091
568.218528091
568.218528091
568.218528091
568.218528091
568.218528091
568.218528091
568.218528091
568.218528091
568.218528091
568.218528091
568.218528091
568.218528091
568.218528091
568.218528091
568.218528091
568.218528091
568.218528091
568.218528091
568.218528091
568.218528091
568.218528091
568.218528091
568.218528091
568.218528091
568.218528091
568.218528091
568.218528091
568.218528091
568.218528091
568.218528091
568.218528091
568.218528091
568.218528091
568.218528091
568.218528091
568.218528091
568.218528091
568.218528091
568.218528091
568.218528091
568.218528091
568.218528091
568.218528091
568.218528091
568.218528091
568.218528091
568.218528091
568.218528091
568.218528091
568.218528091
568.218528091
568.218528091
568.218528091
568.218528091
568.218528091
568.218528091
568.218528091
568.218528091
568.218528091
568.218528091
568.218528091
568.218528091
568.218528091
568.218528091
568.218528091
568.218528091
568.218528091
568.218528091
568.218528091
568.218528091
568.218528091
568.218528091
568.218528091
568.218528091
568.218528091
568.218528091
568.218528091
568.218528091
568.218528091
568.218528091
568.218528091
568.218528091
568.218528091
568.218528091
568.218528091
568.218528091
568.218528091
568.218528091
568.218528091
568.218528091
568.218528091
568.218528091
568.218528091
568.218528091
568.218528091
568.218528091
568.218528091
568.218528091
568.218528091
568.218528091
568.218528091
568.218528091
568.218528091
568.218528091
568.218528091
568.218528091
568.218528091
568.218528091
568.218528091
568.218528091
568.218528091
568.218528091
568.218528091
568.218528091
568.218528091
568.218528091
568.218528091
568.218528091
568.218528091
568.218528091
568.218528091
568.218528091
568.218528091
568.218528091
568.218528091
568.218528091
568.218528091
568.218528091
568.218528091
568.218528091
568.218528091
568.218528091
568.218528091
568.218528091
568.218528091
568.218528091
568.218528091
568.218528091
568.218528091
568.218528091
568.218528091
568.218528091
568.218528091
568.218528091
568.218528091
568.218528091
568.218528091
568.218528091
568.218528091
568.218528091
568.218528091
568.218528091
568.218528091
568.218528091
568.218528091
568.218528091
568.218528091
568.218528091
568.218528091
568.218528091
568.218528091
568.218528091
568.218528091
568.218528091
568.218528091
568.218528091
568.218528091
568.218528091
568.218528091
568.218528091
568.218528091
568.218528091
568.218528091
568.218528091
568.218528091
568.218528091
568.218528091
568.218528091
568.218528091
568.218528091
568.218528091
568.218528091
568.218528091
568.218528091
568.218528091
568.218528091
568.218528091
568.218528091
568.218528091
568.218528091
568.218528091
568.218528091
568.218528091
568.218528091
568.218528091
568.218528091
568.218528091
568.218528091
568.218528091
568.218528091
568.218528091
568.218528091
568.218528091
568.218528091
568.218528091
568.218528091
568.218528091
568.218528091
568.218528091
568.218528091
568.218528091
568.218528091
568.218528091
568.218528091
568.218528091
568.218528091
568.218528091
568.218528091
568.218528091
568.218528091
568.218528091
568.218528091
568.218528091
568.218528091
568.218528091
568.218528091
568.218528091
568.218528091
568.218528091
568.218528091
568.218528091
568.218528091
568.218528091
568.218528091
568.218528091
568.218528091
568.218528091
568.218528091
568.218528091
568.218528091
568.218528091
568.218528091
568.218528091
568.218528091
568.218528091
568.218528091
568.218528091
568.218528091
568.218528091
568.218528091
568.218528091
568.218528091
568.218528091
568.218528091
568.218528091
568.218528091
568.218528091
568.218528091
568.218528091
568.218528091
568.218528091
568.218528091
568.218528091
568.218528091
568.218528091
568.218528091
568.218528091
568.218528091
568.218528091
568.218528091
568.218528091
568.218528091
568.218528091
568.218528091
568.218528091
568.218528091
568.218528091
568.218528091
568.218528091
568.218528091
568.218528091
568.218528091
568.218528091
568.218528091
568.218528091
568.218528091
568.218528091
568.218528091
568.218528091
568.218528091
568.218528091
568.218528091
568.218528091
568.218528091
568.218528091
568.218528091
568.218528091
568.218528091
568.218528091
568.218528091
568.218528091
568.218528091
568.218528091
568.218528091
568.218528091
568.218528091
568.218528091
568.218528091
568.218528091
568.218528091
568.218528091
568.218528091
568.218528091
568.218528091
568.218528091
568.218528091
568.218528091
568.218528091
568.218528091
568.218528091
568.218528091
568.218528091
568.218528091
568.218528091
568.218528091
568.218528091
568.218528091
568.218528091
568.218528091
568.218528091
568.218528091
568.218528091
568.218528091
568.218528091
568.218528091
568.218528091
568.218528091
568.218528091
568.218528091
568.218528091
568.218528091
568.218528091
568.218528091
568.218528091
568.218528091
568.218528091
568.218528091
568.218528091
568.218528091
568.218528091
568.218528091
568.218528091
568.218528091
568.218528091
568.218528091
568.218528091
568.218528091
568.218528091
568.218528091
568.218528091
568.218528091
568.218528091
568.218528091
568.218528091
568.218528091
568.218528091
568.218528091
568.218528091
568.218528091
568.218528091
568.218528091
568.218528091
568.218528091
568.218528091
568.218528091
568.218528091
568.218528091
568.218528091
568.218528091
568.218528091
568.218528091
568.218528091
568.218528091
568.218528091
568.218528091
568.218528091
568.218528091
568.218528091
568.218528091
568.218528091
568.218528091
568.218528091
568.218528091
568.218528091
568.218528091
568.218528091
568.218528091
568.218528091
568.218528091
568.218528091
568.218528091
568.218528091
568.218528091
568.218528091
568.218528091
568.218528091
568.218528091
568.218528091
568.218528091
568.218528091
568.218528091
568.218528091
568.218528091
568.218528091
568.218528091
568.218528091
568.218528091
568.218528091
568.218528091
568.218528091
568.218528091
568.218528091
568.218528091
568.218528091
568.218528091
568.218528091
568.218528091
568.218528091
568.218528091
568.218528091
568.218528091
568.218528091
568.218528091
568.218528091
568.218528091
568.218528091
568.218528091
568.218528091
568.218528091
568.218528091
568.218528091
568.218528091
568.218528091
568.218528091
568.218528091
568.218528091
568.218528091
568.218528091
568.218528091
568.218528091
568.218528091
568.218528091
568.218528091
568.218528091
568.218528091
568.218528091
568.218528091
568.218528091
568.218528091
568.218528091
568.218528091
568.218528091
568.218528091
568.218528091
568.218528091
568.218528091
568.218528091
568.218528091
568.218528091
568.218528091
568.218528091
568.218528091
568.218528091
568.218528091
568.218528091
568.218528091
568.218528091
568.218528091
568.218528091
568.218528091
568.218528091
568.218528091
568.218528091
568.218528091
568.218528091
568.218528091
568.218528091
568.218528091
568.218528091
568.218528091
568.218528091
568.218528091
568.218528091
568.218528091
568.218528091
568.218528091
568.218528091
568.218528091
568.218528091
568.218528091
568.218528091
568.218528091
568.218528091
568.218528091
568.218528091
568.218528091
568.218528091
568.218528091
568.218528091
568.218528091
568.218528091
568.218528091
568.218528091
568.218528091
568.218528091
568.218528091
568.218528091
568.218528091
568.218528091
568.218528091
568.218528091
568.218528091
568.218528091
568.218528091
568.218528091
568.218528091
568.218528091
568.218528091
568.218528091
568.218528091
568.218528091
568.218528091
568.218528091
568.218528091
568.218528091
568.218528091
568.218528091
568.218528091
568.218528091
568.218528091
568.218528091
568.218528091
568.218528091
568.218528091
568.218528091
568.218528091
568.218528091
568.218528091
568.218528091
568.218528091
568.218528091
568.218528091
568.218528091
568.218528091
568.218528091
568.218528091
568.218528091
568.218528091
568.218528091
568.218528091
568.218528091
568.218528091
568.218528091
568.218528091
568.218528091
568.218528091
568.218528091
568.218528091
568.218528091
568.218528091
568.218528091
568.218528091
568.218528091
568.218528091
568.218528091
568.218528091
568.218528091
568.218528091
568.218528091
568.218528091
568.218528091
568.218528091
568.218528091
568.218528091
568.218528091
568.218528091
568.218528091
568.218528091
568.218528091
568.218528091
568.218528091
568.218528091
568.218528091
568.218528091
568.218528091
568.218528091
568.218528091
568.218528091
568.218528091
568.218528091
568.218528091
568.218528091
568.218528091
568.218528091
568.218528091
568.218528091
568.218528091
568.218528091
568.218528091
568.218528091
568.218528091
568.218528091
568.218528091
568.218528091
568.218528091
568.218528091
568.218528091
568.218528091
568.218528091
568.218528091
568.218528091
568.218528091
568.218528091
568.218528091
568.218528091
568.218528091
568.218528091
568.218528091
568.218528091
568.218528091
568.218528091
568.218528091
568.218528091
568.218528091
568.218528091
568.218528091
568.218528091
568.218528091
568.218528091
568.218528091
568.218528091
568.218528091
568.218528091
568.218528091
568.218528091
568.218528091
568.218528091
568.218528091
568.218528091
568.218528091
568.218528091
568.218528091
568.218528091
568.218528091
568.218528091
568.218528091
568.218528091
568.218528091
568.218528091
568.218528091
568.218528091
568.218528091
568.218528091
568.218528091
568.218528091
568.218528091
568.218528091
568.218528091
568.218528091
568.218528091
568.218528091
568.218528091
568.218528091
568.218528091
568.218528091
568.218528091
568.218528091
568.218528091
568.218528091
568.218528091
568.218528091
568.218528091
568.218528091
568.218528091
568.218528091
568.218528091
568.218528091
568.218528091
568.218528091
568.218528091
568.218528091
568.218528091
568.218528091
568.218528091
568.218528091
568.218528091
568.218528091
568.218528091
568.218528091
568.218528091
568.218528091
568.218528091
568.218528091
568.218528091
568.218528091
568.218528091
568.218528091
568.218528091
568.218528091
568.218528091
568.218528091
568.218528091
568.218528091
568.218528091
568.218528091
568.218528091
568.218528091
568.218528091
568.218528091
568.218528091
568.218528091
568.218528091
568.218528091
568.218528091
568.218528091
568.218528091
568.218528091
568.218528091
568.218528091
568.218528091
568.218528091
568.218528091
568.218528091
568.218528091
568.218528091
568.218528091
568.218528091
568.218528091
568.218528091
568.218528091
568.218528091
568.218528091
568.218528091
568.218528091
568.218528091
568.218528091
568.218528091
568.218528091
568.218528091
568.218528091
568.218528091
568.218528091
568.218528091
568.218528091
568.218528091
568.218528091
568.218528091
568.218528091
568.218528091
568.218528091
568.218528091
568.218528091
568.218528091
568.218528091
568.218528091
568.218528091
568.218528091
568.218528091
568.218528091
568.218528091
568.218528091
568.218528091
568.218528091
568.218528091
568.218528091
568.218528091
568.218528091
568.218528091
568.218528091
568.218528091
568.218528091
568.218528091
568.218528091
568.218528091
568.218528091
568.218528091
568.218528091
568.218528091
568.218528091
568.218528091
568.218528091
568.218528091
568.218528091
568.218528091
568.218528091
568.218528091
568.218528091
568.218528091
568.218528091
568.218528091
568.218528091
568.218528091
568.218528091
568.218528091
568.218528091
568.218528091
568.218528091
568.218528091
568.218528091
568.218528091
568.218528091
568.218528091
568.218528091
568.218528091
568.218528091
568.218528091
568.218528091
568.218528091
568.218528091
568.218528091
568.218528091
568.218528091
568.218528091
568.218528091
568.218528091
568.218528091
568.218528091
568.218528091
568.218528091
568.218528091
568.218528091
568.218528091
568.218528091
568.218528091
568.218528091
568.218528091
568.218528091
568.218528091
568.218528091
568.218528091
568.218528091
568.218528091
568.218528091
568.218528091
568.218528091
568.218528091
568.218528091
568.218528091
568.218528091
568.218528091
568.218528091
568.218528091
568.218528091
568.218528091
568.218528091
568.218528091
568.218528091
568.218528091
568.218528091
568.218528091
568.218528091
568.218528091
568.218528091
568.218528091
568.218528091
568.218528091
568.218528091
568.218528091
568.218528091
568.218528091
568.218528091
568.218528091
568.218528091
568.218528091
568.218528091
568.218528091
568.218528091
568.218528091
568.218528091
568.218528091
568.218528091
568.218528091
568.218528091
568.218528091
568.218528091
568.218528091
568.218528091
568.218528091
568.218528091
568.218528091
568.218528091
568.218528091
568.218528091
568.218528091
568.218528091
568.218528091
568.218528091
568.218528091
568.218528091
568.218528091
568.218528091
568.218528091
568.218528091
568.218528091
568.218528091
568.218528091
568.218528091
568.218528091
568.218528091
568.218528091
568.218528091
568.218528091
568.218528091
568.218528091
568.218528091
568.218528091
568.218528091
568.218528091
568.218528091
568.218528091
568.218528091
568.218528091
568.218528091
568.218528091
568.218528091
568.218528091
568.218528091
568.218528091
568.218528091
568.218528091
568.218528091
568.218528091
568.218528091
568.218528091
568.218528091
568.218528091
568.218528091
568.218528091
568.218528091
568.218528091
568.218528091
568.218528091
568.218528091
568.218528091
568.218528091
568.218528091
568.218528091
568.218528091
568.218528091
568.218528091
568.218528091
568.218528091
568.218528091
568.218528091
568.218528091
568.218528091
568.218528091
568.218528091
568.218528091
568.218528091
568.218528091
568.218528091
568.218528091
568.218528091
568.218528091
568.218528091
568.218528091
568.218528091
568.218528091
568.218528091
568.218528091
568.218528091
568.218528091
568.218528091
568.218528091
568.218528091
568.218528091
568.218528091
568.218528091
568.218528091
568.218528091
568.218528091
568.218528091
568.218528091
568.218528091
568.218528091
568.218528091
568.218528091
568.218528091
568.218528091
568.218528091
568.218528091
568.218528091
568.218528091
568.218528091
568.218528091
568.218528091
568.218528091
568.218528091
568.218528091
568.218528091
568.218528091
568.218528091
568.218528091
568.218528091
568.218528091
568.218528091
568.218528091
568.218528091
568.218528091
568.218528091
568.218528091
568.218528091
568.218528091
568.218528091
568.218528091
568.218528091
568.218528091
568.218528091
568.218528091
568.218528091
568.218528091
568.218528091
568.218528091
568.218528091
568.218528091
568.218528091
568.218528091
568.218528091
568.218528091
568.218528091
568.218528091
568.218528091
568.218528091
568.218528091
568.218528091
568.218528091
568.218528091
568.218528091
568.218528091
568.218528091
568.218528091
568.218528091
568.218528091
568.218528091
568.218528091
568.218528091
568.218528091
568.218528091
568.218528091
568.218528091
568.218528091
568.218528091
568.218528091
568.218528091
568.218528091
568.218528091
568.218528091
568.218528091
568.218528091
568.218528091
568.218528091
568.218528091
568.218528091
568.218528091
568.218528091
568.218528091
568.218528091
568.218528091
568.218528091
568.218528091
568.218528091
568.218528091
568.218528091
568.218528091
568.218528091
568.218528091
568.218528091
568.218528091
568.218528091
568.218528091
568.218528091
568.218528091
568.218528091
568.218528091
568.218528091
568.218528091
568.218528091
568.218528091
568.218528091
568.218528091
568.218528091
568.218528091
568.218528091
568.218528091
568.218528091
568.218528091
568.218528091
568.218528091
568.218528091
568.218528091
568.218528091
568.218528091
568.218528091
568.218528091
568.218528091
568.218528091
568.218528091
568.218528091
568.218528091
568.218528091
568.218528091
568.218528091
568.218528091
568.218528091
568.218528091
568.218528091
568.218528091
568.218528091
568.218528091
568.218528091
568.218528091
568.218528091
568.218528091
568.218528091
568.218528091
568.218528091
568.218528091
568.218528091
568.218528091
568.218528091
568.218528091
568.218528091
568.218528091
568.218528091
568.218528091
568.218528091
568.218528091
568.218528091
568.218528091
568.218528091
568.218528091
568.218528091
568.218528091
568.218528091
568.218528091
568.218528091
568.218528091
568.218528091
568.218528091
568.218528091
568.218528091
568.218528091
568.218528091
568.218528091
568.218528091
568.218528091
568.218528091
568.218528091
568.218528091
568.218528091
568.218528091
568.218528091
568.218528091
568.218528091
568.218528091
568.218528091
568.218528091
568.218528091
568.218528091
568.218528091
568.218528091
568.218528091
568.218528091
568.218528091
568.218528091
568.218528091
568.218528091
568.218528091
568.218528091
568.218528091
568.218528091
568.218528091
568.218528091
568.218528091
568.218528091
568.218528091
568.218528091
568.218528091
568.218528091
568.218528091
568.218528091
568.218528091
568.218528091
568.218528091
568.218528091
568.218528091
568.218528091
568.218528091
568.218528091
568.218528091
568.218528091
568.218528091
568.218528091
568.218528091
568.218528091
568.218528091
568.218528091
568.218528091
568.218528091
568.218528091
568.218528091
568.218528091
568.218528091
568.218528091
568.218528091
568.218528091
568.218528091
568.218528091
568.218528091
568.218528091
568.218528091
568.218528091
568.218528091
568.218528091
568.218528091
568.218528091
568.218528091
568.218528091
568.218528091
568.218528091
568.218528091
568.218528091
568.218528091
568.218528091
568.218528091
568.218528091
568.218528091
568.218528091
568.218528091
568.218528091
568.218528091
568.218528091
568.218528091
568.218528091
568.218528091
568.218528091
568.218528091
568.218528091
568.218528091
568.218528091
568.218528091
568.218528091
568.218528091
568.218528091
568.218528091
568.218528091
568.218528091
568.218528091
568.218528091
568.218528091
568.218528091
568.218528091
568.218528091
568.218528091
568.218528091
568.218528091
568.218528091
568.218528091
568.218528091
568.218528091
568.218528091
568.218528091
568.218528091
568.218528091
568.218528091
568.218528091
568.218528091
568.218528091
568.218528091
568.218528091
568.218528091
568.218528091
568.218528091
568.218528091
568.218528091
568.218528091
568.218528091
568.218528091
568.218528091
568.218528091
568.218528091
568.218528091
568.218528091
568.218528091
568.218528091
568.218528091
568.218528091
568.218528091
568.218528091
568.218528091
568.218528091
568.218528091
568.218528091
568.218528091
568.218528091
568.218528091
568.218528091
568.218528091
568.218528091
568.218528091
568.218528091
568.218528091
568.218528091
568.218528091
568.218528091
568.218528091
568.218528091
568.218528091
568.218528091
568.218528091
568.218528091
568.218528091
568.218528091
568.218528091
568.218528091
568.218528091
568.218528091
568.218528091
568.218528091
568.218528091
568.218528091
568.218528091
568.218528091
568.218528091
568.218528091
568.218528091
568.218528091
568.218528091
568.218528091
568.218528091
568.218528091
568.218528091
568.218528091
568.218528091
568.218528091
568.218528091
568.218528091
568.218528091
568.218528091
568.218528091
568.218528091
568.218528091
568.218528091
568.218528091
568.218528091
568.218528091
568.218528091
568.218528091
568.218528091
568.218528091
568.218528091
568.218528091
568.218528091
568.218528091
568.218528091
568.218528091
568.218528091
568.218528091
568.218528091
568.218528091
568.218528091
568.218528091
568.218528091
568.218528091
568.218528091
568.218528091
568.218528091
568.218528091
568.218528091
568.218528091
568.218528091
568.218528091
568.218528091
568.218528091
568.218528091
568.218528091
568.218528091
568.218528091
568.218528091
568.218528091
568.218528091
568.218528091
568.218528091
568.218528091
568.218528091
568.218528091
568.218528091
568.218528091
568.218528091
568.218528091
568.218528091
568.218528091
568.218528091
568.218528091
568.218528091
568.218528091
568.218528091
568.218528091
568.218528091
568.218528091
568.218528091
568.218528091
568.218528091
568.218528091
568.218528091
568.218528091
568.218528091
568.218528091
568.218528091
568.218528091
568.218528091
568.218528091
568.218528091
568.218528091
568.218528091
568.218528091
568.218528091
568.218528091
568.218528091
568.218528091
568.218528091
568.218528091
568.218528091
568.218528091
568.218528091
568.218528091
568.218528091
568.218528091
568.218528091
568.218528091
568.218528091
568.218528091
568.218528091
568.218528091
568.218528091
568.218528091
568.218528091
568.218528091
568.218528091
568.218528091
568.218528091
568.218528091
568.218528091
568.218528091
568.218528091
568.218528091
568.218528091
568.218528091
568.218528091
568.218528091
568.218528091
568.218528091
568.218528091
568.218528091
568.218528091
568.218528091
568.218528091
568.218528091
568.218528091
568.218528091
568.218528091
568.218528091
568.218528091
568.218528091
568.218528091
568.218528091
568.218528091
568.218528091
568.218528091
568.218528091
568.218528091
568.218528091
568.218528091
568.218528091
568.218528091
568.218528091
568.218528091
568.218528091
568.218528091
568.218528091
568.218528091
568.218528091
568.218528091
568.218528091
568.218528091
568.218528091
568.218528091
568.218528091
568.218528091
568.218528091
568.218528091
568.218528091
568.218528091
568.218528091
568.218528091
568.218528091
568.218528091
568.218528091
568.218528091
568.218528091
568.218528091
568.218528091
568.218528091
568.218528091
568.218528091
568.218528091
568.218528091
568.218528091
568.218528091
568.218528091
568.218528091
568.218528091
568.218528091
568.218528091
568.218528091
568.218528091
568.218528091
568.218528091
568.218528091
568.218528091
568.218528091
568.218528091
568.218528091
568.218528091
568.218528091
568.218528091
568.218528091
568.218528091
568.218528091
568.218528091
568.218528091
568.218528091
568.218528091
568.218528091
568.218528091
568.218528091
568.218528091
568.218528091
568.218528091
568.218528091
568.218528091
568.218528091
568.218528091
568.218528091
568.218528091
568.218528091
568.218528091
568.218528091
568.218528091
568.218528091
568.218528091
568.218528091
568.218528091
568.218528091
568.218528091
568.218528091
568.218528091
568.218528091
568.218528091
568.218528091
568.218528091
568.218528091
568.218528091
568.218528091
568.218528091
568.218528091
568.218528091
568.218528091
568.218528091
568.218528091
568.218528091
568.218528091
568.218528091
568.218528091
568.218528091
568.218528091
568.218528091
568.218528091
568.218528091
568.218528091
568.218528091
568.218528091
568.218528091
568.218528091
568.218528091
568.218528091
568.218528091
568.218528091
568.218528091
568.218528091
568.218528091
568.218528091
568.218528091
568.218528091
568.218528091
568.218528091
568.218528091
568.218528091
568.218528091
568.218528091
568.218528091
568.218528091
568.218528091
568.218528091
568.218528091
568.218528091
568.218528091
568.218528091
568.218528091
568.218528091
568.218528091
568.218528091
568.218528091
568.218528091
568.218528091
568.218528091
568.218528091
568.218528091
568.218528091
568.218528091
568.218528091
568.218528091
568.218528091
568.218528091
568.218528091
568.218528091
568.218528091
568.218528091
568.218528091
568.218528091
568.218528091
568.218528091
568.218528091
568.218528091
568.218528091
568.218528091
568.218528091
568.218528091
568.218528091
568.218528091
568.218528091
568.218528091
568.218528091
568.218528091
568.218528091
568.218528091
568.218528091
568.218528091
568.218528091
