1478.4905605
1442.44749299
1405.89251966
1382.32373124
1378.24328122
1367.23820986
1357.79779105
1334.68267857
1330.71645032
1304.52987498
1303.12463996
1301.54782445
1299.72248552
1260.82873718
1284.04361773
1277.46736879
1254.15898046
1253.7602462
1244.51652318
1231.06629147
1234.86054303
1204.4259802
1174.06110543
1183.36297534
1202.68538499
1187.17949913
1203.18361223
1223.94058476
1198.11122199
1160.62146945
1159.80510226
1169.87930506
1160.73836118
1161.6027189
1127.59184168
1088.64118463
1043.17064431
1032.0499783
1020.51142029
1030.23796544
1030.76057265
1033.71928465
1032.85492693
998.896039311
999.532617256
1012.03986837
1010.54604358
983.323800873
999.546384455
1014.38646484
1011.72071254
1015.21155341
1015.21155341
1004.10634381
996.111833492
996.111833492
992.916501969
1030.31678628
1030.31678628
1031.46881211
1034.69183633
1044.39070473
1039.27228005
1036.4634882
1015.80412012
1017.26066376
1019.35350329
1032.84913409
1044.44656451
1033.98578828
1033.32744949
1022.69723507
1033.74883039
1020.14728631
1021.59419299
1026.87968538
1028.48894932
1028.48894932
1003.90244631
989.436905929
988.478111366
998.943618455
998.943618455
1005.80345996
991.13375808
989.126996056
989.126996056
976.057652743
955.284570903
954.938383726
954.938383726
958.022645608
944.89313544
944.89313544
933.130385289
934.06926995
916.107974983
901.032986218
884.880857374
888.388802155
889.152409505
889.152409505
885.406272699
885.406272699
872.262314852
872.262314852
856.46465857
855.175345169
857.758933474
857.758933474
857.758933474
857.758933474
857.758933474
856.118221875
856.118221875
856.118221875
856.118221875
856.118221875
856.118221875
856.118221875
856.118221875
856.118221875
856.118221875
856.118221875
852.792716965
852.792716965
852.792716965
852.792716965
850.388450301
850.388450301
850.388450301
850.388450301
842.61740751
841.284208024
841.284208024
841.552385534
841.552385534
826.737039716
826.737039716
826.737039716
826.737039716
826.737039716
820.451856749
820.451856749
820.451856749
819.511301081
819.511301081
819.511301081
819.511301081
819.511301081
819.511301081
808.462568566
808.462568566
808.462568566
808.462568566
808.462568566
808.462568566
808.462568566
808.462568566
804.359371878
804.359371878
804.359371878
804.359371878
802.886811469
802.886811469
802.886811469
802.886811469
790.201139498
790.201139498
790.201139498
790.201139498
790.201139498
790.201139498
790.201139498
790.201139498
788.006721762
788.006721762
788.006721762
788.006721762
779.104479664
779.104479664
778.544863766
778.544863766
778.544863766
778.544863766
778.544863766
777.799667668
777.799667668
777.799667668
777.799667668
777.799667668
774.435711646
774.435711646
774.435711646
774.435711646
774.435711646
774.435711646
774.435711646
755.982160064
755.982160064
755.982160064
755.982160064
753.129794449
753.129794449
753.129794449
753.129794449
735.675723748
735.675723748
735.675723748
735.675723748
735.675723748
735.675723748
735.675723748
735.675723748
735.675723748
735.675723748
735.675723748
735.675723748
735.675723748
735.675723748
735.675723748
735.675723748
735.675723748
735.675723748
732.305099889
732.305099889
729.281159134
718.000685135
716.864419701
716.864419701
716.864419701
716.864419701
716.864419701
716.864419701
716.864419701
716.864419701
716.864419701
715.991346454
715.991346454
715.991346454
715.991346454
715.193689209
715.193689209
715.193689209
715.193689209
709.009011016
709.009011016
709.009011016
707.863433268
707.863433268
707.863433268
707.863433268
707.863433268
707.263765993
707.263765993
707.263765993
707.263765993
707.263765993
707.263765993
707.263765993
704.137438228
699.009472573
699.009472573
699.009472573
699.009472573
699.009472573
689.62963177
689.62963177
689.62963177
689.62963177
689.62963177
689.62963177
689.62963177
689.62963177
689.62963177
689.62963177
689.62963177
689.62963177
682.301007254
682.301007254
682.301007254
682.301007254
682.301007254
682.301007254
682.301007254
682.301007254
682.301007254
682.301007254
682.301007254
682.301007254
682.301007254
682.301007254
682.301007254
682.301007254
682.301007254
682.301007254
682.301007254
682.301007254
682.301007254
682.301007254
682.301007254
670.370906766
670.370906766
670.370906766
670.370906766
670.370906766
670.370906766
670.370906766
670.370906766
670.370906766
670.370906766
670.370906766
670.370906766
670.370906766
670.370906766
670.370906766
666.344344569
666.344344569
666.344344569
666.344344569
666.344344569
666.344344569
665.545256174
665.545256174
665.545256174
665.545256174
665.545256174
665.545256174
665.545256174
665.545256174
665.545256174
665.545256174
665.545256174
665.545256174
665.545256174
665.545256174
665.545256174
665.545256174
665.545256174
665.545256174
665.545256174
665.545256174
665.545256174
665.545256174
665.545256174
665.545256174
665.545256174
665.545256174
661.10377863
661.10377863
661.10377863
661.10377863
661.10377863
661.10377863
661.10377863
661.10377863
661.10377863
661.10377863
661.10377863
661.10377863
661.10377863
661.10377863
659.363255341
659.363255341
659.363255341
659.363255341
646.220065657
646.220065657
646.220065657
646.220065657
644.120569092
644.120569092
644.120569092
644.120569092
640.114397992
640.114397992
640.114397992
640.114397992
640.114397992
640.114397992
640.114397992
640.114397992
640.114397992
640.114397992
640.114397992
640.114397992
640.114397992
640.114397992
640.114397992
640.114397992
640.114397992
640.114397992
640.114397992
640.114397992
640.114397992
640.114397992
640.114397992
640.114397992
640.114397992
640.114397992
631.560441201
631.560441201
631.560441201
631.560441201
630.033891225
630.033891225
630.033891225
624.517577959
624.517577959
624.517577959
621.437614323
616.100332628
616.100332628
616.100332628
616.100332628
616.100332628
616.100332628
616.100332628
616.100332628
616.100332628
616.100332628
613.213154644
613.213154644
613.213154644
613.213154644
613.213154644
613.213154644
613.213154644
613.213154644
613.213154644
613.213154644
613.213154644
613.213154644
613.213154644
613.213154644
613.213154644
613.213154644
613.213154644
613.213154644
612.505241684
612.505241684
606.946649244
606.946649244
606.946649244
606.946649244
606.946649244
606.946649244
606.946649244
606.946649244
606.946649244
606.946649244
606.946649244
606.946649244
606.946649244
606.946649244
606.946649244
606.946649244
606.946649244
606.946649244
606.946649244
606.946649244
606.946649244
606.946649244
606.946649244
606.946649244
606.946649244
606.946649244
606.946649244
606.946649244
606.946649244
606.946649244
606.946649244
606.946649244
606.946649244
606.946649244
606.946649244
606.946649244
606.946649244
606.946649244
606.946649244
606.946649244
606.946649244
606.946649244
606.946649244
606.946649244
606.946649244
606.946649244
606.946649244
606.946649244
606.946649244
606.946649244
606.946649244
606.946649244
606.946649244
606.946649244
606.946649244
606.946649244
606.946649244
606.946649244
606.946649244
606.946649244
606.946649244
606.946649244
606.946649244
606.946649244
606.946649244
599.51566995
599.51566995
599.51566995
599.51566995
595.729995978
595.729995978
595.729995978
595.729995978
595.729995978
595.729995978
595.729995978
595.729995978
595.729995978
595.729995978
595.729995978
595.729995978
595.729995978
595.729995978
595.729995978
595.729995978
595.729995978
595.729995978
595.729995978
595.729995978
595.729995978
595.729995978
595.729995978
595.729995978
595.729995978
595.729995978
595.729995978
595.729995978
595.729995978
595.729995978
595.729995978
595.729995978
595.729995978
595.729995978
595.729995978
595.729995978
595.729995978
595.729995978
595.729995978
595.729995978
595.729995978
595.729995978
595.729995978
595.729995978
595.729995978
595.729995978
595.729995978
595.729995978
595.729995978
595.729995978
595.729995978
595.729995978
595.729995978
595.729995978
595.729995978
595.729995978
595.729995978
595.729995978
595.729995978
595.729995978
595.729995978
595.729995978
595.729995978
595.729995978
595.729995978
595.729995978
595.729995978
595.729995978
595.729995978
595.729995978
595.729995978
595.729995978
595.729995978
595.729995978
595.729995978
595.729995978
595.729995978
595.729995978
595.729995978
595.729995978
595.729995978
595.729995978
595.729995978
595.729995978
595.729995978
595.729995978
595.729995978
595.729995978
595.729995978
595.729995978
595.729995978
595.729995978
595.729995978
595.729995978
592.000528836
592.000528836
592.000528836
592.000528836
592.000528836
592.000528836
592.000528836
592.000528836
592.000528836
592.000528836
592.000528836
592.000528836
592.000528836
592.000528836
592.000528836
592.000528836
592.000528836
592.000528836
592.000528836
592.000528836
592.000528836
592.000528836
592.000528836
592.000528836
592.000528836
592.000528836
592.000528836
592.000528836
592.000528836
592.000528836
592.000528836
592.000528836
592.000528836
592.000528836
592.000528836
592.000528836
592.000528836
592.000528836
592.000528836
592.000528836
592.000528836
592.000528836
592.000528836
592.000528836
592.000528836
592.000528836
592.000528836
592.000528836
592.000528836
592.000528836
586.35822225
586.35822225
586.35822225
586.35822225
586.35822225
586.35822225
586.35822225
586.35822225
586.35822225
586.35822225
586.35822225
586.35822225
586.35822225
586.35822225
586.35822225
586.35822225
586.35822225
586.35822225
586.35822225
586.35822225
586.35822225
586.35822225
586.35822225
586.35822225
586.35822225
586.35822225
586.35822225
586.35822225
586.35822225
586.35822225
586.35822225
586.35822225
586.35822225
586.35822225
586.35822225
586.35822225
586.35822225
586.35822225
586.35822225
586.35822225
586.35822225
586.35822225
586.35822225
586.35822225
586.35822225
586.35822225
586.35822225
586.35822225
586.35822225
586.35822225
586.35822225
586.35822225
586.35822225
586.35822225
586.35822225
586.35822225
586.35822225
586.35822225
586.35822225
586.35822225
586.35822225
586.35822225
586.35822225
586.35822225
586.35822225
586.35822225
586.35822225
586.35822225
586.35822225
586.35822225
586.35822225
586.35822225
586.35822225
586.35822225
586.35822225
586.35822225
586.35822225
586.35822225
586.35822225
586.35822225
586.35822225
586.35822225
586.35822225
586.35822225
586.35822225
586.35822225
586.35822225
586.35822225
586.35822225
586.35822225
586.35822225
586.35822225
586.35822225
586.35822225
586.35822225
586.35822225
586.35822225
586.35822225
586.35822225
586.35822225
586.35822225
586.35822225
586.35822225
586.35822225
586.35822225
586.35822225
586.35822225
586.35822225
586.35822225
586.35822225
586.35822225
586.35822225
586.35822225
586.35822225
586.35822225
586.35822225
586.35822225
586.35822225
586.35822225
586.35822225
586.35822225
586.35822225
586.35822225
586.35822225
586.35822225
586.35822225
586.35822225
586.35822225
586.35822225
586.35822225
586.35822225
586.35822225
586.35822225
586.35822225
586.35822225
586.35822225
586.35822225
586.35822225
586.35822225
586.35822225
586.35822225
586.35822225
586.35822225
586.35822225
586.35822225
586.35822225
586.35822225
586.35822225
586.35822225
586.35822225
586.35822225
586.35822225
586.35822225
586.35822225
586.35822225
583.611738227
583.611738227
583.611738227
583.611738227
583.611738227
583.611738227
583.611738227
583.611738227
583.611738227
583.611738227
583.611738227
583.611738227
583.611738227
583.611738227
583.611738227
583.611738227
583.611738227
583.611738227
583.611738227
583.611738227
583.611738227
583.611738227
581.156065686
581.156065686
581.156065686
581.156065686
581.156065686
581.156065686
581.156065686
581.156065686
581.156065686
581.156065686
581.156065686
581.156065686
581.156065686
581.156065686
581.156065686
581.156065686
581.156065686
581.156065686
581.156065686
581.156065686
581.156065686
581.156065686
581.156065686
581.156065686
581.156065686
581.156065686
581.156065686
581.156065686
581.156065686
581.156065686
581.156065686
581.156065686
581.156065686
581.156065686
581.156065686
581.156065686
581.156065686
581.156065686
581.156065686
581.156065686
581.156065686
581.156065686
581.156065686
581.156065686
581.156065686
581.156065686
581.156065686
581.156065686
581.156065686
581.156065686
581.156065686
581.156065686
581.156065686
581.156065686
581.156065686
581.156065686
581.156065686
581.156065686
581.156065686
581.156065686
581.156065686
581.156065686
581.156065686
581.156065686
581.156065686
581.156065686
581.156065686
581.156065686
581.156065686
581.156065686
581.156065686
581.156065686
581.156065686
581.156065686
581.156065686
581.156065686
581.156065686
581.156065686
581.156065686
581.156065686
581.156065686
581.156065686
581.156065686
581.156065686
581.156065686
581.156065686
581.156065686
581.156065686
581.156065686
581.156065686
581.156065686
581.156065686
581.156065686
581.156065686
581.156065686
581.156065686
581.156065686
581.156065686
581.156065686
581.156065686
581.156065686
581.156065686
581.156065686
581.156065686
581.156065686
581.156065686
581.156065686
581.156065686
581.156065686
581.156065686
581.156065686
581.156065686
581.156065686
581.156065686
581.156065686
581.156065686
581.156065686
581.156065686
581.156065686
581.156065686
581.156065686
581.156065686
581.156065686
581.156065686
581.156065686
581.156065686
581.156065686
581.156065686
581.156065686
581.156065686
581.156065686
581.156065686
581.156065686
581.156065686
581.156065686
581.156065686
581.156065686
581.156065686
581.156065686
581.156065686
581.156065686
581.156065686
581.156065686
581.156065686
581.156065686
581.156065686
581.156065686
581.156065686
581.156065686
581.156065686
581.156065686
581.156065686
581.156065686
581.156065686
581.156065686
581.156065686
581.156065686
581.156065686
581.156065686
581.156065686
581.156065686
581.156065686
581.156065686
581.156065686
581.156065686
581.156065686
581.156065686
581.156065686
574.706748332
574.706748332
574.706748332
574.706748332
574.706748332
574.706748332
574.706748332
574.706748332
574.706748332
574.706748332
574.706748332
574.706748332
574.706748332
574.706748332
574.706748332
574.706748332
574.706748332
574.706748332
574.706748332
574.706748332
574.706748332
574.706748332
574.706748332
574.706748332
574.706748332
574.706748332
574.706748332
574.706748332
574.706748332
574.706748332
574.706748332
574.706748332
574.706748332
574.706748332
574.706748332
574.706748332
574.706748332
574.706748332
574.706748332
574.706748332
574.706748332
574.706748332
574.706748332
574.706748332
574.706748332
574.706748332
574.706748332
574.706748332
574.706748332
574.706748332
574.706748332
574.706748332
574.706748332
574.706748332
574.706748332
574.706748332
573.697783196
573.697783196
573.697783196
573.697783196
573.697783196
573.697783196
573.697783196
573.697783196
573.697783196
573.697783196
573.697783196
573.697783196
573.697783196
573.697783196
573.697783196
573.697783196
573.697783196
573.697783196
573.697783196
573.697783196
573.697783196
573.697783196
573.697783196
573.697783196
573.697783196
573.697783196
573.697783196
573.697783196
573.697783196
573.697783196
573.697783196
573.697783196
573.697783196
573.697783196
573.697783196
573.697783196
573.697783196
573.697783196
573.697783196
573.697783196
573.697783196
573.697783196
573.697783196
573.697783196
573.697783196
573.697783196
573.697783196
573.697783196
573.697783196
573.697783196
573.697783196
573.697783196
573.697783196
573.697783196
573.697783196
573.697783196
573.697783196
573.697783196
573.697783196
573.697783196
573.697783196
573.697783196
573.697783196
573.697783196
573.697783196
573.697783196
573.697783196
573.697783196
573.697783196
573.697783196
573.697783196
573.697783196
573.697783196
573.697783196
573.697783196
573.697783196
573.697783196
573.697783196
573.697783196
573.697783196
573.697783196
573.697783196
573.697783196
573.697783196
573.697783196
573.697783196
573.697783196
573.697783196
573.697783196
573.697783196
573.697783196
573.697783196
573.697783196
573.697783196
573.697783196
573.697783196
573.697783196
573.697783196
573.697783196
573.697783196
573.697783196
573.697783196
573.697783196
573.697783196
573.697783196
573.697783196
573.697783196
573.697783196
573.697783196
573.697783196
573.697783196
573.697783196
573.697783196
573.697783196
573.697783196
573.697783196
573.697783196
573.697783196
573.697783196
573.697783196
573.697783196
573.697783196
573.697783196
573.697783196
573.697783196
573.697783196
573.697783196
573.697783196
573.697783196
573.697783196
573.697783196
573.697783196
573.697783196
573.697783196
573.697783196
573.697783196
573.697783196
573.697783196
573.697783196
573.697783196
573.697783196
573.697783196
573.697783196
573.697783196
573.697783196
573.697783196
573.697783196
573.697783196
573.697783196
573.697783196
573.697783196
573.697783196
573.697783196
573.697783196
573.697783196
573.697783196
573.697783196
573.697783196
573.697783196
573.697783196
573.697783196
573.697783196
573.697783196
573.697783196
573.697783196
573.697783196
573.697783196
573.697783196
573.697783196
573.697783196
573.697783196
573.697783196
573.697783196
573.697783196
573.697783196
573.697783196
573.697783196
573.697783196
573.697783196
573.697783196
573.697783196
573.697783196
573.697783196
573.697783196
573.697783196
573.697783196
573.697783196
573.697783196
573.697783196
573.697783196
573.697783196
573.697783196
573.697783196
573.697783196
573.697783196
573.697783196
573.697783196
573.697783196
573.697783196
573.697783196
573.697783196
573.697783196
573.697783196
573.697783196
573.697783196
573.697783196
573.697783196
573.697783196
573.697783196
573.697783196
573.697783196
573.697783196
573.697783196
573.697783196
573.697783196
573.697783196
573.697783196
573.697783196
573.697783196
573.697783196
573.697783196
573.697783196
573.697783196
573.697783196
573.697783196
573.697783196
573.697783196
573.697783196
573.697783196
573.697783196
573.697783196
573.697783196
573.697783196
573.697783196
573.697783196
573.697783196
573.697783196
573.697783196
573.697783196
569.824913917
569.824913917
569.824913917
569.824913917
569.824913917
569.824913917
569.824913917
569.824913917
569.824913917
569.824913917
569.824913917
569.824913917
569.824913917
569.824913917
569.824913917
569.824913917
569.824913917
569.824913917
569.824913917
569.824913917
569.824913917
569.824913917
569.824913917
569.824913917
569.824913917
569.824913917
569.824913917
569.824913917
569.824913917
569.824913917
569.824913917
569.824913917
569.824913917
569.824913917
569.824913917
569.824913917
569.824913917
569.824913917
569.824913917
569.824913917
569.824913917
569.824913917
569.824913917
569.824913917
569.824913917
569.824913917
569.824913917
569.824913917
569.824913917
569.824913917
569.824913917
569.824913917
569.824913917
569.824913917
569.824913917
569.824913917
569.824913917
569.824913917
569.824913917
569.824913917
569.824913917
569.824913917
569.824913917
569.824913917
569.824913917
569.824913917
569.824913917
569.824913917
569.824913917
569.824913917
569.824913917
569.824913917
569.824913917
569.824913917
569.824913917
569.824913917
569.824913917
569.824913917
569.824913917
569.824913917
569.824913917
569.824913917
569.824913917
569.824913917
569.824913917
569.824913917
569.824913917
569.824913917
569.824913917
569.824913917
569.824913917
569.824913917
569.824913917
569.824913917
569.824913917
569.824913917
569.824913917
569.824913917
569.824913917
569.824913917
569.824913917
569.824913917
569.824913917
569.824913917
569.824913917
569.824913917
569.824913917
569.824913917
569.824913917
569.824913917
569.824913917
569.824913917
569.824913917
569.824913917
569.824913917
569.824913917
569.824913917
569.824913917
569.824913917
569.824913917
569.824913917
569.824913917
569.824913917
569.824913917
569.824913917
569.824913917
569.824913917
569.824913917
569.824913917
569.824913917
569.824913917
569.824913917
569.824913917
569.824913917
569.824913917
569.824913917
569.824913917
569.824913917
569.824913917
569.824913917
569.824913917
569.824913917
569.824913917
569.824913917
569.824913917
569.824913917
569.824913917
569.824913917
569.824913917
569.824913917
569.824913917
569.824913917
569.824913917
569.824913917
569.824913917
569.824913917
569.824913917
569.824913917
569.824913917
569.824913917
569.824913917
569.824913917
569.824913917
569.824913917
569.824913917
569.824913917
569.824913917
569.824913917
569.824913917
569.824913917
569.824913917
569.824913917
569.824913917
569.824913917
569.824913917
569.824913917
569.824913917
569.824913917
569.824913917
569.824913917
569.824913917
569.824913917
569.824913917
569.824913917
569.824913917
569.824913917
569.824913917
569.824913917
569.824913917
569.824913917
569.824913917
569.824913917
569.824913917
569.824913917
568.651371353
568.651371353
568.651371353
568.651371353
568.651371353
568.651371353
568.651371353
568.651371353
568.651371353
568.651371353
568.651371353
568.651371353
568.651371353
568.651371353
568.651371353
568.651371353
568.651371353
568.651371353
568.651371353
568.651371353
568.651371353
568.651371353
568.651371353
568.651371353
568.651371353
568.651371353
568.651371353
568.651371353
568.651371353
568.651371353
568.651371353
568.651371353
568.651371353
568.651371353
568.651371353
568.651371353
568.651371353
568.651371353
568.651371353
568.651371353
568.651371353
568.651371353
568.651371353
568.651371353
568.651371353
568.651371353
568.651371353
568.651371353
568.651371353
568.651371353
568.651371353
568.651371353
568.651371353
568.651371353
568.651371353
568.651371353
568.651371353
566.450482975
566.450482975
566.450482975
566.450482975
566.450482975
566.450482975
566.450482975
566.450482975
566.450482975
566.450482975
566.450482975
566.450482975
562.864255369
562.864255369
562.864255369
562.864255369
562.864255369
562.864255369
562.864255369
562.864255369
562.864255369
562.864255369
562.864255369
562.864255369
562.864255369
562.864255369
562.864255369
562.864255369
562.864255369
562.864255369
562.864255369
562.864255369
562.864255369
562.864255369
562.864255369
562.864255369
562.864255369
562.864255369
562.864255369
562.864255369
562.864255369
562.864255369
562.864255369
562.864255369
562.864255369
562.864255369
562.864255369
562.864255369
562.864255369
558.858084269
558.858084269
558.858084269
558.858084269
558.858084269
558.858084269
558.858084269
558.858084269
558.858084269
558.858084269
558.858084269
558.858084269
558.858084269
558.858084269
558.858084269
558.858084269
558.858084269
558.858084269
558.858084269
558.858084269
558.858084269
558.858084269
558.858084269
558.858084269
558.858084269
558.858084269
558.858084269
558.858084269
558.858084269
558.858084269
558.858084269
558.858084269
558.858084269
558.858084269
558.858084269
558.858084269
558.858084269
558.858084269
558.858084269
558.858084269
558.858084269
558.858084269
558.858084269
558.858084269
558.858084269
558.858084269
558.858084269
558.858084269
558.858084269
558.858084269
558.858084269
558.858084269
558.858084269
558.858084269
558.858084269
558.858084269
558.858084269
558.858084269
558.858084269
558.858084269
558.858084269
558.858084269
558.858084269
558.858084269
558.858084269
558.858084269
558.858084269
558.858084269
558.858084269
558.858084269
558.858084269
558.858084269
558.858084269
558.858084269
558.858084269
558.858084269
558.858084269
558.858084269
558.858084269
558.858084269
558.858084269
558.858084269
558.858084269
558.858084269
558.858084269
558.858084269
558.858084269
558.858084269
558.858084269
558.858084269
558.858084269
558.858084269
558.858084269
558.858084269
558.858084269
558.858084269
558.858084269
558.858084269
558.858084269
558.858084269
558.858084269
558.858084269
558.858084269
558.858084269
558.858084269
558.858084269
558.858084269
558.858084269
558.858084269
558.858084269
558.858084269
558.858084269
558.858084269
558.858084269
558.858084269
558.858084269
558.858084269
558.858084269
558.858084269
558.858084269
558.858084269
558.858084269
558.858084269
558.858084269
558.858084269
558.858084269
558.858084269
558.858084269
558.858084269
558.858084269
558.858084269
558.858084269
558.858084269
558.858084269
558.858084269
558.858084269
558.858084269
558.858084269
558.858084269
558.858084269
558.858084269
558.858084269
558.858084269
558.858084269
558.858084269
558.858084269
558.858084269
558.858084269
558.858084269
558.858084269
558.858084269
558.858084269
558.858084269
558.858084269
558.858084269
558.858084269
558.858084269
558.858084269
558.858084269
558.858084269
558.858084269
558.858084269
558.858084269
558.858084269
558.858084269
558.858084269
558.858084269
558.858084269
558.858084269
558.858084269
558.858084269
558.858084269
558.858084269
558.858084269
558.858084269
558.858084269
558.858084269
558.858084269
558.858084269
558.858084269
558.858084269
558.858084269
558.858084269
558.858084269
558.858084269
558.858084269
558.858084269
558.858084269
558.858084269
558.858084269
558.858084269
558.858084269
558.858084269
558.858084269
558.858084269
558.858084269
558.858084269
558.858084269
558.858084269
558.858084269
558.858084269
558.858084269
558.858084269
558.858084269
558.858084269
558.858084269
558.858084269
558.858084269
558.858084269
558.858084269
558.858084269
558.858084269
558.858084269
558.858084269
558.858084269
558.858084269
558.858084269
558.858084269
558.858084269
558.858084269
558.858084269
558.858084269
558.858084269
558.858084269
558.858084269
558.858084269
558.858084269
558.858084269
558.858084269
558.858084269
558.858084269
558.858084269
558.858084269
558.858084269
558.858084269
558.858084269
558.858084269
558.858084269
558.858084269
558.858084269
558.858084269
558.858084269
558.858084269
558.858084269
558.858084269
558.858084269
558.858084269
558.858084269
558.858084269
558.858084269
558.858084269
558.858084269
558.858084269
558.858084269
558.858084269
558.858084269
558.858084269
558.858084269
558.858084269
558.858084269
558.858084269
558.858084269
558.858084269
558.858084269
558.858084269
558.858084269
558.858084269
558.858084269
558.858084269
558.858084269
558.858084269
558.858084269
558.858084269
558.858084269
558.858084269
558.858084269
558.858084269
558.858084269
558.858084269
558.858084269
558.858084269
558.858084269
558.858084269
558.858084269
558.858084269
558.858084269
558.858084269
558.858084269
558.858084269
558.858084269
558.858084269
558.858084269
558.858084269
558.858084269
558.858084269
558.858084269
558.858084269
558.858084269
558.858084269
558.858084269
558.858084269
558.858084269
558.858084269
558.858084269
558.858084269
558.858084269
558.858084269
558.858084269
558.858084269
558.858084269
558.858084269
558.858084269
558.858084269
558.858084269
558.858084269
558.858084269
558.858084269
558.858084269
558.858084269
558.858084269
558.858084269
558.858084269
558.858084269
558.858084269
558.858084269
558.858084269
558.858084269
558.858084269
558.858084269
558.858084269
558.858084269
558.858084269
558.858084269
558.858084269
558.858084269
558.858084269
558.858084269
558.858084269
558.858084269
558.858084269
558.858084269
558.858084269
558.858084269
558.858084269
558.858084269
558.858084269
558.858084269
558.858084269
558.858084269
558.858084269
558.858084269
558.858084269
558.858084269
558.858084269
558.858084269
558.858084269
558.858084269
558.858084269
558.858084269
558.858084269
558.858084269
558.858084269
558.858084269
558.858084269
558.858084269
558.858084269
558.858084269
558.858084269
558.858084269
558.858084269
558.858084269
558.858084269
558.858084269
558.858084269
558.858084269
558.858084269
558.858084269
558.858084269
558.858084269
558.858084269
558.858084269
558.858084269
558.858084269
558.858084269
558.858084269
558.858084269
558.858084269
558.858084269
558.858084269
558.858084269
558.858084269
558.858084269
558.858084269
558.858084269
558.858084269
558.858084269
558.858084269
558.858084269
558.858084269
558.858084269
558.858084269
558.858084269
558.858084269
558.858084269
558.858084269
558.858084269
558.858084269
558.858084269
558.858084269
558.858084269
558.858084269
558.858084269
558.858084269
558.858084269
558.858084269
558.858084269
558.858084269
558.858084269
558.858084269
558.858084269
558.858084269
558.858084269
558.858084269
558.858084269
558.858084269
558.858084269
558.858084269
558.858084269
558.858084269
558.858084269
558.858084269
558.858084269
558.858084269
558.858084269
558.858084269
558.858084269
558.858084269
558.858084269
558.858084269
558.858084269
558.858084269
558.858084269
558.858084269
558.858084269
558.858084269
558.858084269
558.858084269
558.858084269
558.858084269
558.858084269
558.858084269
558.858084269
558.858084269
558.858084269
558.858084269
558.858084269
558.858084269
558.858084269
558.858084269
558.858084269
558.858084269
558.858084269
558.858084269
558.858084269
558.858084269
558.858084269
558.858084269
558.858084269
558.858084269
558.858084269
558.858084269
558.858084269
558.858084269
558.858084269
558.858084269
558.858084269
558.858084269
558.858084269
558.858084269
558.858084269
558.858084269
558.858084269
558.858084269
558.858084269
558.858084269
558.858084269
558.858084269
558.858084269
558.858084269
558.858084269
558.858084269
558.858084269
558.858084269
558.858084269
558.858084269
558.858084269
558.858084269
558.858084269
558.858084269
558.858084269
558.858084269
558.858084269
558.858084269
558.858084269
558.858084269
558.858084269
558.858084269
558.858084269
558.858084269
558.858084269
558.858084269
558.858084269
558.858084269
558.858084269
558.858084269
558.858084269
558.858084269
558.858084269
558.858084269
558.858084269
558.858084269
558.858084269
558.858084269
558.858084269
558.858084269
558.858084269
558.858084269
558.858084269
558.858084269
558.858084269
558.858084269
558.858084269
558.858084269
558.858084269
558.858084269
558.858084269
558.858084269
558.858084269
558.858084269
558.858084269
558.858084269
558.858084269
558.858084269
558.858084269
558.858084269
558.858084269
558.858084269
558.858084269
558.858084269
558.858084269
558.858084269
558.858084269
558.858084269
558.858084269
558.858084269
558.858084269
558.858084269
558.858084269
558.858084269
558.858084269
558.858084269
558.858084269
558.858084269
558.858084269
558.858084269
558.858084269
558.858084269
558.858084269
558.858084269
558.858084269
558.858084269
558.858084269
558.858084269
558.858084269
558.858084269
558.858084269
558.858084269
558.858084269
558.858084269
558.858084269
558.858084269
558.858084269
558.858084269
558.858084269
558.858084269
558.858084269
558.858084269
558.858084269
558.858084269
558.858084269
558.858084269
558.858084269
558.858084269
558.858084269
558.858084269
558.858084269
558.858084269
558.858084269
558.858084269
558.858084269
558.858084269
558.858084269
558.858084269
558.858084269
558.858084269
558.858084269
558.858084269
558.858084269
558.858084269
558.858084269
558.858084269
558.858084269
558.858084269
558.858084269
558.858084269
558.858084269
558.858084269
558.858084269
558.858084269
558.858084269
558.858084269
558.858084269
558.858084269
558.858084269
558.858084269
558.858084269
558.858084269
558.858084269
558.858084269
558.858084269
558.858084269
558.858084269
558.858084269
558.858084269
558.858084269
558.858084269
558.858084269
558.858084269
558.858084269
558.858084269
558.858084269
558.858084269
558.858084269
558.858084269
558.858084269
558.858084269
558.858084269
558.858084269
558.858084269
558.858084269
558.858084269
558.858084269
558.858084269
558.858084269
558.858084269
558.858084269
558.858084269
558.858084269
558.858084269
558.858084269
558.858084269
558.858084269
558.858084269
558.858084269
558.858084269
558.858084269
558.858084269
558.858084269
558.858084269
558.858084269
558.858084269
558.858084269
558.858084269
558.858084269
558.858084269
558.858084269
558.858084269
558.858084269
558.858084269
558.858084269
558.858084269
558.858084269
558.858084269
558.858084269
558.858084269
558.858084269
558.858084269
558.858084269
558.858084269
558.858084269
558.858084269
558.858084269
558.858084269
558.858084269
558.858084269
558.858084269
558.858084269
558.858084269
558.858084269
558.858084269
558.858084269
558.858084269
558.858084269
558.858084269
558.858084269
558.858084269
558.858084269
558.858084269
558.858084269
558.858084269
558.858084269
558.858084269
558.858084269
558.858084269
558.858084269
558.858084269
558.858084269
558.858084269
558.858084269
558.858084269
558.858084269
558.858084269
558.858084269
558.858084269
558.858084269
558.858084269
558.858084269
558.858084269
558.858084269
558.858084269
558.858084269
558.858084269
558.858084269
558.858084269
558.858084269
558.858084269
558.858084269
558.858084269
558.858084269
558.858084269
558.858084269
558.858084269
558.858084269
558.858084269
558.858084269
558.858084269
558.858084269
558.858084269
558.858084269
558.858084269
558.858084269
558.858084269
558.858084269
558.858084269
558.858084269
558.858084269
558.858084269
558.858084269
558.858084269
558.858084269
558.858084269
558.858084269
558.858084269
558.858084269
558.858084269
558.858084269
558.858084269
558.858084269
558.858084269
558.858084269
558.858084269
558.858084269
558.858084269
558.858084269
558.858084269
558.858084269
558.858084269
558.858084269
558.858084269
558.858084269
558.858084269
558.858084269
558.858084269
558.858084269
558.858084269
558.858084269
558.858084269
558.858084269
558.858084269
558.858084269
558.858084269
558.858084269
558.858084269
558.858084269
558.858084269
558.858084269
558.858084269
558.858084269
558.858084269
558.858084269
558.858084269
558.858084269
558.858084269
558.858084269
558.858084269
558.858084269
558.858084269
558.858084269
558.858084269
558.858084269
558.858084269
558.858084269
558.858084269
558.858084269
558.858084269
558.858084269
558.858084269
558.858084269
558.858084269
558.858084269
558.858084269
558.858084269
558.858084269
558.858084269
558.858084269
558.858084269
558.858084269
558.858084269
558.858084269
558.858084269
558.858084269
558.858084269
558.858084269
558.858084269
558.858084269
558.858084269
558.858084269
558.858084269
558.858084269
558.858084269
558.858084269
558.858084269
558.858084269
558.858084269
558.858084269
558.858084269
558.858084269
558.858084269
558.858084269
558.858084269
558.858084269
558.858084269
558.858084269
558.858084269
558.858084269
558.858084269
558.858084269
558.858084269
558.858084269
558.858084269
558.858084269
558.858084269
558.858084269
558.858084269
558.858084269
558.858084269
558.858084269
558.858084269
558.858084269
558.858084269
558.858084269
558.858084269
558.858084269
558.858084269
558.858084269
558.858084269
558.858084269
558.858084269
558.858084269
558.858084269
558.858084269
558.858084269
558.858084269
558.858084269
558.858084269
558.858084269
558.858084269
558.858084269
558.858084269
558.858084269
558.858084269
558.858084269
558.858084269
558.858084269
558.858084269
558.858084269
558.858084269
558.858084269
558.858084269
558.858084269
558.858084269
558.858084269
558.858084269
558.858084269
558.858084269
558.858084269
558.858084269
558.858084269
558.858084269
558.858084269
558.858084269
558.858084269
558.858084269
558.858084269
558.858084269
558.858084269
558.858084269
558.858084269
558.858084269
558.858084269
558.858084269
558.858084269
558.858084269
558.858084269
558.858084269
558.858084269
558.858084269
558.858084269
558.858084269
558.858084269
558.858084269
558.858084269
558.858084269
558.858084269
558.858084269
558.858084269
558.858084269
558.858084269
558.858084269
558.858084269
558.858084269
558.858084269
558.858084269
558.858084269
558.858084269
558.858084269
558.858084269
558.858084269
558.858084269
558.858084269
558.858084269
558.858084269
558.858084269
558.858084269
558.858084269
558.858084269
558.858084269
558.858084269
558.858084269
558.858084269
558.858084269
558.858084269
558.858084269
558.858084269
558.858084269
558.858084269
558.858084269
558.858084269
558.858084269
558.858084269
558.858084269
558.858084269
558.858084269
558.858084269
558.858084269
558.858084269
558.858084269
558.858084269
558.858084269
558.858084269
558.858084269
558.858084269
558.858084269
558.858084269
558.858084269
558.858084269
558.858084269
558.858084269
558.858084269
558.858084269
558.858084269
558.858084269
558.858084269
558.858084269
558.858084269
558.858084269
558.858084269
558.858084269
558.858084269
558.858084269
558.858084269
558.858084269
558.858084269
558.858084269
558.858084269
558.858084269
558.858084269
558.858084269
558.858084269
558.858084269
558.858084269
558.858084269
558.858084269
558.858084269
558.858084269
558.858084269
558.858084269
558.858084269
558.858084269
558.858084269
558.858084269
558.858084269
558.858084269
558.858084269
558.858084269
558.858084269
558.858084269
558.858084269
558.858084269
558.858084269
558.858084269
558.858084269
558.858084269
558.858084269
558.858084269
558.858084269
558.858084269
558.858084269
558.858084269
558.858084269
558.858084269
558.858084269
558.858084269
558.858084269
558.858084269
558.858084269
558.858084269
558.858084269
558.858084269
558.858084269
558.858084269
558.858084269
558.858084269
558.858084269
558.858084269
558.858084269
558.858084269
558.858084269
558.858084269
558.858084269
558.858084269
558.858084269
558.858084269
558.858084269
558.858084269
558.858084269
558.858084269
558.858084269
558.858084269
558.858084269
558.858084269
558.858084269
558.858084269
558.858084269
558.858084269
558.858084269
558.858084269
558.858084269
558.858084269
558.858084269
558.858084269
558.858084269
558.858084269
558.858084269
558.858084269
558.858084269
558.858084269
558.858084269
558.858084269
558.858084269
558.858084269
558.858084269
558.858084269
558.858084269
558.858084269
558.858084269
558.858084269
558.858084269
558.858084269
558.858084269
558.858084269
558.858084269
558.858084269
558.858084269
558.858084269
558.858084269
558.858084269
558.858084269
558.858084269
558.858084269
558.858084269
558.858084269
558.858084269
558.858084269
558.858084269
558.858084269
558.858084269
558.858084269
558.858084269
558.858084269
558.858084269
558.858084269
558.858084269
558.858084269
558.858084269
558.858084269
558.858084269
558.858084269
558.858084269
558.858084269
558.858084269
558.858084269
558.858084269
558.858084269
558.858084269
558.858084269
558.858084269
558.858084269
558.858084269
558.858084269
558.858084269
558.858084269
558.858084269
558.858084269
558.858084269
558.858084269
558.858084269
558.858084269
558.858084269
558.858084269
558.858084269
558.858084269
558.858084269
558.858084269
558.858084269
558.858084269
558.858084269
558.858084269
558.858084269
558.858084269
558.858084269
558.858084269
558.858084269
558.858084269
558.858084269
558.858084269
558.858084269
558.858084269
558.858084269
558.858084269
558.858084269
558.858084269
558.858084269
558.858084269
558.858084269
558.858084269
558.858084269
558.858084269
558.858084269
558.858084269
558.858084269
558.858084269
558.858084269
558.858084269
558.858084269
558.858084269
558.858084269
558.858084269
558.858084269
558.858084269
558.858084269
558.858084269
558.858084269
558.858084269
558.858084269
558.858084269
558.858084269
558.858084269
558.858084269
558.858084269
558.858084269
558.858084269
558.858084269
558.858084269
558.858084269
558.858084269
558.858084269
558.858084269
558.858084269
558.858084269
558.858084269
558.858084269
558.858084269
558.858084269
558.858084269
558.858084269
558.858084269
558.858084269
558.858084269
558.858084269
558.858084269
558.858084269
558.858084269
558.858084269
558.858084269
558.858084269
558.858084269
558.858084269
558.858084269
558.858084269
558.858084269
558.858084269
558.858084269
558.858084269
558.858084269
558.858084269
558.858084269
558.858084269
558.858084269
558.858084269
558.858084269
558.858084269
558.858084269
558.858084269
558.858084269
558.858084269
558.858084269
558.858084269
558.858084269
558.858084269
558.858084269
558.858084269
558.858084269
558.858084269
558.858084269
558.858084269
558.858084269
558.858084269
558.858084269
558.858084269
558.858084269
558.858084269
558.858084269
558.858084269
558.858084269
558.858084269
558.858084269
558.858084269
558.858084269
558.858084269
558.858084269
558.858084269
558.858084269
558.858084269
558.858084269
558.858084269
558.858084269
558.858084269
558.858084269
558.858084269
558.858084269
558.858084269
558.858084269
558.858084269
558.858084269
558.858084269
558.858084269
558.858084269
558.858084269
558.858084269
558.858084269
558.858084269
558.858084269
558.858084269
558.858084269
558.858084269
558.858084269
558.858084269
558.858084269
558.858084269
558.858084269
558.858084269
558.858084269
558.858084269
558.858084269
558.858084269
558.858084269
558.858084269
558.858084269
558.858084269
558.858084269
558.858084269
558.858084269
558.858084269
558.858084269
558.858084269
558.858084269
558.858084269
558.858084269
558.858084269
558.858084269
558.858084269
558.858084269
558.858084269
558.858084269
558.858084269
558.858084269
558.858084269
558.858084269
558.858084269
558.858084269
558.858084269
558.858084269
558.858084269
558.858084269
558.858084269
558.858084269
558.858084269
558.858084269
558.858084269
558.858084269
558.858084269
558.858084269
558.858084269
558.858084269
558.858084269
558.858084269
558.858084269
558.858084269
558.858084269
558.858084269
558.858084269
558.858084269
558.858084269
558.858084269
558.858084269
558.858084269
558.858084269
558.858084269
558.858084269
558.858084269
558.858084269
558.858084269
558.858084269
558.858084269
558.858084269
558.858084269
558.858084269
558.858084269
558.858084269
558.858084269
558.858084269
558.858084269
558.858084269
558.858084269
558.858084269
558.858084269
558.858084269
558.858084269
558.858084269
558.858084269
558.858084269
558.858084269
558.858084269
558.858084269
558.858084269
558.858084269
558.858084269
558.858084269
558.858084269
558.858084269
558.858084269
558.858084269
558.858084269
558.858084269
558.858084269
558.858084269
558.858084269
558.858084269
558.858084269
558.858084269
558.858084269
558.858084269
558.858084269
558.858084269
558.858084269
558.858084269
558.858084269
558.858084269
558.858084269
558.858084269
558.858084269
558.858084269
558.858084269
558.858084269
558.858084269
558.858084269
558.858084269
558.858084269
558.858084269
558.858084269
558.858084269
558.858084269
558.858084269
558.858084269
558.858084269
558.858084269
558.858084269
558.858084269
558.858084269
558.858084269
558.858084269
558.858084269
558.858084269
558.858084269
558.858084269
558.858084269
558.858084269
558.858084269
558.858084269
558.858084269
558.858084269
558.858084269
558.858084269
558.858084269
558.858084269
558.858084269
558.858084269
558.858084269
558.858084269
558.858084269
558.858084269
558.858084269
558.858084269
558.858084269
558.858084269
558.858084269
558.858084269
558.858084269
558.858084269
558.858084269
558.858084269
558.858084269
558.858084269
558.858084269
558.858084269
558.858084269
558.858084269
558.858084269
558.858084269
558.858084269
558.858084269
558.858084269
558.858084269
558.858084269
558.858084269
558.858084269
558.858084269
558.858084269
558.858084269
558.858084269
558.858084269
558.858084269
558.858084269
558.858084269
558.858084269
558.858084269
558.858084269
558.858084269
558.858084269
558.858084269
558.858084269
558.858084269
558.858084269
558.858084269
558.858084269
558.858084269
558.858084269
558.858084269
558.858084269
558.858084269
558.858084269
558.858084269
558.858084269
558.858084269
558.858084269
558.858084269
558.858084269
558.858084269
558.858084269
558.858084269
558.858084269
558.858084269
558.858084269
558.858084269
558.858084269
558.858084269
558.858084269
558.858084269
558.858084269
558.858084269
558.858084269
558.858084269
558.858084269
558.858084269
558.858084269
558.858084269
558.858084269
558.858084269
558.858084269
558.858084269
558.858084269
558.858084269
558.858084269
558.858084269
558.858084269
558.858084269
558.858084269
558.858084269
558.858084269
558.858084269
558.858084269
558.858084269
558.858084269
558.858084269
558.858084269
558.858084269
558.858084269
558.858084269
558.858084269
558.858084269
558.858084269
558.858084269
558.858084269
558.858084269
558.858084269
558.858084269
558.858084269
558.858084269
558.858084269
558.858084269
558.858084269
558.858084269
558.858084269
558.858084269
558.858084269
558.858084269
558.858084269
558.858084269
558.858084269
558.858084269
558.858084269
558.858084269
558.858084269
558.858084269
558.858084269
558.858084269
558.858084269
558.858084269
558.858084269
558.858084269
558.858084269
558.858084269
558.858084269
558.858084269
558.858084269
558.858084269
558.858084269
558.858084269
558.858084269
558.858084269
558.858084269
558.858084269
558.858084269
558.858084269
558.858084269
558.858084269
558.858084269
558.858084269
558.858084269
558.858084269
558.858084269
558.858084269
558.858084269
558.858084269
558.858084269
558.858084269
558.858084269
558.858084269
558.858084269
558.858084269
558.858084269
558.858084269
558.858084269
558.858084269
558.858084269
558.858084269
558.858084269
558.858084269
558.858084269
558.858084269
558.858084269
558.858084269
558.858084269
558.858084269
558.858084269
558.858084269
558.858084269
558.858084269
558.858084269
558.858084269
558.858084269
558.858084269
558.858084269
558.858084269
558.858084269
558.858084269
558.858084269
558.858084269
558.858084269
558.858084269
558.858084269
558.858084269
558.858084269
558.858084269
558.858084269
558.858084269
558.858084269
558.858084269
558.858084269
558.858084269
558.858084269
558.858084269
558.858084269
558.858084269
558.858084269
558.858084269
558.858084269
558.858084269
558.858084269
558.858084269
558.858084269
558.858084269
558.858084269
558.858084269
558.858084269
558.858084269
558.858084269
558.858084269
558.858084269
558.858084269
558.858084269
558.858084269
558.858084269
558.858084269
558.858084269
558.858084269
558.858084269
558.858084269
558.858084269
558.858084269
558.858084269
558.858084269
558.858084269
558.858084269
558.858084269
558.858084269
558.858084269
558.858084269
558.858084269
558.858084269
558.858084269
558.858084269
558.858084269
558.858084269
558.858084269
558.858084269
558.858084269
558.858084269
558.858084269
558.858084269
558.858084269
558.858084269
558.858084269
558.858084269
558.858084269
558.858084269
558.858084269
558.858084269
558.858084269
558.858084269
558.858084269
558.858084269
558.858084269
558.858084269
558.858084269
558.858084269
558.858084269
558.858084269
558.858084269
558.858084269
558.858084269
558.858084269
558.858084269
558.858084269
558.858084269
558.858084269
558.858084269
558.858084269
558.858084269
558.858084269
558.858084269
558.858084269
558.858084269
558.858084269
558.858084269
558.858084269
558.858084269
558.858084269
558.858084269
558.858084269
558.858084269
558.858084269
558.858084269
558.858084269
558.858084269
558.858084269
558.858084269
558.858084269
558.858084269
558.858084269
558.858084269
558.858084269
558.858084269
558.858084269
558.858084269
558.858084269
558.858084269
558.858084269
558.858084269
558.858084269
558.858084269
558.858084269
558.858084269
558.858084269
558.858084269
558.858084269
558.858084269
558.858084269
558.858084269
558.858084269
558.858084269
558.858084269
558.858084269
558.858084269
558.858084269
558.858084269
558.858084269
558.858084269
558.858084269
558.858084269
558.858084269
558.858084269
558.858084269
558.858084269
558.858084269
558.858084269
558.858084269
558.858084269
558.858084269
558.858084269
558.858084269
558.858084269
558.858084269
558.858084269
558.858084269
558.858084269
558.858084269
558.858084269
558.858084269
558.858084269
558.858084269
558.858084269
558.858084269
558.858084269
558.858084269
558.858084269
558.858084269
558.858084269
558.858084269
558.858084269
558.858084269
558.858084269
558.858084269
558.858084269
558.858084269
558.858084269
558.858084269
558.858084269
558.858084269
558.858084269
558.858084269
558.858084269
558.858084269
558.858084269
558.858084269
558.858084269
558.858084269
558.858084269
558.858084269
558.858084269
558.858084269
558.858084269
558.858084269
558.858084269
558.858084269
558.858084269
558.858084269
558.858084269
558.858084269
558.858084269
558.858084269
558.858084269
558.858084269
558.858084269
558.858084269
558.858084269
558.858084269
558.858084269
558.858084269
558.858084269
558.858084269
558.858084269
558.858084269
558.858084269
558.858084269
558.858084269
558.858084269
558.858084269
558.858084269
558.858084269
558.858084269
558.858084269
558.858084269
558.858084269
558.858084269
558.858084269
558.858084269
558.858084269
558.858084269
558.858084269
558.858084269
558.858084269
558.858084269
558.858084269
558.858084269
558.858084269
558.858084269
558.858084269
558.858084269
558.858084269
558.858084269
558.858084269
558.858084269
558.858084269
558.858084269
558.858084269
558.858084269
558.858084269
558.858084269
558.858084269
558.858084269
558.858084269
558.858084269
558.858084269
558.858084269
558.858084269
558.858084269
558.858084269
558.858084269
558.858084269
558.858084269
558.858084269
558.858084269
558.858084269
558.858084269
558.858084269
558.858084269
558.858084269
558.858084269
558.858084269
558.858084269
558.858084269
558.858084269
558.858084269
558.858084269
558.858084269
558.858084269
558.858084269
558.858084269
558.858084269
558.858084269
558.858084269
558.858084269
558.858084269
558.858084269
558.858084269
558.858084269
558.858084269
558.858084269
558.858084269
558.858084269
558.858084269
558.858084269
558.858084269
558.858084269
558.858084269
558.858084269
558.858084269
558.858084269
558.858084269
558.858084269
558.858084269
558.858084269
558.858084269
558.858084269
558.858084269
558.858084269
558.858084269
558.858084269
558.858084269
558.858084269
558.858084269
558.858084269
558.858084269
558.858084269
558.858084269
558.858084269
558.858084269
558.858084269
558.858084269
558.858084269
558.858084269
558.858084269
558.858084269
558.858084269
558.858084269
558.858084269
558.858084269
558.858084269
558.858084269
558.858084269
558.858084269
558.858084269
558.858084269
558.858084269
558.858084269
558.858084269
558.858084269
558.858084269
558.858084269
558.858084269
558.858084269
558.858084269
558.858084269
558.858084269
558.858084269
558.858084269
558.858084269
558.858084269
558.858084269
558.858084269
558.858084269
558.858084269
558.858084269
558.858084269
558.858084269
558.858084269
558.858084269
558.858084269
558.858084269
558.858084269
558.858084269
558.858084269
558.858084269
558.858084269
558.858084269
558.858084269
558.858084269
558.858084269
558.858084269
558.858084269
558.858084269
558.858084269
558.858084269
558.858084269
558.858084269
558.858084269
558.858084269
558.858084269
558.858084269
558.858084269
558.858084269
558.858084269
558.858084269
558.858084269
558.858084269
558.858084269
558.858084269
558.858084269
558.858084269
558.858084269
558.858084269
558.858084269
558.858084269
558.858084269
558.858084269
558.858084269
558.858084269
558.858084269
558.858084269
558.858084269
558.858084269
558.858084269
558.858084269
558.858084269
558.858084269
558.858084269
558.858084269
558.858084269
558.858084269
558.858084269
558.858084269
558.858084269
558.858084269
558.858084269
558.858084269
558.858084269
558.858084269
558.858084269
558.858084269
558.858084269
558.858084269
558.858084269
558.858084269
558.858084269
558.858084269
558.858084269
558.858084269
558.858084269
558.858084269
558.858084269
558.858084269
558.858084269
558.858084269
558.858084269
558.858084269
558.858084269
558.858084269
558.858084269
558.858084269
558.858084269
558.858084269
558.858084269
558.858084269
558.858084269
558.858084269
558.858084269
558.858084269
558.858084269
558.858084269
558.858084269
558.858084269
558.858084269
558.858084269
558.858084269
558.858084269
558.858084269
558.858084269
558.858084269
558.858084269
558.858084269
558.858084269
558.858084269
558.858084269
558.858084269
558.858084269
558.858084269
558.858084269
558.858084269
558.858084269
558.858084269
558.858084269
558.858084269
558.858084269
558.858084269
558.858084269
558.858084269
558.858084269
558.858084269
558.858084269
558.858084269
558.858084269
558.858084269
558.858084269
558.858084269
558.858084269
558.858084269
558.858084269
558.858084269
558.858084269
558.858084269
558.858084269
558.858084269
558.858084269
558.858084269
558.858084269
558.858084269
558.858084269
558.858084269
558.858084269
558.858084269
558.858084269
558.858084269
558.858084269
558.858084269
558.858084269
558.858084269
558.858084269
558.858084269
558.858084269
558.858084269
558.858084269
558.858084269
558.858084269
558.858084269
558.858084269
558.858084269
558.858084269
558.858084269
558.858084269
558.858084269
558.858084269
558.858084269
558.858084269
558.858084269
558.858084269
558.858084269
558.858084269
558.858084269
558.858084269
558.858084269
558.858084269
558.858084269
558.858084269
558.858084269
558.858084269
558.858084269
558.858084269
558.858084269
558.858084269
558.858084269
558.858084269
558.858084269
558.858084269
558.858084269
558.858084269
558.858084269
558.858084269
558.858084269
558.858084269
558.858084269
558.858084269
558.858084269
558.858084269
558.858084269
558.858084269
558.858084269
558.858084269
558.858084269
558.858084269
558.858084269
558.858084269
558.858084269
558.858084269
558.858084269
558.858084269
558.858084269
558.858084269
558.858084269
558.858084269
558.858084269
558.858084269
558.858084269
558.858084269
558.858084269
558.858084269
558.858084269
558.858084269
558.858084269
558.858084269
558.858084269
558.858084269
558.858084269
558.858084269
558.858084269
558.858084269
558.858084269
558.858084269
558.858084269
558.858084269
558.858084269
558.858084269
558.858084269
558.858084269
558.858084269
558.858084269
558.858084269
558.858084269
558.858084269
558.858084269
558.858084269
558.858084269
558.858084269
558.858084269
558.858084269
558.858084269
558.858084269
558.858084269
558.858084269
558.858084269
558.858084269
558.858084269
558.858084269
558.858084269
558.858084269
558.858084269
558.858084269
558.858084269
558.858084269
558.858084269
558.858084269
558.858084269
558.858084269
558.858084269
558.858084269
558.858084269
558.858084269
558.858084269
558.858084269
558.858084269
558.858084269
558.858084269
558.858084269
558.858084269
558.858084269
558.858084269
558.858084269
558.858084269
558.858084269
558.858084269
558.858084269
558.858084269
558.858084269
558.858084269
558.858084269
558.858084269
558.858084269
558.858084269
558.858084269
558.858084269
558.858084269
558.858084269
558.858084269
558.858084269
558.858084269
558.858084269
558.858084269
558.858084269
558.858084269
558.858084269
558.858084269
558.858084269
558.858084269
558.858084269
558.858084269
558.858084269
558.858084269
558.858084269
558.858084269
558.858084269
558.858084269
558.858084269
558.858084269
558.858084269
558.858084269
558.858084269
558.858084269
558.858084269
558.858084269
558.858084269
558.858084269
558.858084269
558.858084269
558.858084269
558.858084269
558.858084269
558.858084269
558.858084269
558.858084269
558.858084269
558.858084269
558.858084269
558.858084269
558.858084269
558.858084269
558.858084269
558.858084269
558.858084269
558.858084269
558.858084269
558.858084269
558.858084269
558.858084269
558.858084269
558.858084269
558.858084269
558.858084269
558.858084269
558.858084269
558.858084269
558.858084269
558.858084269
558.858084269
558.858084269
558.858084269
558.858084269
558.858084269
558.858084269
558.858084269
558.858084269
558.858084269
558.858084269
558.858084269
558.858084269
558.858084269
558.858084269
558.858084269
558.858084269
558.858084269
558.858084269
558.858084269
558.858084269
558.858084269
558.858084269
558.858084269
558.858084269
558.858084269
558.858084269
558.858084269
558.858084269
558.858084269
558.858084269
558.858084269
558.858084269
558.858084269
558.858084269
558.858084269
558.858084269
558.858084269
558.858084269
558.858084269
558.858084269
558.858084269
558.858084269
558.858084269
558.858084269
558.858084269
558.858084269
558.858084269
558.858084269
558.858084269
558.858084269
558.858084269
558.858084269
558.858084269
558.858084269
558.858084269
558.858084269
558.858084269
558.858084269
558.858084269
558.858084269
558.858084269
558.858084269
558.858084269
558.858084269
558.858084269
558.858084269
558.858084269
558.858084269
558.858084269
558.858084269
558.858084269
558.858084269
558.858084269
558.858084269
558.858084269
558.858084269
558.858084269
558.858084269
558.858084269
558.858084269
558.858084269
558.858084269
558.858084269
558.858084269
558.858084269
558.858084269
558.858084269
558.858084269
558.858084269
558.858084269
558.858084269
558.858084269
558.858084269
558.858084269
558.858084269
558.858084269
558.858084269
558.858084269
558.858084269
558.858084269
558.858084269
558.858084269
558.858084269
558.858084269
558.858084269
558.858084269
558.858084269
558.858084269
558.858084269
558.858084269
558.858084269
558.858084269
558.858084269
558.858084269
558.858084269
558.858084269
558.858084269
558.858084269
558.858084269
558.858084269
558.858084269
558.858084269
558.858084269
558.858084269
558.858084269
558.858084269
558.858084269
558.858084269
558.858084269
558.858084269
558.858084269
558.858084269
558.858084269
558.858084269
558.858084269
558.858084269
558.858084269
558.858084269
558.858084269
558.858084269
558.858084269
558.858084269
558.858084269
558.858084269
558.858084269
558.858084269
558.858084269
558.858084269
558.858084269
558.858084269
558.858084269
558.858084269
558.858084269
558.858084269
558.858084269
558.858084269
558.858084269
558.858084269
558.858084269
558.858084269
558.858084269
558.858084269
558.858084269
558.858084269
558.858084269
558.858084269
558.858084269
558.858084269
558.858084269
558.858084269
558.858084269
558.858084269
558.858084269
558.858084269
558.858084269
558.858084269
558.858084269
558.858084269
558.858084269
558.858084269
558.858084269
558.858084269
558.858084269
558.858084269
558.858084269
558.858084269
558.858084269
558.858084269
558.858084269
558.858084269
558.858084269
558.858084269
558.858084269
558.858084269
558.858084269
558.858084269
558.858084269
558.858084269
558.858084269
558.858084269
558.858084269
558.858084269
558.858084269
558.858084269
558.858084269
558.858084269
558.858084269
558.858084269
558.858084269
558.858084269
558.858084269
558.858084269
558.858084269
558.858084269
558.858084269
558.858084269
558.858084269
558.858084269
558.858084269
558.858084269
558.858084269
558.858084269
558.858084269
558.858084269
558.858084269
558.858084269
558.858084269
558.858084269
558.858084269
558.858084269
558.858084269
558.858084269
558.858084269
558.858084269
558.858084269
558.858084269
558.858084269
558.858084269
558.858084269
558.858084269
558.858084269
558.858084269
558.858084269
558.858084269
558.858084269
558.858084269
558.858084269
558.858084269
558.858084269
558.858084269
558.858084269
558.858084269
558.858084269
558.858084269
558.858084269
558.858084269
558.858084269
558.858084269
558.858084269
558.858084269
558.858084269
558.858084269
558.858084269
558.858084269
558.858084269
558.858084269
558.858084269
558.858084269
558.858084269
558.858084269
558.858084269
558.858084269
558.858084269
558.858084269
558.858084269
558.858084269
558.858084269
558.858084269
558.858084269
558.858084269
558.858084269
558.858084269
558.858084269
558.858084269
558.858084269
558.858084269
558.858084269
558.858084269
558.858084269
558.858084269
558.858084269
558.858084269
558.858084269
558.858084269
558.858084269
558.858084269
558.858084269
558.858084269
558.858084269
558.858084269
558.858084269
558.858084269
558.858084269
558.858084269
558.858084269
558.858084269
558.858084269
558.858084269
558.858084269
558.858084269
558.858084269
558.858084269
558.858084269
558.858084269
558.858084269
558.858084269
558.858084269
558.858084269
558.858084269
558.858084269
558.858084269
558.858084269
558.858084269
558.858084269
558.858084269
558.858084269
558.858084269
558.858084269
558.858084269
558.858084269
558.858084269
558.858084269
558.858084269
558.858084269
558.858084269
558.858084269
558.858084269
558.858084269
558.858084269
558.858084269
558.858084269
558.858084269
558.858084269
558.858084269
558.858084269
558.858084269
558.858084269
558.858084269
558.858084269
558.858084269
558.858084269
558.858084269
558.858084269
558.858084269
558.858084269
558.858084269
558.858084269
558.858084269
558.858084269
558.858084269
558.858084269
558.858084269
558.858084269
558.858084269
558.858084269
558.858084269
558.858084269
558.858084269
558.858084269
558.858084269
558.858084269
558.858084269
558.858084269
558.858084269
558.858084269
558.858084269
558.858084269
558.858084269
558.858084269
558.858084269
558.858084269
558.858084269
558.858084269
558.858084269
558.858084269
558.858084269
558.858084269
558.858084269
558.858084269
558.858084269
558.858084269
558.858084269
558.858084269
558.858084269
558.858084269
558.858084269
558.858084269
558.858084269
558.858084269
558.858084269
558.858084269
558.858084269
558.858084269
558.858084269
558.858084269
558.858084269
558.858084269
558.858084269
558.858084269
558.858084269
558.858084269
558.858084269
558.858084269
558.858084269
558.858084269
558.858084269
558.858084269
558.858084269
558.858084269
558.858084269
558.858084269
558.858084269
558.858084269
558.858084269
558.858084269
558.858084269
558.858084269
558.858084269
558.858084269
558.858084269
558.858084269
558.858084269
558.858084269
558.858084269
558.858084269
558.858084269
558.858084269
558.858084269
558.858084269
558.858084269
558.858084269
558.858084269
558.858084269
558.858084269
558.858084269
558.858084269
558.858084269
558.858084269
558.858084269
558.858084269
558.858084269
558.858084269
558.858084269
558.858084269
558.858084269
558.858084269
558.858084269
558.858084269
558.858084269
558.858084269
558.858084269
558.858084269
558.858084269
558.858084269
558.858084269
558.858084269
558.858084269
558.858084269
558.858084269
558.858084269
558.858084269
558.858084269
558.858084269
558.858084269
558.858084269
558.858084269
558.858084269
558.858084269
558.858084269
558.858084269
558.858084269
558.858084269
558.858084269
558.858084269
558.858084269
558.858084269
558.858084269
558.858084269
558.858084269
558.858084269
558.858084269
558.858084269
558.858084269
558.858084269
558.858084269
558.858084269
558.858084269
558.858084269
558.858084269
558.858084269
558.858084269
558.858084269
558.858084269
558.858084269
558.858084269
558.858084269
558.858084269
558.858084269
558.858084269
558.858084269
558.858084269
558.858084269
558.858084269
558.858084269
558.858084269
558.858084269
558.858084269
558.858084269
558.858084269
558.858084269
558.858084269
558.858084269
558.858084269
558.858084269
558.858084269
558.858084269
558.858084269
558.858084269
558.858084269
558.858084269
558.858084269
558.858084269
558.858084269
558.858084269
558.858084269
558.858084269
558.858084269
558.858084269
558.858084269
558.858084269
558.858084269
558.858084269
558.858084269
558.858084269
558.858084269
558.858084269
558.858084269
558.858084269
558.858084269
558.858084269
558.858084269
558.858084269
558.858084269
558.858084269
558.858084269
558.858084269
558.858084269
558.858084269
558.858084269
558.858084269
558.858084269
558.858084269
558.858084269
558.858084269
558.858084269
558.858084269
558.858084269
558.858084269
558.858084269
558.858084269
558.858084269
558.858084269
558.858084269
558.858084269
558.858084269
558.858084269
558.858084269
558.858084269
558.858084269
558.858084269
558.858084269
558.858084269
558.858084269
558.858084269
558.858084269
558.858084269
558.858084269
558.858084269
558.858084269
558.858084269
558.858084269
558.858084269
558.858084269
558.858084269
558.858084269
558.858084269
558.858084269
558.858084269
558.858084269
558.858084269
558.858084269
558.858084269
558.858084269
558.858084269
558.858084269
558.858084269
558.858084269
558.858084269
558.858084269
558.858084269
558.858084269
558.858084269
558.858084269
558.858084269
558.858084269
558.858084269
558.858084269
558.858084269
558.858084269
558.858084269
558.858084269
558.858084269
558.858084269
558.858084269
558.858084269
558.858084269
558.858084269
558.858084269
558.858084269
558.858084269
558.858084269
558.858084269
558.858084269
558.858084269
558.858084269
558.858084269
558.858084269
558.858084269
558.858084269
558.858084269
558.858084269
558.858084269
558.858084269
558.858084269
558.858084269
558.858084269
558.858084269
558.858084269
558.858084269
558.858084269
558.858084269
558.858084269
558.858084269
558.858084269
558.858084269
558.858084269
558.858084269
558.858084269
558.858084269
558.858084269
558.858084269
558.858084269
558.858084269
558.858084269
558.858084269
558.858084269
558.858084269
558.858084269
558.858084269
558.858084269
558.858084269
558.858084269
558.858084269
558.858084269
558.858084269
558.858084269
558.858084269
558.858084269
558.858084269
558.858084269
558.858084269
558.858084269
558.858084269
558.858084269
558.858084269
558.858084269
558.858084269
558.858084269
558.858084269
558.858084269
558.858084269
558.858084269
558.858084269
558.858084269
558.858084269
558.858084269
558.858084269
558.858084269
558.858084269
558.858084269
558.858084269
558.858084269
558.858084269
558.858084269
558.858084269
558.858084269
558.858084269
558.858084269
558.858084269
558.858084269
558.858084269
558.858084269
558.858084269
558.858084269
558.858084269
558.858084269
558.858084269
558.858084269
558.858084269
558.858084269
558.858084269
558.858084269
558.858084269
558.858084269
558.858084269
558.858084269
558.858084269
558.858084269
558.858084269
558.858084269
558.858084269
558.858084269
558.858084269
558.858084269
558.858084269
558.858084269
558.858084269
558.858084269
558.858084269
558.858084269
558.858084269
558.858084269
558.858084269
558.858084269
558.858084269
558.858084269
558.858084269
558.858084269
558.858084269
558.858084269
558.858084269
558.858084269
558.858084269
558.858084269
558.858084269
558.858084269
558.858084269
558.858084269
558.858084269
558.858084269
558.858084269
558.858084269
558.858084269
558.858084269
558.858084269
558.858084269
558.858084269
558.858084269
558.858084269
558.858084269
558.858084269
558.858084269
558.858084269
558.858084269
558.858084269
558.858084269
558.858084269
558.858084269
558.858084269
558.858084269
558.858084269
558.858084269
558.858084269
558.858084269
558.858084269
558.858084269
558.858084269
558.858084269
558.858084269
558.858084269
558.858084269
558.858084269
558.858084269
558.858084269
558.858084269
558.858084269
558.858084269
558.858084269
558.858084269
558.858084269
558.858084269
558.858084269
558.858084269
558.858084269
558.858084269
558.858084269
558.858084269
558.858084269
558.858084269
558.858084269
558.858084269
558.858084269
558.858084269
558.858084269
558.858084269
558.858084269
558.858084269
558.858084269
558.858084269
558.858084269
558.858084269
558.858084269
558.858084269
558.858084269
558.858084269
558.858084269
558.858084269
558.858084269
558.858084269
558.858084269
558.858084269
558.858084269
558.858084269
558.858084269
558.858084269
558.858084269
558.858084269
558.858084269
558.858084269
558.858084269
558.858084269
558.858084269
558.858084269
558.858084269
558.858084269
558.858084269
558.858084269
558.858084269
558.858084269
558.858084269
558.858084269
558.858084269
558.858084269
558.858084269
558.858084269
558.858084269
558.858084269
558.858084269
558.858084269
558.858084269
558.858084269
558.858084269
558.858084269
558.858084269
558.858084269
558.858084269
558.858084269
558.858084269
558.858084269
558.858084269
558.858084269
558.858084269
558.858084269
558.858084269
558.858084269
558.858084269
558.858084269
558.858084269
558.858084269
558.858084269
558.858084269
558.858084269
558.858084269
558.858084269
558.858084269
558.858084269
558.858084269
558.858084269
558.858084269
558.858084269
558.858084269
558.858084269
558.858084269
558.858084269
558.858084269
558.858084269
558.858084269
558.858084269
558.858084269
558.858084269
558.858084269
558.858084269
558.858084269
558.858084269
558.858084269
558.858084269
558.858084269
558.858084269
558.858084269
558.858084269
558.858084269
558.858084269
558.858084269
558.858084269
558.858084269
558.858084269
558.858084269
558.858084269
558.858084269
558.858084269
558.858084269
558.858084269
558.858084269
558.858084269
558.858084269
558.858084269
558.858084269
558.858084269
558.858084269
558.858084269
558.858084269
558.858084269
558.858084269
558.858084269
558.858084269
558.858084269
558.858084269
558.858084269
558.858084269
558.858084269
558.858084269
558.858084269
558.858084269
558.858084269
558.858084269
558.858084269
558.858084269
558.858084269
558.858084269
558.858084269
558.858084269
558.858084269
558.858084269
558.858084269
558.858084269
558.858084269
558.858084269
558.858084269
558.858084269
558.858084269
558.858084269
558.858084269
558.858084269
558.858084269
558.858084269
558.858084269
558.858084269
558.858084269
558.858084269
558.858084269
558.858084269
558.858084269
558.858084269
558.858084269
558.858084269
558.858084269
558.858084269
558.858084269
558.858084269
558.858084269
558.858084269
558.858084269
558.858084269
558.858084269
558.858084269
558.858084269
558.858084269
558.858084269
558.858084269
558.858084269
558.858084269
558.858084269
558.858084269
558.858084269
558.858084269
558.858084269
558.858084269
558.858084269
558.858084269
558.858084269
558.858084269
558.858084269
558.858084269
558.858084269
558.858084269
558.858084269
558.858084269
558.858084269
558.858084269
558.858084269
558.858084269
558.858084269
558.858084269
558.858084269
558.858084269
558.858084269
558.858084269
558.858084269
558.858084269
558.858084269
558.858084269
558.858084269
558.858084269
558.858084269
558.858084269
558.858084269
558.858084269
558.858084269
558.858084269
558.858084269
558.858084269
558.858084269
558.858084269
558.858084269
558.858084269
558.858084269
558.858084269
558.858084269
558.858084269
558.858084269
558.858084269
558.858084269
558.858084269
558.858084269
558.858084269
558.858084269
558.858084269
558.858084269
558.858084269
558.858084269
558.858084269
558.858084269
558.858084269
