1599.17637246
1556.06501584
1526.61575637
1512.83333093
1478.5115679
1447.45118331
1396.02096769
1367.82935817
1350.48649831
1357.41816954
1352.57485092
1329.00114039
1280.26600375
1269.81587559
1252.08243579
1238.81111727
1211.87307392
1217.1961566
1208.45425308
1166.87643838
1160.14916865
1157.9375237
1175.6354374
1142.98946386
1134.12536036
1125.18543246
1136.06396172
1101.11228579
1088.11875846
1081.40840908
1061.8722039
1061.8722039
1056.94189354
1033.6416915
1030.1286287
1019.72532276
1024.51659764
1019.52206684
1010.8582626
1007.43215173
1003.29162664
1004.93804628
983.47015279
954.009563205
962.923488659
965.443980367
973.063580396
968.009815325
943.751571928
923.731019925
898.162512147
888.038682395
951.156257914
932.342644951
931.140153255
943.934281704
966.224494496
955.407515208
987.093586641
982.329036144
988.23981576
998.1510758
998.1510758
992.240296184
992.240296184
930.332256346
916.451847074
916.451847074
929.258282227
924.501870853
924.501870853
941.869473826
941.869473826
911.896908137
912.627620795
919.000126621
917.246630678
900.461610067
895.028657448
882.222222295
882.222222295
882.222222295
890.462029446
865.619713912
872.608897501
868.325273962
867.263713464
855.626145256
857.667397283
857.667397283
855.671046119
837.718604987
819.887644002
819.887644002
819.887644002
819.887644002
819.887644002
819.887644002
815.725806669
811.276243453
799.426949691
799.426949691
797.99124677
797.99124677
789.429219345
789.429219345
784.244083523
784.244083523
784.244083523
784.244083523
782.605858804
778.095481449
778.095481449
755.451324514
755.451324514
755.451324514
755.451324514
755.451324514
755.451324514
755.451324514
755.451324514
755.254766886
755.254766886
755.254766886
755.254766886
747.575208202
741.298200228
741.298200228
741.298200228
743.999240766
743.999240766
743.999240766
743.999240766
743.999240766
743.999240766
743.999240766
743.999240766
743.999240766
737.477996012
737.477996012
730.876040535
730.876040535
730.876040535
730.876040535
730.876040535
730.876040535
730.876040535
730.876040535
730.876040535
730.876040535
730.876040535
730.876040535
730.876040535
730.876040535
730.876040535
723.039873616
723.039873616
723.039873616
720.424663924
720.424663924
711.817437783
711.817437783
711.817437783
711.817437783
711.817437783
710.208790723
706.813073908
698.573942659
698.573942659
678.205148377
678.205148377
678.205148377
678.205148377
678.205148377
678.205148377
678.205148377
678.205148377
678.205148377
676.858587933
676.858587933
676.858587933
676.858587933
676.858587933
676.858587933
676.858587933
676.858587933
674.088759024
674.088759024
674.088759024
674.088759024
674.088759024
674.088759024
674.088759024
671.206127888
671.206127888
656.508160876
656.508160876
656.508160876
656.508160876
656.508160876
656.508160876
656.508160876
656.508160876
656.508160876
656.508160876
656.508160876
656.508160876
656.508160876
656.508160876
656.508160876
656.508160876
656.508160876
656.508160876
656.508160876
656.508160876
656.508160876
656.508160876
656.508160876
656.508160876
652.35167567
652.138904894
652.138904894
652.138904894
652.138904894
652.138904894
652.138904894
652.138904894
652.138904894
652.138904894
652.138904894
652.138904894
652.138904894
652.138904894
652.138904894
624.636221472
624.636221472
624.636221472
624.636221472
624.636221472
624.636221472
624.636221472
624.636221472
624.636221472
624.636221472
624.636221472
624.636221472
624.636221472
624.636221472
624.636221472
622.742441771
622.742441771
622.742441771
622.742441771
622.742441771
622.742441771
622.742441771
622.742441771
622.742441771
622.742441771
622.742441771
622.742441771
622.742441771
622.742441771
622.742441771
622.742441771
622.742441771
622.742441771
622.742441771
622.742441771
622.742441771
622.742441771
622.742441771
622.742441771
622.742441771
622.742441771
622.742441771
622.742441771
622.742441771
620.265268018
620.265268018
620.265268018
620.265268018
620.265268018
620.265268018
620.265268018
620.265268018
620.265268018
620.265268018
620.265268018
614.802290929
614.802290929
614.802290929
614.802290929
614.802290929
614.802290929
614.802290929
614.802290929
614.802290929
614.802290929
614.802290929
614.802290929
614.802290929
614.802290929
614.802290929
614.802290929
614.802290929
614.802290929
614.802290929
614.802290929
614.802290929
614.802290929
614.802290929
614.802290929
614.802290929
614.802290929
614.802290929
614.802290929
614.802290929
614.802290929
614.802290929
614.802290929
614.802290929
614.802290929
614.802290929
614.802290929
614.802290929
614.802290929
614.802290929
614.802290929
614.802290929
614.802290929
614.802290929
614.802290929
614.802290929
614.802290929
614.802290929
614.802290929
614.255435567
614.255435567
614.255435567
614.255435567
614.255435567
614.255435567
614.255435567
614.255435567
614.255435567
614.255435567
614.255435567
614.255435567
614.255435567
614.255435567
614.255435567
614.255435567
614.255435567
614.255435567
614.255435567
614.255435567
614.255435567
614.255435567
614.255435567
612.904502918
612.904502918
612.904502918
612.904502918
612.904502918
612.904502918
612.904502918
612.904502918
612.904502918
612.904502918
612.904502918
612.904502918
612.904502918
612.904502918
612.904502918
612.904502918
612.904502918
612.904502918
612.904502918
612.904502918
612.904502918
612.904502918
612.904502918
612.904502918
612.904502918
612.904502918
612.904502918
612.904502918
612.904502918
612.904502918
612.904502918
612.904502918
612.904502918
612.904502918
612.904502918
612.904502918
612.904502918
612.904502918
612.904502918
612.904502918
612.904502918
612.904502918
612.904502918
612.904502918
612.904502918
612.904502918
612.904502918
612.904502918
612.904502918
612.904502918
612.904502918
612.904502918
612.904502918
612.904502918
612.904502918
612.904502918
612.904502918
612.904502918
612.904502918
612.904502918
612.904502918
612.904502918
612.904502918
612.904502918
612.904502918
612.904502918
612.904502918
612.904502918
612.904502918
612.904502918
612.904502918
612.904502918
612.904502918
612.904502918
612.904502918
612.904502918
612.904502918
612.904502918
612.904502918
611.926862305
611.926862305
611.926862305
611.926862305
611.926862305
611.926862305
611.926862305
611.926862305
611.926862305
611.926862305
611.926862305
611.926862305
611.926862305
611.926862305
611.926862305
611.926862305
611.926862305
611.926862305
611.926862305
611.926862305
611.926862305
611.926862305
611.926862305
611.926862305
611.926862305
611.926862305
611.926862305
611.926862305
611.926862305
611.926862305
611.926862305
611.926862305
611.926862305
611.926862305
611.926862305
611.926862305
611.926862305
611.926862305
611.926862305
611.926862305
611.926862305
611.926862305
611.926862305
611.926862305
611.926862305
611.926862305
611.926862305
611.926862305
611.926862305
611.926862305
611.926862305
611.926862305
611.926862305
611.926862305
611.926862305
611.926862305
611.926862305
611.926862305
611.926862305
611.926862305
611.926862305
611.926862305
611.926862305
611.926862305
611.926862305
611.926862305
611.926862305
607.151229434
607.151229434
607.151229434
607.151229434
607.151229434
607.151229434
607.151229434
607.151229434
607.151229434
607.151229434
607.151229434
607.151229434
607.151229434
607.151229434
607.151229434
607.151229434
607.151229434
607.151229434
607.151229434
607.151229434
607.151229434
607.151229434
607.151229434
607.151229434
607.151229434
607.151229434
607.151229434
607.151229434
607.151229434
607.151229434
607.151229434
607.151229434
607.151229434
607.151229434
607.151229434
607.151229434
607.151229434
607.151229434
607.151229434
607.151229434
607.151229434
607.151229434
607.151229434
607.151229434
607.151229434
607.151229434
607.151229434
607.151229434
607.151229434
607.151229434
607.151229434
607.151229434
607.151229434
606.867498806
606.867498806
606.867498806
606.867498806
606.867498806
606.867498806
606.867498806
606.867498806
606.867498806
606.867498806
606.867498806
606.867498806
606.867498806
606.867498806
606.867498806
606.867498806
606.867498806
606.867498806
606.867498806
606.867498806
606.867498806
606.867498806
606.867498806
606.867498806
606.867498806
606.867498806
606.867498806
606.867498806
606.867498806
606.867498806
606.867498806
606.867498806
606.867498806
606.867498806
606.867498806
606.867498806
606.867498806
606.867498806
606.867498806
606.867498806
606.867498806
606.867498806
606.867498806
606.867498806
606.867498806
606.867498806
606.867498806
606.867498806
606.867498806
606.867498806
606.867498806
606.867498806
606.867498806
606.867498806
606.867498806
606.867498806
606.867498806
606.867498806
606.867498806
606.867498806
606.867498806
606.867498806
606.867498806
606.867498806
606.867498806
606.867498806
606.867498806
606.867498806
606.867498806
606.867498806
606.867498806
606.867498806
606.867498806
606.867498806
606.867498806
606.867498806
606.867498806
606.867498806
606.867498806
606.867498806
606.867498806
606.867498806
606.867498806
606.867498806
606.867498806
606.867498806
606.867498806
606.867498806
606.867498806
606.867498806
606.867498806
606.867498806
606.867498806
606.867498806
606.867498806
606.867498806
606.867498806
606.867498806
606.867498806
606.867498806
606.867498806
606.867498806
606.867498806
606.867498806
606.867498806
606.867498806
606.867498806
606.867498806
606.867498806
606.867498806
606.867498806
606.867498806
606.867498806
606.867498806
606.867498806
606.867498806
606.867498806
606.867498806
606.867498806
606.867498806
606.867498806
606.867498806
606.867498806
606.867498806
606.867498806
606.867498806
606.867498806
606.867498806
606.867498806
606.867498806
606.867498806
606.867498806
606.867498806
606.867498806
606.867498806
606.867498806
606.867498806
606.867498806
606.867498806
606.867498806
606.867498806
606.867498806
606.867498806
606.867498806
606.867498806
600.141980873
600.141980873
600.141980873
600.141980873
600.141980873
600.141980873
600.141980873
600.141980873
600.141980873
600.141980873
600.141980873
600.141980873
600.141980873
600.141980873
600.141980873
600.141980873
600.141980873
600.141980873
600.141980873
600.141980873
600.141980873
600.141980873
600.141980873
600.141980873
600.141980873
600.141980873
600.141980873
600.141980873
600.141980873
600.141980873
600.141980873
600.141980873
600.141980873
600.141980873
600.141980873
600.141980873
600.141980873
600.141980873
600.141980873
600.141980873
600.141980873
600.141980873
600.141980873
600.141980873
600.141980873
600.141980873
600.141980873
600.141980873
600.141980873
600.141980873
600.141980873
600.141980873
600.141980873
600.141980873
600.141980873
600.141980873
600.141980873
600.141980873
600.141980873
600.141980873
600.141980873
600.141980873
600.141980873
600.141980873
600.141980873
600.141980873
600.141980873
600.141980873
600.141980873
600.141980873
600.141980873
600.141980873
600.141980873
600.141980873
600.141980873
600.141980873
600.141980873
600.141980873
600.141980873
599.809713608
599.809713608
599.809713608
599.809713608
599.809713608
599.809713608
599.809713608
599.809713608
599.809713608
599.809713608
599.809713608
599.809713608
599.519487351
599.519487351
599.519487351
599.519487351
599.519487351
599.519487351
599.519487351
599.519487351
599.519487351
599.519487351
599.519487351
599.519487351
599.519487351
599.519487351
599.519487351
599.519487351
599.519487351
599.519487351
599.519487351
599.519487351
599.519487351
599.519487351
599.519487351
599.519487351
599.519487351
599.519487351
599.519487351
599.519487351
599.519487351
599.519487351
599.519487351
599.519487351
599.519487351
599.519487351
599.519487351
599.519487351
599.519487351
599.519487351
599.519487351
599.519487351
599.519487351
599.519487351
599.519487351
599.519487351
599.519487351
599.519487351
599.519487351
599.519487351
599.519487351
599.519487351
599.519487351
599.519487351
599.519487351
599.519487351
599.519487351
599.519487351
599.519487351
599.519487351
599.519487351
599.519487351
599.519487351
599.519487351
599.519487351
599.519487351
599.519487351
599.519487351
599.519487351
599.519487351
599.519487351
599.519487351
599.519487351
599.519487351
599.519487351
599.519487351
599.519487351
599.519487351
599.519487351
599.519487351
599.519487351
599.519487351
599.519487351
599.519487351
599.519487351
599.519487351
599.519487351
599.519487351
599.519487351
599.519487351
599.519487351
599.519487351
599.519487351
599.519487351
599.519487351
599.519487351
599.519487351
599.519487351
599.519487351
599.519487351
599.519487351
599.519487351
599.519487351
599.519487351
594.475958151
590.466122307
590.466122307
590.466122307
590.466122307
590.466122307
590.466122307
590.466122307
590.466122307
590.466122307
590.466122307
590.466122307
590.466122307
589.650278454
589.650278454
589.650278454
589.650278454
589.650278454
589.650278454
589.650278454
589.650278454
589.650278454
589.650278454
589.650278454
589.650278454
589.650278454
589.650278454
589.650278454
589.650278454
589.650278454
589.650278454
589.650278454
589.650278454
589.650278454
589.650278454
587.515973597
587.515973597
587.515973597
587.515973597
584.805195255
584.805195255
584.805195255
584.805195255
584.805195255
584.805195255
584.805195255
584.805195255
584.805195255
584.805195255
584.805195255
584.805195255
584.805195255
584.805195255
584.805195255
584.805195255
584.805195255
584.805195255
584.805195255
584.805195255
584.805195255
584.805195255
584.805195255
584.805195255
584.805195255
584.805195255
584.805195255
584.805195255
584.805195255
584.805195255
584.805195255
584.805195255
584.805195255
584.805195255
584.805195255
584.805195255
584.805195255
584.805195255
584.805195255
584.805195255
584.805195255
584.805195255
584.805195255
584.805195255
584.805195255
584.805195255
580.643357922
580.643357922
580.643357922
580.643357922
580.643357922
580.643357922
580.643357922
580.643357922
580.643357922
580.643357922
580.643357922
580.643357922
580.643357922
580.643357922
580.643357922
580.643357922
580.643357922
580.643357922
580.643357922
580.643357922
580.643357922
580.643357922
580.643357922
580.643357922
580.643357922
580.643357922
580.643357922
580.643357922
580.643357922
580.643357922
580.643357922
580.643357922
580.643357922
580.643357922
580.643357922
580.643357922
576.543160012
576.543160012
576.543160012
576.543160012
576.543160012
576.543160012
576.543160012
576.543160012
576.543160012
576.543160012
576.543160012
576.543160012
576.543160012
576.543160012
576.543160012
576.543160012
576.543160012
576.543160012
576.543160012
576.543160012
576.543160012
576.543160012
576.543160012
576.543160012
576.543160012
576.543160012
576.543160012
576.543160012
576.543160012
576.543160012
576.543160012
576.543160012
576.543160012
576.543160012
576.543160012
576.543160012
576.543160012
576.543160012
576.543160012
576.543160012
576.543160012
576.543160012
576.543160012
576.543160012
576.543160012
576.543160012
576.543160012
576.543160012
576.543160012
576.543160012
572.538070167
572.538070167
572.538070167
572.538070167
572.538070167
572.538070167
572.538070167
572.538070167
572.538070167
572.538070167
572.538070167
572.538070167
572.538070167
572.538070167
572.538070167
572.538070167
572.538070167
572.538070167
572.538070167
572.538070167
572.538070167
572.538070167
572.538070167
572.538070167
572.538070167
572.538070167
572.538070167
572.538070167
572.538070167
572.538070167
572.538070167
572.538070167
572.538070167
572.538070167
572.538070167
572.538070167
572.538070167
572.538070167
572.538070167
572.538070167
572.538070167
572.538070167
572.538070167
572.538070167
572.538070167
572.538070167
572.538070167
572.538070167
572.538070167
572.538070167
572.538070167
572.538070167
572.538070167
572.538070167
572.538070167
572.538070167
572.538070167
572.538070167
572.538070167
572.538070167
572.538070167
572.538070167
572.538070167
572.538070167
572.538070167
572.538070167
572.538070167
572.538070167
572.538070167
572.538070167
572.538070167
572.538070167
572.538070167
572.538070167
572.538070167
572.538070167
572.538070167
572.538070167
572.538070167
572.538070167
572.538070167
572.538070167
572.538070167
572.538070167
572.538070167
572.538070167
572.538070167
572.538070167
572.538070167
572.538070167
572.538070167
572.538070167
572.538070167
572.538070167
572.538070167
572.538070167
572.538070167
572.538070167
572.538070167
572.538070167
572.538070167
572.538070167
572.538070167
572.538070167
572.538070167
572.538070167
572.538070167
572.538070167
572.538070167
572.538070167
572.538070167
572.538070167
572.538070167
572.538070167
572.538070167
572.538070167
572.538070167
572.538070167
572.538070167
572.538070167
572.538070167
572.538070167
572.538070167
572.538070167
572.538070167
572.538070167
572.538070167
572.538070167
572.538070167
572.538070167
572.538070167
572.538070167
572.538070167
572.538070167
572.538070167
572.538070167
572.538070167
572.538070167
572.538070167
572.538070167
572.538070167
572.538070167
572.538070167
572.538070167
572.538070167
572.538070167
572.538070167
572.538070167
572.538070167
572.538070167
572.538070167
572.538070167
572.538070167
572.538070167
572.538070167
572.538070167
572.538070167
572.538070167
572.538070167
572.538070167
572.538070167
572.538070167
572.538070167
572.538070167
572.538070167
572.538070167
572.538070167
572.538070167
572.538070167
572.538070167
572.538070167
572.538070167
572.538070167
572.538070167
572.538070167
572.538070167
572.538070167
572.538070167
572.538070167
572.538070167
572.538070167
572.538070167
572.538070167
572.538070167
572.538070167
572.538070167
572.538070167
572.538070167
572.538070167
572.538070167
572.538070167
572.538070167
572.538070167
572.538070167
572.538070167
572.538070167
572.538070167
572.538070167
572.538070167
572.538070167
572.538070167
572.538070167
572.538070167
572.538070167
572.538070167
572.538070167
572.538070167
572.538070167
572.538070167
572.538070167
572.538070167
572.538070167
572.538070167
572.538070167
572.538070167
572.538070167
572.538070167
572.538070167
572.538070167
572.538070167
572.538070167
572.538070167
572.538070167
572.538070167
572.538070167
572.538070167
572.538070167
572.538070167
572.538070167
572.538070167
572.538070167
572.538070167
572.538070167
572.538070167
572.538070167
572.538070167
572.538070167
572.538070167
572.538070167
572.538070167
572.538070167
572.538070167
572.538070167
572.538070167
572.538070167
572.538070167
572.538070167
572.538070167
572.538070167
572.538070167
572.538070167
572.538070167
572.538070167
572.538070167
572.538070167
572.538070167
572.538070167
572.538070167
572.538070167
572.538070167
572.538070167
572.538070167
572.538070167
572.538070167
572.538070167
572.538070167
572.538070167
572.538070167
572.538070167
572.538070167
572.538070167
572.538070167
572.538070167
572.538070167
572.538070167
572.538070167
572.538070167
572.538070167
572.538070167
572.538070167
572.538070167
572.538070167
572.538070167
572.538070167
572.538070167
572.538070167
572.538070167
572.538070167
572.538070167
572.538070167
572.538070167
572.538070167
572.538070167
572.538070167
572.538070167
572.538070167
572.538070167
572.538070167
572.538070167
572.538070167
572.538070167
572.538070167
572.538070167
572.538070167
572.538070167
572.538070167
572.538070167
572.538070167
572.538070167
572.538070167
572.538070167
572.538070167
572.538070167
572.538070167
572.538070167
572.538070167
572.538070167
572.538070167
572.538070167
572.538070167
572.538070167
572.538070167
572.538070167
572.538070167
572.538070167
572.538070167
572.538070167
572.538070167
572.538070167
572.538070167
572.538070167
572.538070167
572.538070167
572.538070167
572.538070167
572.538070167
572.538070167
572.538070167
572.538070167
572.538070167
572.538070167
572.538070167
572.538070167
572.538070167
572.538070167
572.538070167
572.538070167
572.538070167
572.538070167
572.538070167
572.538070167
572.538070167
572.538070167
572.538070167
572.538070167
572.538070167
572.538070167
572.538070167
572.538070167
572.538070167
572.538070167
572.538070167
572.538070167
572.538070167
572.538070167
572.538070167
572.538070167
572.538070167
572.538070167
572.538070167
572.538070167
572.538070167
572.538070167
572.538070167
572.538070167
572.538070167
572.538070167
572.538070167
572.538070167
572.538070167
572.538070167
572.538070167
572.538070167
572.538070167
572.538070167
572.538070167
572.538070167
572.538070167
572.538070167
572.538070167
572.538070167
572.538070167
572.538070167
572.538070167
572.538070167
572.538070167
572.538070167
572.538070167
572.538070167
572.538070167
572.538070167
572.538070167
572.538070167
572.538070167
572.538070167
572.538070167
572.538070167
572.538070167
572.538070167
572.538070167
572.538070167
572.538070167
572.538070167
572.538070167
572.538070167
572.538070167
572.538070167
572.538070167
572.538070167
572.538070167
572.538070167
572.538070167
572.538070167
572.538070167
572.538070167
572.538070167
572.538070167
572.538070167
572.538070167
572.538070167
572.538070167
572.538070167
572.538070167
572.538070167
572.538070167
572.538070167
572.538070167
572.538070167
572.538070167
572.538070167
572.538070167
572.538070167
572.538070167
572.538070167
572.538070167
572.538070167
572.538070167
572.538070167
572.538070167
572.538070167
572.538070167
572.538070167
572.538070167
572.538070167
572.538070167
572.538070167
572.538070167
572.538070167
572.538070167
572.538070167
572.538070167
572.538070167
572.538070167
572.538070167
572.538070167
572.538070167
572.538070167
572.538070167
572.538070167
572.538070167
572.538070167
572.538070167
572.538070167
572.538070167
572.538070167
569.87720791
569.87720791
569.87720791
569.87720791
569.87720791
569.87720791
569.87720791
569.87720791
569.87720791
569.87720791
569.87720791
569.87720791
569.87720791
569.87720791
569.87720791
569.87720791
569.87720791
569.87720791
569.87720791
569.87720791
569.87720791
569.87720791
569.87720791
569.87720791
569.87720791
569.87720791
569.87720791
569.87720791
569.87720791
569.87720791
569.87720791
569.87720791
569.87720791
569.87720791
569.87720791
569.87720791
569.87720791
569.87720791
569.87720791
569.87720791
569.87720791
569.87720791
569.87720791
569.87720791
569.87720791
569.87720791
569.87720791
569.87720791
569.87720791
569.87720791
569.87720791
569.87720791
569.87720791
569.87720791
569.87720791
569.87720791
569.87720791
569.87720791
569.87720791
569.87720791
569.87720791
569.87720791
569.87720791
569.87720791
569.87720791
569.87720791
569.87720791
569.87720791
569.87720791
569.87720791
569.87720791
569.87720791
569.87720791
569.87720791
569.87720791
569.87720791
569.87720791
569.87720791
569.87720791
569.87720791
569.87720791
569.87720791
569.87720791
569.87720791
569.87720791
569.87720791
569.87720791
569.87720791
569.87720791
569.87720791
569.87720791
569.87720791
569.87720791
569.87720791
569.87720791
569.87720791
569.87720791
569.87720791
569.87720791
569.87720791
569.87720791
569.87720791
569.87720791
569.87720791
569.87720791
569.87720791
569.87720791
569.87720791
569.87720791
569.87720791
569.87720791
569.87720791
569.87720791
569.87720791
569.87720791
569.87720791
569.87720791
569.87720791
569.87720791
569.87720791
569.87720791
569.87720791
569.87720791
569.87720791
569.87720791
569.87720791
569.87720791
569.87720791
569.87720791
569.87720791
569.87720791
569.87720791
569.87720791
569.87720791
569.87720791
569.87720791
569.87720791
569.87720791
569.87720791
569.87720791
569.87720791
569.87720791
569.87720791
569.87720791
569.87720791
569.87720791
569.87720791
569.87720791
569.87720791
569.87720791
569.87720791
569.87720791
569.87720791
569.87720791
569.87720791
569.87720791
569.87720791
569.87720791
569.87720791
569.87720791
569.87720791
569.87720791
569.87720791
569.87720791
569.87720791
569.87720791
569.87720791
569.87720791
569.87720791
569.87720791
569.87720791
569.87720791
569.87720791
569.87720791
569.87720791
569.87720791
569.87720791
569.87720791
569.87720791
569.87720791
569.87720791
569.87720791
569.87720791
569.87720791
569.87720791
569.87720791
569.87720791
569.87720791
569.87720791
569.87720791
569.87720791
569.87720791
569.87720791
569.87720791
569.87720791
569.87720791
569.87720791
569.87720791
569.87720791
569.87720791
569.87720791
569.87720791
569.87720791
569.87720791
569.87720791
569.87720791
569.87720791
569.87720791
569.87720791
569.87720791
569.87720791
569.87720791
569.87720791
569.87720791
569.87720791
569.87720791
569.87720791
569.87720791
569.87720791
569.87720791
569.87720791
569.87720791
569.87720791
569.87720791
569.87720791
569.87720791
569.87720791
569.87720791
569.87720791
569.87720791
569.87720791
569.87720791
569.87720791
569.87720791
569.87720791
569.87720791
569.87720791
569.87720791
569.87720791
569.87720791
569.87720791
569.87720791
569.87720791
569.87720791
569.87720791
569.87720791
569.87720791
569.87720791
569.87720791
569.87720791
569.87720791
569.87720791
569.87720791
569.87720791
569.87720791
569.87720791
569.87720791
569.87720791
569.87720791
569.87720791
569.87720791
569.87720791
569.87720791
569.87720791
569.87720791
569.87720791
569.87720791
569.87720791
569.87720791
569.87720791
569.87720791
569.87720791
569.87720791
569.87720791
569.87720791
569.87720791
569.87720791
569.87720791
569.87720791
569.87720791
569.87720791
569.87720791
569.87720791
569.87720791
569.87720791
569.87720791
569.87720791
569.87720791
569.87720791
569.87720791
569.87720791
569.87720791
569.87720791
569.87720791
569.87720791
569.87720791
569.87720791
569.87720791
569.87720791
569.87720791
569.87720791
569.87720791
569.87720791
569.87720791
569.87720791
569.87720791
569.87720791
569.87720791
569.87720791
569.87720791
569.87720791
569.87720791
569.87720791
569.87720791
569.87720791
569.87720791
569.87720791
569.87720791
569.87720791
569.87720791
569.87720791
569.87720791
569.87720791
569.87720791
569.87720791
569.87720791
569.87720791
569.87720791
569.87720791
569.87720791
569.87720791
569.87720791
569.87720791
569.87720791
569.87720791
569.87720791
569.87720791
569.87720791
569.87720791
569.87720791
569.87720791
569.87720791
569.87720791
569.87720791
569.87720791
569.87720791
569.87720791
569.87720791
569.87720791
569.87720791
569.87720791
569.87720791
569.87720791
569.87720791
569.87720791
569.87720791
569.87720791
569.87720791
569.87720791
569.87720791
569.87720791
569.87720791
569.87720791
569.87720791
569.87720791
569.87720791
569.87720791
569.87720791
569.87720791
569.87720791
569.87720791
569.87720791
569.87720791
569.87720791
569.87720791
569.87720791
569.87720791
569.87720791
569.87720791
569.87720791
569.87720791
569.87720791
569.87720791
569.87720791
569.87720791
569.87720791
569.87720791
569.87720791
569.87720791
569.87720791
569.87720791
569.87720791
569.87720791
569.87720791
569.87720791
569.87720791
569.87720791
569.87720791
569.87720791
569.87720791
569.87720791
569.87720791
569.87720791
569.87720791
569.87720791
569.87720791
569.87720791
569.87720791
569.87720791
569.87720791
569.87720791
569.87720791
569.87720791
569.87720791
569.87720791
569.87720791
569.87720791
569.87720791
569.87720791
569.87720791
569.87720791
569.87720791
569.87720791
569.87720791
569.87720791
569.87720791
569.87720791
569.87720791
569.87720791
569.87720791
569.87720791
569.87720791
569.87720791
569.87720791
569.87720791
569.87720791
569.87720791
569.87720791
569.87720791
569.87720791
569.87720791
569.87720791
569.87720791
569.87720791
569.87720791
569.87720791
569.87720791
569.87720791
569.87720791
569.87720791
569.87720791
569.87720791
569.87720791
569.87720791
569.87720791
569.87720791
569.87720791
569.87720791
569.87720791
569.87720791
569.87720791
569.87720791
569.87720791
569.87720791
569.87720791
569.87720791
569.87720791
569.87720791
569.87720791
569.87720791
569.87720791
569.87720791
569.87720791
569.87720791
569.87720791
569.87720791
569.87720791
569.87720791
569.87720791
569.87720791
569.87720791
569.87720791
569.87720791
569.87720791
569.87720791
569.87720791
569.87720791
569.87720791
569.87720791
569.87720791
569.87720791
569.87720791
569.87720791
569.87720791
569.87720791
569.87720791
569.87720791
569.87720791
569.87720791
569.87720791
569.87720791
569.87720791
569.87720791
569.87720791
569.87720791
569.87720791
569.87720791
569.87720791
569.87720791
569.87720791
569.87720791
569.87720791
569.87720791
569.87720791
569.87720791
569.87720791
569.87720791
569.87720791
569.87720791
569.87720791
569.87720791
569.87720791
569.87720791
569.87720791
569.87720791
569.87720791
569.87720791
569.87720791
569.87720791
569.87720791
569.87720791
569.87720791
569.87720791
569.87720791
569.87720791
569.87720791
569.87720791
569.87720791
569.87720791
569.87720791
569.87720791
569.87720791
569.87720791
569.87720791
569.87720791
569.87720791
569.87720791
569.87720791
569.87720791
569.87720791
569.87720791
569.87720791
569.87720791
569.87720791
569.87720791
569.87720791
569.87720791
569.87720791
569.87720791
569.87720791
569.87720791
569.87720791
569.87720791
569.87720791
569.87720791
569.87720791
569.87720791
569.87720791
569.87720791
569.87720791
569.87720791
569.87720791
569.87720791
569.87720791
569.87720791
569.87720791
569.87720791
569.87720791
569.87720791
569.87720791
569.87720791
569.87720791
569.87720791
569.87720791
569.87720791
569.87720791
569.87720791
569.87720791
569.87720791
569.87720791
569.87720791
569.87720791
569.87720791
569.87720791
569.87720791
569.87720791
569.87720791
569.87720791
569.87720791
569.87720791
569.87720791
569.87720791
569.87720791
569.87720791
569.87720791
569.87720791
569.87720791
569.87720791
569.87720791
569.87720791
569.87720791
569.87720791
569.87720791
569.87720791
569.87720791
569.87720791
569.87720791
569.87720791
569.87720791
569.87720791
569.87720791
569.87720791
569.87720791
569.87720791
569.87720791
569.87720791
569.87720791
569.87720791
569.87720791
569.87720791
569.87720791
569.87720791
569.87720791
569.87720791
569.87720791
569.87720791
569.87720791
569.87720791
569.87720791
569.87720791
569.87720791
569.87720791
569.87720791
569.87720791
569.87720791
569.87720791
569.87720791
569.87720791
569.87720791
569.87720791
569.87720791
569.87720791
569.87720791
569.87720791
569.87720791
569.87720791
569.87720791
569.87720791
569.87720791
569.87720791
569.87720791
569.87720791
569.87720791
569.87720791
569.87720791
569.87720791
569.87720791
569.87720791
569.87720791
569.87720791
569.87720791
569.87720791
569.87720791
569.87720791
569.87720791
569.87720791
569.87720791
569.87720791
569.87720791
569.87720791
569.87720791
569.87720791
569.87720791
569.87720791
569.87720791
569.87720791
569.87720791
569.87720791
569.87720791
569.87720791
569.87720791
569.87720791
569.87720791
569.87720791
569.87720791
569.87720791
569.87720791
569.87720791
569.87720791
569.87720791
569.87720791
569.87720791
569.87720791
569.87720791
569.87720791
569.87720791
569.87720791
569.87720791
569.87720791
569.87720791
569.87720791
569.87720791
569.87720791
569.87720791
569.87720791
569.87720791
569.87720791
569.87720791
569.87720791
569.87720791
569.87720791
569.87720791
569.87720791
569.87720791
569.87720791
569.87720791
569.87720791
569.87720791
569.87720791
569.87720791
569.87720791
569.87720791
569.87720791
569.87720791
569.87720791
569.87720791
569.87720791
569.87720791
569.87720791
569.87720791
569.87720791
569.87720791
569.87720791
569.87720791
569.87720791
569.87720791
569.87720791
569.87720791
569.87720791
569.87720791
569.87720791
569.87720791
569.87720791
569.87720791
569.87720791
569.87720791
569.87720791
569.87720791
569.87720791
569.87720791
569.87720791
569.87720791
569.87720791
569.87720791
569.87720791
569.87720791
569.87720791
569.87720791
569.87720791
569.87720791
569.87720791
569.87720791
569.87720791
569.87720791
569.87720791
569.87720791
569.87720791
569.87720791
569.87720791
569.87720791
569.87720791
569.87720791
569.87720791
569.87720791
569.87720791
569.87720791
569.87720791
569.87720791
569.87720791
569.87720791
569.87720791
569.87720791
569.87720791
569.87720791
569.87720791
569.87720791
569.87720791
569.87720791
569.87720791
569.87720791
569.87720791
569.87720791
569.87720791
569.87720791
569.87720791
569.87720791
569.87720791
569.87720791
569.87720791
569.87720791
569.87720791
569.87720791
569.87720791
569.87720791
569.87720791
569.87720791
569.87720791
569.87720791
569.87720791
569.87720791
569.87720791
569.87720791
569.87720791
569.87720791
569.87720791
569.87720791
569.87720791
569.87720791
569.87720791
569.87720791
569.87720791
569.87720791
569.87720791
569.87720791
569.87720791
569.87720791
569.87720791
569.87720791
569.87720791
569.87720791
569.87720791
569.87720791
569.87720791
569.87720791
569.87720791
569.87720791
569.87720791
569.87720791
569.87720791
569.87720791
569.87720791
569.87720791
569.87720791
569.87720791
569.87720791
569.87720791
569.87720791
569.87720791
569.87720791
569.87720791
569.87720791
569.87720791
569.87720791
569.87720791
569.87720791
569.87720791
569.87720791
569.87720791
569.87720791
569.87720791
569.87720791
569.87720791
569.87720791
569.87720791
569.87720791
569.87720791
569.87720791
569.87720791
569.87720791
569.87720791
569.87720791
569.87720791
569.87720791
569.87720791
569.87720791
569.87720791
569.87720791
569.87720791
569.87720791
569.87720791
569.87720791
569.87720791
569.87720791
569.87720791
569.87720791
569.87720791
569.87720791
569.87720791
569.87720791
569.87720791
569.87720791
569.87720791
569.87720791
569.87720791
569.87720791
569.87720791
569.87720791
569.87720791
569.87720791
569.87720791
569.87720791
569.87720791
569.87720791
569.87720791
569.87720791
569.87720791
569.87720791
569.87720791
569.87720791
569.87720791
569.87720791
569.87720791
569.87720791
569.87720791
569.87720791
569.87720791
569.87720791
569.87720791
569.87720791
569.87720791
569.87720791
569.87720791
569.87720791
569.87720791
569.87720791
569.87720791
569.87720791
569.87720791
569.87720791
569.87720791
569.87720791
569.87720791
569.87720791
569.87720791
569.87720791
569.87720791
569.87720791
569.87720791
569.87720791
569.87720791
569.87720791
569.87720791
569.87720791
569.87720791
569.87720791
569.87720791
569.87720791
569.87720791
569.87720791
569.87720791
569.87720791
569.87720791
569.87720791
569.87720791
569.87720791
569.87720791
569.87720791
569.87720791
569.87720791
569.87720791
569.87720791
569.87720791
569.87720791
569.87720791
569.87720791
569.87720791
569.87720791
569.87720791
569.87720791
569.87720791
569.87720791
569.87720791
569.87720791
569.87720791
569.87720791
569.87720791
569.87720791
569.87720791
569.87720791
569.87720791
569.87720791
569.87720791
569.87720791
569.87720791
569.87720791
569.87720791
569.87720791
569.87720791
569.87720791
569.87720791
569.87720791
569.87720791
569.87720791
569.87720791
569.87720791
569.87720791
569.87720791
569.87720791
569.87720791
569.87720791
569.87720791
569.87720791
569.87720791
569.87720791
569.87720791
569.87720791
569.87720791
569.87720791
569.87720791
569.87720791
569.87720791
569.87720791
569.87720791
569.87720791
569.87720791
569.87720791
569.87720791
569.87720791
569.87720791
569.87720791
569.87720791
569.87720791
569.87720791
569.87720791
569.87720791
569.87720791
569.87720791
569.87720791
569.87720791
569.87720791
569.87720791
569.87720791
569.87720791
569.87720791
569.87720791
569.87720791
569.87720791
569.87720791
569.87720791
569.87720791
569.87720791
569.87720791
569.87720791
569.87720791
569.87720791
569.87720791
569.87720791
569.87720791
569.87720791
569.87720791
569.87720791
569.87720791
569.87720791
569.87720791
569.87720791
569.87720791
569.87720791
569.87720791
569.87720791
569.87720791
569.87720791
569.87720791
569.87720791
569.87720791
569.87720791
569.87720791
569.87720791
569.87720791
569.87720791
569.87720791
569.87720791
569.87720791
569.87720791
569.87720791
569.87720791
569.87720791
569.87720791
569.87720791
569.87720791
569.87720791
569.87720791
569.87720791
569.87720791
569.87720791
569.87720791
569.87720791
569.87720791
569.87720791
569.87720791
569.87720791
569.87720791
569.87720791
569.87720791
569.87720791
569.87720791
569.87720791
569.87720791
569.87720791
569.87720791
569.87720791
569.87720791
569.87720791
569.87720791
569.87720791
569.87720791
569.87720791
569.87720791
569.87720791
569.87720791
569.87720791
569.87720791
569.87720791
569.87720791
569.87720791
569.87720791
569.87720791
569.87720791
569.87720791
569.87720791
569.87720791
569.87720791
569.87720791
569.87720791
569.87720791
569.87720791
569.87720791
569.87720791
569.87720791
569.87720791
569.87720791
569.87720791
569.87720791
569.87720791
569.87720791
569.87720791
569.87720791
569.87720791
569.87720791
569.87720791
569.87720791
569.87720791
569.87720791
569.87720791
569.87720791
569.87720791
569.87720791
569.87720791
569.87720791
569.87720791
569.87720791
569.87720791
569.87720791
569.87720791
569.87720791
569.87720791
569.87720791
569.87720791
569.87720791
569.87720791
569.87720791
569.87720791
569.87720791
569.87720791
569.87720791
569.87720791
569.87720791
569.87720791
569.87720791
569.87720791
569.87720791
569.87720791
569.87720791
569.87720791
569.87720791
569.87720791
569.87720791
569.87720791
569.87720791
569.87720791
569.87720791
569.87720791
569.87720791
569.87720791
569.87720791
569.87720791
569.87720791
569.87720791
569.87720791
569.87720791
569.87720791
569.87720791
569.87720791
569.87720791
569.87720791
569.87720791
569.87720791
569.87720791
569.87720791
569.87720791
569.87720791
569.87720791
569.87720791
569.87720791
569.87720791
569.87720791
569.87720791
569.87720791
569.87720791
569.87720791
569.87720791
569.87720791
569.87720791
569.87720791
569.87720791
569.87720791
569.87720791
569.87720791
569.87720791
569.87720791
569.87720791
569.87720791
569.87720791
569.87720791
569.87720791
569.87720791
569.87720791
569.87720791
569.87720791
569.87720791
569.87720791
569.87720791
569.87720791
569.87720791
569.87720791
569.87720791
569.87720791
569.87720791
569.87720791
569.87720791
569.87720791
569.87720791
569.87720791
569.87720791
569.87720791
569.87720791
569.87720791
569.87720791
569.87720791
569.87720791
569.87720791
569.87720791
569.87720791
569.87720791
569.87720791
569.87720791
569.87720791
569.87720791
569.87720791
569.87720791
569.87720791
569.87720791
569.87720791
569.87720791
569.87720791
569.87720791
569.87720791
569.87720791
569.87720791
569.87720791
569.87720791
569.87720791
569.87720791
569.87720791
569.87720791
569.87720791
569.87720791
569.87720791
569.87720791
569.87720791
569.87720791
569.87720791
569.87720791
569.87720791
569.87720791
569.87720791
569.87720791
569.87720791
569.87720791
569.87720791
569.87720791
569.87720791
569.87720791
569.87720791
569.87720791
569.87720791
569.87720791
569.87720791
569.87720791
569.87720791
569.87720791
569.87720791
569.87720791
569.87720791
569.87720791
569.87720791
569.87720791
569.87720791
569.87720791
569.87720791
569.87720791
569.87720791
569.87720791
569.87720791
569.87720791
569.87720791
569.87720791
569.87720791
569.87720791
569.87720791
569.87720791
569.87720791
569.87720791
569.87720791
569.87720791
569.87720791
569.87720791
569.87720791
569.87720791
569.87720791
569.87720791
569.87720791
569.87720791
569.87720791
569.87720791
569.87720791
569.87720791
569.87720791
569.87720791
569.87720791
569.87720791
569.87720791
569.87720791
569.87720791
569.87720791
569.87720791
569.87720791
569.87720791
569.87720791
569.87720791
569.87720791
569.87720791
569.87720791
569.87720791
569.87720791
569.87720791
569.87720791
569.87720791
569.87720791
569.87720791
569.87720791
569.87720791
569.87720791
569.87720791
569.87720791
569.87720791
569.87720791
569.87720791
569.87720791
569.87720791
569.87720791
569.87720791
569.87720791
569.87720791
569.87720791
569.87720791
569.87720791
569.87720791
569.87720791
569.87720791
569.87720791
569.87720791
569.87720791
569.87720791
569.87720791
569.87720791
569.87720791
569.87720791
569.87720791
569.87720791
569.87720791
569.87720791
569.87720791
569.87720791
569.87720791
569.87720791
569.87720791
569.87720791
569.87720791
569.87720791
569.87720791
569.87720791
569.87720791
569.87720791
569.87720791
569.87720791
569.87720791
569.87720791
569.87720791
569.87720791
569.87720791
569.87720791
569.87720791
569.87720791
569.87720791
569.87720791
569.87720791
569.87720791
569.87720791
569.87720791
569.87720791
569.87720791
569.87720791
569.87720791
569.87720791
569.87720791
569.87720791
569.87720791
569.87720791
569.87720791
569.87720791
569.87720791
569.87720791
569.87720791
569.87720791
569.87720791
569.87720791
569.87720791
569.87720791
569.87720791
569.87720791
569.87720791
569.87720791
569.87720791
569.87720791
569.87720791
569.87720791
569.87720791
569.87720791
569.87720791
569.87720791
569.87720791
569.87720791
569.87720791
569.87720791
569.87720791
569.87720791
569.87720791
569.87720791
569.87720791
569.87720791
569.87720791
569.87720791
569.87720791
569.87720791
569.87720791
569.87720791
569.87720791
569.87720791
569.87720791
569.87720791
569.87720791
569.87720791
569.87720791
569.87720791
569.87720791
569.87720791
569.87720791
569.87720791
569.87720791
569.87720791
569.87720791
569.87720791
569.87720791
569.87720791
569.87720791
569.87720791
569.87720791
569.87720791
569.87720791
569.87720791
569.87720791
569.87720791
569.87720791
569.87720791
569.87720791
569.87720791
569.87720791
569.87720791
569.87720791
569.87720791
569.87720791
569.87720791
569.87720791
569.87720791
569.87720791
569.87720791
569.87720791
569.87720791
569.87720791
569.87720791
569.87720791
569.87720791
569.87720791
569.87720791
569.87720791
569.87720791
569.87720791
569.87720791
569.87720791
569.87720791
569.87720791
569.87720791
569.87720791
569.87720791
569.87720791
569.87720791
569.87720791
569.87720791
569.87720791
569.87720791
569.87720791
569.87720791
569.87720791
569.87720791
569.87720791
569.87720791
569.87720791
569.87720791
569.87720791
569.87720791
569.87720791
569.87720791
569.87720791
569.87720791
569.87720791
569.87720791
569.87720791
569.87720791
569.87720791
569.87720791
569.87720791
569.87720791
569.87720791
569.87720791
569.87720791
569.87720791
569.87720791
569.87720791
569.87720791
569.87720791
569.87720791
569.87720791
569.87720791
569.87720791
569.87720791
569.87720791
569.87720791
569.87720791
569.87720791
569.87720791
569.87720791
569.87720791
569.87720791
569.87720791
569.87720791
569.87720791
569.87720791
569.87720791
569.87720791
569.87720791
569.87720791
569.87720791
569.87720791
569.87720791
569.87720791
569.87720791
569.87720791
569.87720791
569.87720791
569.87720791
569.87720791
569.87720791
569.87720791
569.87720791
569.87720791
569.87720791
569.87720791
569.87720791
569.87720791
569.87720791
569.87720791
569.87720791
569.87720791
569.87720791
569.87720791
569.87720791
569.87720791
569.87720791
569.87720791
569.87720791
569.87720791
569.87720791
569.87720791
569.87720791
569.87720791
569.87720791
569.87720791
569.87720791
569.87720791
569.87720791
569.87720791
569.87720791
569.87720791
569.87720791
569.87720791
569.87720791
569.87720791
569.87720791
569.87720791
569.87720791
569.87720791
569.87720791
569.87720791
569.87720791
569.87720791
569.87720791
569.87720791
569.87720791
569.87720791
569.87720791
569.87720791
569.87720791
569.87720791
569.87720791
569.87720791
569.87720791
569.87720791
569.87720791
569.87720791
569.87720791
569.87720791
569.87720791
569.87720791
569.87720791
569.87720791
569.87720791
569.87720791
569.87720791
569.87720791
569.87720791
569.87720791
569.87720791
569.87720791
569.87720791
569.87720791
569.87720791
569.87720791
569.87720791
569.87720791
569.87720791
569.87720791
569.87720791
569.87720791
569.87720791
569.87720791
569.87720791
569.87720791
569.87720791
569.87720791
569.87720791
569.87720791
569.87720791
569.87720791
569.87720791
569.87720791
569.87720791
569.87720791
569.87720791
569.87720791
569.87720791
569.87720791
569.87720791
569.87720791
569.87720791
569.87720791
569.87720791
569.87720791
569.87720791
569.87720791
569.87720791
569.87720791
569.87720791
569.87720791
569.87720791
569.87720791
569.87720791
569.87720791
569.87720791
569.87720791
569.87720791
569.87720791
569.87720791
569.87720791
569.87720791
569.87720791
569.87720791
569.87720791
569.87720791
569.87720791
569.87720791
569.87720791
569.87720791
569.87720791
569.87720791
569.87720791
569.87720791
569.87720791
569.87720791
569.87720791
569.87720791
569.87720791
569.87720791
569.87720791
569.87720791
569.87720791
569.87720791
569.87720791
569.87720791
569.87720791
569.87720791
569.87720791
569.87720791
569.87720791
569.87720791
569.87720791
569.87720791
569.87720791
569.87720791
569.87720791
569.87720791
569.87720791
569.87720791
569.87720791
569.87720791
569.87720791
569.87720791
569.87720791
569.87720791
569.87720791
569.87720791
569.87720791
569.87720791
569.87720791
569.87720791
569.87720791
569.87720791
569.87720791
569.87720791
569.87720791
569.87720791
569.87720791
569.87720791
569.87720791
569.87720791
569.87720791
569.87720791
569.87720791
569.87720791
569.87720791
569.87720791
569.87720791
569.87720791
569.87720791
569.87720791
569.87720791
569.87720791
569.87720791
569.87720791
569.87720791
569.87720791
569.87720791
569.87720791
569.87720791
569.87720791
569.87720791
569.87720791
569.87720791
569.87720791
569.87720791
569.87720791
569.87720791
569.87720791
569.87720791
569.87720791
569.87720791
569.87720791
569.87720791
569.87720791
569.87720791
569.87720791
569.87720791
569.87720791
569.87720791
569.87720791
569.87720791
569.87720791
569.87720791
569.87720791
569.87720791
569.87720791
569.87720791
569.87720791
569.87720791
569.87720791
569.87720791
569.87720791
569.87720791
569.87720791
569.87720791
569.87720791
569.87720791
569.87720791
569.87720791
569.87720791
569.87720791
569.87720791
569.87720791
569.87720791
569.87720791
569.87720791
569.87720791
569.87720791
569.87720791
569.87720791
569.87720791
569.87720791
569.87720791
569.87720791
569.87720791
569.87720791
569.87720791
569.87720791
569.87720791
569.87720791
569.87720791
569.87720791
569.87720791
569.87720791
569.87720791
569.87720791
569.87720791
569.87720791
569.87720791
569.87720791
569.87720791
569.87720791
569.87720791
569.87720791
569.87720791
569.87720791
569.87720791
569.87720791
569.87720791
569.87720791
569.87720791
569.87720791
569.87720791
569.87720791
569.87720791
569.87720791
569.87720791
569.87720791
569.87720791
569.87720791
569.87720791
569.87720791
569.87720791
569.87720791
569.87720791
569.87720791
569.87720791
569.87720791
569.87720791
569.87720791
569.87720791
569.87720791
569.87720791
569.87720791
569.87720791
569.87720791
569.87720791
569.87720791
569.87720791
569.87720791
569.87720791
569.87720791
569.87720791
569.87720791
569.87720791
569.87720791
569.87720791
569.87720791
569.87720791
569.87720791
569.87720791
569.87720791
569.87720791
569.87720791
569.87720791
569.87720791
569.87720791
569.87720791
569.87720791
569.87720791
569.87720791
569.87720791
569.87720791
569.87720791
569.87720791
569.87720791
569.87720791
569.87720791
569.87720791
569.87720791
569.87720791
569.87720791
569.87720791
569.87720791
569.87720791
569.87720791
569.87720791
569.87720791
569.87720791
569.87720791
569.87720791
569.87720791
569.87720791
569.87720791
569.87720791
569.87720791
569.87720791
569.87720791
569.87720791
569.87720791
569.87720791
569.87720791
569.87720791
569.87720791
569.87720791
569.87720791
569.87720791
569.87720791
569.87720791
569.87720791
569.87720791
569.87720791
569.87720791
569.87720791
569.87720791
569.87720791
569.87720791
569.87720791
569.87720791
569.87720791
569.87720791
569.87720791
569.87720791
569.87720791
569.87720791
569.87720791
569.87720791
569.87720791
569.87720791
569.87720791
569.87720791
569.87720791
569.87720791
569.87720791
569.87720791
569.87720791
569.87720791
569.87720791
569.87720791
569.87720791
569.87720791
569.87720791
569.87720791
569.87720791
569.87720791
569.87720791
569.87720791
569.87720791
569.87720791
569.87720791
569.87720791
569.87720791
569.87720791
569.87720791
569.87720791
569.87720791
569.87720791
569.87720791
569.87720791
569.87720791
569.87720791
569.87720791
569.87720791
569.87720791
569.87720791
569.87720791
569.87720791
569.87720791
569.87720791
569.87720791
569.87720791
569.87720791
569.87720791
569.87720791
569.87720791
569.87720791
569.87720791
569.87720791
569.87720791
569.87720791
569.87720791
569.87720791
569.87720791
569.87720791
569.87720791
569.87720791
569.87720791
569.87720791
569.87720791
569.87720791
569.87720791
569.87720791
569.87720791
569.87720791
569.87720791
569.87720791
569.87720791
569.87720791
569.87720791
569.87720791
569.87720791
569.87720791
569.87720791
569.87720791
569.87720791
569.87720791
569.87720791
569.87720791
569.87720791
569.87720791
569.87720791
569.87720791
569.87720791
569.87720791
569.87720791
569.87720791
569.87720791
569.87720791
569.87720791
569.87720791
569.87720791
569.87720791
569.87720791
569.87720791
569.87720791
569.87720791
569.87720791
569.87720791
569.87720791
569.87720791
569.87720791
569.87720791
569.87720791
569.87720791
569.87720791
569.87720791
569.87720791
569.87720791
569.87720791
569.87720791
569.87720791
569.87720791
569.87720791
569.87720791
569.87720791
569.87720791
569.87720791
569.87720791
569.87720791
569.87720791
569.87720791
569.87720791
569.87720791
569.87720791
569.87720791
569.87720791
569.87720791
569.87720791
569.87720791
569.87720791
569.87720791
569.87720791
569.87720791
569.87720791
569.87720791
569.87720791
569.87720791
569.87720791
569.87720791
569.87720791
569.87720791
569.87720791
569.87720791
569.87720791
569.87720791
569.87720791
569.87720791
569.87720791
569.87720791
569.87720791
569.87720791
569.87720791
569.87720791
569.87720791
569.87720791
569.87720791
569.87720791
569.87720791
569.87720791
569.87720791
569.87720791
569.87720791
569.87720791
569.87720791
569.87720791
569.87720791
569.87720791
569.87720791
569.87720791
569.87720791
569.87720791
569.87720791
569.87720791
569.87720791
569.87720791
569.87720791
569.87720791
569.87720791
569.87720791
569.87720791
569.87720791
569.87720791
569.87720791
569.87720791
569.87720791
569.87720791
569.87720791
569.87720791
569.87720791
569.87720791
569.87720791
569.87720791
569.87720791
569.87720791
569.87720791
569.87720791
569.87720791
569.87720791
569.87720791
569.87720791
569.87720791
569.87720791
569.87720791
569.87720791
569.87720791
569.87720791
569.87720791
569.87720791
569.87720791
569.87720791
569.87720791
569.87720791
569.87720791
569.87720791
569.87720791
569.87720791
569.87720791
569.87720791
569.87720791
569.87720791
569.87720791
569.87720791
569.87720791
569.87720791
569.87720791
569.87720791
569.87720791
569.87720791
569.87720791
569.87720791
569.87720791
569.87720791
569.87720791
569.87720791
569.87720791
569.87720791
569.87720791
569.87720791
569.87720791
569.87720791
569.87720791
569.87720791
569.87720791
569.87720791
569.87720791
569.87720791
569.87720791
569.87720791
569.87720791
569.87720791
569.87720791
569.87720791
569.87720791
569.87720791
569.87720791
569.87720791
569.87720791
569.87720791
569.87720791
569.87720791
569.87720791
569.87720791
569.87720791
569.87720791
569.87720791
569.87720791
569.87720791
569.87720791
569.87720791
569.87720791
569.87720791
569.87720791
569.87720791
569.87720791
569.87720791
569.87720791
569.87720791
569.87720791
569.87720791
569.87720791
569.87720791
569.87720791
569.87720791
569.87720791
569.87720791
569.87720791
569.87720791
569.87720791
569.87720791
569.87720791
569.87720791
569.87720791
569.87720791
569.87720791
569.87720791
569.87720791
569.87720791
569.87720791
569.87720791
569.87720791
569.87720791
569.87720791
569.87720791
569.87720791
569.87720791
569.87720791
569.87720791
569.87720791
569.87720791
569.87720791
569.87720791
569.87720791
569.87720791
569.87720791
569.87720791
569.87720791
569.87720791
569.87720791
569.87720791
569.87720791
569.87720791
569.87720791
569.87720791
569.87720791
569.87720791
569.87720791
569.87720791
569.87720791
569.87720791
569.87720791
569.87720791
569.87720791
569.87720791
569.87720791
569.87720791
569.87720791
569.87720791
569.87720791
569.87720791
569.87720791
569.87720791
569.87720791
569.87720791
569.87720791
569.87720791
569.87720791
569.87720791
569.87720791
569.87720791
569.87720791
569.87720791
569.87720791
569.87720791
569.87720791
569.87720791
569.87720791
569.87720791
569.87720791
569.87720791
569.87720791
569.87720791
569.87720791
569.87720791
569.87720791
569.87720791
569.87720791
569.87720791
569.87720791
569.87720791
569.87720791
569.87720791
569.87720791
569.87720791
569.87720791
569.87720791
569.87720791
569.87720791
569.87720791
569.87720791
569.87720791
569.87720791
569.87720791
569.87720791
569.87720791
569.87720791
569.87720791
569.87720791
569.87720791
569.87720791
569.87720791
569.87720791
569.87720791
569.87720791
569.87720791
569.87720791
569.87720791
569.87720791
569.87720791
569.87720791
569.87720791
569.87720791
569.87720791
569.87720791
569.87720791
569.87720791
569.87720791
569.87720791
569.87720791
569.87720791
569.87720791
569.87720791
569.87720791
569.87720791
569.87720791
569.87720791
569.87720791
569.87720791
569.87720791
569.87720791
569.87720791
569.87720791
569.87720791
569.87720791
569.87720791
569.87720791
569.87720791
569.87720791
569.87720791
569.87720791
569.87720791
569.87720791
569.87720791
569.87720791
569.87720791
569.87720791
569.87720791
569.87720791
569.87720791
569.87720791
569.87720791
569.87720791
569.87720791
569.87720791
569.87720791
569.87720791
569.87720791
569.87720791
569.87720791
569.87720791
569.87720791
569.87720791
569.87720791
569.87720791
569.87720791
569.87720791
569.87720791
569.87720791
569.87720791
569.87720791
569.87720791
569.87720791
569.87720791
569.87720791
569.87720791
569.87720791
569.87720791
569.87720791
569.87720791
569.87720791
569.87720791
569.87720791
569.87720791
569.87720791
569.87720791
569.87720791
569.87720791
569.87720791
569.87720791
569.87720791
569.87720791
569.87720791
569.87720791
569.87720791
569.87720791
569.87720791
569.87720791
569.87720791
569.87720791
569.87720791
569.87720791
569.87720791
569.87720791
569.87720791
569.87720791
569.87720791
569.87720791
569.87720791
569.87720791
569.87720791
569.87720791
569.87720791
569.87720791
569.87720791
569.87720791
569.87720791
569.87720791
569.87720791
569.87720791
569.87720791
569.87720791
569.87720791
569.87720791
569.87720791
569.87720791
569.87720791
569.87720791
569.87720791
569.87720791
569.87720791
569.87720791
569.87720791
569.87720791
569.87720791
569.87720791
569.87720791
569.87720791
569.87720791
569.87720791
569.87720791
569.87720791
569.87720791
569.87720791
569.87720791
569.87720791
569.87720791
569.87720791
569.87720791
569.87720791
569.87720791
569.87720791
569.87720791
569.87720791
569.87720791
569.87720791
569.87720791
569.87720791
569.87720791
569.87720791
569.87720791
569.87720791
569.87720791
569.87720791
569.87720791
569.87720791
569.87720791
569.87720791
569.87720791
569.87720791
569.87720791
569.87720791
569.87720791
569.87720791
569.87720791
569.87720791
569.87720791
569.87720791
569.87720791
569.87720791
569.87720791
569.87720791
569.87720791
569.87720791
569.87720791
569.87720791
569.87720791
569.87720791
569.87720791
569.87720791
569.87720791
569.87720791
569.87720791
569.87720791
569.87720791
569.87720791
569.87720791
569.87720791
569.87720791
569.87720791
569.87720791
569.87720791
569.87720791
569.87720791
569.87720791
569.87720791
569.87720791
569.87720791
569.87720791
569.87720791
569.87720791
569.87720791
569.87720791
569.87720791
569.87720791
569.87720791
569.87720791
569.87720791
569.87720791
569.87720791
569.87720791
569.87720791
569.87720791
569.87720791
569.87720791
569.87720791
569.87720791
569.87720791
569.87720791
569.87720791
569.87720791
569.87720791
569.87720791
569.87720791
569.87720791
569.87720791
569.87720791
569.87720791
569.87720791
569.87720791
569.87720791
569.87720791
569.87720791
569.87720791
569.87720791
569.87720791
569.87720791
569.87720791
569.87720791
569.87720791
569.87720791
569.87720791
569.87720791
569.87720791
569.87720791
569.87720791
569.87720791
569.87720791
569.87720791
569.87720791
569.87720791
569.87720791
569.87720791
569.87720791
569.87720791
569.87720791
569.87720791
569.87720791
569.87720791
569.87720791
569.87720791
569.87720791
569.87720791
569.87720791
569.87720791
569.87720791
569.87720791
569.87720791
569.87720791
569.87720791
569.87720791
569.87720791
569.87720791
569.87720791
569.87720791
569.87720791
569.87720791
569.87720791
569.87720791
569.87720791
569.87720791
569.87720791
569.87720791
569.87720791
569.87720791
569.87720791
569.87720791
569.87720791
569.87720791
569.87720791
569.87720791
569.87720791
569.87720791
569.87720791
569.87720791
569.87720791
569.87720791
569.87720791
569.87720791
569.87720791
569.87720791
569.87720791
569.87720791
569.87720791
569.87720791
569.87720791
569.87720791
569.87720791
569.87720791
569.87720791
569.87720791
569.87720791
569.87720791
569.87720791
569.87720791
569.87720791
569.87720791
569.87720791
569.87720791
569.87720791
569.87720791
569.87720791
569.87720791
569.87720791
569.87720791
569.87720791
569.87720791
569.87720791
569.87720791
569.87720791
569.87720791
569.87720791
569.87720791
569.87720791
569.87720791
569.87720791
569.87720791
569.87720791
569.87720791
569.87720791
569.87720791
569.87720791
569.87720791
569.87720791
569.87720791
569.87720791
569.87720791
569.87720791
569.87720791
569.87720791
569.87720791
569.87720791
569.87720791
569.87720791
569.87720791
569.87720791
569.87720791
569.87720791
569.87720791
569.87720791
569.87720791
569.87720791
569.87720791
569.87720791
569.87720791
569.87720791
569.87720791
569.87720791
569.87720791
569.87720791
569.87720791
569.87720791
569.87720791
569.87720791
569.87720791
569.87720791
569.87720791
569.87720791
569.87720791
569.87720791
569.87720791
569.87720791
569.87720791
569.87720791
569.87720791
569.87720791
569.87720791
569.87720791
569.87720791
569.87720791
569.87720791
569.87720791
569.87720791
569.87720791
569.87720791
569.87720791
569.87720791
569.87720791
569.87720791
569.87720791
569.87720791
569.87720791
569.87720791
569.87720791
569.87720791
569.87720791
569.87720791
569.87720791
569.87720791
569.87720791
569.87720791
569.87720791
569.87720791
569.87720791
569.87720791
569.87720791
569.87720791
569.87720791
569.87720791
569.87720791
569.87720791
569.87720791
569.87720791
569.87720791
569.87720791
569.87720791
569.87720791
569.87720791
569.87720791
569.87720791
569.87720791
569.87720791
569.87720791
569.87720791
569.87720791
569.87720791
569.87720791
569.87720791
569.87720791
569.87720791
569.87720791
569.87720791
569.87720791
569.87720791
569.87720791
569.87720791
569.87720791
569.87720791
569.87720791
569.87720791
569.87720791
569.87720791
569.87720791
569.87720791
569.87720791
569.87720791
569.87720791
569.87720791
569.87720791
569.87720791
569.87720791
569.87720791
569.87720791
569.87720791
569.87720791
569.87720791
569.87720791
569.87720791
569.87720791
569.87720791
569.87720791
569.87720791
569.87720791
569.87720791
569.87720791
569.87720791
569.87720791
569.87720791
569.87720791
569.87720791
569.87720791
569.87720791
569.87720791
569.87720791
569.87720791
569.87720791
569.87720791
569.87720791
569.87720791
569.87720791
569.87720791
569.87720791
569.87720791
569.87720791
569.87720791
569.87720791
569.87720791
569.87720791
569.87720791
569.87720791
569.87720791
569.87720791
569.87720791
569.87720791
569.87720791
569.87720791
569.87720791
569.87720791
569.87720791
569.87720791
569.87720791
569.87720791
569.87720791
569.87720791
569.87720791
569.87720791
569.87720791
569.87720791
569.87720791
569.87720791
569.87720791
569.87720791
569.87720791
569.87720791
569.87720791
569.87720791
569.87720791
569.87720791
569.87720791
569.87720791
569.87720791
569.87720791
569.87720791
569.87720791
569.87720791
569.87720791
569.87720791
569.87720791
569.87720791
569.87720791
569.87720791
569.87720791
569.87720791
569.87720791
569.87720791
569.87720791
569.87720791
569.87720791
569.87720791
569.87720791
569.87720791
569.87720791
569.87720791
569.87720791
569.87720791
569.87720791
569.87720791
569.87720791
569.87720791
569.87720791
569.87720791
569.87720791
569.87720791
569.87720791
569.87720791
569.87720791
569.87720791
569.87720791
569.87720791
569.87720791
569.87720791
569.87720791
569.87720791
569.87720791
569.87720791
569.87720791
569.87720791
569.87720791
569.87720791
569.87720791
569.87720791
569.87720791
569.87720791
569.87720791
569.87720791
569.87720791
569.87720791
569.87720791
569.87720791
569.87720791
569.87720791
569.87720791
569.87720791
569.87720791
569.87720791
569.87720791
569.87720791
569.87720791
569.87720791
569.87720791
569.87720791
569.87720791
569.87720791
569.87720791
569.87720791
569.87720791
569.87720791
569.87720791
569.87720791
569.87720791
569.87720791
569.87720791
569.87720791
569.87720791
569.87720791
569.87720791
569.87720791
569.87720791
569.87720791
569.87720791
569.87720791
569.87720791
569.87720791
569.87720791
569.87720791
569.87720791
569.87720791
569.87720791
569.87720791
569.87720791
569.87720791
569.87720791
569.87720791
569.87720791
569.87720791
569.87720791
569.87720791
569.87720791
569.87720791
569.87720791
569.87720791
569.87720791
569.87720791
569.87720791
569.87720791
569.87720791
569.87720791
569.87720791
569.87720791
569.87720791
569.87720791
569.87720791
569.87720791
569.87720791
569.87720791
569.87720791
569.87720791
569.87720791
569.87720791
569.87720791
569.87720791
569.87720791
569.87720791
569.87720791
569.87720791
569.87720791
569.87720791
569.87720791
569.87720791
569.87720791
569.87720791
569.87720791
569.87720791
569.87720791
569.87720791
569.87720791
569.87720791
569.87720791
569.87720791
569.87720791
569.87720791
569.87720791
569.87720791
569.87720791
569.87720791
569.87720791
569.87720791
569.87720791
569.87720791
569.87720791
569.87720791
569.87720791
569.87720791
569.87720791
569.87720791
569.87720791
569.87720791
569.87720791
569.87720791
569.87720791
569.87720791
569.87720791
569.87720791
569.87720791
569.87720791
569.87720791
569.87720791
569.87720791
569.87720791
569.87720791
569.87720791
569.87720791
569.87720791
569.87720791
569.87720791
569.87720791
569.87720791
569.87720791
569.87720791
569.87720791
569.87720791
569.87720791
569.87720791
569.87720791
569.87720791
569.87720791
569.87720791
569.87720791
569.87720791
569.87720791
569.87720791
569.87720791
569.87720791
569.87720791
569.87720791
569.87720791
569.87720791
569.87720791
569.87720791
569.87720791
569.87720791
569.87720791
569.87720791
569.87720791
569.87720791
569.87720791
569.87720791
569.87720791
569.87720791
569.87720791
569.87720791
569.87720791
569.87720791
569.87720791
569.87720791
569.87720791
569.87720791
569.87720791
569.87720791
569.87720791
569.87720791
569.87720791
569.87720791
569.87720791
569.87720791
569.87720791
569.87720791
569.87720791
569.87720791
569.87720791
569.87720791
569.87720791
569.87720791
569.87720791
569.87720791
569.87720791
569.87720791
569.87720791
569.87720791
569.87720791
569.87720791
569.87720791
569.87720791
569.87720791
569.87720791
569.87720791
569.87720791
569.87720791
569.87720791
569.87720791
569.87720791
569.87720791
569.87720791
569.87720791
569.87720791
569.87720791
569.87720791
569.87720791
569.87720791
569.87720791
569.87720791
569.87720791
569.87720791
569.87720791
569.87720791
569.87720791
569.87720791
569.87720791
569.87720791
569.87720791
569.87720791
569.87720791
569.87720791
569.87720791
569.87720791
569.87720791
569.87720791
569.87720791
569.87720791
569.87720791
569.87720791
569.87720791
569.87720791
569.87720791
569.87720791
569.87720791
569.87720791
569.87720791
569.87720791
569.87720791
569.87720791
569.87720791
569.87720791
569.87720791
569.87720791
569.87720791
569.87720791
569.87720791
569.87720791
569.87720791
569.87720791
569.87720791
569.87720791
569.87720791
569.87720791
569.87720791
569.87720791
569.87720791
569.87720791
569.87720791
569.87720791
569.87720791
569.87720791
569.87720791
569.87720791
569.87720791
569.87720791
569.87720791
569.87720791
569.87720791
569.87720791
569.87720791
569.87720791
569.87720791
569.87720791
569.87720791
569.87720791
569.87720791
569.87720791
569.87720791
569.87720791
569.87720791
569.87720791
569.87720791
569.87720791
569.87720791
569.87720791
569.87720791
569.87720791
569.87720791
569.87720791
569.87720791
569.87720791
569.87720791
569.87720791
569.87720791
569.87720791
569.87720791
569.87720791
569.87720791
569.87720791
569.87720791
569.87720791
569.87720791
569.87720791
569.87720791
569.87720791
569.87720791
569.87720791
569.87720791
569.87720791
569.87720791
569.87720791
569.87720791
569.87720791
569.87720791
569.87720791
569.87720791
569.87720791
569.87720791
569.87720791
569.87720791
569.87720791
569.87720791
569.87720791
569.87720791
569.87720791
569.87720791
569.87720791
569.87720791
569.87720791
569.87720791
569.87720791
569.87720791
569.87720791
569.87720791
569.87720791
569.87720791
569.87720791
569.87720791
569.87720791
569.87720791
569.87720791
569.87720791
569.87720791
569.87720791
569.87720791
569.87720791
569.87720791
569.87720791
569.87720791
569.87720791
569.87720791
569.87720791
569.87720791
569.87720791
569.87720791
569.87720791
569.87720791
569.87720791
569.87720791
569.87720791
569.87720791
569.87720791
569.87720791
569.87720791
569.87720791
569.87720791
569.87720791
569.87720791
569.87720791
569.87720791
569.87720791
569.87720791
569.87720791
569.87720791
569.87720791
569.87720791
569.87720791
569.87720791
569.87720791
569.87720791
569.87720791
569.87720791
569.87720791
569.87720791
569.87720791
569.87720791
569.87720791
569.87720791
569.87720791
569.87720791
569.87720791
569.87720791
569.87720791
569.87720791
569.87720791
569.87720791
569.87720791
569.87720791
569.87720791
569.87720791
569.87720791
569.87720791
569.87720791
569.87720791
569.87720791
569.87720791
569.87720791
569.87720791
569.87720791
569.87720791
569.87720791
569.87720791
569.87720791
569.87720791
569.87720791
569.87720791
569.87720791
569.87720791
569.87720791
569.87720791
569.87720791
569.87720791
569.87720791
569.87720791
569.87720791
569.87720791
569.87720791
569.87720791
569.87720791
569.87720791
569.87720791
569.87720791
569.87720791
569.87720791
569.87720791
569.87720791
569.87720791
569.87720791
569.87720791
569.87720791
569.87720791
569.87720791
569.87720791
569.87720791
569.87720791
569.87720791
569.87720791
569.87720791
569.87720791
569.87720791
569.87720791
569.87720791
569.87720791
569.87720791
569.87720791
569.87720791
569.87720791
569.87720791
569.87720791
569.87720791
569.87720791
569.87720791
569.87720791
569.87720791
569.87720791
569.87720791
569.87720791
569.87720791
569.87720791
569.87720791
569.87720791
569.87720791
569.87720791
