1779.40868605
1759.51643288
1657.48962816
1617.5361711
1570.82029299
1505.54894765
1490.86875809
1443.41213832
1436.27571119
1426.50760037
1374.5210734
1345.51621554
1256.81733339
1250.90781944
1238.4218459
1197.81590901
1191.90891129
1194.2359068
1186.0892997
1169.50675999
1188.11287262
1180.54249252
1157.42596452
1145.90222033
1079.56400313
1071.74736202
1042.12460352
1051.9739114
1051.79649308
1049.59836204
1057.49789161
1038.50383434
1037.55081743
1017.58164849
1027.5950543
1023.25052096
1028.74346896
1036.10530717
1094.05723467
1105.85365506
1047.90172755
1047.90172755
1049.72761963
1034.22831984
1013.92255812
979.589765441
979.589765441
969.954954318
973.52305318
965.387599853
960.607992904
965.338513273
940.250642136
969.399905211
932.043502293
934.267417207
930.521205656
908.730351303
916.139196629
860.477710624
874.884217776
877.970289178
875.655214912
874.904571004
881.59943319
890.131186732
888.738927539
892.619682978
892.619682978
892.619682978
883.624838694
924.776284234
913.424197441
909.132973773
909.132973773
898.551120911
900.727012275
900.727012275
892.439309971
882.555952393
880.157263688
876.204753242
876.204753242
876.204753242
862.445943128
856.700226628
856.700226628
856.700226628
867.666784694
867.666784694
868.400387222
866.290872168
866.290872168
862.283650234
862.283650234
862.283650234
862.283650234
867.551434836
867.551434836
867.551434836
848.668815574
849.447898837
849.447898837
839.189509843
836.720470529
836.720470529
836.720470529
836.720470529
836.720470529
836.720470529
836.720470529
823.200984369
824.649758796
816.390376319
816.390376319
816.487432812
816.487432812
816.487432812
816.487432812
806.171378788
804.242064967
804.242064967
804.242064967
806.034887661
806.034887661
806.034887661
806.034887661
800.871044751
800.871044751
800.871044751
802.210375434
802.210375434
793.743798821
793.743798821
793.743798821
793.743798821
793.743798821
793.743798821
793.743798821
793.743798821
793.743798821
790.048954863
772.22424326
772.22424326
772.22424326
772.22424326
772.22424326
772.22424326
767.496600838
768.001114787
766.930325848
766.930325848
766.930325848
766.930325848
766.930325848
766.930325848
764.393968704
764.393968704
745.489800129
745.489800129
745.489800129
745.489800129
745.489800129
745.489800129
745.489800129
745.489800129
738.28957468
738.28957468
738.28957468
738.28957468
738.28957468
736.960319114
701.107916848
701.107916848
697.44047567
694.691320551
694.691320551
694.691320551
694.691320551
694.691320551
694.691320551
694.691320551
694.691320551
694.691320551
694.691320551
694.691320551
694.691320551
694.691320551
694.691320551
686.517924302
686.517924302
686.517924302
686.517924302
686.517924302
678.195504256
678.195504256
673.107399559
673.107399559
673.107399559
673.107399559
673.107399559
673.107399559
673.107399559
673.107399559
673.107399559
673.107399559
673.107399559
665.789640733
665.789640733
665.789640733
665.789640733
665.789640733
650.213930933
650.213930933
650.213930933
650.213930933
650.213930933
650.213930933
650.213930933
650.213930933
650.213930933
650.213930933
650.213930933
650.213930933
650.213930933
650.213930933
650.213930933
650.213930933
650.213930933
650.213930933
650.213930933
650.213930933
650.213930933
650.213930933
650.213930933
650.213930933
650.213930933
650.213930933
650.213930933
650.213930933
650.213930933
650.213930933
650.213930933
650.213930933
650.213930933
650.213930933
650.213930933
650.213930933
650.213930933
650.213930933
650.213930933
650.213930933
650.213930933
650.213930933
650.213930933
650.213930933
650.213930933
650.213930933
650.213930933
650.213930933
650.213930933
650.213930933
650.213930933
650.213930933
650.213930933
650.213930933
650.213930933
650.213930933
650.213930933
650.213930933
650.213930933
650.213930933
650.213930933
650.213930933
650.213930933
650.213930933
650.213930933
650.213930933
650.213930933
650.213930933
650.213930933
650.213930933
650.213930933
650.213930933
650.213930933
650.213930933
650.213930933
650.213930933
650.213930933
650.213930933
650.213930933
650.213930933
650.213930933
650.213930933
650.213930933
650.213930933
650.213930933
650.213930933
650.213930933
650.213930933
650.213930933
648.866535354
648.866535354
648.866535354
648.866535354
648.866535354
648.866535354
648.866535354
648.866535354
648.866535354
648.866535354
648.866535354
648.866535354
648.866535354
648.866535354
648.866535354
648.866535354
648.866535354
648.866535354
648.866535354
648.866535354
648.866535354
648.866535354
648.866535354
648.866535354
648.866535354
648.866535354
648.866535354
648.866535354
648.866535354
648.866535354
648.866535354
648.866535354
648.866535354
648.866535354
648.866535354
648.866535354
648.866535354
648.866535354
648.866535354
648.866535354
648.866535354
648.866535354
648.866535354
648.866535354
648.866535354
648.866535354
648.866535354
648.866535354
648.866535354
648.866535354
648.866535354
648.866535354
648.866535354
648.866535354
648.866535354
648.866535354
648.866535354
648.866535354
648.866535354
648.866535354
648.866535354
648.866535354
648.866535354
648.866535354
648.866535354
648.866535354
648.866535354
648.866535354
648.866535354
648.866535354
648.866535354
648.866535354
648.437870469
648.437870469
648.437870469
648.437870469
648.437870469
648.437870469
648.437870469
648.437870469
648.437870469
648.437870469
648.437870469
648.437870469
627.532674684
627.532674684
627.532674684
627.532674684
627.532674684
624.881698667
624.881698667
624.881698667
624.881698667
624.881698667
624.881698667
624.881698667
624.881698667
624.881698667
624.881698667
624.881698667
624.881698667
624.881698667
624.881698667
624.881698667
624.881698667
624.881698667
624.881698667
624.881698667
624.881698667
624.881698667
624.881698667
624.881698667
624.881698667
624.881698667
624.881698667
624.881698667
624.881698667
624.881698667
624.881698667
624.881698667
624.881698667
624.881698667
624.881698667
624.881698667
624.881698667
624.881698667
624.881698667
624.881698667
624.881698667
624.881698667
624.881698667
624.881698667
624.881698667
624.881698667
618.499659896
618.499659896
618.499659896
618.499659896
618.499659896
618.499659896
618.499659896
618.499659896
618.499659896
618.499659896
618.499659896
618.499659896
618.499659896
618.499659896
618.499659896
618.499659896
618.499659896
618.499659896
618.499659896
618.499659896
618.499659896
618.499659896
618.499659896
618.499659896
618.499659896
618.499659896
618.499659896
618.499659896
613.692386091
613.692386091
613.692386091
613.692386091
613.692386091
613.692386091
613.692386091
613.692386091
613.692386091
613.692386091
613.692386091
613.692386091
613.692386091
613.692386091
613.692386091
613.692386091
613.692386091
613.692386091
612.827013308
612.827013308
612.827013308
612.827013308
612.827013308
612.827013308
612.827013308
612.827013308
612.827013308
612.827013308
612.827013308
612.827013308
612.827013308
612.827013308
612.827013308
612.827013308
612.827013308
612.827013308
612.827013308
612.827013308
612.827013308
612.827013308
612.827013308
612.827013308
609.474657445
609.474657445
609.474657445
609.474657445
609.474657445
609.474657445
609.474657445
609.474657445
609.474657445
609.474657445
609.474657445
609.474657445
609.474657445
609.474657445
609.474657445
609.474657445
609.474657445
609.474657445
609.474657445
609.474657445
609.474657445
609.474657445
609.474657445
609.474657445
609.474657445
609.474657445
609.474657445
609.474657445
609.474657445
609.474657445
609.474657445
609.474657445
609.474657445
609.474657445
609.474657445
609.474657445
609.474657445
609.474657445
609.474657445
609.474657445
609.474657445
609.474657445
609.474657445
609.474657445
609.474657445
609.474657445
609.474657445
609.474657445
609.474657445
609.474657445
609.474657445
609.474657445
609.474657445
609.474657445
609.474657445
609.474657445
609.474657445
609.474657445
609.474657445
609.474657445
609.474657445
609.474657445
609.474657445
609.474657445
609.474657445
609.474657445
609.474657445
609.474657445
609.474657445
609.474657445
609.474657445
609.474657445
609.474657445
600.049296635
600.049296635
600.049296635
600.049296635
600.049296635
600.049296635
600.049296635
600.049296635
600.049296635
600.049296635
600.049296635
600.049296635
600.049296635
600.049296635
600.049296635
600.049296635
600.049296635
600.049296635
600.049296635
600.049296635
600.049296635
600.049296635
600.049296635
600.049296635
598.705921212
598.705921212
598.705921212
598.705921212
598.705921212
598.705921212
598.705921212
598.705921212
598.705921212
586.203640426
586.203640426
586.203640426
586.203640426
586.203640426
586.203640426
586.203640426
586.203640426
586.203640426
586.203640426
586.203640426
586.203640426
586.203640426
586.203640426
586.203640426
586.203640426
586.203640426
586.203640426
586.203640426
586.203640426
586.203640426
586.203640426
586.203640426
586.203640426
586.203640426
586.203640426
586.203640426
586.203640426
586.203640426
586.203640426
586.203640426
586.203640426
586.203640426
586.203640426
586.203640426
586.203640426
586.203640426
586.203640426
586.203640426
586.203640426
586.203640426
586.203640426
586.203640426
586.203640426
586.203640426
586.203640426
586.203640426
586.203640426
586.203640426
586.203640426
586.203640426
586.203640426
586.203640426
586.203640426
586.203640426
586.203640426
586.203640426
586.203640426
586.203640426
586.203640426
586.203640426
586.203640426
586.203640426
586.203640426
586.203640426
586.203640426
586.203640426
586.203640426
586.203640426
586.203640426
586.203640426
586.203640426
586.203640426
586.203640426
586.203640426
586.203640426
586.203640426
586.203640426
586.203640426
586.203640426
586.203640426
586.203640426
586.203640426
586.203640426
586.203640426
586.203640426
586.203640426
586.203640426
586.203640426
586.203640426
586.203640426
586.203640426
586.203640426
586.203640426
586.203640426
586.203640426
586.203640426
586.203640426
586.203640426
586.203640426
586.203640426
586.203640426
586.203640426
586.203640426
586.203640426
586.203640426
586.203640426
586.203640426
586.203640426
586.203640426
586.203640426
586.203640426
586.203640426
586.203640426
586.203640426
586.203640426
586.203640426
586.203640426
586.203640426
586.203640426
586.203640426
586.203640426
586.203640426
586.203640426
586.203640426
586.203640426
586.203640426
586.203640426
586.203640426
586.203640426
586.203640426
586.203640426
586.203640426
586.203640426
586.203640426
586.203640426
586.203640426
586.203640426
586.203640426
586.203640426
586.203640426
586.203640426
586.203640426
586.203640426
586.203640426
586.203640426
586.203640426
586.203640426
586.203640426
586.203640426
586.203640426
586.203640426
586.203640426
586.203640426
586.203640426
586.203640426
586.203640426
586.203640426
586.203640426
586.203640426
586.203640426
586.203640426
586.203640426
586.203640426
586.203640426
586.203640426
586.203640426
586.203640426
586.203640426
586.203640426
586.203640426
586.203640426
586.203640426
586.203640426
586.203640426
586.203640426
586.203640426
586.203640426
586.203640426
586.203640426
586.203640426
586.203640426
586.203640426
586.203640426
586.203640426
586.203640426
586.203640426
586.203640426
586.203640426
586.203640426
586.203640426
586.203640426
586.203640426
586.203640426
586.203640426
586.203640426
586.203640426
586.203640426
586.203640426
586.203640426
586.203640426
586.203640426
586.203640426
586.203640426
586.203640426
586.203640426
586.203640426
586.203640426
586.203640426
586.203640426
586.203640426
586.203640426
586.203640426
586.203640426
586.203640426
586.203640426
586.203640426
586.203640426
586.203640426
586.203640426
586.203640426
586.203640426
586.203640426
586.203640426
586.203640426
586.203640426
586.203640426
586.203640426
586.203640426
586.203640426
586.203640426
586.203640426
586.203640426
586.203640426
586.203640426
586.203640426
586.203640426
586.203640426
586.203640426
586.203640426
586.203640426
586.203640426
586.203640426
586.203640426
586.203640426
586.203640426
586.203640426
586.203640426
586.203640426
586.203640426
586.203640426
586.203640426
586.203640426
586.203640426
586.203640426
586.203640426
586.203640426
586.203640426
586.203640426
586.203640426
586.203640426
586.203640426
586.203640426
586.203640426
586.203640426
586.203640426
586.203640426
586.203640426
586.203640426
586.203640426
586.203640426
586.203640426
586.203640426
586.203640426
586.203640426
586.203640426
586.203640426
586.203640426
586.203640426
586.203640426
586.203640426
586.203640426
586.203640426
586.203640426
586.203640426
586.203640426
586.203640426
586.203640426
586.203640426
586.203640426
586.203640426
586.203640426
586.203640426
586.203640426
586.203640426
586.203640426
586.203640426
586.203640426
586.203640426
586.203640426
586.203640426
586.203640426
586.203640426
586.203640426
586.203640426
586.203640426
586.203640426
586.203640426
586.203640426
586.203640426
586.203640426
586.203640426
586.203640426
586.203640426
586.203640426
586.203640426
586.203640426
586.203640426
586.203640426
586.203640426
586.203640426
586.203640426
586.203640426
586.203640426
586.203640426
586.203640426
586.203640426
586.203640426
586.203640426
586.203640426
586.203640426
586.203640426
586.203640426
586.203640426
586.203640426
586.203640426
586.203640426
586.203640426
586.203640426
586.203640426
586.203640426
586.203640426
586.203640426
586.203640426
586.203640426
586.203640426
586.203640426
586.203640426
586.203640426
586.203640426
586.203640426
586.203640426
586.203640426
586.203640426
586.203640426
586.203640426
586.203640426
586.203640426
586.203640426
586.203640426
586.203640426
586.203640426
586.203640426
586.203640426
586.203640426
586.203640426
586.203640426
586.203640426
586.203640426
586.203640426
586.203640426
586.203640426
586.203640426
586.203640426
586.203640426
586.203640426
586.203640426
586.203640426
586.203640426
586.203640426
586.203640426
586.203640426
586.203640426
586.203640426
586.203640426
586.203640426
586.203640426
586.203640426
586.203640426
586.203640426
586.203640426
586.203640426
586.203640426
586.203640426
586.203640426
586.203640426
586.203640426
586.203640426
586.203640426
586.203640426
586.203640426
586.203640426
586.203640426
586.203640426
586.203640426
586.203640426
586.203640426
586.203640426
586.203640426
586.203640426
586.203640426
586.203640426
586.203640426
586.203640426
586.203640426
586.203640426
586.203640426
586.203640426
586.203640426
586.203640426
586.203640426
586.203640426
586.203640426
586.203640426
586.203640426
586.203640426
586.203640426
586.203640426
586.203640426
586.203640426
586.203640426
586.203640426
586.203640426
586.203640426
586.203640426
586.203640426
586.203640426
586.203640426
586.203640426
586.203640426
586.203640426
586.203640426
586.203640426
586.203640426
586.203640426
586.203640426
586.203640426
586.203640426
586.203640426
586.203640426
586.203640426
586.203640426
586.203640426
586.203640426
586.203640426
586.203640426
586.203640426
586.203640426
586.203640426
586.203640426
586.203640426
586.203640426
586.203640426
586.203640426
586.203640426
586.203640426
586.203640426
586.203640426
586.203640426
586.203640426
586.203640426
586.203640426
586.203640426
586.203640426
586.203640426
586.203640426
586.203640426
586.203640426
586.203640426
586.203640426
586.203640426
586.203640426
586.203640426
586.203640426
586.203640426
586.203640426
586.203640426
586.203640426
586.203640426
586.203640426
586.203640426
586.203640426
586.203640426
586.203640426
586.203640426
586.203640426
586.203640426
586.203640426
586.203640426
586.203640426
586.203640426
586.203640426
586.203640426
586.203640426
586.203640426
586.203640426
586.203640426
586.203640426
586.203640426
586.203640426
586.203640426
586.203640426
586.203640426
586.203640426
586.203640426
586.203640426
586.203640426
586.203640426
586.203640426
586.203640426
586.203640426
586.203640426
586.203640426
586.203640426
586.203640426
586.203640426
586.203640426
586.203640426
586.203640426
586.203640426
586.203640426
586.203640426
586.203640426
586.203640426
586.203640426
586.203640426
586.203640426
586.203640426
586.203640426
586.203640426
586.203640426
586.203640426
586.203640426
586.203640426
586.203640426
586.203640426
586.203640426
586.203640426
586.203640426
586.203640426
586.203640426
586.203640426
586.203640426
586.203640426
586.203640426
586.203640426
586.203640426
586.203640426
586.203640426
586.203640426
586.203640426
586.203640426
586.203640426
586.203640426
586.203640426
586.203640426
586.203640426
586.203640426
586.203640426
586.203640426
586.203640426
586.203640426
586.203640426
586.203640426
586.203640426
586.203640426
586.203640426
586.203640426
586.203640426
586.203640426
586.203640426
586.203640426
586.203640426
586.203640426
586.203640426
586.203640426
586.203640426
586.203640426
586.203640426
586.203640426
586.203640426
586.203640426
586.203640426
586.203640426
586.203640426
586.203640426
586.203640426
586.203640426
586.203640426
586.203640426
586.203640426
586.203640426
586.203640426
586.203640426
586.203640426
586.203640426
586.203640426
586.203640426
586.203640426
586.203640426
586.203640426
586.203640426
586.203640426
586.203640426
586.203640426
586.203640426
586.203640426
586.203640426
586.203640426
586.203640426
586.203640426
586.203640426
586.203640426
586.203640426
586.203640426
586.203640426
586.203640426
586.203640426
586.203640426
586.203640426
586.203640426
586.203640426
586.203640426
586.203640426
586.203640426
586.203640426
586.203640426
586.203640426
586.203640426
586.203640426
586.203640426
586.203640426
586.203640426
586.203640426
586.203640426
586.203640426
586.203640426
586.203640426
586.203640426
586.203640426
586.203640426
586.203640426
586.203640426
586.203640426
586.203640426
586.203640426
586.203640426
586.203640426
586.203640426
586.203640426
586.203640426
586.203640426
586.203640426
586.203640426
586.203640426
586.203640426
586.203640426
586.203640426
586.203640426
586.203640426
586.203640426
586.203640426
586.203640426
586.203640426
586.203640426
586.203640426
586.203640426
586.203640426
586.203640426
586.203640426
586.203640426
586.203640426
586.203640426
586.203640426
586.203640426
586.203640426
586.203640426
586.203640426
586.203640426
586.203640426
586.203640426
586.203640426
586.203640426
586.203640426
586.203640426
586.203640426
586.203640426
586.203640426
586.203640426
586.203640426
586.203640426
586.203640426
586.203640426
586.203640426
586.203640426
586.203640426
586.203640426
586.203640426
586.203640426
586.203640426
586.203640426
586.203640426
586.203640426
586.203640426
586.203640426
586.203640426
586.203640426
586.203640426
586.203640426
586.203640426
586.203640426
586.203640426
586.203640426
586.203640426
586.203640426
586.203640426
586.203640426
586.203640426
586.203640426
586.203640426
586.203640426
586.203640426
586.203640426
586.203640426
586.203640426
586.203640426
586.203640426
586.203640426
586.203640426
586.203640426
586.203640426
586.203640426
586.203640426
586.203640426
586.203640426
586.203640426
586.203640426
586.203640426
586.203640426
586.203640426
586.203640426
586.203640426
586.203640426
586.203640426
586.203640426
586.203640426
586.203640426
586.203640426
586.203640426
586.203640426
586.203640426
586.203640426
586.203640426
586.203640426
586.203640426
586.203640426
586.203640426
586.203640426
586.203640426
586.203640426
586.203640426
586.203640426
586.203640426
586.203640426
586.203640426
586.203640426
586.203640426
586.203640426
586.203640426
586.203640426
586.203640426
586.203640426
586.203640426
586.203640426
586.203640426
586.203640426
586.203640426
586.203640426
586.203640426
586.203640426
586.203640426
586.203640426
586.203640426
586.203640426
586.203640426
586.203640426
586.203640426
586.203640426
586.203640426
586.203640426
586.203640426
586.203640426
586.203640426
586.203640426
586.203640426
586.203640426
586.203640426
586.203640426
586.203640426
586.203640426
586.203640426
586.203640426
586.203640426
586.203640426
586.203640426
586.203640426
586.203640426
586.203640426
586.203640426
586.203640426
586.203640426
586.203640426
586.203640426
586.203640426
586.203640426
586.203640426
586.203640426
586.203640426
586.203640426
586.203640426
586.203640426
586.203640426
586.203640426
586.203640426
586.203640426
586.203640426
586.203640426
586.203640426
586.203640426
586.203640426
586.203640426
586.203640426
586.203640426
586.203640426
586.203640426
586.203640426
586.203640426
586.203640426
586.203640426
586.203640426
586.203640426
586.203640426
586.203640426
586.203640426
586.203640426
586.203640426
586.203640426
586.203640426
586.203640426
586.203640426
586.203640426
586.203640426
586.203640426
586.203640426
586.203640426
586.203640426
586.203640426
586.203640426
586.203640426
586.203640426
586.203640426
586.203640426
586.203640426
586.203640426
586.203640426
586.203640426
586.203640426
586.203640426
586.203640426
586.203640426
586.203640426
586.203640426
586.203640426
586.203640426
586.203640426
586.203640426
586.203640426
586.203640426
586.203640426
586.203640426
586.203640426
586.203640426
586.203640426
586.203640426
586.203640426
586.203640426
586.203640426
586.203640426
586.203640426
586.203640426
586.203640426
586.203640426
586.203640426
586.203640426
586.203640426
586.203640426
586.203640426
586.203640426
586.203640426
586.203640426
586.203640426
586.203640426
586.203640426
586.203640426
586.203640426
586.203640426
586.203640426
586.203640426
586.203640426
586.203640426
586.203640426
586.203640426
586.203640426
586.203640426
586.203640426
586.203640426
586.203640426
586.203640426
586.203640426
586.203640426
586.203640426
586.203640426
586.203640426
586.203640426
586.203640426
586.203640426
586.203640426
586.203640426
586.203640426
586.203640426
586.203640426
586.203640426
586.203640426
586.203640426
586.203640426
586.203640426
586.203640426
586.203640426
586.203640426
586.203640426
586.203640426
586.203640426
586.203640426
586.203640426
586.203640426
586.203640426
586.203640426
586.203640426
586.203640426
586.203640426
586.203640426
586.203640426
586.203640426
586.203640426
586.203640426
586.203640426
586.203640426
586.203640426
586.203640426
586.203640426
586.203640426
586.203640426
586.203640426
586.203640426
586.203640426
586.203640426
586.203640426
586.203640426
586.203640426
586.203640426
586.203640426
586.203640426
586.203640426
586.203640426
586.203640426
586.203640426
586.203640426
586.203640426
586.203640426
586.203640426
586.203640426
586.203640426
586.203640426
586.203640426
586.203640426
586.203640426
586.203640426
586.203640426
586.203640426
586.203640426
586.203640426
586.203640426
586.203640426
586.203640426
586.203640426
586.203640426
586.203640426
586.203640426
586.203640426
586.203640426
586.203640426
586.203640426
586.203640426
586.203640426
586.203640426
586.203640426
586.203640426
586.203640426
586.203640426
586.203640426
586.203640426
586.203640426
586.203640426
586.203640426
586.203640426
586.203640426
586.203640426
586.203640426
586.203640426
586.203640426
586.203640426
586.203640426
586.203640426
586.203640426
586.203640426
586.203640426
586.203640426
586.203640426
586.203640426
586.203640426
586.203640426
586.203640426
586.203640426
586.203640426
586.203640426
586.203640426
586.203640426
586.203640426
586.203640426
586.203640426
586.203640426
586.203640426
586.203640426
586.203640426
586.203640426
586.203640426
586.203640426
586.203640426
586.203640426
586.203640426
586.203640426
586.203640426
586.203640426
586.203640426
586.203640426
586.203640426
586.203640426
586.203640426
586.203640426
586.203640426
586.203640426
586.203640426
586.203640426
586.203640426
586.203640426
586.203640426
586.203640426
586.203640426
586.203640426
586.203640426
586.203640426
586.203640426
586.203640426
586.203640426
586.203640426
586.203640426
586.203640426
586.203640426
586.203640426
586.203640426
586.203640426
586.203640426
586.203640426
586.203640426
586.203640426
586.203640426
586.203640426
586.203640426
586.203640426
586.203640426
586.203640426
586.203640426
586.203640426
586.203640426
586.203640426
586.203640426
586.203640426
586.203640426
586.203640426
586.203640426
586.203640426
586.203640426
586.203640426
586.203640426
586.203640426
586.203640426
586.203640426
586.203640426
586.203640426
586.203640426
586.203640426
586.203640426
586.203640426
586.203640426
586.203640426
586.203640426
586.203640426
586.203640426
586.203640426
586.203640426
586.203640426
586.203640426
586.203640426
586.203640426
586.203640426
586.203640426
586.203640426
586.203640426
586.203640426
586.203640426
586.203640426
586.203640426
586.203640426
586.203640426
586.203640426
586.203640426
586.203640426
586.203640426
586.203640426
586.203640426
586.203640426
586.203640426
586.203640426
586.203640426
586.203640426
586.203640426
586.203640426
586.203640426
586.203640426
586.203640426
586.203640426
586.203640426
586.203640426
586.203640426
586.203640426
586.203640426
586.203640426
586.203640426
586.203640426
586.203640426
586.203640426
586.203640426
586.203640426
586.203640426
586.203640426
586.203640426
586.203640426
586.203640426
586.203640426
586.203640426
586.203640426
586.203640426
586.203640426
586.203640426
586.203640426
586.203640426
586.203640426
586.203640426
586.203640426
586.203640426
586.203640426
586.203640426
586.203640426
586.203640426
586.203640426
586.203640426
586.203640426
586.203640426
586.203640426
586.203640426
586.203640426
586.203640426
586.203640426
586.203640426
586.203640426
586.203640426
586.203640426
586.203640426
586.203640426
586.203640426
586.203640426
586.203640426
586.203640426
586.203640426
586.203640426
586.203640426
586.203640426
586.203640426
586.203640426
586.203640426
586.203640426
586.203640426
586.203640426
586.203640426
586.203640426
586.203640426
586.203640426
586.203640426
586.203640426
586.203640426
586.203640426
586.203640426
586.203640426
586.203640426
586.203640426
586.203640426
586.203640426
586.203640426
586.203640426
586.203640426
586.203640426
586.203640426
586.203640426
586.203640426
586.203640426
586.203640426
586.203640426
586.203640426
586.203640426
586.203640426
586.203640426
586.203640426
586.203640426
586.203640426
586.203640426
586.203640426
586.203640426
586.203640426
586.203640426
586.203640426
586.203640426
586.203640426
586.203640426
586.203640426
586.203640426
586.203640426
586.203640426
586.203640426
586.203640426
586.203640426
586.203640426
586.203640426
586.203640426
586.203640426
586.203640426
586.203640426
586.203640426
586.203640426
586.203640426
586.203640426
586.203640426
586.203640426
586.203640426
586.203640426
586.203640426
586.203640426
586.203640426
586.203640426
586.203640426
586.203640426
586.203640426
586.203640426
586.203640426
586.203640426
586.203640426
586.203640426
586.203640426
586.203640426
586.203640426
586.203640426
586.203640426
586.203640426
586.203640426
586.203640426
586.203640426
586.203640426
586.203640426
586.203640426
586.203640426
586.203640426
586.203640426
586.203640426
586.203640426
586.203640426
586.203640426
586.203640426
586.203640426
586.203640426
586.203640426
586.203640426
586.203640426
586.203640426
586.203640426
586.203640426
586.203640426
586.203640426
586.203640426
586.203640426
586.203640426
586.203640426
586.203640426
586.203640426
586.203640426
586.203640426
586.203640426
586.203640426
586.203640426
586.203640426
586.203640426
586.203640426
586.203640426
586.203640426
586.203640426
586.203640426
586.203640426
586.203640426
586.203640426
586.203640426
586.203640426
586.203640426
586.203640426
586.203640426
586.203640426
586.203640426
586.203640426
586.203640426
586.203640426
586.203640426
586.203640426
586.203640426
586.203640426
586.203640426
586.203640426
586.203640426
586.203640426
586.203640426
586.203640426
586.203640426
586.203640426
586.203640426
586.203640426
586.203640426
586.203640426
586.203640426
586.203640426
586.203640426
586.203640426
586.203640426
586.203640426
586.203640426
586.203640426
586.203640426
586.203640426
586.203640426
586.203640426
586.203640426
586.203640426
586.203640426
586.203640426
586.203640426
586.203640426
586.203640426
586.203640426
586.203640426
586.203640426
586.203640426
586.203640426
586.203640426
586.203640426
586.203640426
586.203640426
586.203640426
586.203640426
586.203640426
586.203640426
586.203640426
586.203640426
586.203640426
586.203640426
586.203640426
586.203640426
586.203640426
586.203640426
586.203640426
586.203640426
586.203640426
586.203640426
586.203640426
586.203640426
586.203640426
586.203640426
586.203640426
586.203640426
586.203640426
586.203640426
586.203640426
586.203640426
586.203640426
586.203640426
586.203640426
586.203640426
586.203640426
586.203640426
586.203640426
586.203640426
586.203640426
586.203640426
586.203640426
586.203640426
586.203640426
586.203640426
586.203640426
586.203640426
586.203640426
586.203640426
586.203640426
586.203640426
586.203640426
586.203640426
586.203640426
586.203640426
586.203640426
586.203640426
586.203640426
586.203640426
586.203640426
586.203640426
586.203640426
586.203640426
586.203640426
586.203640426
586.203640426
586.203640426
586.203640426
586.203640426
586.203640426
586.203640426
586.203640426
586.203640426
586.203640426
586.203640426
586.203640426
586.203640426
586.203640426
586.203640426
586.203640426
586.203640426
586.203640426
586.203640426
586.203640426
586.203640426
586.203640426
586.203640426
586.203640426
586.203640426
586.203640426
586.203640426
586.203640426
586.203640426
586.203640426
586.203640426
586.203640426
586.203640426
586.203640426
586.203640426
586.203640426
586.203640426
586.203640426
586.203640426
586.203640426
586.203640426
586.203640426
586.203640426
586.203640426
586.203640426
586.203640426
586.203640426
586.203640426
586.203640426
586.203640426
586.203640426
586.203640426
586.203640426
586.203640426
586.203640426
586.203640426
586.203640426
586.203640426
586.203640426
586.203640426
586.203640426
586.203640426
586.203640426
586.203640426
586.203640426
586.203640426
586.203640426
586.203640426
586.203640426
586.203640426
586.203640426
586.203640426
586.203640426
586.203640426
586.203640426
586.203640426
586.203640426
586.203640426
586.203640426
586.203640426
586.203640426
586.203640426
586.203640426
586.203640426
586.203640426
586.203640426
586.203640426
586.203640426
586.203640426
586.203640426
586.203640426
586.203640426
586.203640426
586.203640426
586.203640426
586.203640426
586.203640426
586.203640426
586.203640426
586.203640426
586.203640426
586.203640426
586.203640426
586.203640426
586.203640426
586.203640426
586.203640426
586.203640426
586.203640426
586.203640426
586.203640426
586.203640426
586.203640426
586.203640426
586.203640426
586.203640426
586.203640426
586.203640426
586.203640426
586.203640426
586.203640426
586.203640426
586.203640426
586.203640426
586.203640426
586.203640426
586.203640426
586.203640426
586.203640426
586.203640426
586.203640426
586.203640426
586.203640426
586.203640426
586.203640426
586.203640426
586.203640426
586.203640426
586.203640426
586.203640426
586.203640426
586.203640426
586.203640426
586.203640426
586.203640426
586.203640426
586.203640426
586.203640426
586.203640426
586.203640426
586.203640426
586.203640426
586.203640426
586.203640426
586.203640426
586.203640426
586.203640426
586.203640426
586.203640426
586.203640426
586.203640426
586.203640426
586.203640426
586.203640426
586.203640426
586.203640426
586.203640426
586.203640426
586.203640426
586.203640426
586.203640426
586.203640426
586.203640426
586.203640426
586.203640426
586.203640426
586.203640426
586.203640426
586.203640426
586.203640426
586.203640426
586.203640426
586.203640426
586.203640426
586.203640426
586.203640426
586.203640426
586.203640426
586.203640426
586.203640426
586.203640426
586.203640426
586.203640426
586.203640426
586.203640426
586.203640426
586.203640426
586.203640426
586.203640426
586.203640426
586.203640426
586.203640426
586.203640426
586.203640426
586.203640426
586.203640426
586.203640426
586.203640426
586.203640426
586.203640426
586.203640426
586.203640426
586.203640426
586.203640426
586.203640426
586.203640426
586.203640426
586.203640426
586.203640426
586.203640426
586.203640426
586.203640426
586.203640426
586.203640426
586.203640426
586.203640426
586.203640426
586.203640426
586.203640426
586.203640426
586.203640426
586.203640426
586.203640426
586.203640426
586.203640426
586.203640426
586.203640426
586.203640426
586.203640426
586.203640426
586.203640426
586.203640426
586.203640426
586.203640426
586.203640426
586.203640426
586.203640426
586.203640426
586.203640426
586.203640426
586.203640426
586.203640426
586.203640426
586.203640426
586.203640426
586.203640426
586.203640426
586.203640426
586.203640426
586.203640426
586.203640426
586.203640426
586.203640426
586.203640426
586.203640426
586.203640426
586.203640426
586.203640426
586.203640426
586.203640426
586.203640426
586.203640426
586.203640426
586.203640426
586.203640426
586.203640426
586.203640426
586.203640426
586.203640426
586.203640426
586.203640426
586.203640426
586.203640426
586.203640426
586.203640426
586.203640426
586.203640426
586.203640426
586.203640426
586.203640426
586.203640426
586.203640426
586.203640426
586.203640426
586.203640426
586.203640426
586.203640426
586.203640426
586.203640426
586.203640426
586.203640426
586.203640426
586.203640426
586.203640426
586.203640426
586.203640426
586.203640426
586.203640426
586.203640426
586.203640426
586.203640426
586.203640426
586.203640426
586.203640426
586.203640426
586.203640426
586.203640426
586.203640426
586.203640426
586.203640426
586.203640426
586.203640426
586.203640426
586.203640426
586.203640426
586.203640426
586.203640426
586.203640426
586.203640426
586.203640426
586.203640426
586.203640426
586.203640426
586.203640426
586.203640426
586.203640426
586.203640426
586.203640426
586.203640426
586.203640426
586.203640426
586.203640426
586.203640426
586.203640426
586.203640426
586.203640426
586.203640426
586.203640426
586.203640426
586.203640426
586.203640426
586.203640426
586.203640426
586.203640426
586.203640426
586.203640426
586.203640426
586.203640426
586.203640426
586.203640426
586.203640426
586.203640426
586.203640426
586.203640426
586.203640426
586.203640426
586.203640426
586.203640426
586.203640426
586.203640426
586.203640426
586.203640426
586.203640426
586.203640426
586.203640426
586.203640426
586.203640426
586.203640426
586.203640426
586.203640426
586.203640426
586.203640426
586.203640426
586.203640426
586.203640426
586.203640426
586.203640426
586.203640426
586.203640426
586.203640426
586.203640426
586.203640426
586.203640426
586.203640426
586.203640426
586.203640426
586.203640426
586.203640426
586.203640426
586.203640426
586.203640426
586.203640426
586.203640426
586.203640426
586.203640426
586.203640426
586.203640426
586.203640426
586.203640426
586.203640426
586.203640426
586.203640426
586.203640426
586.203640426
586.203640426
586.203640426
586.203640426
586.203640426
586.203640426
586.203640426
586.203640426
586.203640426
586.203640426
586.203640426
586.203640426
586.203640426
586.203640426
586.203640426
586.203640426
586.203640426
586.203640426
586.203640426
586.203640426
586.203640426
586.203640426
586.203640426
586.203640426
586.203640426
586.203640426
586.203640426
586.203640426
586.203640426
586.203640426
586.203640426
586.203640426
586.203640426
586.203640426
586.203640426
586.203640426
586.203640426
586.203640426
586.203640426
586.203640426
586.203640426
586.203640426
586.203640426
586.203640426
586.203640426
586.203640426
586.203640426
586.203640426
586.203640426
586.203640426
586.203640426
586.203640426
586.203640426
586.203640426
586.203640426
586.203640426
586.203640426
586.203640426
586.203640426
586.203640426
586.203640426
586.203640426
586.203640426
586.203640426
586.203640426
586.203640426
586.203640426
586.203640426
586.203640426
586.203640426
586.203640426
586.203640426
586.203640426
586.203640426
586.203640426
586.203640426
586.203640426
586.203640426
586.203640426
586.203640426
586.203640426
586.203640426
586.203640426
586.203640426
586.203640426
586.203640426
586.203640426
586.203640426
586.203640426
586.203640426
586.203640426
586.203640426
586.203640426
586.203640426
586.203640426
586.203640426
586.203640426
586.203640426
586.203640426
586.203640426
586.203640426
586.203640426
586.203640426
586.203640426
586.203640426
586.203640426
586.203640426
586.203640426
586.203640426
586.203640426
586.203640426
586.203640426
586.203640426
586.203640426
586.203640426
586.203640426
586.203640426
586.203640426
586.203640426
586.203640426
586.203640426
586.203640426
586.203640426
586.203640426
586.203640426
586.203640426
586.203640426
586.203640426
586.203640426
586.203640426
586.203640426
586.203640426
586.203640426
586.203640426
586.203640426
586.203640426
586.203640426
586.203640426
586.203640426
586.203640426
586.203640426
586.203640426
586.203640426
586.203640426
586.203640426
586.203640426
586.203640426
586.203640426
586.203640426
586.203640426
586.203640426
586.203640426
586.203640426
586.203640426
586.203640426
586.203640426
586.203640426
586.203640426
586.203640426
586.203640426
586.203640426
586.203640426
586.203640426
586.203640426
586.203640426
586.203640426
586.203640426
586.203640426
586.203640426
586.203640426
586.203640426
586.203640426
586.203640426
586.203640426
586.203640426
586.203640426
586.203640426
586.203640426
586.203640426
586.203640426
586.203640426
586.203640426
586.203640426
586.203640426
586.203640426
586.203640426
586.203640426
586.203640426
586.203640426
586.203640426
586.203640426
586.203640426
586.203640426
586.203640426
586.203640426
586.203640426
586.203640426
586.203640426
586.203640426
586.203640426
586.203640426
586.203640426
586.203640426
586.203640426
586.203640426
586.203640426
586.203640426
586.203640426
586.203640426
586.203640426
586.203640426
586.203640426
586.203640426
586.203640426
586.203640426
586.203640426
586.203640426
586.203640426
586.203640426
586.203640426
586.203640426
586.203640426
586.203640426
586.203640426
586.203640426
586.203640426
586.203640426
586.203640426
586.203640426
586.203640426
586.203640426
586.203640426
586.203640426
586.203640426
586.203640426
586.203640426
586.203640426
586.203640426
586.203640426
586.203640426
586.203640426
586.203640426
586.203640426
586.203640426
586.203640426
586.203640426
586.203640426
586.203640426
586.203640426
586.203640426
586.203640426
586.203640426
586.203640426
586.203640426
586.203640426
586.203640426
586.203640426
586.203640426
586.203640426
586.203640426
586.203640426
586.203640426
586.203640426
586.203640426
586.203640426
586.203640426
586.203640426
586.203640426
586.203640426
586.203640426
586.203640426
586.203640426
586.203640426
586.203640426
586.203640426
586.203640426
586.203640426
586.203640426
586.203640426
586.203640426
586.203640426
586.203640426
586.203640426
586.203640426
586.203640426
586.203640426
586.203640426
586.203640426
586.203640426
586.203640426
586.203640426
586.203640426
586.203640426
586.203640426
586.203640426
586.203640426
586.203640426
586.203640426
586.203640426
586.203640426
586.203640426
586.203640426
586.203640426
586.203640426
586.203640426
586.203640426
586.203640426
586.203640426
586.203640426
586.203640426
586.203640426
586.203640426
586.203640426
586.203640426
586.203640426
586.203640426
586.203640426
586.203640426
586.203640426
586.203640426
586.203640426
586.203640426
586.203640426
586.203640426
586.203640426
586.203640426
586.203640426
586.203640426
586.203640426
586.203640426
586.203640426
586.203640426
586.203640426
586.203640426
586.203640426
586.203640426
586.203640426
586.203640426
586.203640426
586.203640426
586.203640426
586.203640426
586.203640426
586.203640426
586.203640426
586.203640426
586.203640426
586.203640426
586.203640426
586.203640426
586.203640426
586.203640426
586.203640426
586.203640426
586.203640426
586.203640426
586.203640426
586.203640426
586.203640426
586.203640426
586.203640426
586.203640426
586.203640426
586.203640426
586.203640426
586.203640426
586.203640426
586.203640426
586.203640426
586.203640426
586.203640426
586.203640426
586.203640426
586.203640426
586.203640426
586.203640426
586.203640426
586.203640426
586.203640426
586.203640426
586.203640426
586.203640426
586.203640426
586.203640426
586.203640426
586.203640426
586.203640426
586.203640426
586.203640426
586.203640426
586.203640426
586.203640426
586.203640426
586.203640426
586.203640426
586.203640426
586.203640426
586.203640426
586.203640426
586.203640426
586.203640426
586.203640426
586.203640426
586.203640426
586.203640426
586.203640426
586.203640426
586.203640426
586.203640426
586.203640426
586.203640426
586.203640426
586.203640426
586.203640426
586.203640426
586.203640426
586.203640426
586.203640426
586.203640426
586.203640426
586.203640426
586.203640426
586.203640426
586.203640426
586.203640426
586.203640426
586.203640426
586.203640426
586.203640426
586.203640426
586.203640426
586.203640426
586.203640426
586.203640426
586.203640426
586.203640426
586.203640426
586.203640426
586.203640426
586.203640426
586.203640426
586.203640426
586.203640426
586.203640426
586.203640426
586.203640426
586.203640426
586.203640426
586.203640426
586.203640426
586.203640426
586.203640426
586.203640426
586.203640426
586.203640426
586.203640426
586.203640426
586.203640426
586.203640426
586.203640426
586.203640426
586.203640426
586.203640426
586.203640426
586.203640426
586.203640426
586.203640426
586.203640426
586.203640426
586.203640426
586.203640426
586.203640426
586.203640426
586.203640426
586.203640426
586.203640426
586.203640426
586.203640426
586.203640426
586.203640426
586.203640426
586.203640426
586.203640426
586.203640426
586.203640426
586.203640426
586.203640426
586.203640426
586.203640426
586.203640426
586.203640426
586.203640426
586.203640426
586.203640426
586.203640426
586.203640426
586.203640426
586.203640426
586.203640426
586.203640426
586.203640426
586.203640426
586.203640426
586.203640426
586.203640426
586.203640426
586.203640426
586.203640426
586.203640426
586.203640426
586.203640426
586.203640426
586.203640426
586.203640426
586.203640426
586.203640426
586.203640426
586.203640426
586.203640426
586.203640426
586.203640426
586.203640426
586.203640426
586.203640426
586.203640426
586.203640426
586.203640426
586.203640426
586.203640426
586.203640426
586.203640426
586.203640426
586.203640426
586.203640426
586.203640426
586.203640426
586.203640426
586.203640426
586.203640426
586.203640426
586.203640426
586.203640426
586.203640426
586.203640426
586.203640426
586.203640426
586.203640426
586.203640426
586.203640426
586.203640426
586.203640426
586.203640426
586.203640426
586.203640426
586.203640426
586.203640426
586.203640426
586.203640426
586.203640426
586.203640426
586.203640426
586.203640426
586.203640426
586.203640426
586.203640426
586.203640426
586.203640426
586.203640426
586.203640426
586.203640426
586.203640426
586.203640426
586.203640426
586.203640426
586.203640426
586.203640426
586.203640426
586.203640426
586.203640426
586.203640426
586.203640426
586.203640426
586.203640426
586.203640426
586.203640426
586.203640426
586.203640426
586.203640426
586.203640426
586.203640426
586.203640426
586.203640426
586.203640426
586.203640426
586.203640426
586.203640426
586.203640426
586.203640426
586.203640426
586.203640426
586.203640426
586.203640426
586.203640426
586.203640426
586.203640426
586.203640426
586.203640426
586.203640426
586.203640426
586.203640426
586.203640426
586.203640426
586.203640426
586.203640426
586.203640426
586.203640426
586.203640426
586.203640426
586.203640426
586.203640426
586.203640426
586.203640426
586.203640426
586.203640426
586.203640426
586.203640426
586.203640426
586.203640426
586.203640426
586.203640426
586.203640426
586.203640426
586.203640426
586.203640426
586.203640426
586.203640426
586.203640426
586.203640426
586.203640426
586.203640426
586.203640426
586.203640426
586.203640426
586.203640426
586.203640426
586.203640426
586.203640426
586.203640426
586.203640426
586.203640426
586.203640426
586.203640426
586.203640426
586.203640426
586.203640426
586.203640426
586.203640426
586.203640426
586.203640426
586.203640426
586.203640426
586.203640426
586.203640426
586.203640426
586.203640426
586.203640426
586.203640426
586.203640426
586.203640426
586.203640426
586.203640426
586.203640426
586.203640426
586.203640426
586.203640426
586.203640426
586.203640426
586.203640426
586.203640426
586.203640426
586.203640426
586.203640426
586.203640426
586.203640426
586.203640426
586.203640426
586.203640426
586.203640426
586.203640426
586.203640426
586.203640426
586.203640426
586.203640426
586.203640426
586.203640426
586.203640426
586.203640426
586.203640426
586.203640426
586.203640426
586.203640426
586.203640426
586.203640426
586.203640426
586.203640426
586.203640426
586.203640426
586.203640426
586.203640426
586.203640426
586.203640426
586.203640426
586.203640426
586.203640426
586.203640426
586.203640426
586.203640426
586.203640426
586.203640426
586.203640426
586.203640426
586.203640426
586.203640426
586.203640426
586.203640426
586.203640426
586.203640426
586.203640426
586.203640426
586.203640426
586.203640426
586.203640426
586.203640426
586.203640426
586.203640426
586.203640426
586.203640426
586.203640426
586.203640426
586.203640426
586.203640426
586.203640426
586.203640426
586.203640426
586.203640426
586.203640426
586.203640426
586.203640426
586.203640426
586.203640426
586.203640426
586.203640426
586.203640426
586.203640426
586.203640426
586.203640426
586.203640426
586.203640426
586.203640426
586.203640426
586.203640426
586.203640426
586.203640426
586.203640426
586.203640426
586.203640426
586.203640426
586.203640426
586.203640426
586.203640426
586.203640426
586.203640426
586.203640426
586.203640426
586.203640426
586.203640426
586.203640426
586.203640426
586.203640426
586.203640426
586.203640426
586.203640426
586.203640426
586.203640426
586.203640426
586.203640426
586.203640426
586.203640426
586.203640426
586.203640426
586.203640426
586.203640426
586.203640426
586.203640426
586.203640426
586.203640426
586.203640426
586.203640426
586.203640426
586.203640426
586.203640426
586.203640426
586.203640426
586.203640426
586.203640426
586.203640426
586.203640426
586.203640426
586.203640426
586.203640426
586.203640426
586.203640426
586.203640426
586.203640426
586.203640426
586.203640426
586.203640426
586.203640426
586.203640426
586.203640426
586.203640426
586.203640426
586.203640426
586.203640426
586.203640426
586.203640426
586.203640426
586.203640426
586.203640426
586.203640426
586.203640426
586.203640426
586.203640426
586.203640426
586.203640426
586.203640426
586.203640426
586.203640426
586.203640426
586.203640426
586.203640426
586.203640426
586.203640426
586.203640426
586.203640426
586.203640426
586.203640426
586.203640426
586.203640426
586.203640426
586.203640426
586.203640426
586.203640426
586.203640426
586.203640426
586.203640426
586.203640426
586.203640426
586.203640426
586.203640426
586.203640426
586.203640426
586.203640426
586.203640426
586.203640426
586.203640426
586.203640426
586.203640426
586.203640426
586.203640426
586.203640426
586.203640426
586.203640426
586.203640426
586.203640426
586.203640426
586.203640426
586.203640426
586.203640426
586.203640426
586.203640426
586.203640426
586.203640426
586.203640426
586.203640426
586.203640426
586.203640426
586.203640426
586.203640426
586.203640426
586.203640426
586.203640426
586.203640426
586.203640426
586.203640426
586.203640426
586.203640426
586.203640426
586.203640426
586.203640426
586.203640426
586.203640426
586.203640426
586.203640426
586.203640426
586.203640426
586.203640426
586.203640426
586.203640426
586.203640426
586.203640426
586.203640426
586.203640426
586.203640426
586.203640426
586.203640426
586.203640426
586.203640426
586.203640426
586.203640426
586.203640426
586.203640426
586.203640426
586.203640426
586.203640426
586.203640426
586.203640426
586.203640426
586.203640426
586.203640426
586.203640426
586.203640426
586.203640426
586.203640426
586.203640426
586.203640426
586.203640426
586.203640426
586.203640426
586.203640426
586.203640426
586.203640426
586.203640426
586.203640426
586.203640426
586.203640426
586.203640426
586.203640426
586.203640426
586.203640426
586.203640426
586.203640426
586.203640426
586.203640426
586.203640426
586.203640426
586.203640426
586.203640426
586.203640426
586.203640426
586.203640426
586.203640426
586.203640426
586.203640426
586.203640426
586.203640426
586.203640426
586.203640426
586.203640426
586.203640426
586.203640426
586.203640426
586.203640426
586.203640426
586.203640426
586.203640426
586.203640426
586.203640426
586.203640426
586.203640426
586.203640426
586.203640426
586.203640426
586.203640426
586.203640426
586.203640426
586.203640426
586.203640426
586.203640426
586.203640426
586.203640426
586.203640426
586.203640426
586.203640426
586.203640426
586.203640426
586.203640426
586.203640426
586.203640426
586.203640426
586.203640426
586.203640426
586.203640426
586.203640426
586.203640426
586.203640426
586.203640426
586.203640426
586.203640426
586.203640426
586.203640426
586.203640426
586.203640426
586.203640426
586.203640426
586.203640426
586.203640426
586.203640426
586.203640426
586.203640426
586.203640426
586.203640426
586.203640426
586.203640426
586.203640426
586.203640426
586.203640426
586.203640426
586.203640426
586.203640426
586.203640426
586.203640426
586.203640426
586.203640426
586.203640426
586.203640426
586.203640426
586.203640426
586.203640426
586.203640426
586.203640426
586.203640426
586.203640426
586.203640426
586.203640426
586.203640426
586.203640426
586.203640426
586.203640426
586.203640426
586.203640426
586.203640426
586.203640426
586.203640426
586.203640426
586.203640426
586.203640426
586.203640426
586.203640426
586.203640426
586.203640426
586.203640426
586.203640426
586.203640426
586.203640426
586.203640426
586.203640426
586.203640426
586.203640426
586.203640426
586.203640426
586.203640426
586.203640426
586.203640426
586.203640426
586.203640426
586.203640426
586.203640426
586.203640426
586.203640426
586.203640426
586.203640426
586.203640426
586.203640426
586.203640426
586.203640426
586.203640426
586.203640426
586.203640426
586.203640426
586.203640426
586.203640426
586.203640426
586.203640426
586.203640426
586.203640426
586.203640426
586.203640426
586.203640426
586.203640426
586.203640426
586.203640426
586.203640426
586.203640426
586.203640426
586.203640426
586.203640426
586.203640426
586.203640426
586.203640426
586.203640426
586.203640426
586.203640426
586.203640426
586.203640426
586.203640426
586.203640426
586.203640426
586.203640426
586.203640426
586.203640426
586.203640426
586.203640426
586.203640426
586.203640426
586.203640426
586.203640426
586.203640426
586.203640426
586.203640426
586.203640426
586.203640426
586.203640426
586.203640426
586.203640426
586.203640426
586.203640426
586.203640426
586.203640426
586.203640426
586.203640426
586.203640426
586.203640426
586.203640426
586.203640426
586.203640426
586.203640426
586.203640426
586.203640426
586.203640426
586.203640426
586.203640426
586.203640426
586.203640426
586.203640426
586.203640426
586.203640426
586.203640426
586.203640426
586.203640426
586.203640426
586.203640426
586.203640426
586.203640426
586.203640426
586.203640426
586.203640426
586.203640426
586.203640426
586.203640426
586.203640426
586.203640426
586.203640426
586.203640426
586.203640426
586.203640426
586.203640426
586.203640426
586.203640426
586.203640426
586.203640426
586.203640426
586.203640426
586.203640426
586.203640426
586.203640426
586.203640426
586.203640426
586.203640426
586.203640426
586.203640426
586.203640426
586.203640426
586.203640426
586.203640426
586.203640426
586.203640426
586.203640426
586.203640426
586.203640426
586.203640426
586.203640426
586.203640426
586.203640426
586.203640426
586.203640426
586.203640426
586.203640426
586.203640426
586.203640426
586.203640426
586.203640426
586.203640426
586.203640426
586.203640426
586.203640426
586.203640426
586.203640426
586.203640426
586.203640426
586.203640426
586.203640426
586.203640426
586.203640426
586.203640426
586.203640426
586.203640426
586.203640426
586.203640426
586.203640426
586.203640426
586.203640426
586.203640426
586.203640426
586.203640426
586.203640426
586.203640426
586.203640426
586.203640426
586.203640426
586.203640426
586.203640426
586.203640426
586.203640426
586.203640426
586.203640426
586.203640426
586.203640426
586.203640426
586.203640426
586.203640426
586.203640426
586.203640426
586.203640426
586.203640426
586.203640426
586.203640426
586.203640426
586.203640426
586.203640426
586.203640426
586.203640426
586.203640426
586.203640426
586.203640426
586.203640426
586.203640426
586.203640426
586.203640426
586.203640426
586.203640426
586.203640426
586.203640426
586.203640426
586.203640426
586.203640426
586.203640426
586.203640426
586.203640426
586.203640426
586.203640426
586.203640426
586.203640426
586.203640426
586.203640426
586.203640426
586.203640426
586.203640426
586.203640426
586.203640426
586.203640426
586.203640426
586.203640426
586.203640426
586.203640426
586.203640426
586.203640426
586.203640426
586.203640426
586.203640426
586.203640426
586.203640426
586.203640426
586.203640426
586.203640426
586.203640426
586.203640426
586.203640426
586.203640426
586.203640426
586.203640426
586.203640426
586.203640426
586.203640426
586.203640426
586.203640426
586.203640426
586.203640426
586.203640426
586.203640426
586.203640426
586.203640426
586.203640426
586.203640426
586.203640426
586.203640426
586.203640426
586.203640426
586.203640426
586.203640426
586.203640426
586.203640426
586.203640426
586.203640426
586.203640426
586.203640426
586.203640426
586.203640426
586.203640426
586.203640426
586.203640426
586.203640426
586.203640426
586.203640426
586.203640426
586.203640426
586.203640426
586.203640426
586.203640426
586.203640426
586.203640426
586.203640426
586.203640426
586.203640426
586.203640426
586.203640426
586.203640426
586.203640426
586.203640426
586.203640426
586.203640426
586.203640426
586.203640426
586.203640426
586.203640426
586.203640426
586.203640426
586.203640426
586.203640426
586.203640426
586.203640426
586.203640426
586.203640426
586.203640426
586.203640426
586.203640426
586.203640426
586.203640426
586.203640426
586.203640426
586.203640426
586.203640426
586.203640426
586.203640426
586.203640426
586.203640426
586.203640426
586.203640426
586.203640426
586.203640426
586.203640426
586.203640426
586.203640426
586.203640426
586.203640426
586.203640426
586.203640426
586.203640426
586.203640426
586.203640426
586.203640426
586.203640426
586.203640426
586.203640426
586.203640426
586.203640426
586.203640426
586.203640426
586.203640426
586.203640426
586.203640426
586.203640426
586.203640426
586.203640426
586.203640426
586.203640426
586.203640426
586.203640426
586.203640426
586.203640426
586.203640426
586.203640426
586.203640426
586.203640426
586.203640426
586.203640426
586.203640426
586.203640426
586.203640426
586.203640426
586.203640426
586.203640426
586.203640426
586.203640426
586.203640426
586.203640426
586.203640426
586.203640426
586.203640426
586.203640426
586.203640426
586.203640426
586.203640426
586.203640426
586.203640426
586.203640426
586.203640426
586.203640426
586.203640426
586.203640426
586.203640426
586.203640426
586.203640426
586.203640426
586.203640426
586.203640426
586.203640426
586.203640426
586.203640426
586.203640426
586.203640426
586.203640426
586.203640426
586.203640426
586.203640426
586.203640426
586.203640426
586.203640426
586.203640426
586.203640426
586.203640426
586.203640426
586.203640426
586.203640426
586.203640426
586.203640426
586.203640426
586.203640426
586.203640426
586.203640426
586.203640426
586.203640426
586.203640426
586.203640426
586.203640426
586.203640426
586.203640426
586.203640426
586.203640426
586.203640426
586.203640426
586.203640426
586.203640426
586.203640426
586.203640426
586.203640426
586.203640426
586.203640426
586.203640426
586.203640426
586.203640426
586.203640426
586.203640426
586.203640426
586.203640426
586.203640426
586.203640426
586.203640426
586.203640426
586.203640426
586.203640426
586.203640426
586.203640426
586.203640426
586.203640426
586.203640426
586.203640426
586.203640426
586.203640426
586.203640426
586.203640426
586.203640426
586.203640426
586.203640426
586.203640426
586.203640426
586.203640426
586.203640426
586.203640426
586.203640426
586.203640426
586.203640426
586.203640426
586.203640426
586.203640426
586.203640426
586.203640426
586.203640426
586.203640426
586.203640426
586.203640426
586.203640426
586.203640426
586.203640426
586.203640426
586.203640426
586.203640426
586.203640426
586.203640426
586.203640426
586.203640426
586.203640426
586.203640426
586.203640426
586.203640426
586.203640426
586.203640426
586.203640426
586.203640426
586.203640426
586.203640426
586.203640426
586.203640426
586.203640426
586.203640426
586.203640426
586.203640426
586.203640426
586.203640426
586.203640426
586.203640426
586.203640426
586.203640426
586.203640426
586.203640426
586.203640426
586.203640426
586.203640426
586.203640426
586.203640426
586.203640426
586.203640426
586.203640426
586.203640426
586.203640426
586.203640426
586.203640426
586.203640426
586.203640426
586.203640426
586.203640426
586.203640426
586.203640426
586.203640426
586.203640426
586.203640426
586.203640426
586.203640426
586.203640426
586.203640426
586.203640426
586.203640426
586.203640426
586.203640426
586.203640426
586.203640426
586.203640426
586.203640426
586.203640426
586.203640426
586.203640426
586.203640426
586.203640426
586.203640426
586.203640426
586.203640426
586.203640426
586.203640426
586.203640426
586.203640426
586.203640426
586.203640426
586.203640426
586.203640426
586.203640426
586.203640426
586.203640426
586.203640426
586.203640426
586.203640426
586.203640426
586.203640426
586.203640426
586.203640426
586.203640426
586.203640426
586.203640426
586.203640426
586.203640426
586.203640426
586.203640426
586.203640426
586.203640426
586.203640426
586.203640426
586.203640426
586.203640426
586.203640426
586.203640426
586.203640426
586.203640426
586.203640426
586.203640426
586.203640426
586.203640426
586.203640426
586.203640426
586.203640426
586.203640426
586.203640426
586.203640426
586.203640426
586.203640426
586.203640426
586.203640426
586.203640426
586.203640426
586.203640426
586.203640426
586.203640426
586.203640426
586.203640426
586.203640426
586.203640426
586.203640426
586.203640426
586.203640426
586.203640426
586.203640426
586.203640426
586.203640426
586.203640426
586.203640426
586.203640426
586.203640426
586.203640426
586.203640426
586.203640426
586.203640426
586.203640426
586.203640426
586.203640426
586.203640426
586.203640426
586.203640426
586.203640426
586.203640426
586.203640426
586.203640426
586.203640426
586.203640426
586.203640426
586.203640426
586.203640426
586.203640426
586.203640426
586.203640426
586.203640426
586.203640426
586.203640426
586.203640426
586.203640426
586.203640426
586.203640426
586.203640426
586.203640426
586.203640426
586.203640426
586.203640426
586.203640426
586.203640426
586.203640426
586.203640426
586.203640426
586.203640426
586.203640426
586.203640426
586.203640426
586.203640426
586.203640426
586.203640426
586.203640426
586.203640426
586.203640426
586.203640426
586.203640426
586.203640426
586.203640426
586.203640426
586.203640426
586.203640426
586.203640426
586.203640426
586.203640426
586.203640426
586.203640426
586.203640426
586.203640426
586.203640426
586.203640426
586.203640426
586.203640426
586.203640426
586.203640426
586.203640426
586.203640426
586.203640426
586.203640426
586.203640426
586.203640426
586.203640426
586.203640426
586.203640426
586.203640426
586.203640426
586.203640426
586.203640426
586.203640426
586.203640426
586.203640426
586.203640426
586.203640426
586.203640426
586.203640426
586.203640426
586.203640426
586.203640426
586.203640426
586.203640426
586.203640426
586.203640426
586.203640426
586.203640426
586.203640426
586.203640426
586.203640426
586.203640426
586.203640426
586.203640426
586.203640426
586.203640426
586.203640426
586.203640426
586.203640426
586.203640426
586.203640426
586.203640426
586.203640426
586.203640426
586.203640426
586.203640426
586.203640426
586.203640426
586.203640426
586.203640426
586.203640426
586.203640426
586.203640426
586.203640426
586.203640426
586.203640426
586.203640426
586.203640426
586.203640426
586.203640426
586.203640426
586.203640426
586.203640426
586.203640426
586.203640426
586.203640426
586.203640426
586.203640426
586.203640426
586.203640426
586.203640426
586.203640426
586.203640426
586.203640426
586.203640426
586.203640426
586.203640426
586.203640426
586.203640426
586.203640426
586.203640426
586.203640426
586.203640426
586.203640426
586.203640426
586.203640426
586.203640426
586.203640426
586.203640426
586.203640426
586.203640426
586.203640426
586.203640426
586.203640426
586.203640426
586.203640426
586.203640426
586.203640426
586.203640426
586.203640426
586.203640426
586.203640426
586.203640426
586.203640426
586.203640426
586.203640426
586.203640426
586.203640426
586.203640426
586.203640426
586.203640426
586.203640426
586.203640426
586.203640426
586.203640426
586.203640426
586.203640426
586.203640426
586.203640426
586.203640426
586.203640426
586.203640426
586.203640426
586.203640426
586.203640426
586.203640426
586.203640426
586.203640426
586.203640426
586.203640426
586.203640426
586.203640426
586.203640426
586.203640426
586.203640426
586.203640426
586.203640426
586.203640426
586.203640426
586.203640426
586.203640426
586.203640426
586.203640426
586.203640426
586.203640426
586.203640426
586.203640426
586.203640426
586.203640426
586.203640426
586.203640426
586.203640426
586.203640426
586.203640426
586.203640426
586.203640426
586.203640426
586.203640426
586.203640426
586.203640426
586.203640426
586.203640426
586.203640426
586.203640426
586.203640426
586.203640426
586.203640426
586.203640426
586.203640426
586.203640426
586.203640426
586.203640426
586.203640426
586.203640426
586.203640426
586.203640426
586.203640426
586.203640426
586.203640426
586.203640426
586.203640426
586.203640426
586.203640426
586.203640426
586.203640426
586.203640426
586.203640426
586.203640426
586.203640426
586.203640426
586.203640426
586.203640426
586.203640426
586.203640426
586.203640426
586.203640426
586.203640426
586.203640426
586.203640426
586.203640426
586.203640426
586.203640426
586.203640426
586.203640426
586.203640426
586.203640426
586.203640426
586.203640426
586.203640426
586.203640426
586.203640426
586.203640426
586.203640426
586.203640426
586.203640426
586.203640426
586.203640426
586.203640426
586.203640426
586.203640426
586.203640426
586.203640426
586.203640426
586.203640426
586.203640426
586.203640426
586.203640426
586.203640426
586.203640426
586.203640426
586.203640426
586.203640426
586.203640426
586.203640426
586.203640426
586.203640426
586.203640426
586.203640426
586.203640426
586.203640426
586.203640426
586.203640426
586.203640426
586.203640426
586.203640426
586.203640426
586.203640426
586.203640426
586.203640426
586.203640426
586.203640426
586.203640426
586.203640426
586.203640426
586.203640426
586.203640426
586.203640426
586.203640426
586.203640426
586.203640426
586.203640426
586.203640426
586.203640426
586.203640426
586.203640426
586.203640426
586.203640426
586.203640426
586.203640426
586.203640426
586.203640426
586.203640426
586.203640426
586.203640426
586.203640426
586.203640426
586.203640426
586.203640426
586.203640426
586.203640426
586.203640426
586.203640426
586.203640426
586.203640426
586.203640426
586.203640426
586.203640426
586.203640426
586.203640426
586.203640426
586.203640426
586.203640426
586.203640426
586.203640426
586.203640426
586.203640426
586.203640426
586.203640426
586.203640426
586.203640426
586.203640426
586.203640426
586.203640426
586.203640426
586.203640426
586.203640426
586.203640426
586.203640426
586.203640426
586.203640426
586.203640426
586.203640426
586.203640426
586.203640426
586.203640426
586.203640426
586.203640426
586.203640426
586.203640426
586.203640426
586.203640426
586.203640426
586.203640426
586.203640426
586.203640426
586.203640426
586.203640426
586.203640426
586.203640426
586.203640426
586.203640426
586.203640426
586.203640426
586.203640426
586.203640426
586.203640426
586.203640426
586.203640426
586.203640426
586.203640426
586.203640426
586.203640426
586.203640426
586.203640426
586.203640426
586.203640426
586.203640426
586.203640426
586.203640426
586.203640426
586.203640426
586.203640426
586.203640426
586.203640426
586.203640426
586.203640426
586.203640426
586.203640426
586.203640426
586.203640426
586.203640426
586.203640426
586.203640426
586.203640426
586.203640426
586.203640426
586.203640426
586.203640426
586.203640426
586.203640426
586.203640426
586.203640426
586.203640426
586.203640426
586.203640426
586.203640426
586.203640426
586.203640426
586.203640426
586.203640426
586.203640426
586.203640426
586.203640426
586.203640426
586.203640426
586.203640426
586.203640426
586.203640426
586.203640426
586.203640426
586.203640426
586.203640426
586.203640426
586.203640426
586.203640426
586.203640426
586.203640426
586.203640426
586.203640426
586.203640426
586.203640426
586.203640426
586.203640426
586.203640426
586.203640426
586.203640426
586.203640426
586.203640426
586.203640426
586.203640426
586.203640426
586.203640426
586.203640426
586.203640426
586.203640426
586.203640426
586.203640426
586.203640426
586.203640426
586.203640426
586.203640426
586.203640426
586.203640426
586.203640426
586.203640426
586.203640426
586.203640426
586.203640426
586.203640426
586.203640426
586.203640426
586.203640426
586.203640426
586.203640426
586.203640426
586.203640426
586.203640426
586.203640426
586.203640426
586.203640426
586.203640426
586.203640426
586.203640426
586.203640426
586.203640426
586.203640426
586.203640426
586.203640426
586.203640426
586.203640426
586.203640426
586.203640426
586.203640426
586.203640426
586.203640426
586.203640426
586.203640426
586.203640426
586.203640426
586.203640426
586.203640426
586.203640426
586.203640426
586.203640426
586.203640426
586.203640426
586.203640426
586.203640426
586.203640426
586.203640426
586.203640426
586.203640426
586.203640426
586.203640426
586.203640426
586.203640426
586.203640426
586.203640426
586.203640426
586.203640426
586.203640426
586.203640426
586.203640426
586.203640426
586.203640426
586.203640426
586.203640426
586.203640426
586.203640426
586.203640426
586.203640426
586.203640426
586.203640426
586.203640426
586.203640426
586.203640426
586.203640426
586.203640426
586.203640426
586.203640426
586.203640426
586.203640426
586.203640426
586.203640426
586.203640426
586.203640426
586.203640426
586.203640426
586.203640426
586.203640426
586.203640426
586.203640426
586.203640426
586.203640426
586.203640426
586.203640426
586.203640426
586.203640426
586.203640426
586.203640426
586.203640426
586.203640426
586.203640426
586.203640426
586.203640426
586.203640426
586.203640426
586.203640426
586.203640426
586.203640426
586.203640426
586.203640426
586.203640426
586.203640426
586.203640426
586.203640426
586.203640426
586.203640426
586.203640426
586.203640426
586.203640426
586.203640426
586.203640426
586.203640426
586.203640426
586.203640426
586.203640426
586.203640426
586.203640426
586.203640426
586.203640426
586.203640426
586.203640426
586.203640426
586.203640426
586.203640426
586.203640426
586.203640426
586.203640426
586.203640426
586.203640426
586.203640426
586.203640426
586.203640426
586.203640426
586.203640426
586.203640426
586.203640426
586.203640426
586.203640426
586.203640426
586.203640426
586.203640426
586.203640426
586.203640426
586.203640426
586.203640426
586.203640426
586.203640426
586.203640426
586.203640426
586.203640426
586.203640426
586.203640426
586.203640426
586.203640426
586.203640426
586.203640426
586.203640426
586.203640426
586.203640426
586.203640426
586.203640426
586.203640426
586.203640426
586.203640426
586.203640426
586.203640426
586.203640426
586.203640426
586.203640426
586.203640426
586.203640426
586.203640426
586.203640426
586.203640426
586.203640426
586.203640426
586.203640426
586.203640426
586.203640426
586.203640426
586.203640426
586.203640426
586.203640426
586.203640426
586.203640426
586.203640426
586.203640426
586.203640426
586.203640426
586.203640426
586.203640426
586.203640426
586.203640426
586.203640426
586.203640426
586.203640426
586.203640426
586.203640426
586.203640426
586.203640426
586.203640426
586.203640426
586.203640426
586.203640426
586.203640426
586.203640426
586.203640426
586.203640426
586.203640426
586.203640426
586.203640426
586.203640426
586.203640426
586.203640426
586.203640426
586.203640426
586.203640426
586.203640426
586.203640426
586.203640426
586.203640426
586.203640426
586.203640426
586.203640426
586.203640426
586.203640426
586.203640426
586.203640426
586.203640426
586.203640426
586.203640426
586.203640426
586.203640426
586.203640426
586.203640426
586.203640426
586.203640426
586.203640426
586.203640426
586.203640426
586.203640426
586.203640426
586.203640426
586.203640426
586.203640426
586.203640426
586.203640426
586.203640426
586.203640426
586.203640426
586.203640426
586.203640426
586.203640426
586.203640426
586.203640426
586.203640426
586.203640426
586.203640426
586.203640426
586.203640426
586.203640426
586.203640426
586.203640426
586.203640426
586.203640426
586.203640426
586.203640426
586.203640426
586.203640426
586.203640426
586.203640426
586.203640426
586.203640426
586.203640426
586.203640426
586.203640426
586.203640426
586.203640426
586.203640426
586.203640426
586.203640426
586.203640426
586.203640426
586.203640426
586.203640426
586.203640426
586.203640426
586.203640426
586.203640426
586.203640426
586.203640426
586.203640426
586.203640426
586.203640426
586.203640426
586.203640426
586.203640426
586.203640426
586.203640426
586.203640426
586.203640426
586.203640426
586.203640426
586.203640426
586.203640426
586.203640426
586.203640426
586.203640426
586.203640426
586.203640426
586.203640426
586.203640426
586.203640426
586.203640426
586.203640426
586.203640426
586.203640426
586.203640426
586.203640426
586.203640426
586.203640426
586.203640426
586.203640426
586.203640426
586.203640426
586.203640426
586.203640426
586.203640426
586.203640426
