1580.10277694
1530.00367254
1525.68719553
1468.09989563
1441.75351856
1422.45738622
1377.94487395
1349.83228398
1267.94211304
1252.41072239
1242.33486
1242.84345415
1234.60157831
1226.20557521
1193.87914775
1179.39991204
1193.63485188
1196.71149927
1178.62045932
1175.01672683
1171.23455351
1145.9954292
1152.83041529
1147.41926293
1148.2383927
1148.80680014
1126.23308041
1121.03614128
1142.68364234
1128.13008872
1123.56035203
1123.19440545
1138.05914991
1092.79656717
1091.97743739
1051.20454604
1037.35346524
1015.17076983
1013.68342123
1011.16636408
1011.16636408
1004.91861079
983.693414124
973.499653668
953.157651958
964.707816487
957.947351327
962.235222627
937.769886736
943.063489229
952.26133863
949.798923534
922.322059944
922.322059944
923.241418937
920.007585703
907.009337607
910.505149449
924.499916849
905.557968261
893.539122223
893.76354094
893.909289207
887.478435365
887.478435365
887.478435365
877.627586012
877.627586012
881.817162022
881.817162022
878.32135018
882.457450217
906.050743678
895.774836656
896.763234237
897.109159788
900.286295344
904.133563392
904.133563392
880.21846814
868.021095822
861.930941748
858.71485532
864.094450366
855.798646413
860.393168227
860.393168227
846.296504144
856.36187595
856.36187595
856.36187595
861.723607615
861.723607615
872.572057313
872.572057313
878.720649255
892.818827293
884.861075271
889.327647671
887.785863988
891.74459679
874.55942394
882.993980586
882.993980586
882.993980586
886.013164583
886.013164583
887.891680206
877.776045818
876.016844036
876.016844036
876.016844036
867.322434114
869.415076191
869.415076191
869.415076191
869.415076191
869.415076191
869.415076191
869.415076191
869.415076191
844.381460585
844.381460585
844.381460585
844.381460585
844.381460585
838.801231954
836.819056103
836.819056103
836.819056103
836.819056103
834.162724663
834.162724663
828.533449481
828.533449481
822.414228641
822.414228641
822.414228641
822.414228641
822.414228641
805.123205677
792.324334059
789.234721967
784.787267091
784.787267091
784.787267091
784.787267091
784.787267091
784.787267091
784.787267091
784.787267091
784.787267091
784.787267091
784.787267091
784.787267091
784.787267091
784.787267091
779.81087872
779.81087872
775.781190624
775.781190624
774.815130374
774.815130374
774.815130374
770.009504097
760.860171414
760.860171414
759.436338511
759.436338511
759.436338511
759.436338511
756.993406943
756.993406943
756.993406943
756.993406943
756.993406943
756.993406943
756.993406943
756.993406943
749.985114583
749.590000968
749.632349626
749.632349626
749.632349626
749.632349626
749.632349626
749.632349626
749.632349626
749.632349626
749.632349626
749.632349626
749.632349626
749.632349626
749.529519903
749.529519903
749.529519903
749.529519903
749.529519903
749.529519903
749.529519903
749.529519903
749.529519903
749.529519903
746.721422659
726.804998062
726.804998062
726.804998062
726.804998062
726.804998062
726.804998062
726.804998062
726.804998062
726.804998062
726.804998062
726.804998062
726.804998062
726.804998062
726.804998062
726.804998062
726.804998062
726.804998062
726.804998062
726.804998062
726.804998062
726.804998062
726.804998062
726.804998062
726.804998062
726.804998062
726.804998062
726.804998062
726.804998062
726.804998062
726.804998062
726.804998062
726.804998062
726.804998062
726.804998062
726.804998062
726.804998062
726.804998062
726.804998062
726.804998062
726.804998062
726.804998062
726.804998062
726.804998062
726.804998062
726.804998062
726.804998062
726.804998062
726.804998062
726.804998062
726.804998062
726.804998062
726.804998062
726.804998062
726.804998062
726.804998062
726.804998062
726.804998062
726.762649404
726.762649404
726.762649404
726.762649404
726.762649404
726.762649404
726.762649404
726.762649404
726.762649404
726.762649404
726.762649404
726.762649404
726.762649404
726.762649404
726.762649404
721.473062387
721.473062387
721.473062387
721.473062387
721.473062387
721.473062387
721.473062387
721.473062387
721.473062387
721.473062387
721.473062387
721.473062387
721.473062387
721.473062387
721.473062387
721.473062387
721.473062387
721.473062387
721.473062387
721.473062387
721.473062387
721.473062387
721.473062387
721.473062387
721.473062387
721.473062387
721.473062387
721.473062387
721.473062387
721.473062387
712.731342169
712.731342169
712.731342169
711.890674903
711.890674903
711.890674903
711.890674903
711.890674903
711.890674903
708.474859211
708.474859211
708.474859211
708.474859211
708.474859211
708.175351828
708.175351828
708.175351828
708.175351828
708.175351828
708.175351828
708.175351828
708.175351828
708.175351828
708.175351828
708.175351828
703.626140867
703.626140867
703.626140867
703.626140867
696.825654491
694.837062501
694.837062501
694.837062501
694.837062501
694.837062501
683.093703655
683.093703655
683.093703655
683.093703655
683.093703655
683.093703655
682.723081221
682.723081221
682.723081221
682.723081221
682.723081221
682.723081221
682.723081221
682.723081221
682.723081221
682.723081221
682.723081221
682.723081221
682.723081221
682.723081221
682.723081221
682.723081221
682.723081221
682.723081221
682.723081221
682.723081221
682.723081221
682.723081221
682.723081221
682.723081221
682.723081221
682.723081221
682.723081221
682.723081221
682.723081221
682.723081221
682.723081221
682.723081221
682.723081221
682.723081221
682.723081221
682.723081221
682.723081221
682.723081221
682.723081221
682.723081221
682.723081221
682.723081221
682.723081221
682.723081221
682.723081221
682.723081221
682.723081221
682.723081221
682.723081221
682.723081221
682.723081221
682.723081221
682.723081221
682.723081221
682.723081221
682.723081221
682.723081221
682.723081221
682.723081221
682.723081221
682.723081221
682.723081221
682.723081221
682.723081221
682.723081221
682.723081221
682.723081221
682.723081221
682.723081221
682.723081221
682.723081221
682.723081221
682.723081221
682.723081221
682.723081221
682.723081221
682.723081221
682.723081221
682.723081221
682.723081221
682.723081221
682.723081221
682.723081221
682.723081221
682.723081221
682.723081221
682.723081221
682.723081221
682.723081221
682.723081221
682.723081221
682.723081221
682.723081221
682.723081221
682.723081221
682.723081221
682.723081221
682.723081221
682.723081221
682.723081221
682.723081221
682.723081221
682.723081221
682.723081221
682.723081221
682.723081221
682.723081221
682.723081221
682.723081221
682.723081221
682.723081221
682.723081221
682.723081221
682.723081221
682.723081221
682.723081221
682.723081221
682.723081221
682.723081221
682.723081221
682.723081221
682.723081221
682.723081221
682.723081221
682.723081221
682.723081221
682.723081221
682.723081221
682.723081221
682.723081221
682.723081221
682.723081221
682.723081221
682.723081221
682.723081221
682.723081221
682.723081221
682.723081221
682.723081221
682.723081221
682.723081221
682.723081221
682.723081221
682.723081221
682.723081221
682.723081221
682.723081221
682.723081221
682.723081221
682.723081221
682.723081221
682.723081221
682.723081221
682.723081221
682.723081221
682.723081221
682.723081221
682.723081221
682.723081221
682.723081221
682.723081221
682.723081221
682.723081221
682.723081221
682.723081221
682.723081221
682.723081221
682.723081221
682.723081221
682.723081221
682.723081221
682.723081221
682.723081221
682.723081221
682.723081221
682.723081221
682.723081221
682.723081221
682.723081221
682.723081221
682.723081221
682.723081221
682.723081221
682.723081221
682.723081221
682.723081221
682.723081221
682.723081221
682.723081221
682.723081221
682.723081221
682.723081221
682.723081221
682.723081221
682.723081221
682.723081221
682.723081221
682.723081221
682.723081221
682.723081221
682.723081221
682.723081221
682.723081221
682.723081221
682.723081221
682.723081221
682.723081221
682.723081221
682.723081221
682.723081221
682.723081221
682.723081221
682.723081221
682.723081221
682.723081221
682.723081221
682.723081221
682.723081221
682.723081221
682.723081221
682.723081221
682.723081221
682.723081221
682.723081221
682.723081221
682.723081221
682.723081221
682.723081221
682.723081221
682.723081221
682.723081221
682.723081221
682.723081221
682.723081221
682.723081221
682.723081221
682.723081221
682.723081221
682.723081221
682.723081221
682.723081221
682.723081221
682.723081221
682.723081221
682.723081221
682.723081221
682.723081221
682.723081221
682.723081221
682.723081221
682.723081221
682.723081221
682.723081221
682.723081221
682.723081221
682.723081221
682.723081221
682.723081221
682.723081221
682.723081221
682.723081221
682.723081221
682.723081221
682.723081221
682.723081221
682.723081221
682.723081221
682.723081221
682.723081221
682.723081221
682.723081221
682.723081221
682.723081221
682.723081221
682.723081221
682.723081221
682.723081221
682.723081221
682.723081221
682.723081221
682.723081221
682.723081221
682.723081221
682.723081221
682.723081221
682.723081221
682.723081221
682.723081221
682.723081221
682.723081221
682.723081221
682.723081221
682.723081221
682.723081221
682.723081221
682.723081221
682.723081221
682.723081221
682.723081221
682.723081221
682.723081221
682.723081221
682.723081221
682.723081221
682.723081221
682.723081221
682.723081221
682.723081221
682.723081221
682.723081221
682.723081221
682.723081221
682.723081221
682.723081221
682.723081221
682.723081221
682.723081221
682.723081221
682.723081221
682.723081221
682.723081221
682.723081221
682.723081221
682.723081221
682.723081221
682.723081221
682.723081221
682.723081221
682.723081221
682.723081221
682.723081221
682.723081221
682.723081221
682.723081221
682.723081221
682.723081221
682.723081221
682.723081221
682.723081221
682.723081221
682.723081221
682.723081221
682.723081221
682.723081221
682.723081221
682.723081221
682.723081221
682.723081221
682.723081221
682.723081221
682.723081221
682.723081221
682.723081221
682.723081221
682.723081221
682.723081221
682.723081221
682.723081221
682.723081221
682.723081221
682.723081221
682.723081221
682.723081221
682.723081221
682.723081221
682.723081221
682.723081221
682.723081221
682.723081221
682.723081221
682.723081221
682.723081221
682.723081221
682.723081221
682.723081221
682.723081221
682.723081221
682.723081221
682.723081221
682.723081221
682.723081221
682.723081221
682.723081221
682.723081221
682.723081221
682.723081221
682.723081221
682.723081221
682.723081221
682.723081221
682.723081221
682.723081221
682.723081221
682.723081221
682.723081221
682.723081221
682.723081221
682.723081221
682.723081221
682.723081221
682.723081221
682.723081221
682.723081221
682.723081221
682.723081221
682.723081221
682.723081221
682.723081221
682.723081221
682.723081221
682.723081221
682.723081221
682.723081221
682.723081221
682.723081221
682.723081221
682.723081221
682.723081221
682.723081221
682.723081221
682.723081221
682.723081221
682.723081221
682.723081221
682.723081221
682.723081221
682.723081221
682.723081221
682.723081221
682.723081221
682.723081221
682.723081221
682.723081221
682.723081221
682.723081221
682.723081221
682.723081221
682.723081221
682.723081221
682.723081221
682.723081221
682.723081221
682.723081221
682.723081221
682.723081221
682.723081221
682.723081221
682.723081221
682.723081221
682.723081221
682.723081221
682.723081221
682.723081221
682.723081221
682.723081221
682.723081221
682.723081221
682.723081221
682.723081221
682.723081221
682.723081221
682.723081221
682.723081221
682.723081221
682.723081221
682.723081221
682.723081221
682.723081221
682.723081221
682.723081221
682.723081221
682.723081221
682.723081221
682.723081221
682.723081221
682.723081221
682.723081221
682.723081221
682.723081221
682.723081221
682.723081221
682.723081221
682.723081221
682.723081221
682.723081221
682.723081221
682.723081221
682.723081221
682.723081221
682.723081221
682.723081221
682.723081221
682.723081221
682.723081221
682.723081221
682.723081221
682.723081221
682.723081221
682.723081221
682.723081221
682.723081221
682.723081221
682.723081221
682.723081221
682.723081221
682.723081221
682.723081221
682.723081221
682.723081221
682.723081221
682.723081221
682.723081221
682.723081221
682.723081221
682.723081221
682.723081221
682.723081221
682.723081221
682.723081221
682.723081221
682.723081221
682.723081221
682.723081221
682.723081221
682.723081221
682.723081221
682.723081221
682.723081221
682.723081221
682.723081221
682.723081221
682.723081221
682.723081221
682.723081221
682.723081221
682.723081221
682.723081221
682.723081221
682.723081221
682.723081221
682.723081221
682.723081221
682.723081221
682.723081221
682.723081221
682.723081221
682.723081221
682.723081221
682.723081221
682.723081221
682.723081221
682.723081221
682.723081221
682.723081221
682.723081221
682.723081221
682.723081221
682.723081221
682.723081221
682.723081221
682.723081221
682.723081221
682.723081221
682.723081221
682.723081221
682.723081221
682.723081221
682.723081221
682.723081221
682.723081221
682.723081221
682.723081221
682.723081221
682.723081221
682.723081221
682.723081221
682.723081221
682.723081221
682.723081221
682.723081221
682.723081221
682.723081221
682.723081221
682.723081221
682.723081221
682.723081221
682.723081221
682.723081221
682.723081221
682.723081221
682.723081221
682.723081221
682.723081221
682.723081221
682.723081221
682.723081221
682.723081221
682.723081221
682.723081221
682.723081221
682.723081221
682.723081221
682.723081221
682.723081221
682.723081221
682.723081221
682.723081221
682.723081221
682.723081221
682.723081221
682.723081221
682.723081221
682.723081221
682.723081221
682.723081221
682.723081221
682.723081221
682.723081221
682.723081221
682.723081221
682.723081221
682.723081221
682.723081221
682.723081221
682.723081221
682.723081221
682.723081221
682.723081221
682.723081221
682.723081221
682.723081221
682.723081221
682.723081221
682.723081221
682.723081221
682.723081221
682.723081221
682.723081221
682.723081221
682.723081221
682.723081221
682.723081221
682.723081221
682.723081221
682.723081221
682.723081221
682.723081221
682.723081221
682.723081221
682.723081221
682.723081221
682.723081221
682.723081221
682.723081221
682.723081221
682.723081221
682.723081221
682.723081221
682.723081221
682.723081221
682.723081221
682.723081221
682.723081221
682.723081221
682.723081221
682.723081221
682.723081221
682.723081221
682.723081221
682.723081221
682.723081221
682.723081221
682.723081221
682.723081221
682.723081221
682.723081221
682.723081221
682.723081221
682.723081221
682.723081221
682.723081221
682.723081221
682.723081221
682.723081221
682.723081221
682.723081221
682.723081221
682.723081221
682.723081221
682.723081221
682.723081221
682.723081221
682.723081221
682.723081221
682.723081221
682.723081221
682.723081221
682.723081221
682.723081221
682.723081221
682.723081221
682.723081221
682.723081221
682.723081221
682.723081221
682.723081221
682.723081221
682.723081221
682.723081221
682.723081221
682.723081221
682.723081221
682.723081221
682.723081221
682.723081221
682.723081221
682.723081221
682.723081221
682.723081221
682.723081221
682.723081221
682.723081221
682.723081221
682.723081221
682.723081221
682.723081221
682.723081221
682.723081221
682.723081221
682.723081221
682.723081221
682.723081221
682.723081221
682.723081221
682.723081221
682.723081221
682.723081221
682.723081221
682.723081221
682.723081221
682.723081221
682.723081221
682.723081221
682.723081221
682.723081221
682.723081221
682.723081221
682.723081221
682.723081221
682.723081221
682.723081221
682.723081221
682.723081221
682.723081221
682.723081221
682.723081221
682.723081221
682.723081221
682.723081221
682.723081221
682.723081221
682.723081221
682.723081221
682.723081221
682.723081221
682.723081221
682.723081221
682.723081221
682.723081221
682.723081221
682.723081221
682.723081221
682.723081221
682.723081221
682.723081221
682.723081221
682.723081221
682.723081221
682.723081221
682.723081221
682.723081221
682.723081221
682.723081221
682.723081221
682.723081221
682.723081221
682.723081221
682.723081221
682.723081221
682.723081221
682.723081221
682.723081221
682.723081221
682.723081221
682.723081221
682.723081221
682.723081221
682.723081221
682.723081221
682.723081221
682.723081221
682.723081221
682.723081221
682.723081221
682.723081221
682.723081221
682.723081221
682.723081221
682.723081221
682.723081221
682.723081221
682.723081221
682.723081221
682.723081221
682.723081221
682.723081221
682.723081221
682.723081221
682.723081221
682.723081221
682.723081221
682.723081221
682.723081221
682.723081221
682.723081221
682.723081221
682.723081221
682.723081221
682.723081221
682.723081221
682.723081221
682.723081221
682.723081221
682.723081221
682.723081221
682.723081221
682.723081221
682.723081221
682.723081221
682.723081221
682.723081221
682.723081221
682.723081221
682.723081221
682.723081221
682.723081221
682.723081221
682.723081221
682.723081221
682.723081221
682.723081221
682.723081221
682.723081221
682.723081221
682.723081221
682.723081221
682.723081221
682.723081221
682.723081221
682.723081221
682.723081221
682.723081221
682.723081221
682.723081221
682.723081221
682.723081221
682.723081221
682.723081221
682.723081221
682.723081221
682.723081221
682.723081221
682.723081221
682.723081221
682.723081221
682.723081221
682.723081221
682.723081221
682.723081221
682.723081221
682.723081221
682.723081221
682.723081221
682.723081221
682.723081221
682.723081221
682.723081221
682.723081221
682.723081221
682.723081221
682.723081221
682.723081221
682.723081221
682.723081221
682.723081221
682.723081221
682.723081221
682.723081221
682.723081221
682.723081221
682.723081221
682.723081221
682.723081221
682.723081221
682.723081221
682.723081221
682.723081221
682.723081221
682.723081221
682.723081221
682.723081221
682.723081221
682.723081221
682.723081221
682.723081221
682.723081221
682.723081221
682.723081221
682.723081221
682.723081221
682.723081221
682.723081221
682.723081221
682.723081221
682.723081221
682.723081221
682.723081221
682.723081221
682.723081221
682.723081221
682.723081221
682.723081221
682.723081221
682.723081221
682.723081221
682.723081221
682.723081221
682.723081221
682.723081221
682.723081221
682.723081221
682.723081221
682.723081221
682.723081221
682.723081221
682.723081221
682.723081221
682.723081221
682.723081221
682.723081221
682.723081221
682.723081221
682.723081221
682.723081221
682.723081221
682.723081221
682.723081221
682.723081221
682.723081221
682.723081221
682.723081221
682.723081221
682.723081221
682.723081221
682.723081221
682.723081221
682.723081221
682.723081221
682.723081221
682.723081221
682.723081221
682.723081221
682.723081221
682.723081221
682.723081221
682.723081221
682.723081221
682.723081221
682.723081221
682.723081221
682.723081221
682.723081221
682.723081221
682.723081221
682.723081221
682.723081221
682.723081221
682.723081221
682.723081221
682.723081221
682.723081221
682.723081221
682.723081221
682.723081221
682.723081221
682.723081221
682.723081221
682.723081221
682.723081221
682.723081221
682.723081221
682.723081221
682.723081221
682.723081221
682.723081221
682.723081221
682.723081221
682.723081221
682.723081221
682.723081221
682.723081221
682.723081221
682.723081221
682.723081221
682.723081221
682.723081221
682.723081221
682.723081221
682.723081221
682.723081221
682.723081221
682.723081221
682.723081221
682.723081221
682.723081221
682.723081221
682.723081221
682.723081221
682.723081221
682.723081221
682.723081221
682.723081221
682.723081221
682.723081221
682.723081221
682.723081221
682.723081221
682.723081221
682.723081221
682.723081221
682.723081221
682.723081221
682.723081221
682.723081221
682.723081221
682.723081221
682.723081221
682.723081221
682.723081221
682.723081221
682.723081221
682.723081221
682.723081221
682.723081221
682.723081221
682.723081221
682.723081221
682.723081221
682.723081221
682.723081221
682.723081221
682.723081221
682.723081221
682.723081221
682.723081221
682.723081221
682.723081221
682.723081221
682.723081221
682.723081221
682.723081221
682.723081221
682.723081221
682.723081221
682.723081221
682.723081221
682.723081221
682.723081221
682.723081221
682.723081221
682.723081221
682.723081221
682.723081221
682.723081221
682.723081221
682.723081221
682.723081221
682.723081221
682.723081221
682.723081221
682.723081221
682.723081221
682.723081221
682.723081221
682.723081221
682.723081221
682.723081221
682.723081221
682.723081221
682.723081221
682.723081221
682.723081221
682.723081221
682.723081221
682.723081221
682.723081221
682.723081221
682.723081221
682.723081221
682.723081221
682.723081221
682.723081221
682.723081221
682.723081221
682.723081221
682.723081221
682.723081221
682.723081221
682.723081221
682.723081221
682.723081221
682.723081221
682.723081221
682.723081221
682.723081221
682.723081221
682.723081221
682.723081221
682.723081221
682.723081221
682.723081221
682.723081221
682.723081221
682.723081221
682.723081221
682.723081221
682.723081221
682.723081221
682.723081221
682.723081221
682.723081221
682.723081221
682.723081221
682.723081221
682.723081221
682.723081221
682.723081221
682.723081221
682.723081221
682.723081221
682.723081221
682.723081221
682.723081221
682.723081221
682.723081221
682.723081221
682.723081221
682.723081221
682.723081221
682.723081221
682.723081221
682.723081221
682.723081221
682.723081221
682.723081221
682.723081221
682.723081221
682.723081221
682.723081221
682.723081221
682.723081221
682.723081221
682.723081221
682.723081221
682.723081221
682.723081221
682.723081221
682.723081221
682.723081221
682.723081221
682.723081221
682.723081221
682.723081221
682.723081221
682.723081221
682.723081221
682.723081221
682.723081221
682.723081221
682.723081221
682.723081221
682.723081221
682.723081221
682.723081221
682.723081221
682.723081221
682.723081221
682.723081221
682.723081221
682.723081221
682.723081221
682.723081221
682.723081221
682.723081221
682.723081221
682.723081221
682.723081221
682.723081221
682.723081221
682.723081221
682.723081221
682.723081221
682.723081221
682.723081221
682.723081221
682.723081221
682.723081221
682.723081221
682.723081221
682.723081221
682.723081221
682.723081221
682.723081221
682.723081221
682.723081221
682.723081221
682.723081221
682.723081221
682.723081221
682.723081221
682.723081221
682.723081221
682.723081221
682.723081221
682.723081221
682.723081221
682.723081221
682.723081221
682.723081221
682.723081221
682.723081221
682.723081221
682.723081221
682.723081221
682.723081221
682.723081221
682.723081221
682.723081221
682.723081221
682.723081221
682.723081221
682.723081221
682.723081221
682.723081221
682.723081221
682.723081221
682.723081221
682.723081221
682.723081221
682.723081221
682.723081221
682.723081221
682.723081221
682.723081221
682.723081221
682.723081221
682.723081221
682.723081221
682.723081221
682.723081221
682.723081221
682.723081221
682.723081221
682.723081221
682.723081221
682.723081221
682.723081221
682.723081221
682.723081221
682.723081221
682.723081221
682.723081221
682.723081221
682.723081221
682.723081221
682.723081221
682.723081221
682.723081221
682.723081221
682.723081221
682.723081221
682.723081221
682.723081221
682.723081221
682.723081221
682.723081221
682.723081221
682.723081221
682.723081221
682.723081221
682.723081221
682.723081221
682.723081221
682.723081221
682.723081221
682.723081221
682.723081221
682.723081221
682.723081221
682.723081221
682.723081221
682.723081221
682.723081221
682.723081221
682.723081221
682.723081221
682.723081221
682.723081221
682.723081221
682.723081221
682.723081221
682.723081221
682.723081221
682.723081221
682.723081221
682.723081221
682.723081221
682.723081221
682.723081221
682.723081221
682.723081221
682.723081221
682.723081221
682.723081221
682.723081221
682.723081221
682.723081221
682.723081221
682.723081221
682.723081221
682.723081221
682.723081221
682.723081221
682.723081221
682.723081221
682.723081221
682.723081221
682.723081221
682.723081221
682.723081221
682.723081221
682.723081221
682.723081221
682.723081221
682.723081221
682.723081221
682.723081221
682.723081221
682.723081221
682.723081221
682.723081221
682.723081221
682.723081221
682.723081221
682.723081221
682.723081221
682.723081221
682.723081221
682.723081221
682.723081221
682.723081221
682.723081221
682.723081221
682.723081221
682.723081221
682.723081221
682.723081221
682.723081221
682.723081221
682.723081221
682.723081221
682.723081221
682.723081221
682.723081221
682.723081221
682.723081221
682.723081221
682.723081221
682.723081221
682.723081221
682.723081221
682.723081221
682.723081221
682.723081221
682.723081221
682.723081221
682.723081221
682.723081221
682.723081221
682.723081221
682.723081221
682.723081221
682.723081221
682.723081221
682.723081221
682.723081221
682.723081221
682.723081221
682.723081221
682.723081221
682.723081221
682.723081221
682.723081221
682.723081221
682.723081221
682.723081221
682.723081221
682.723081221
682.723081221
682.723081221
682.723081221
682.723081221
682.723081221
682.723081221
682.723081221
682.723081221
682.723081221
682.723081221
682.723081221
682.723081221
682.723081221
682.723081221
682.723081221
682.723081221
682.723081221
682.723081221
682.723081221
682.723081221
682.723081221
682.723081221
682.723081221
682.723081221
682.723081221
682.723081221
682.723081221
682.723081221
682.723081221
682.723081221
682.723081221
682.723081221
682.723081221
682.723081221
682.723081221
682.723081221
682.723081221
682.723081221
682.723081221
682.723081221
682.723081221
682.723081221
682.723081221
682.723081221
682.723081221
682.723081221
682.723081221
682.723081221
682.723081221
682.723081221
682.723081221
682.723081221
682.723081221
682.723081221
682.723081221
682.723081221
682.723081221
682.723081221
682.723081221
682.723081221
682.723081221
682.723081221
682.723081221
682.723081221
682.723081221
682.723081221
682.723081221
682.723081221
682.723081221
682.723081221
682.723081221
682.723081221
682.723081221
682.723081221
682.723081221
682.723081221
682.723081221
682.723081221
682.723081221
682.723081221
682.723081221
682.723081221
682.723081221
682.723081221
682.723081221
682.723081221
682.723081221
682.723081221
682.723081221
682.723081221
682.723081221
682.723081221
682.723081221
682.723081221
682.723081221
682.723081221
682.723081221
682.723081221
682.723081221
682.723081221
682.723081221
682.723081221
682.723081221
682.723081221
682.723081221
682.723081221
682.723081221
682.723081221
682.723081221
682.723081221
682.723081221
682.723081221
682.723081221
682.723081221
682.723081221
682.723081221
682.723081221
682.723081221
682.723081221
682.723081221
682.723081221
682.723081221
682.723081221
682.723081221
682.723081221
682.723081221
682.723081221
682.723081221
682.723081221
682.723081221
682.723081221
682.723081221
682.723081221
682.723081221
682.723081221
682.723081221
682.723081221
682.723081221
682.723081221
682.723081221
682.723081221
682.723081221
682.723081221
682.723081221
682.723081221
682.723081221
682.723081221
682.723081221
682.723081221
682.723081221
682.723081221
682.723081221
682.723081221
682.723081221
682.723081221
682.723081221
682.723081221
682.723081221
682.723081221
682.723081221
682.723081221
682.723081221
682.723081221
682.723081221
682.723081221
682.723081221
682.723081221
682.723081221
682.723081221
682.723081221
682.723081221
682.723081221
682.723081221
682.723081221
682.723081221
682.723081221
682.723081221
682.723081221
682.723081221
682.723081221
682.723081221
682.723081221
682.723081221
682.723081221
682.723081221
682.723081221
682.723081221
682.723081221
682.723081221
682.723081221
682.723081221
682.723081221
682.723081221
682.723081221
682.723081221
682.723081221
682.723081221
682.723081221
682.723081221
682.723081221
682.723081221
682.723081221
682.723081221
682.723081221
682.723081221
682.723081221
682.723081221
682.723081221
682.723081221
682.723081221
682.723081221
682.723081221
682.723081221
682.723081221
682.723081221
682.723081221
682.723081221
682.723081221
682.723081221
682.723081221
682.723081221
682.723081221
682.723081221
682.723081221
682.723081221
682.723081221
682.723081221
682.723081221
682.723081221
682.723081221
682.723081221
682.723081221
682.723081221
682.723081221
682.723081221
682.723081221
682.723081221
682.723081221
682.723081221
682.723081221
682.723081221
682.723081221
682.723081221
682.723081221
682.723081221
682.723081221
682.723081221
682.723081221
682.723081221
682.723081221
682.723081221
682.723081221
682.723081221
682.723081221
682.723081221
682.723081221
682.723081221
682.723081221
682.723081221
682.723081221
682.723081221
682.723081221
682.723081221
682.723081221
682.723081221
682.723081221
682.723081221
682.723081221
682.723081221
682.723081221
682.723081221
682.723081221
682.723081221
682.723081221
682.723081221
682.723081221
682.723081221
682.723081221
682.723081221
682.723081221
682.723081221
682.723081221
682.723081221
682.723081221
682.723081221
682.723081221
682.723081221
682.723081221
682.723081221
682.723081221
682.723081221
682.723081221
682.723081221
682.723081221
682.723081221
682.723081221
682.723081221
682.723081221
682.723081221
682.723081221
682.723081221
682.723081221
682.723081221
682.723081221
682.723081221
682.723081221
682.723081221
682.723081221
682.723081221
682.723081221
682.723081221
682.723081221
682.723081221
682.723081221
682.723081221
682.723081221
682.723081221
682.723081221
682.723081221
682.723081221
682.723081221
682.723081221
682.723081221
682.723081221
682.723081221
682.723081221
682.723081221
682.723081221
682.723081221
682.723081221
682.723081221
682.723081221
682.723081221
682.723081221
682.723081221
682.723081221
682.723081221
682.723081221
682.723081221
682.723081221
682.723081221
682.723081221
682.723081221
682.723081221
682.723081221
682.723081221
682.723081221
682.723081221
682.723081221
682.723081221
682.723081221
682.723081221
682.723081221
682.723081221
682.723081221
682.723081221
682.723081221
682.723081221
682.723081221
682.723081221
682.723081221
682.723081221
682.723081221
682.723081221
682.723081221
682.723081221
682.723081221
682.723081221
682.723081221
682.723081221
682.723081221
682.723081221
682.723081221
682.723081221
682.723081221
682.723081221
682.723081221
682.723081221
682.723081221
682.723081221
682.723081221
682.723081221
682.723081221
682.723081221
682.723081221
682.723081221
682.723081221
682.723081221
682.723081221
682.723081221
682.723081221
682.723081221
682.723081221
682.723081221
682.723081221
682.723081221
682.723081221
682.723081221
682.723081221
682.723081221
682.723081221
682.723081221
682.723081221
682.723081221
682.723081221
682.723081221
682.723081221
682.723081221
682.723081221
682.723081221
682.723081221
682.723081221
682.723081221
682.723081221
682.723081221
682.723081221
682.723081221
682.723081221
682.723081221
682.723081221
682.723081221
682.723081221
682.723081221
682.723081221
682.723081221
682.723081221
682.723081221
682.723081221
682.723081221
682.723081221
682.723081221
682.723081221
682.723081221
682.723081221
682.723081221
682.723081221
682.723081221
682.723081221
682.723081221
682.723081221
682.723081221
682.723081221
682.723081221
682.723081221
682.723081221
682.723081221
682.723081221
682.723081221
682.723081221
682.723081221
682.723081221
682.723081221
682.723081221
682.723081221
682.723081221
682.723081221
682.723081221
682.723081221
682.723081221
682.723081221
682.723081221
682.723081221
682.723081221
682.723081221
682.723081221
682.723081221
682.723081221
682.723081221
682.723081221
682.723081221
682.723081221
682.723081221
682.723081221
682.723081221
682.723081221
682.723081221
682.723081221
682.723081221
682.723081221
682.723081221
682.723081221
682.723081221
682.723081221
682.723081221
682.723081221
682.723081221
682.723081221
682.723081221
682.723081221
682.723081221
682.723081221
682.723081221
682.723081221
682.723081221
682.723081221
682.723081221
682.723081221
682.723081221
682.723081221
682.723081221
682.723081221
682.723081221
682.723081221
682.723081221
682.723081221
682.723081221
682.723081221
682.723081221
682.723081221
682.723081221
682.723081221
682.723081221
682.723081221
682.723081221
682.723081221
682.723081221
682.723081221
682.723081221
682.723081221
682.723081221
682.723081221
682.723081221
682.723081221
682.723081221
682.723081221
682.723081221
682.723081221
682.723081221
682.723081221
682.723081221
682.723081221
682.723081221
682.723081221
682.723081221
682.723081221
682.723081221
682.723081221
682.723081221
682.723081221
682.723081221
682.723081221
682.723081221
682.723081221
682.723081221
682.723081221
682.723081221
682.723081221
682.723081221
682.723081221
682.723081221
682.723081221
682.723081221
682.723081221
682.723081221
682.723081221
682.723081221
682.723081221
682.723081221
682.723081221
682.723081221
682.723081221
682.723081221
682.723081221
682.723081221
682.723081221
682.723081221
682.723081221
682.723081221
682.723081221
682.723081221
682.723081221
682.723081221
682.723081221
682.723081221
682.723081221
682.723081221
682.723081221
682.723081221
682.723081221
682.723081221
682.723081221
682.723081221
682.723081221
682.723081221
682.723081221
682.723081221
682.723081221
682.723081221
682.723081221
682.723081221
682.723081221
682.723081221
682.723081221
682.723081221
682.723081221
682.723081221
682.723081221
682.723081221
682.723081221
682.723081221
682.723081221
682.723081221
682.723081221
682.723081221
682.723081221
682.723081221
682.723081221
682.723081221
682.723081221
682.723081221
682.723081221
682.723081221
682.723081221
682.723081221
682.723081221
682.723081221
682.723081221
682.723081221
682.723081221
682.723081221
682.723081221
682.723081221
682.723081221
682.723081221
682.723081221
682.723081221
682.723081221
682.723081221
682.723081221
682.723081221
682.723081221
682.723081221
682.723081221
682.723081221
682.723081221
682.723081221
682.723081221
682.723081221
682.723081221
682.723081221
682.723081221
682.723081221
682.723081221
682.723081221
682.723081221
682.723081221
682.723081221
682.723081221
682.723081221
682.723081221
682.723081221
682.723081221
682.723081221
682.723081221
682.723081221
682.723081221
682.723081221
682.723081221
682.723081221
682.723081221
682.723081221
682.723081221
682.723081221
682.723081221
682.723081221
682.723081221
682.723081221
682.723081221
682.723081221
682.723081221
682.723081221
682.723081221
682.723081221
682.723081221
682.723081221
682.723081221
682.723081221
682.723081221
682.723081221
682.723081221
682.723081221
682.723081221
682.723081221
682.723081221
682.723081221
682.723081221
682.723081221
682.723081221
682.723081221
682.723081221
682.723081221
682.723081221
682.723081221
682.723081221
682.723081221
682.723081221
682.723081221
682.723081221
682.723081221
682.723081221
682.723081221
682.723081221
682.723081221
682.723081221
682.723081221
682.723081221
682.723081221
682.723081221
682.723081221
682.723081221
682.723081221
682.723081221
682.723081221
682.723081221
682.723081221
682.723081221
682.723081221
682.723081221
682.723081221
682.723081221
682.723081221
682.723081221
682.723081221
682.723081221
682.723081221
682.723081221
682.723081221
682.723081221
682.723081221
682.723081221
682.723081221
682.723081221
682.723081221
682.723081221
682.723081221
682.723081221
682.723081221
682.723081221
682.723081221
682.723081221
682.723081221
682.723081221
682.723081221
682.723081221
682.723081221
682.723081221
682.723081221
682.723081221
682.723081221
682.723081221
682.723081221
682.723081221
682.723081221
682.723081221
682.723081221
682.723081221
682.723081221
682.723081221
682.723081221
682.723081221
682.723081221
682.723081221
682.723081221
682.723081221
682.723081221
682.723081221
682.723081221
682.723081221
682.723081221
682.723081221
682.723081221
682.723081221
682.723081221
682.723081221
682.723081221
682.723081221
682.723081221
682.723081221
682.723081221
682.723081221
682.723081221
682.723081221
682.723081221
682.723081221
682.723081221
682.723081221
682.723081221
682.723081221
682.723081221
682.723081221
682.723081221
682.723081221
682.723081221
682.723081221
682.723081221
682.723081221
682.723081221
682.723081221
682.723081221
682.723081221
682.723081221
682.723081221
682.723081221
682.723081221
682.723081221
682.723081221
682.723081221
682.723081221
682.723081221
682.723081221
682.723081221
682.723081221
682.723081221
682.723081221
682.723081221
682.723081221
682.723081221
682.723081221
682.723081221
682.723081221
682.723081221
682.723081221
682.723081221
682.723081221
682.723081221
682.723081221
682.723081221
682.723081221
682.723081221
682.723081221
682.723081221
682.723081221
682.723081221
682.723081221
682.723081221
682.723081221
682.723081221
682.723081221
682.723081221
682.723081221
682.723081221
682.723081221
682.723081221
682.723081221
682.723081221
682.723081221
682.723081221
682.723081221
682.723081221
682.723081221
682.723081221
682.723081221
682.723081221
682.723081221
682.723081221
682.723081221
682.723081221
682.723081221
682.723081221
682.723081221
682.723081221
682.723081221
682.723081221
682.723081221
682.723081221
682.723081221
682.723081221
682.723081221
682.723081221
682.723081221
682.723081221
682.723081221
682.723081221
682.723081221
682.723081221
682.723081221
682.723081221
682.723081221
682.723081221
682.723081221
682.723081221
682.723081221
682.723081221
682.723081221
682.723081221
682.723081221
682.723081221
682.723081221
682.723081221
682.723081221
682.723081221
682.723081221
682.723081221
682.723081221
682.723081221
682.723081221
682.723081221
682.723081221
682.723081221
682.723081221
682.723081221
682.723081221
682.723081221
682.723081221
682.723081221
682.723081221
682.723081221
682.723081221
682.723081221
682.723081221
682.723081221
682.723081221
682.723081221
682.723081221
682.723081221
682.723081221
682.723081221
682.723081221
682.723081221
682.723081221
682.723081221
682.723081221
682.723081221
682.723081221
682.723081221
682.723081221
682.723081221
682.723081221
682.723081221
682.723081221
682.723081221
682.723081221
682.723081221
682.723081221
682.723081221
682.723081221
682.723081221
682.723081221
682.723081221
682.723081221
682.723081221
682.723081221
682.723081221
682.723081221
682.723081221
682.723081221
682.723081221
682.723081221
682.723081221
682.723081221
682.723081221
682.723081221
682.723081221
682.723081221
682.723081221
682.723081221
682.723081221
682.723081221
682.723081221
682.723081221
682.723081221
682.723081221
682.723081221
682.723081221
682.723081221
682.723081221
682.723081221
682.723081221
682.723081221
682.723081221
682.723081221
682.723081221
682.723081221
682.723081221
682.723081221
682.723081221
682.723081221
682.723081221
682.723081221
682.723081221
682.723081221
682.723081221
682.723081221
682.723081221
682.723081221
682.723081221
682.723081221
682.723081221
682.723081221
682.723081221
682.723081221
682.723081221
682.723081221
682.723081221
682.723081221
682.723081221
682.723081221
682.723081221
682.723081221
682.723081221
682.723081221
682.723081221
682.723081221
682.723081221
682.723081221
682.723081221
682.723081221
682.723081221
682.723081221
682.723081221
682.723081221
682.723081221
682.723081221
682.723081221
682.723081221
682.723081221
682.723081221
682.723081221
682.723081221
682.723081221
682.723081221
682.723081221
682.723081221
682.723081221
682.723081221
682.723081221
682.723081221
682.723081221
682.723081221
682.723081221
682.723081221
682.723081221
682.723081221
682.723081221
682.723081221
682.723081221
682.723081221
682.723081221
682.723081221
682.723081221
682.723081221
682.723081221
682.723081221
682.723081221
682.723081221
682.723081221
682.723081221
682.723081221
682.723081221
682.723081221
682.723081221
682.723081221
682.723081221
682.723081221
682.723081221
682.723081221
682.723081221
682.723081221
682.723081221
682.723081221
682.723081221
682.723081221
682.723081221
682.723081221
682.723081221
682.723081221
682.723081221
682.723081221
682.723081221
682.723081221
682.723081221
682.723081221
682.723081221
682.723081221
682.723081221
682.723081221
682.723081221
682.723081221
682.723081221
682.723081221
682.723081221
682.723081221
682.723081221
682.723081221
682.723081221
682.723081221
682.723081221
682.723081221
682.723081221
682.723081221
682.723081221
682.723081221
682.723081221
682.723081221
682.723081221
682.723081221
682.723081221
682.723081221
682.723081221
682.723081221
682.723081221
682.723081221
682.723081221
682.723081221
682.723081221
682.723081221
682.723081221
682.723081221
682.723081221
682.723081221
682.723081221
682.723081221
682.723081221
682.723081221
682.723081221
682.723081221
682.723081221
682.723081221
682.723081221
682.723081221
682.723081221
682.723081221
682.723081221
682.723081221
682.723081221
682.723081221
682.723081221
682.723081221
682.723081221
682.723081221
682.723081221
682.723081221
682.723081221
682.723081221
682.723081221
682.723081221
682.723081221
682.723081221
682.723081221
682.723081221
682.723081221
682.723081221
682.723081221
682.723081221
682.723081221
682.723081221
682.723081221
682.723081221
682.723081221
682.723081221
682.723081221
682.723081221
682.723081221
682.723081221
682.723081221
682.723081221
682.723081221
682.723081221
682.723081221
682.723081221
682.723081221
682.723081221
682.723081221
682.723081221
682.723081221
682.723081221
682.723081221
682.723081221
682.723081221
682.723081221
682.723081221
682.723081221
682.723081221
682.723081221
682.723081221
682.723081221
682.723081221
682.723081221
682.723081221
682.723081221
682.723081221
682.723081221
682.723081221
682.723081221
682.723081221
682.723081221
682.723081221
682.723081221
682.723081221
682.723081221
682.723081221
682.723081221
682.723081221
682.723081221
682.723081221
682.723081221
682.723081221
682.723081221
682.723081221
682.723081221
682.723081221
682.723081221
682.723081221
682.723081221
682.723081221
682.723081221
682.723081221
682.723081221
682.723081221
682.723081221
682.723081221
682.723081221
682.723081221
682.723081221
682.723081221
682.723081221
682.723081221
682.723081221
682.723081221
682.723081221
682.723081221
682.723081221
682.723081221
682.723081221
682.723081221
682.723081221
682.723081221
682.723081221
682.723081221
682.723081221
682.723081221
682.723081221
682.723081221
682.723081221
682.723081221
682.723081221
682.723081221
682.723081221
682.723081221
682.723081221
682.723081221
682.723081221
682.723081221
682.723081221
682.723081221
682.723081221
682.723081221
682.723081221
682.723081221
682.723081221
682.723081221
682.723081221
682.723081221
682.723081221
682.723081221
682.723081221
682.723081221
682.723081221
682.723081221
682.723081221
682.723081221
682.723081221
682.723081221
682.723081221
682.723081221
682.723081221
682.723081221
682.723081221
682.723081221
682.723081221
682.723081221
682.723081221
682.723081221
682.723081221
682.723081221
682.723081221
682.723081221
682.723081221
682.723081221
682.723081221
682.723081221
682.723081221
682.723081221
682.723081221
682.723081221
682.723081221
682.723081221
682.723081221
682.723081221
682.723081221
682.723081221
682.723081221
682.723081221
682.723081221
682.723081221
682.723081221
682.723081221
682.723081221
682.723081221
682.723081221
682.723081221
682.723081221
682.723081221
682.723081221
682.723081221
682.723081221
682.723081221
682.723081221
682.723081221
682.723081221
682.723081221
682.723081221
682.723081221
682.723081221
682.723081221
682.723081221
682.723081221
682.723081221
682.723081221
682.723081221
682.723081221
682.723081221
682.723081221
682.723081221
682.723081221
682.723081221
682.723081221
682.723081221
682.723081221
682.723081221
682.723081221
682.723081221
682.723081221
682.723081221
682.723081221
682.723081221
682.723081221
682.723081221
682.723081221
682.723081221
682.723081221
682.723081221
682.723081221
682.723081221
682.723081221
682.723081221
682.723081221
682.723081221
682.723081221
682.723081221
682.723081221
682.723081221
682.723081221
682.723081221
682.723081221
682.723081221
682.723081221
682.723081221
682.723081221
682.723081221
682.723081221
682.723081221
682.723081221
682.723081221
682.723081221
682.723081221
682.723081221
682.723081221
682.723081221
682.723081221
682.723081221
682.723081221
682.723081221
682.723081221
682.723081221
682.723081221
682.723081221
682.723081221
682.723081221
682.723081221
682.723081221
682.723081221
682.723081221
682.723081221
682.723081221
682.723081221
682.723081221
682.723081221
682.723081221
682.723081221
682.723081221
682.723081221
682.723081221
682.723081221
682.723081221
682.723081221
682.723081221
682.723081221
682.723081221
682.723081221
682.723081221
682.723081221
682.723081221
682.723081221
682.723081221
682.723081221
682.723081221
682.723081221
682.723081221
682.723081221
682.723081221
682.723081221
682.723081221
682.723081221
682.723081221
682.723081221
682.723081221
682.723081221
682.723081221
682.723081221
682.723081221
682.723081221
682.723081221
682.723081221
682.723081221
682.723081221
682.723081221
682.723081221
682.723081221
682.723081221
682.723081221
682.723081221
682.723081221
682.723081221
682.723081221
682.723081221
682.723081221
682.723081221
682.723081221
682.723081221
682.723081221
682.723081221
682.723081221
682.723081221
682.723081221
682.723081221
682.723081221
682.723081221
682.723081221
682.723081221
682.723081221
682.723081221
682.723081221
682.723081221
682.723081221
682.723081221
682.723081221
682.723081221
682.723081221
682.723081221
682.723081221
682.723081221
682.723081221
682.723081221
682.723081221
682.723081221
682.723081221
682.723081221
682.723081221
682.723081221
682.723081221
682.723081221
682.723081221
682.723081221
682.723081221
682.723081221
682.723081221
682.723081221
682.723081221
682.723081221
682.723081221
682.723081221
682.723081221
682.723081221
682.723081221
682.723081221
682.723081221
682.723081221
682.723081221
682.723081221
682.723081221
682.723081221
682.723081221
682.723081221
682.723081221
682.723081221
682.723081221
682.723081221
682.723081221
682.723081221
682.723081221
682.723081221
682.723081221
682.723081221
682.723081221
682.723081221
682.723081221
682.723081221
682.723081221
682.723081221
682.723081221
682.723081221
682.723081221
682.723081221
682.723081221
682.723081221
682.723081221
682.723081221
682.723081221
682.723081221
682.723081221
682.723081221
682.723081221
682.723081221
682.723081221
682.723081221
682.723081221
682.723081221
682.723081221
682.723081221
682.723081221
682.723081221
682.723081221
682.723081221
682.723081221
682.723081221
682.723081221
682.723081221
682.723081221
682.723081221
682.723081221
682.723081221
682.723081221
682.723081221
682.723081221
682.723081221
682.723081221
682.723081221
682.723081221
682.723081221
682.723081221
682.723081221
682.723081221
682.723081221
682.723081221
682.723081221
682.723081221
682.723081221
682.723081221
682.723081221
682.723081221
682.723081221
682.723081221
682.723081221
682.723081221
682.723081221
682.723081221
682.723081221
682.723081221
682.723081221
682.723081221
682.723081221
682.723081221
682.723081221
682.723081221
682.723081221
682.723081221
682.723081221
682.723081221
682.723081221
682.723081221
682.723081221
682.723081221
682.723081221
682.723081221
682.723081221
682.723081221
682.723081221
682.723081221
682.723081221
682.723081221
682.723081221
682.723081221
682.723081221
682.723081221
682.723081221
682.723081221
682.723081221
682.723081221
682.723081221
682.723081221
682.723081221
682.723081221
682.723081221
682.723081221
682.723081221
682.723081221
682.723081221
682.723081221
682.723081221
682.723081221
682.723081221
682.723081221
682.723081221
682.723081221
682.723081221
682.723081221
682.723081221
682.723081221
682.723081221
682.723081221
682.723081221
682.723081221
682.723081221
682.723081221
682.723081221
682.723081221
682.723081221
682.723081221
682.723081221
682.723081221
682.723081221
682.723081221
682.723081221
682.723081221
682.723081221
682.723081221
682.723081221
682.723081221
682.723081221
682.723081221
682.723081221
682.723081221
682.723081221
682.723081221
682.723081221
682.723081221
682.723081221
682.723081221
682.723081221
682.723081221
682.723081221
682.723081221
682.723081221
682.723081221
682.723081221
682.723081221
682.723081221
682.723081221
682.723081221
682.723081221
682.723081221
682.723081221
682.723081221
682.723081221
682.723081221
682.723081221
682.723081221
682.723081221
682.723081221
682.723081221
682.723081221
682.723081221
682.723081221
682.723081221
682.723081221
682.723081221
682.723081221
682.723081221
682.723081221
682.723081221
682.723081221
682.723081221
682.723081221
682.723081221
682.723081221
682.723081221
682.723081221
682.723081221
682.723081221
682.723081221
682.723081221
682.723081221
682.723081221
682.723081221
682.723081221
682.723081221
682.723081221
682.723081221
682.723081221
682.723081221
682.723081221
682.723081221
682.723081221
682.723081221
682.723081221
682.723081221
682.723081221
682.723081221
682.723081221
682.723081221
682.723081221
682.723081221
682.723081221
682.723081221
682.723081221
682.723081221
682.723081221
682.723081221
682.723081221
682.723081221
682.723081221
682.723081221
682.723081221
682.723081221
682.723081221
682.723081221
682.723081221
682.723081221
682.723081221
682.723081221
682.723081221
682.723081221
682.723081221
682.723081221
682.723081221
682.723081221
682.723081221
682.723081221
682.723081221
682.723081221
682.723081221
682.723081221
682.723081221
682.723081221
682.723081221
682.723081221
682.723081221
682.723081221
682.723081221
682.723081221
682.723081221
682.723081221
682.723081221
682.723081221
682.723081221
682.723081221
682.723081221
682.723081221
682.723081221
682.723081221
682.723081221
682.723081221
682.723081221
682.723081221
682.723081221
682.723081221
682.723081221
682.723081221
682.723081221
682.723081221
682.723081221
682.723081221
682.723081221
682.723081221
682.723081221
682.723081221
682.723081221
682.723081221
682.723081221
682.723081221
682.723081221
682.723081221
682.723081221
682.723081221
682.723081221
682.723081221
682.723081221
682.723081221
682.723081221
682.723081221
682.723081221
682.723081221
682.723081221
682.723081221
682.723081221
682.723081221
682.723081221
682.723081221
682.723081221
682.723081221
682.723081221
682.723081221
682.723081221
682.723081221
682.723081221
682.723081221
682.723081221
682.723081221
682.723081221
682.723081221
682.723081221
682.723081221
682.723081221
682.723081221
682.723081221
682.723081221
682.723081221
682.723081221
682.723081221
682.723081221
682.723081221
682.723081221
682.723081221
682.723081221
682.723081221
682.723081221
682.723081221
682.723081221
682.723081221
682.723081221
682.723081221
682.723081221
682.723081221
682.723081221
682.723081221
682.723081221
682.723081221
682.723081221
682.723081221
682.723081221
682.723081221
682.723081221
682.723081221
682.723081221
682.723081221
682.723081221
682.723081221
682.723081221
682.723081221
682.723081221
682.723081221
682.723081221
682.723081221
682.723081221
682.723081221
682.723081221
682.723081221
682.723081221
682.723081221
682.723081221
682.723081221
682.723081221
682.723081221
682.723081221
682.723081221
682.723081221
682.723081221
682.723081221
682.723081221
682.723081221
682.723081221
682.723081221
682.723081221
682.723081221
682.723081221
682.723081221
682.723081221
682.723081221
682.723081221
682.723081221
682.723081221
682.723081221
682.723081221
682.723081221
682.723081221
682.723081221
682.723081221
682.723081221
682.723081221
682.723081221
682.723081221
682.723081221
682.723081221
682.723081221
682.723081221
682.723081221
682.723081221
682.723081221
682.723081221
682.723081221
682.723081221
682.723081221
682.723081221
682.723081221
682.723081221
682.723081221
682.723081221
682.723081221
682.723081221
682.723081221
682.723081221
682.723081221
682.723081221
682.723081221
682.723081221
682.723081221
682.723081221
682.723081221
682.723081221
682.723081221
682.723081221
682.723081221
682.723081221
682.723081221
682.723081221
682.723081221
682.723081221
682.723081221
682.723081221
682.723081221
682.723081221
682.723081221
682.723081221
682.723081221
682.723081221
682.723081221
682.723081221
682.723081221
682.723081221
682.723081221
682.723081221
682.723081221
682.723081221
682.723081221
682.723081221
682.723081221
682.723081221
682.723081221
682.723081221
682.723081221
682.723081221
682.723081221
682.723081221
682.723081221
682.723081221
682.723081221
682.723081221
682.723081221
682.723081221
682.723081221
682.723081221
682.723081221
682.723081221
682.723081221
682.723081221
682.723081221
682.723081221
682.723081221
682.723081221
682.723081221
682.723081221
682.723081221
682.723081221
682.723081221
682.723081221
682.723081221
682.723081221
682.723081221
682.723081221
682.723081221
682.723081221
682.723081221
682.723081221
682.723081221
682.723081221
682.723081221
682.723081221
682.723081221
682.723081221
682.723081221
682.723081221
682.723081221
682.723081221
682.723081221
682.723081221
682.723081221
682.723081221
682.723081221
682.723081221
682.723081221
682.723081221
682.723081221
682.723081221
682.723081221
682.723081221
682.723081221
682.723081221
682.723081221
682.723081221
682.723081221
682.723081221
682.723081221
682.723081221
682.723081221
682.723081221
682.723081221
682.723081221
682.723081221
682.723081221
682.723081221
682.723081221
682.723081221
682.723081221
682.723081221
682.723081221
682.723081221
682.723081221
682.723081221
682.723081221
682.723081221
682.723081221
682.723081221
682.723081221
682.723081221
682.723081221
682.723081221
682.723081221
682.723081221
682.723081221
682.723081221
682.723081221
682.723081221
682.723081221
682.723081221
682.723081221
682.723081221
682.723081221
682.723081221
682.723081221
682.723081221
682.723081221
682.723081221
682.723081221
682.723081221
682.723081221
682.723081221
682.723081221
682.723081221
682.723081221
682.723081221
682.723081221
682.723081221
682.723081221
682.723081221
682.723081221
682.723081221
682.723081221
682.723081221
682.723081221
682.723081221
682.723081221
682.723081221
682.723081221
682.723081221
682.723081221
682.723081221
682.723081221
682.723081221
682.723081221
682.723081221
682.723081221
682.723081221
682.723081221
682.723081221
682.723081221
682.723081221
682.723081221
682.723081221
682.723081221
682.723081221
682.723081221
682.723081221
682.723081221
682.723081221
682.723081221
682.723081221
682.723081221
682.723081221
682.723081221
682.723081221
682.723081221
682.723081221
682.723081221
682.723081221
682.723081221
682.723081221
682.723081221
682.723081221
682.723081221
682.723081221
682.723081221
682.723081221
682.723081221
682.723081221
682.723081221
682.723081221
682.723081221
682.723081221
682.723081221
682.723081221
682.723081221
682.723081221
682.723081221
682.723081221
682.723081221
682.723081221
682.723081221
682.723081221
682.723081221
682.723081221
682.723081221
682.723081221
682.723081221
682.723081221
682.723081221
682.723081221
682.723081221
682.723081221
682.723081221
682.723081221
682.723081221
682.723081221
682.723081221
682.723081221
682.723081221
682.723081221
682.723081221
682.723081221
682.723081221
682.723081221
682.723081221
682.723081221
682.723081221
682.723081221
682.723081221
682.723081221
682.723081221
682.723081221
682.723081221
682.723081221
682.723081221
682.723081221
682.723081221
682.723081221
682.723081221
682.723081221
682.723081221
682.723081221
682.723081221
682.723081221
682.723081221
682.723081221
682.723081221
682.723081221
682.723081221
682.723081221
682.723081221
682.723081221
682.723081221
682.723081221
682.723081221
682.723081221
682.723081221
682.723081221
682.723081221
682.723081221
682.723081221
682.723081221
682.723081221
682.723081221
682.723081221
682.723081221
682.723081221
682.723081221
682.723081221
682.723081221
682.723081221
682.723081221
682.723081221
682.723081221
682.723081221
682.723081221
682.723081221
682.723081221
682.723081221
682.723081221
682.723081221
682.723081221
682.723081221
682.723081221
682.723081221
682.723081221
682.723081221
682.723081221
682.723081221
682.723081221
682.723081221
682.723081221
682.723081221
682.723081221
682.723081221
682.723081221
682.723081221
682.723081221
682.723081221
682.723081221
682.723081221
682.723081221
682.723081221
682.723081221
682.723081221
682.723081221
682.723081221
682.723081221
682.723081221
682.723081221
682.723081221
682.723081221
682.723081221
682.723081221
682.723081221
682.723081221
682.723081221
682.723081221
682.723081221
682.723081221
682.723081221
682.723081221
682.723081221
682.723081221
682.723081221
682.723081221
682.723081221
682.723081221
682.723081221
682.723081221
682.723081221
682.723081221
682.723081221
682.723081221
682.723081221
682.723081221
682.723081221
682.723081221
682.723081221
682.723081221
682.723081221
682.723081221
682.723081221
682.723081221
682.723081221
682.723081221
682.723081221
682.723081221
682.723081221
682.723081221
682.723081221
682.723081221
682.723081221
682.723081221
682.723081221
682.723081221
682.723081221
682.723081221
682.723081221
682.723081221
682.723081221
682.723081221
682.723081221
682.723081221
682.723081221
682.723081221
682.723081221
682.723081221
682.723081221
682.723081221
682.723081221
682.723081221
682.723081221
682.723081221
682.723081221
682.723081221
682.723081221
682.723081221
682.723081221
682.723081221
682.723081221
682.723081221
682.723081221
682.723081221
682.723081221
682.723081221
682.723081221
682.723081221
682.723081221
682.723081221
682.723081221
682.723081221
682.723081221
682.723081221
682.723081221
682.723081221
682.723081221
682.723081221
682.723081221
682.723081221
682.723081221
682.723081221
682.723081221
682.723081221
682.723081221
682.723081221
682.723081221
682.723081221
682.723081221
682.723081221
682.723081221
682.723081221
682.723081221
682.723081221
682.723081221
682.723081221
682.723081221
682.723081221
682.723081221
682.723081221
682.723081221
682.723081221
682.723081221
682.723081221
682.723081221
682.723081221
682.723081221
682.723081221
682.723081221
682.723081221
682.723081221
682.723081221
682.723081221
682.723081221
682.723081221
682.723081221
682.723081221
682.723081221
682.723081221
682.723081221
682.723081221
682.723081221
682.723081221
682.723081221
682.723081221
682.723081221
682.723081221
682.723081221
682.723081221
682.723081221
682.723081221
682.723081221
682.723081221
682.723081221
682.723081221
682.723081221
682.723081221
682.723081221
682.723081221
682.723081221
682.723081221
682.723081221
682.723081221
682.723081221
682.723081221
682.723081221
682.723081221
682.723081221
682.723081221
682.723081221
682.723081221
682.723081221
682.723081221
682.723081221
682.723081221
682.723081221
682.723081221
682.723081221
682.723081221
682.723081221
682.723081221
682.723081221
682.723081221
682.723081221
682.723081221
682.723081221
682.723081221
682.723081221
682.723081221
682.723081221
682.723081221
682.723081221
682.723081221
682.723081221
682.723081221
682.723081221
682.723081221
682.723081221
682.723081221
682.723081221
682.723081221
682.723081221
682.723081221
682.723081221
682.723081221
682.723081221
682.723081221
682.723081221
682.723081221
682.723081221
682.723081221
682.723081221
682.723081221
682.723081221
682.723081221
682.723081221
682.723081221
682.723081221
682.723081221
682.723081221
682.723081221
682.723081221
682.723081221
682.723081221
682.723081221
682.723081221
682.723081221
682.723081221
682.723081221
682.723081221
682.723081221
682.723081221
682.723081221
682.723081221
682.723081221
682.723081221
682.723081221
682.723081221
682.723081221
682.723081221
682.723081221
682.723081221
682.723081221
682.723081221
682.723081221
682.723081221
682.723081221
682.723081221
682.723081221
682.723081221
682.723081221
682.723081221
682.723081221
682.723081221
682.723081221
682.723081221
682.723081221
682.723081221
682.723081221
682.723081221
682.723081221
682.723081221
682.723081221
682.723081221
682.723081221
682.723081221
682.723081221
682.723081221
682.723081221
682.723081221
682.723081221
682.723081221
682.723081221
682.723081221
682.723081221
682.723081221
682.723081221
682.723081221
682.723081221
682.723081221
682.723081221
682.723081221
682.723081221
682.723081221
682.723081221
682.723081221
682.723081221
682.723081221
682.723081221
682.723081221
682.723081221
682.723081221
682.723081221
682.723081221
682.723081221
682.723081221
682.723081221
682.723081221
682.723081221
682.723081221
682.723081221
682.723081221
682.723081221
682.723081221
682.723081221
682.723081221
682.723081221
682.723081221
682.723081221
682.723081221
682.723081221
682.723081221
682.723081221
682.723081221
682.723081221
682.723081221
682.723081221
682.723081221
682.723081221
682.723081221
682.723081221
682.723081221
682.723081221
682.723081221
682.723081221
682.723081221
682.723081221
682.723081221
682.723081221
682.723081221
682.723081221
682.723081221
682.723081221
682.723081221
682.723081221
682.723081221
682.723081221
682.723081221
682.723081221
682.723081221
682.723081221
682.723081221
682.723081221
682.723081221
682.723081221
682.723081221
682.723081221
682.723081221
682.723081221
682.723081221
682.723081221
682.723081221
682.723081221
682.723081221
682.723081221
682.723081221
682.723081221
682.723081221
682.723081221
682.723081221
682.723081221
682.723081221
682.723081221
682.723081221
682.723081221
682.723081221
682.723081221
682.723081221
682.723081221
682.723081221
682.723081221
682.723081221
682.723081221
682.723081221
682.723081221
682.723081221
682.723081221
682.723081221
682.723081221
682.723081221
682.723081221
682.723081221
682.723081221
682.723081221
682.723081221
682.723081221
682.723081221
682.723081221
682.723081221
682.723081221
682.723081221
682.723081221
682.723081221
682.723081221
682.723081221
682.723081221
682.723081221
682.723081221
682.723081221
682.723081221
682.723081221
682.723081221
682.723081221
682.723081221
682.723081221
682.723081221
682.723081221
682.723081221
682.723081221
682.723081221
682.723081221
682.723081221
682.723081221
682.723081221
682.723081221
682.723081221
682.723081221
682.723081221
682.723081221
682.723081221
682.723081221
682.723081221
682.723081221
682.723081221
682.723081221
682.723081221
682.723081221
682.723081221
682.723081221
682.723081221
682.723081221
682.723081221
682.723081221
682.723081221
682.723081221
682.723081221
682.723081221
682.723081221
682.723081221
682.723081221
682.723081221
682.723081221
682.723081221
682.723081221
682.723081221
682.723081221
682.723081221
682.723081221
682.723081221
682.723081221
682.723081221
682.723081221
682.723081221
682.723081221
682.723081221
682.723081221
682.723081221
682.723081221
682.723081221
682.723081221
682.723081221
682.723081221
682.723081221
682.723081221
682.723081221
682.723081221
682.723081221
682.723081221
682.723081221
682.723081221
682.723081221
682.723081221
682.723081221
682.723081221
682.723081221
682.723081221
682.723081221
682.723081221
682.723081221
682.723081221
682.723081221
682.723081221
682.723081221
682.723081221
682.723081221
682.723081221
682.723081221
682.723081221
682.723081221
682.723081221
682.723081221
682.723081221
682.723081221
682.723081221
682.723081221
682.723081221
682.723081221
682.723081221
682.723081221
682.723081221
682.723081221
682.723081221
682.723081221
682.723081221
682.723081221
682.723081221
682.723081221
682.723081221
682.723081221
682.723081221
682.723081221
682.723081221
682.723081221
682.723081221
682.723081221
682.723081221
682.723081221
682.723081221
682.723081221
682.723081221
682.723081221
682.723081221
682.723081221
682.723081221
682.723081221
682.723081221
682.723081221
682.723081221
682.723081221
682.723081221
682.723081221
682.723081221
682.723081221
682.723081221
682.723081221
682.723081221
682.723081221
682.723081221
682.723081221
682.723081221
682.723081221
682.723081221
682.723081221
682.723081221
682.723081221
682.723081221
682.723081221
682.723081221
682.723081221
682.723081221
682.723081221
682.723081221
682.723081221
682.723081221
682.723081221
682.723081221
682.723081221
682.723081221
682.723081221
682.723081221
682.723081221
682.723081221
682.723081221
682.723081221
682.723081221
682.723081221
682.723081221
682.723081221
682.723081221
682.723081221
682.723081221
682.723081221
682.723081221
682.723081221
682.723081221
682.723081221
682.723081221
682.723081221
682.723081221
682.723081221
682.723081221
682.723081221
682.723081221
682.723081221
682.723081221
682.723081221
682.723081221
682.723081221
682.723081221
682.723081221
682.723081221
682.723081221
682.723081221
682.723081221
682.723081221
682.723081221
682.723081221
682.723081221
682.723081221
682.723081221
682.723081221
682.723081221
682.723081221
682.723081221
682.723081221
682.723081221
682.723081221
682.723081221
682.723081221
682.723081221
682.723081221
682.723081221
682.723081221
682.723081221
682.723081221
682.723081221
682.723081221
682.723081221
682.723081221
682.723081221
682.723081221
682.723081221
682.723081221
682.723081221
682.723081221
682.723081221
682.723081221
682.723081221
682.723081221
682.723081221
682.723081221
682.723081221
682.723081221
682.723081221
682.723081221
682.723081221
682.723081221
682.723081221
682.723081221
682.723081221
682.723081221
682.723081221
682.723081221
682.723081221
682.723081221
682.723081221
682.723081221
682.723081221
682.723081221
682.723081221
682.723081221
682.723081221
682.723081221
682.723081221
682.723081221
682.723081221
682.723081221
682.723081221
682.723081221
682.723081221
682.723081221
682.723081221
682.723081221
682.723081221
682.723081221
682.723081221
682.723081221
682.723081221
682.723081221
682.723081221
682.723081221
682.723081221
682.723081221
682.723081221
682.723081221
682.723081221
682.723081221
682.723081221
682.723081221
682.723081221
682.723081221
682.723081221
682.723081221
682.723081221
682.723081221
682.723081221
682.723081221
682.723081221
682.723081221
682.723081221
682.723081221
682.723081221
682.723081221
682.723081221
682.723081221
682.723081221
682.723081221
682.723081221
682.723081221
682.723081221
682.723081221
682.723081221
682.723081221
682.723081221
682.723081221
682.723081221
682.723081221
682.723081221
682.723081221
682.723081221
682.723081221
682.723081221
682.723081221
682.723081221
682.723081221
682.723081221
682.723081221
682.723081221
682.723081221
682.723081221
682.723081221
682.723081221
682.723081221
682.723081221
682.723081221
682.723081221
682.723081221
682.723081221
682.723081221
682.723081221
682.723081221
682.723081221
682.723081221
682.723081221
682.723081221
682.723081221
682.723081221
682.723081221
682.723081221
682.723081221
682.723081221
682.723081221
682.723081221
682.723081221
682.723081221
682.723081221
682.723081221
682.723081221
682.723081221
682.723081221
682.723081221
682.723081221
682.723081221
682.723081221
682.723081221
682.723081221
682.723081221
682.723081221
682.723081221
682.723081221
682.723081221
682.723081221
682.723081221
682.723081221
682.723081221
682.723081221
682.723081221
682.723081221
682.723081221
682.723081221
682.723081221
682.723081221
682.723081221
682.723081221
682.723081221
682.723081221
682.723081221
682.723081221
682.723081221
682.723081221
682.723081221
682.723081221
682.723081221
682.723081221
682.723081221
682.723081221
682.723081221
682.723081221
682.723081221
682.723081221
682.723081221
682.723081221
682.723081221
682.723081221
682.723081221
682.723081221
682.723081221
682.723081221
682.723081221
682.723081221
682.723081221
682.723081221
682.723081221
682.723081221
682.723081221
682.723081221
682.723081221
682.723081221
682.723081221
682.723081221
682.723081221
682.723081221
682.723081221
682.723081221
682.723081221
682.723081221
682.723081221
682.723081221
682.723081221
682.723081221
682.723081221
682.723081221
682.723081221
682.723081221
682.723081221
682.723081221
682.723081221
682.723081221
682.723081221
682.723081221
682.723081221
682.723081221
682.723081221
682.723081221
682.723081221
682.723081221
682.723081221
682.723081221
682.723081221
682.723081221
682.723081221
682.723081221
682.723081221
682.723081221
682.723081221
682.723081221
682.723081221
682.723081221
682.723081221
682.723081221
682.723081221
682.723081221
682.723081221
682.723081221
682.723081221
682.723081221
682.723081221
682.723081221
682.723081221
682.723081221
682.723081221
682.723081221
682.723081221
682.723081221
682.723081221
682.723081221
682.723081221
682.723081221
682.723081221
682.723081221
682.723081221
682.723081221
682.723081221
682.723081221
682.723081221
682.723081221
682.723081221
682.723081221
682.723081221
682.723081221
682.723081221
682.723081221
682.723081221
682.723081221
682.723081221
682.723081221
682.723081221
682.723081221
682.723081221
682.723081221
682.723081221
682.723081221
682.723081221
682.723081221
682.723081221
682.723081221
682.723081221
682.723081221
682.723081221
682.723081221
682.723081221
682.723081221
682.723081221
682.723081221
682.723081221
682.723081221
682.723081221
682.723081221
682.723081221
682.723081221
682.723081221
682.723081221
682.723081221
682.723081221
682.723081221
682.723081221
682.723081221
682.723081221
682.723081221
682.723081221
682.723081221
682.723081221
682.723081221
682.723081221
682.723081221
682.723081221
682.723081221
682.723081221
682.723081221
682.723081221
682.723081221
682.723081221
682.723081221
682.723081221
682.723081221
682.723081221
682.723081221
682.723081221
682.723081221
682.723081221
682.723081221
682.723081221
682.723081221
682.723081221
682.723081221
682.723081221
682.723081221
682.723081221
682.723081221
682.723081221
682.723081221
682.723081221
682.723081221
682.723081221
682.723081221
682.723081221
682.723081221
682.723081221
682.723081221
682.723081221
682.723081221
682.723081221
682.723081221
682.723081221
682.723081221
682.723081221
682.723081221
682.723081221
682.723081221
682.723081221
682.723081221
682.723081221
682.723081221
682.723081221
682.723081221
682.723081221
682.723081221
682.723081221
682.723081221
682.723081221
682.723081221
682.723081221
682.723081221
682.723081221
682.723081221
682.723081221
682.723081221
682.723081221
682.723081221
682.723081221
682.723081221
682.723081221
682.723081221
682.723081221
682.723081221
682.723081221
682.723081221
682.723081221
682.723081221
682.723081221
682.723081221
682.723081221
682.723081221
682.723081221
682.723081221
682.723081221
682.723081221
682.723081221
