1732.46613731
1699.72178056
1646.79769667
1641.04867588
1605.04211713
1547.72265657
1509.53592865
1477.7706675
1440.94708799
1413.3746104
1362.60435947
1330.21292866
1314.78789018
1302.36171363
1281.72965648
1289.52546349
1292.56404562
1276.2810791
1265.11346065
1237.8832014
1259.72248998
1250.13097535
1241.48122658
1234.97773657
1233.99394381
1241.85926582
1232.48732933
1191.38160687
1143.40455625
1140.05471061
1126.05588038
1132.84649825
1102.38333845
1068.94809036
1049.16237197
1023.1015058
1030.13277161
1003.49310545
1014.71280152
998.670720767
989.41045452
989.41045452
1012.99237522
1000.00119691
1005.06928316
1007.4573176
1013.42992236
1015.65919676
1004.25095162
1001.86291718
1005.70135114
989.466284475
993.43337283
958.433236921
956.659531994
938.920401226
938.117341501
953.936481693
965.945949958
967.119044013
963.465657371
968.49228506
967.611661831
956.835827537
961.659007866
950.334754971
957.66288305
958.460398618
950.258582249
941.976822454
957.194036574
945.27919533
950.127514761
953.178852965
936.202732524
945.208395855
942.543599815
931.352543938
906.378179914
906.378179914
900.369285138
906.378179914
919.582225154
904.65989446
894.004264901
895.882565655
895.882565655
895.882565655
895.882565655
895.882565655
883.139993969
871.853033698
871.853033698
871.853033698
870.851371635
866.634590943
866.634590943
870.977863501
870.977863501
870.977863501
870.977863501
870.977863501
870.977863501
870.977863501
869.41206725
856.392347753
856.392347753
856.392347753
856.392347753
849.750045375
842.802961666
842.802961666
842.802961666
842.802961666
842.802961666
842.802961666
834.94607212
834.94607212
834.94607212
835.212422155
834.618907939
817.365137772
797.257693606
797.257693606
797.257693606
797.257693606
797.257693606
797.257693606
797.257693606
793.425244874
793.425244874
793.425244874
793.425244874
793.425244874
793.425244874
793.425244874
793.425244874
793.425244874
793.425244874
793.425244874
790.589227801
790.589227801
787.313200698
787.313200698
787.313200698
787.313200698
787.313200698
787.313200698
787.313200698
787.313200698
787.313200698
787.313200698
787.313200698
787.313200698
783.885141386
783.885141386
777.260517368
777.260517368
778.173903763
778.173903763
778.173903763
778.173903763
778.173903763
778.173903763
778.173903763
778.173903763
778.173903763
778.173903763
778.173903763
778.173903763
778.173903763
778.173903763
778.173903763
778.173903763
778.173903763
778.173903763
778.173903763
778.173903763
778.173903763
772.816155358
772.816155358
772.816155358
772.816155358
772.816155358
772.816155358
772.816155358
772.816155358
772.816155358
772.816155358
766.643520477
766.643520477
766.643520477
766.643520477
766.643520477
766.643520477
766.643520477
763.229256688
763.229256688
763.229256688
763.229256688
763.229256688
763.229256688
763.229256688
763.229256688
763.229256688
756.545245194
756.545245194
753.053325232
753.053325232
753.053325232
753.053325232
753.053325232
753.053325232
753.053325232
753.053325232
753.053325232
753.053325232
753.053325232
753.053325232
753.053325232
753.053325232
753.053325232
753.053325232
753.053325232
753.053325232
750.529051484
750.529051484
750.529051484
750.529051484
750.529051484
750.529051484
750.529051484
750.529051484
744.878050455
744.878050455
744.878050455
744.878050455
744.878050455
744.878050455
744.878050455
733.21981419
733.21981419
729.566762188
729.566762188
729.566762188
729.566762188
729.566762188
729.566762188
729.566762188
729.566762188
729.566762188
729.566762188
729.566762188
729.566762188
729.566762188
729.566762188
729.566762188
729.566762188
729.566762188
729.566762188
729.566762188
729.566762188
729.566762188
729.566762188
729.566762188
729.566762188
729.566762188
729.566762188
729.566762188
729.566762188
729.566762188
729.566762188
729.566762188
717.957552249
717.957552249
717.957552249
717.957552249
717.957552249
707.908654877
707.908654877
701.792115258
701.792115258
701.792115258
701.792115258
701.792115258
701.792115258
701.792115258
701.792115258
701.792115258
701.792115258
701.792115258
701.792115258
701.792115258
701.792115258
701.792115258
701.792115258
701.792115258
700.141739275
700.141739275
700.141739275
700.141739275
700.141739275
700.141739275
700.141739275
700.141739275
700.141739275
700.141739275
700.141739275
700.141739275
700.141739275
700.141739275
700.141739275
700.141739275
700.141739275
700.141739275
693.773833089
693.773833089
693.773833089
693.065903497
683.289971671
683.289971671
682.283536986
682.283536986
682.283536986
682.283536986
682.283536986
682.283536986
682.283536986
682.283536986
682.283536986
682.283536986
682.283536986
682.283536986
682.283536986
682.283536986
682.283536986
682.283536986
682.283536986
682.283536986
682.283536986
682.283536986
682.283536986
682.283536986
682.283536986
682.283536986
682.283536986
682.283536986
682.283536986
682.283536986
682.283536986
682.283536986
682.283536986
682.283536986
682.283536986
682.283536986
682.283536986
682.283536986
680.471978591
680.471978591
680.471978591
680.471978591
680.471978591
680.471978591
680.471978591
680.471978591
680.471978591
680.471978591
680.471978591
680.471978591
680.471978591
680.471978591
680.471978591
675.342642507
675.342642507
675.342642507
675.342642507
675.342642507
675.342642507
659.963271721
659.963271721
659.963271721
659.963271721
659.963271721
659.963271721
659.963271721
659.963271721
659.963271721
659.963271721
659.963271721
659.963271721
659.963271721
659.963271721
659.963271721
659.963271721
659.963271721
659.963271721
659.963271721
659.963271721
659.963271721
659.963271721
659.963271721
659.963271721
659.963271721
659.963271721
652.271440497
652.271440497
652.271440497
652.271440497
652.271440497
652.271440497
652.271440497
652.271440497
652.271440497
652.271440497
652.271440497
625.277610924
625.277610924
625.277610924
625.277610924
625.277610924
625.277610924
625.277610924
625.277610924
625.277610924
625.277610924
625.277610924
625.277610924
625.277610924
625.277610924
625.277610924
625.277610924
625.277610924
625.277610924
625.277610924
625.277610924
625.277610924
625.277610924
625.277610924
625.277610924
625.277610924
625.277610924
625.277610924
625.277610924
625.277610924
625.277610924
625.277610924
625.277610924
625.277610924
625.277610924
625.277610924
625.277610924
625.277610924
625.277610924
625.277610924
625.277610924
625.277610924
625.277610924
625.277610924
625.277610924
625.277610924
625.277610924
625.277610924
624.968087742
624.968087742
624.968087742
624.968087742
624.968087742
624.968087742
624.968087742
624.968087742
624.968087742
624.968087742
624.968087742
624.968087742
624.968087742
624.968087742
624.968087742
624.968087742
624.968087742
624.968087742
624.106268957
619.40414236
619.40414236
619.40414236
619.40414236
619.40414236
619.40414236
619.40414236
619.40414236
619.40414236
619.40414236
619.40414236
619.40414236
619.40414236
619.40414236
619.40414236
619.40414236
619.40414236
619.40414236
619.40414236
619.40414236
619.40414236
619.40414236
619.40414236
619.40414236
619.40414236
619.40414236
619.40414236
619.40414236
619.40414236
619.40414236
619.40414236
619.40414236
619.40414236
619.40414236
619.40414236
619.40414236
619.40414236
619.40414236
619.40414236
619.40414236
619.40414236
619.40414236
619.40414236
619.40414236
619.40414236
619.40414236
619.40414236
619.40414236
619.40414236
619.40414236
619.40414236
619.40414236
619.40414236
619.40414236
616.283536598
616.283536598
616.283536598
616.283536598
616.283536598
616.283536598
616.283536598
616.283536598
616.283536598
616.283536598
616.283536598
616.283536598
616.283536598
616.283536598
616.283536598
616.025234437
616.025234437
616.025234437
616.025234437
616.025234437
616.025234437
616.025234437
616.025234437
616.025234437
616.025234437
616.025234437
616.025234437
616.025234437
616.025234437
616.025234437
616.025234437
616.025234437
616.025234437
616.025234437
616.025234437
616.025234437
616.025234437
616.025234437
614.537680832
614.537680832
614.537680832
614.537680832
614.537680832
614.310574682
614.310574682
614.310574682
614.310574682
614.310574682
614.310574682
614.310574682
614.310574682
611.687327442
611.687327442
611.687327442
611.687327442
608.794797701
608.794797701
608.794797701
608.794797701
608.794797701
608.794797701
608.794797701
608.794797701
608.794797701
608.794797701
608.794797701
608.794797701
608.794797701
608.794797701
608.794797701
608.794797701
608.794797701
608.794797701
608.794797701
608.794797701
608.794797701
608.794797701
608.794797701
608.794797701
608.794797701
608.794797701
608.794797701
608.794797701
608.794797701
608.794797701
608.794797701
608.794797701
608.794797701
608.794797701
608.794797701
608.794797701
608.794797701
608.794797701
608.794797701
608.794797701
608.794797701
608.794797701
608.794797701
608.794797701
608.794797701
608.794797701
608.794797701
608.794797701
608.794797701
608.794797701
608.794797701
608.794797701
608.794797701
608.794797701
608.794797701
608.794797701
608.794797701
608.794797701
608.794797701
608.794797701
608.794797701
608.794797701
608.794797701
608.794797701
608.794797701
608.794797701
608.794797701
608.794797701
608.794797701
608.794797701
608.794797701
608.794797701
608.794797701
608.794797701
608.794797701
608.794797701
608.794797701
608.794797701
608.794797701
608.794797701
608.794797701
608.794797701
608.794797701
608.794797701
607.929424917
607.929424917
607.929424917
607.929424917
607.929424917
607.929424917
607.929424917
607.929424917
607.929424917
607.929424917
607.929424917
607.929424917
607.929424917
607.929424917
606.268405239
606.268405239
606.268405239
606.268405239
606.268405239
606.268405239
606.268405239
606.268405239
606.268405239
606.268405239
606.268405239
606.268405239
606.268405239
606.268405239
606.268405239
606.268405239
606.268405239
606.268405239
606.268405239
606.268405239
606.268405239
606.268405239
606.268405239
606.268405239
606.268405239
606.268405239
606.268405239
606.268405239
606.268405239
606.268405239
606.268405239
590.076764442
590.076764442
590.076764442
590.076764442
590.076764442
590.076764442
590.076764442
590.076764442
590.076764442
590.076764442
590.076764442
590.076764442
590.076764442
590.076764442
590.076764442
590.076764442
590.076764442
590.076764442
590.076764442
590.076764442
590.076764442
590.076764442
590.076764442
590.076764442
590.076764442
590.076764442
590.076764442
590.076764442
590.076764442
590.076764442
590.076764442
590.076764442
590.076764442
590.076764442
590.076764442
590.076764442
590.076764442
590.076764442
590.076764442
590.076764442
590.076764442
590.076764442
590.076764442
590.076764442
590.076764442
590.076764442
590.076764442
590.076764442
590.076764442
590.076764442
590.076764442
590.076764442
590.076764442
590.076764442
590.076764442
590.076764442
590.076764442
590.076764442
590.076764442
590.076764442
590.076764442
590.076764442
590.076764442
590.076764442
590.076764442
590.076764442
590.076764442
590.076764442
590.076764442
590.076764442
590.076764442
590.076764442
590.076764442
590.076764442
590.076764442
590.076764442
590.076764442
590.076764442
590.076764442
590.076764442
590.076764442
590.076764442
590.076764442
590.076764442
590.076764442
590.076764442
590.076764442
590.076764442
590.076764442
590.076764442
590.076764442
590.076764442
590.076764442
590.076764442
590.076764442
590.076764442
590.076764442
590.076764442
590.076764442
590.076764442
590.076764442
590.076764442
590.076764442
590.076764442
590.076764442
590.076764442
590.076764442
590.076764442
590.076764442
590.076764442
590.076764442
590.076764442
590.076764442
590.076764442
590.076764442
590.076764442
590.076764442
590.076764442
590.076764442
590.076764442
590.076764442
590.076764442
590.076764442
590.076764442
590.076764442
590.076764442
590.076764442
590.076764442
590.076764442
590.076764442
590.076764442
590.076764442
590.076764442
590.076764442
590.076764442
590.076764442
590.076764442
590.076764442
590.076764442
590.076764442
590.076764442
590.076764442
590.076764442
590.076764442
590.076764442
590.076764442
590.076764442
590.076764442
590.076764442
590.076764442
590.076764442
590.076764442
590.076764442
590.076764442
588.110793827
588.110793827
588.110793827
588.110793827
588.110793827
588.110793827
588.110793827
588.110793827
588.110793827
588.110793827
588.110793827
588.110793827
588.110793827
588.110793827
588.110793827
588.110793827
588.110793827
588.110793827
588.110793827
588.110793827
588.110793827
588.110793827
588.110793827
588.110793827
588.110793827
588.110793827
588.110793827
588.110793827
588.110793827
588.110793827
588.110793827
588.110793827
588.110793827
588.110793827
588.110793827
588.110793827
588.110793827
588.110793827
588.110793827
588.110793827
588.110793827
588.110793827
588.110793827
588.110793827
588.110793827
588.110793827
588.110793827
588.110793827
588.110793827
588.110793827
588.110793827
588.110793827
586.06446745
586.06446745
586.06446745
586.06446745
586.06446745
586.06446745
586.06446745
586.06446745
586.06446745
586.06446745
586.06446745
586.06446745
586.06446745
586.06446745
586.06446745
586.06446745
586.06446745
586.06446745
586.06446745
586.06446745
586.06446745
586.06446745
586.06446745
586.06446745
586.06446745
586.06446745
586.06446745
586.06446745
586.06446745
586.06446745
586.06446745
586.06446745
586.06446745
586.06446745
586.06446745
586.06446745
586.06446745
586.06446745
586.06446745
586.06446745
586.06446745
586.06446745
586.06446745
586.06446745
585.737048418
585.737048418
585.737048418
585.737048418
585.737048418
585.737048418
585.737048418
585.737048418
585.737048418
585.737048418
585.737048418
585.737048418
585.737048418
585.737048418
585.737048418
585.737048418
585.737048418
585.737048418
585.737048418
585.737048418
585.737048418
585.737048418
585.737048418
585.737048418
585.737048418
585.737048418
585.737048418
585.737048418
585.737048418
585.737048418
585.737048418
584.930923238
584.930923238
584.930923238
584.930923238
584.930923238
584.930923238
584.930923238
584.930923238
584.930923238
584.930923238
584.930923238
584.930923238
584.930923238
584.930923238
584.930923238
584.930923238
584.930923238
584.930923238
584.930923238
584.930923238
584.930923238
584.930923238
584.930923238
584.930923238
584.930923238
584.930923238
584.930923238
584.930923238
584.930923238
584.930923238
584.930923238
584.930923238
584.930923238
584.930923238
584.930923238
584.930923238
584.930923238
584.930923238
584.655600865
584.655600865
584.655600865
584.655600865
584.655600865
584.655600865
584.655600865
584.655600865
584.655600865
584.655600865
584.655600865
584.655600865
584.655600865
584.655600865
584.655600865
584.655600865
584.655600865
584.655600865
584.655600865
584.655600865
584.655600865
584.655600865
584.655600865
584.655600865
584.655600865
584.655600865
584.655600865
584.655600865
584.655600865
584.655600865
584.655600865
584.655600865
584.655600865
584.655600865
584.655600865
584.655600865
584.655600865
584.655600865
584.655600865
584.655600865
584.655600865
584.655600865
584.655600865
584.655600865
584.655600865
584.655600865
584.655600865
584.655600865
584.655600865
584.655600865
584.655600865
584.655600865
584.655600865
584.655600865
584.655600865
584.655600865
584.655600865
584.655600865
584.655600865
584.655600865
584.655600865
584.655600865
584.655600865
584.655600865
584.655600865
584.655600865
584.655600865
584.655600865
584.655600865
584.655600865
584.655600865
584.655600865
584.655600865
584.655600865
584.655600865
584.655600865
584.655600865
584.655600865
584.655600865
584.655600865
584.655600865
584.655600865
584.655600865
584.655600865
584.655600865
584.655600865
584.655600865
584.655600865
584.655600865
584.655600865
584.655600865
584.655600865
584.655600865
584.655600865
584.655600865
584.655600865
584.655600865
584.655600865
584.655600865
584.655600865
584.655600865
584.655600865
584.655600865
584.655600865
584.655600865
584.655600865
584.655600865
584.655600865
584.655600865
584.655600865
584.655600865
584.655600865
584.655600865
584.655600865
584.655600865
584.655600865
584.655600865
584.655600865
584.655600865
584.655600865
584.655600865
584.655600865
584.655600865
584.655600865
584.655600865
584.655600865
584.655600865
584.655600865
584.655600865
584.655600865
584.655600865
584.655600865
584.655600865
584.655600865
584.655600865
584.655600865
584.655600865
584.655600865
584.655600865
584.655600865
584.655600865
584.655600865
584.655600865
584.655600865
584.655600865
584.655600865
584.655600865
584.655600865
584.655600865
584.655600865
584.655600865
584.655600865
584.655600865
584.655600865
584.655600865
584.655600865
584.655600865
584.655600865
584.655600865
584.655600865
584.655600865
584.655600865
584.655600865
584.655600865
584.655600865
584.655600865
584.655600865
584.655600865
584.655600865
584.655600865
584.655600865
584.655600865
584.655600865
584.655600865
584.655600865
584.655600865
584.655600865
584.655600865
584.655600865
584.655600865
584.655600865
584.655600865
584.655600865
584.655600865
584.655600865
584.655600865
584.655600865
584.655600865
584.655600865
584.655600865
584.655600865
584.655600865
584.655600865
584.655600865
584.655600865
584.655600865
584.655600865
584.655600865
584.655600865
584.655600865
584.655600865
584.655600865
584.655600865
584.655600865
584.655600865
584.655600865
584.655600865
584.655600865
584.655600865
584.655600865
584.655600865
584.655600865
584.655600865
584.655600865
584.655600865
584.655600865
584.655600865
584.655600865
584.655600865
584.655600865
584.655600865
584.655600865
584.655600865
584.655600865
584.655600865
584.655600865
584.655600865
584.655600865
584.655600865
584.655600865
584.655600865
584.655600865
584.655600865
584.655600865
584.655600865
584.655600865
584.655600865
584.655600865
584.655600865
584.655600865
584.655600865
584.655600865
584.655600865
584.655600865
584.655600865
584.655600865
584.655600865
584.655600865
584.655600865
584.655600865
584.655600865
584.655600865
584.655600865
584.655600865
584.655600865
584.655600865
584.655600865
584.655600865
584.655600865
584.655600865
584.655600865
584.655600865
584.655600865
584.655600865
584.655600865
584.655600865
584.655600865
584.655600865
584.655600865
584.655600865
584.655600865
584.655600865
584.655600865
584.655600865
584.655600865
584.655600865
584.655600865
584.655600865
584.655600865
584.655600865
584.655600865
584.655600865
584.655600865
584.655600865
584.655600865
584.655600865
584.655600865
584.655600865
584.655600865
584.655600865
584.655600865
584.655600865
584.655600865
584.655600865
584.655600865
584.655600865
584.655600865
584.655600865
584.655600865
584.655600865
584.655600865
584.655600865
584.655600865
584.655600865
584.655600865
576.582534047
576.582534047
576.582534047
576.582534047
576.582534047
576.582534047
576.582534047
576.582534047
576.582534047
576.582534047
573.310309294
573.310309294
573.310309294
573.310309294
573.310309294
573.310309294
573.310309294
573.310309294
573.310309294
573.310309294
573.310309294
573.310309294
573.310309294
573.310309294
573.310309294
573.310309294
573.310309294
573.310309294
573.310309294
573.310309294
573.310309294
573.310309294
573.310309294
573.310309294
573.310309294
573.310309294
573.310309294
573.310309294
573.310309294
573.310309294
573.310309294
573.310309294
573.310309294
573.310309294
573.310309294
573.310309294
573.310309294
573.310309294
573.310309294
573.310309294
573.310309294
573.310309294
573.310309294
573.310309294
573.310309294
573.310309294
573.310309294
573.310309294
573.310309294
573.310309294
573.310309294
573.310309294
573.310309294
573.310309294
573.310309294
573.310309294
573.310309294
573.310309294
573.310309294
573.310309294
573.310309294
573.310309294
573.310309294
573.310309294
573.310309294
573.310309294
573.310309294
573.310309294
573.310309294
573.310309294
573.310309294
573.310309294
573.310309294
573.310309294
573.310309294
573.310309294
573.310309294
573.310309294
573.310309294
573.310309294
573.310309294
573.310309294
573.310309294
573.310309294
573.310309294
573.310309294
573.310309294
573.310309294
573.310309294
573.310309294
573.310309294
573.310309294
573.310309294
573.310309294
573.310309294
573.310309294
573.310309294
573.310309294
573.310309294
573.310309294
573.310309294
573.310309294
573.310309294
573.310309294
573.310309294
573.310309294
573.310309294
573.310309294
573.310309294
573.310309294
573.310309294
573.310309294
573.310309294
573.310309294
573.310309294
573.310309294
573.310309294
573.310309294
573.310309294
573.310309294
573.310309294
573.310309294
573.310309294
573.310309294
573.310309294
573.310309294
573.310309294
573.310309294
573.310309294
573.310309294
573.310309294
573.310309294
573.310309294
573.310309294
573.310309294
573.310309294
573.310309294
573.310309294
573.310309294
573.310309294
573.310309294
573.310309294
573.310309294
573.310309294
573.310309294
573.310309294
573.310309294
573.310309294
573.310309294
573.310309294
573.310309294
573.310309294
573.310309294
573.310309294
573.310309294
573.310309294
573.310309294
573.310309294
573.310309294
573.310309294
573.310309294
573.310309294
573.310309294
573.310309294
573.310309294
573.310309294
573.310309294
573.310309294
573.310309294
573.310309294
573.310309294
573.310309294
573.310309294
573.310309294
573.310309294
573.310309294
573.310309294
573.310309294
573.310309294
573.310309294
573.310309294
573.310309294
573.310309294
573.310309294
573.310309294
573.310309294
573.310309294
573.310309294
573.310309294
573.310309294
573.310309294
573.310309294
573.310309294
573.310309294
573.310309294
573.310309294
573.310309294
573.310309294
573.310309294
573.310309294
573.310309294
573.310309294
573.310309294
573.310309294
573.310309294
573.310309294
573.310309294
573.310309294
573.310309294
573.310309294
573.310309294
573.310309294
573.310309294
573.310309294
573.310309294
573.310309294
573.310309294
573.310309294
573.310309294
573.310309294
573.310309294
573.310309294
573.310309294
573.310309294
573.310309294
573.310309294
573.310309294
573.310309294
573.310309294
573.310309294
573.310309294
573.310309294
573.310309294
573.310309294
573.310309294
573.310309294
573.310309294
573.310309294
573.310309294
573.310309294
573.310309294
573.310309294
573.310309294
573.310309294
573.310309294
573.310309294
573.310309294
573.310309294
573.310309294
573.310309294
573.310309294
573.310309294
573.310309294
573.310309294
573.310309294
573.310309294
573.310309294
573.310309294
573.310309294
573.310309294
573.310309294
573.310309294
573.310309294
573.310309294
573.310309294
573.310309294
573.310309294
573.310309294
573.310309294
573.310309294
573.310309294
573.310309294
573.310309294
573.310309294
573.310309294
573.310309294
573.310309294
573.310309294
573.310309294
573.310309294
573.310309294
573.310309294
573.310309294
573.310309294
573.310309294
573.310309294
573.310309294
573.310309294
573.310309294
573.310309294
573.310309294
573.310309294
573.310309294
573.310309294
573.310309294
573.310309294
573.310309294
573.310309294
573.310309294
573.310309294
573.310309294
573.310309294
573.310309294
573.310309294
573.310309294
573.310309294
573.310309294
573.310309294
573.310309294
573.310309294
573.310309294
573.310309294
573.310309294
573.310309294
573.310309294
573.310309294
573.310309294
573.310309294
573.310309294
573.310309294
573.310309294
573.310309294
573.310309294
573.310309294
573.310309294
573.310309294
573.310309294
573.310309294
573.310309294
573.310309294
573.310309294
573.310309294
573.310309294
573.310309294
573.310309294
573.310309294
573.310309294
573.310309294
573.310309294
573.310309294
573.310309294
573.310309294
573.310309294
573.310309294
573.310309294
573.310309294
573.310309294
573.310309294
573.310309294
573.310309294
573.310309294
573.310309294
573.310309294
573.310309294
573.310309294
573.310309294
573.310309294
573.310309294
573.310309294
573.310309294
573.310309294
573.310309294
573.310309294
573.310309294
573.310309294
573.310309294
573.310309294
573.310309294
573.310309294
573.310309294
573.310309294
573.310309294
573.310309294
573.310309294
573.310309294
573.310309294
573.310309294
573.310309294
573.310309294
573.310309294
573.310309294
573.310309294
573.310309294
573.310309294
573.310309294
573.310309294
573.310309294
573.310309294
573.310309294
573.310309294
573.310309294
573.310309294
573.310309294
573.310309294
573.310309294
573.310309294
573.310309294
573.310309294
573.310309294
573.310309294
573.310309294
573.310309294
573.310309294
573.310309294
573.310309294
573.310309294
573.310309294
573.310309294
573.310309294
573.310309294
573.310309294
573.310309294
573.310309294
573.310309294
573.310309294
573.310309294
573.310309294
573.310309294
573.310309294
573.310309294
573.310309294
573.310309294
573.310309294
573.310309294
573.310309294
573.310309294
573.310309294
573.310309294
573.310309294
573.310309294
573.310309294
573.310309294
573.310309294
573.310309294
573.310309294
573.310309294
573.310309294
573.310309294
573.310309294
573.310309294
573.310309294
573.310309294
573.310309294
573.310309294
573.310309294
573.310309294
573.310309294
573.310309294
573.310309294
573.310309294
573.310309294
573.310309294
573.310309294
573.310309294
573.310309294
573.310309294
573.310309294
573.310309294
573.310309294
573.310309294
573.310309294
573.310309294
573.310309294
573.310309294
573.310309294
573.310309294
573.310309294
573.310309294
573.310309294
573.310309294
573.310309294
573.310309294
573.310309294
573.310309294
573.310309294
573.310309294
573.310309294
573.310309294
573.310309294
573.310309294
573.310309294
573.310309294
573.310309294
573.310309294
573.310309294
573.310309294
573.310309294
573.310309294
573.310309294
573.310309294
573.310309294
573.310309294
573.310309294
573.310309294
573.310309294
573.310309294
573.310309294
573.310309294
573.310309294
573.310309294
573.310309294
573.310309294
573.310309294
573.310309294
573.310309294
573.310309294
573.310309294
573.310309294
573.310309294
573.310309294
573.310309294
573.310309294
573.310309294
573.310309294
573.310309294
573.310309294
573.310309294
573.310309294
573.310309294
573.310309294
573.310309294
573.310309294
573.310309294
573.310309294
573.310309294
573.310309294
573.310309294
573.310309294
573.310309294
573.310309294
573.310309294
573.310309294
573.310309294
573.310309294
573.310309294
573.310309294
573.310309294
573.310309294
573.310309294
573.310309294
573.310309294
573.310309294
573.310309294
573.310309294
573.310309294
573.310309294
573.310309294
573.310309294
573.310309294
573.310309294
573.310309294
573.310309294
573.310309294
573.310309294
573.310309294
573.310309294
573.310309294
573.310309294
573.310309294
573.310309294
573.310309294
573.310309294
573.310309294
573.310309294
573.310309294
573.310309294
573.310309294
573.310309294
573.310309294
573.310309294
573.310309294
573.310309294
573.310309294
573.310309294
573.310309294
573.310309294
573.310309294
573.310309294
573.310309294
573.310309294
573.310309294
573.310309294
573.310309294
573.310309294
573.310309294
573.310309294
573.310309294
573.310309294
573.310309294
573.310309294
573.310309294
573.310309294
573.310309294
573.310309294
573.310309294
573.310309294
573.310309294
573.310309294
573.310309294
573.310309294
573.310309294
573.310309294
573.310309294
573.310309294
573.310309294
573.310309294
573.310309294
573.310309294
573.310309294
573.310309294
573.310309294
573.310309294
573.310309294
573.310309294
573.310309294
573.310309294
573.310309294
573.310309294
573.310309294
573.310309294
573.310309294
573.310309294
573.310309294
573.310309294
573.310309294
573.310309294
573.310309294
573.310309294
573.310309294
573.310309294
573.310309294
573.310309294
573.310309294
573.310309294
573.310309294
573.310309294
573.310309294
573.310309294
573.310309294
573.310309294
573.310309294
573.310309294
573.310309294
573.310309294
573.310309294
573.310309294
573.310309294
573.310309294
573.310309294
573.310309294
573.310309294
573.310309294
573.310309294
573.310309294
573.310309294
573.310309294
573.310309294
573.310309294
573.310309294
573.310309294
573.310309294
573.310309294
573.310309294
573.310309294
573.310309294
573.310309294
573.310309294
573.310309294
573.310309294
573.310309294
573.310309294
573.310309294
573.310309294
573.310309294
573.310309294
573.310309294
573.310309294
573.310309294
573.310309294
573.310309294
573.310309294
573.310309294
573.310309294
573.310309294
573.310309294
573.310309294
573.310309294
573.310309294
573.310309294
573.310309294
573.310309294
573.310309294
573.310309294
573.310309294
573.310309294
573.310309294
573.310309294
573.310309294
573.310309294
573.310309294
573.310309294
573.310309294
573.310309294
573.310309294
573.310309294
573.310309294
573.310309294
573.310309294
573.310309294
573.310309294
573.310309294
573.310309294
573.310309294
573.310309294
573.310309294
573.310309294
573.310309294
573.310309294
573.310309294
573.310309294
573.310309294
573.310309294
573.310309294
573.310309294
573.310309294
573.310309294
573.310309294
573.310309294
573.310309294
573.310309294
573.310309294
573.310309294
573.310309294
573.310309294
573.310309294
573.310309294
573.310309294
573.310309294
573.310309294
573.310309294
573.310309294
573.310309294
573.310309294
573.310309294
573.310309294
573.310309294
573.310309294
573.310309294
573.310309294
573.310309294
573.310309294
573.310309294
573.310309294
573.310309294
573.310309294
573.310309294
573.310309294
573.310309294
573.310309294
573.310309294
573.310309294
573.310309294
573.310309294
573.310309294
573.310309294
573.310309294
573.310309294
573.310309294
573.310309294
573.310309294
573.310309294
573.310309294
573.310309294
573.310309294
573.310309294
573.310309294
573.310309294
573.310309294
573.310309294
573.310309294
573.310309294
573.310309294
573.310309294
573.310309294
573.310309294
573.310309294
573.310309294
573.310309294
573.310309294
573.310309294
573.310309294
573.310309294
573.310309294
573.310309294
573.310309294
573.310309294
573.310309294
573.310309294
573.310309294
573.310309294
573.310309294
573.310309294
573.310309294
573.310309294
573.310309294
573.310309294
573.310309294
573.310309294
573.310309294
573.310309294
573.310309294
573.310309294
573.310309294
573.310309294
573.310309294
573.310309294
573.310309294
573.310309294
573.310309294
573.310309294
573.310309294
573.310309294
573.310309294
573.310309294
573.310309294
573.310309294
573.310309294
573.310309294
573.310309294
573.310309294
573.310309294
573.310309294
573.310309294
573.310309294
573.310309294
573.310309294
573.310309294
573.310309294
573.310309294
573.310309294
573.310309294
573.310309294
573.310309294
573.310309294
573.310309294
573.310309294
573.310309294
573.310309294
573.310309294
573.310309294
573.310309294
573.310309294
573.310309294
573.310309294
573.310309294
573.310309294
573.310309294
573.310309294
573.310309294
573.310309294
573.310309294
573.310309294
573.310309294
573.310309294
573.310309294
573.310309294
573.310309294
573.310309294
573.310309294
573.310309294
573.310309294
573.310309294
573.310309294
573.310309294
573.310309294
573.310309294
573.310309294
573.310309294
573.310309294
573.310309294
573.310309294
573.310309294
573.310309294
573.310309294
573.310309294
573.310309294
573.310309294
573.310309294
573.310309294
573.310309294
573.310309294
573.310309294
573.310309294
573.310309294
573.310309294
573.310309294
573.310309294
573.310309294
573.310309294
573.310309294
573.310309294
573.310309294
573.310309294
573.310309294
573.310309294
573.310309294
573.310309294
573.310309294
573.310309294
573.310309294
573.310309294
573.310309294
573.310309294
573.310309294
573.310309294
573.310309294
573.310309294
573.310309294
573.310309294
573.310309294
573.310309294
573.310309294
573.310309294
573.310309294
573.310309294
573.310309294
573.310309294
573.310309294
573.310309294
573.310309294
573.310309294
573.310309294
573.310309294
573.310309294
573.310309294
573.310309294
573.310309294
573.310309294
573.310309294
573.310309294
573.310309294
573.310309294
573.310309294
573.310309294
573.310309294
573.310309294
573.310309294
573.310309294
573.310309294
573.310309294
573.310309294
573.310309294
573.310309294
573.310309294
573.310309294
573.310309294
573.310309294
573.310309294
573.310309294
573.310309294
573.310309294
573.310309294
573.310309294
573.310309294
573.310309294
573.310309294
573.310309294
573.310309294
573.310309294
573.310309294
573.310309294
573.310309294
573.310309294
573.310309294
573.310309294
573.310309294
573.310309294
573.310309294
573.310309294
573.310309294
573.310309294
573.310309294
573.310309294
573.310309294
573.310309294
573.310309294
573.310309294
573.310309294
573.310309294
573.310309294
573.310309294
573.310309294
573.310309294
573.310309294
573.310309294
573.310309294
573.310309294
573.310309294
573.310309294
573.310309294
573.310309294
573.310309294
573.310309294
573.310309294
573.310309294
573.310309294
573.310309294
573.310309294
573.310309294
573.310309294
573.310309294
573.310309294
573.310309294
573.310309294
573.310309294
573.310309294
573.310309294
573.310309294
573.310309294
573.310309294
573.310309294
573.310309294
573.310309294
573.310309294
573.310309294
573.310309294
573.310309294
573.310309294
573.310309294
573.310309294
573.310309294
573.310309294
573.310309294
573.310309294
573.310309294
573.310309294
573.310309294
573.310309294
573.310309294
573.310309294
573.310309294
573.310309294
573.310309294
573.310309294
573.310309294
573.310309294
573.310309294
573.310309294
573.310309294
573.310309294
573.310309294
573.310309294
573.310309294
573.310309294
573.310309294
573.310309294
573.310309294
573.310309294
573.310309294
573.310309294
573.310309294
573.310309294
573.310309294
573.310309294
573.310309294
573.310309294
573.310309294
573.310309294
573.310309294
573.310309294
573.310309294
573.310309294
573.310309294
573.310309294
573.310309294
573.310309294
573.310309294
573.310309294
573.310309294
573.310309294
573.310309294
573.310309294
573.310309294
573.310309294
573.310309294
573.310309294
573.310309294
573.310309294
573.310309294
573.310309294
573.310309294
573.310309294
573.310309294
573.310309294
573.310309294
573.310309294
573.310309294
573.310309294
573.310309294
573.310309294
573.310309294
573.310309294
573.310309294
573.310309294
573.310309294
573.310309294
573.310309294
573.310309294
573.310309294
573.310309294
573.310309294
573.310309294
573.310309294
573.310309294
573.310309294
573.310309294
573.310309294
573.310309294
573.310309294
573.310309294
573.310309294
573.310309294
573.310309294
573.310309294
573.310309294
573.310309294
573.310309294
573.310309294
573.310309294
573.310309294
573.310309294
573.310309294
573.310309294
573.310309294
573.310309294
573.310309294
573.310309294
573.310309294
573.310309294
573.310309294
573.310309294
573.310309294
573.310309294
573.310309294
573.310309294
573.310309294
573.310309294
573.310309294
573.310309294
573.310309294
573.310309294
573.310309294
573.310309294
573.310309294
573.310309294
573.310309294
573.310309294
573.310309294
573.310309294
573.310309294
573.310309294
573.310309294
573.310309294
573.310309294
573.310309294
573.310309294
573.310309294
573.310309294
573.310309294
573.310309294
573.310309294
573.310309294
573.310309294
573.310309294
573.310309294
573.310309294
573.310309294
573.310309294
573.310309294
573.310309294
573.310309294
573.310309294
573.310309294
573.310309294
573.310309294
573.310309294
573.310309294
573.310309294
573.310309294
573.310309294
573.310309294
573.310309294
573.310309294
573.310309294
573.310309294
573.310309294
573.310309294
573.310309294
573.310309294
573.310309294
573.310309294
573.310309294
573.310309294
573.310309294
573.310309294
573.310309294
573.310309294
573.310309294
573.310309294
573.310309294
573.310309294
573.310309294
573.310309294
573.310309294
573.310309294
573.310309294
573.310309294
573.310309294
573.310309294
573.310309294
573.310309294
573.310309294
573.310309294
573.310309294
573.310309294
573.310309294
573.310309294
573.310309294
573.310309294
573.310309294
573.310309294
573.310309294
573.310309294
573.310309294
573.310309294
573.310309294
573.310309294
573.310309294
573.310309294
573.310309294
573.310309294
573.310309294
573.310309294
573.310309294
573.310309294
573.310309294
573.310309294
573.310309294
573.310309294
573.310309294
573.310309294
573.310309294
573.310309294
573.310309294
573.310309294
573.310309294
573.310309294
573.310309294
573.310309294
573.310309294
573.310309294
573.310309294
573.310309294
573.310309294
573.310309294
573.310309294
573.310309294
573.310309294
573.310309294
573.310309294
573.310309294
573.310309294
573.310309294
573.310309294
573.310309294
573.310309294
573.310309294
573.310309294
573.310309294
573.310309294
573.310309294
573.310309294
573.310309294
573.310309294
573.310309294
573.310309294
573.310309294
573.310309294
573.310309294
573.310309294
573.310309294
573.310309294
573.310309294
573.310309294
573.310309294
573.310309294
573.310309294
573.310309294
573.310309294
573.310309294
573.310309294
573.310309294
573.310309294
573.310309294
573.310309294
573.310309294
573.310309294
573.310309294
573.310309294
573.310309294
573.310309294
573.310309294
573.310309294
573.310309294
573.310309294
573.310309294
573.310309294
573.310309294
573.310309294
573.310309294
573.310309294
573.310309294
573.310309294
573.310309294
573.310309294
573.310309294
573.310309294
573.310309294
573.310309294
573.310309294
573.310309294
573.310309294
573.310309294
573.310309294
573.310309294
573.310309294
573.310309294
573.310309294
573.310309294
573.310309294
573.310309294
573.310309294
573.310309294
573.310309294
573.310309294
573.310309294
573.310309294
573.310309294
573.310309294
573.310309294
573.310309294
573.310309294
573.310309294
573.310309294
573.310309294
573.310309294
573.310309294
573.310309294
573.310309294
573.310309294
573.310309294
573.310309294
573.310309294
573.310309294
573.310309294
573.310309294
573.310309294
573.310309294
573.310309294
573.310309294
573.310309294
573.310309294
573.310309294
573.310309294
573.310309294
573.310309294
573.310309294
573.310309294
573.310309294
573.310309294
573.310309294
573.310309294
573.310309294
573.310309294
573.310309294
573.310309294
573.310309294
573.310309294
573.310309294
573.310309294
573.310309294
573.310309294
573.310309294
573.310309294
573.310309294
573.310309294
573.310309294
573.310309294
573.310309294
573.310309294
573.310309294
573.310309294
573.310309294
573.310309294
573.310309294
573.310309294
573.310309294
573.310309294
573.310309294
573.310309294
573.310309294
573.310309294
573.310309294
573.310309294
573.310309294
573.310309294
573.310309294
573.310309294
573.310309294
573.310309294
573.310309294
573.310309294
573.310309294
573.310309294
573.310309294
573.310309294
573.310309294
573.310309294
573.310309294
573.310309294
573.310309294
573.310309294
573.310309294
573.310309294
573.310309294
573.310309294
573.310309294
573.310309294
573.310309294
573.310309294
573.310309294
573.310309294
573.310309294
573.310309294
573.310309294
573.310309294
573.310309294
573.310309294
573.310309294
573.310309294
573.310309294
573.310309294
573.310309294
573.310309294
573.310309294
573.310309294
573.310309294
573.310309294
573.310309294
573.310309294
573.310309294
573.310309294
573.310309294
573.310309294
573.310309294
573.310309294
573.310309294
573.310309294
573.310309294
573.310309294
573.310309294
573.310309294
573.310309294
573.310309294
573.310309294
573.310309294
573.310309294
573.310309294
573.310309294
573.310309294
573.310309294
573.310309294
573.310309294
573.310309294
573.310309294
573.310309294
573.310309294
573.310309294
573.310309294
573.310309294
573.310309294
573.310309294
573.310309294
573.310309294
573.310309294
573.310309294
573.310309294
573.310309294
573.310309294
573.310309294
573.310309294
573.310309294
573.310309294
573.310309294
573.310309294
573.310309294
573.310309294
573.310309294
573.310309294
573.310309294
573.310309294
573.310309294
573.310309294
573.310309294
573.310309294
573.310309294
573.310309294
573.310309294
573.310309294
573.310309294
573.310309294
573.310309294
573.310309294
573.310309294
573.310309294
573.310309294
573.310309294
573.310309294
573.310309294
573.310309294
573.310309294
573.310309294
573.310309294
573.310309294
573.310309294
573.310309294
573.310309294
573.310309294
573.310309294
573.310309294
573.310309294
573.310309294
573.310309294
573.310309294
573.310309294
573.310309294
573.310309294
573.310309294
573.310309294
573.310309294
573.310309294
573.310309294
573.310309294
573.310309294
573.310309294
573.310309294
573.310309294
573.310309294
573.310309294
573.310309294
573.310309294
573.310309294
573.310309294
573.310309294
573.310309294
573.310309294
573.310309294
573.310309294
573.310309294
573.310309294
573.310309294
573.310309294
573.310309294
573.310309294
573.310309294
573.310309294
573.310309294
573.310309294
573.310309294
573.310309294
573.310309294
573.310309294
573.310309294
573.310309294
573.310309294
573.310309294
573.310309294
573.310309294
573.310309294
573.310309294
573.310309294
573.310309294
573.310309294
573.310309294
573.310309294
573.310309294
573.310309294
573.310309294
573.310309294
573.310309294
573.310309294
573.310309294
573.310309294
573.310309294
573.310309294
573.310309294
573.310309294
573.310309294
573.310309294
573.310309294
573.310309294
573.310309294
573.310309294
573.310309294
573.310309294
573.310309294
573.310309294
573.310309294
573.310309294
573.310309294
573.310309294
573.310309294
573.310309294
573.310309294
573.310309294
573.310309294
573.310309294
573.310309294
573.310309294
573.310309294
573.310309294
573.310309294
573.310309294
573.310309294
573.310309294
573.310309294
573.310309294
573.310309294
573.310309294
573.310309294
573.310309294
573.310309294
573.310309294
573.310309294
573.310309294
573.310309294
573.310309294
573.310309294
573.310309294
573.310309294
573.310309294
573.310309294
573.310309294
573.310309294
573.310309294
573.310309294
573.310309294
573.310309294
573.310309294
573.310309294
573.310309294
573.310309294
573.310309294
573.310309294
573.310309294
573.310309294
573.310309294
573.310309294
573.310309294
573.310309294
573.310309294
573.310309294
573.310309294
573.310309294
573.310309294
573.310309294
573.310309294
573.310309294
573.310309294
573.310309294
573.310309294
573.310309294
573.310309294
573.310309294
573.310309294
573.310309294
573.310309294
573.310309294
573.310309294
573.310309294
573.310309294
573.310309294
573.310309294
573.310309294
573.310309294
573.310309294
573.310309294
573.310309294
573.310309294
573.310309294
573.310309294
573.310309294
573.310309294
573.310309294
573.310309294
573.310309294
573.310309294
573.310309294
573.310309294
573.310309294
573.310309294
573.310309294
573.310309294
573.310309294
573.310309294
573.310309294
573.310309294
573.310309294
573.310309294
573.310309294
573.310309294
573.310309294
573.310309294
573.310309294
573.310309294
573.310309294
573.310309294
573.310309294
573.310309294
573.310309294
573.310309294
573.310309294
573.310309294
573.310309294
573.310309294
573.310309294
573.310309294
573.310309294
573.310309294
573.310309294
573.310309294
573.310309294
573.310309294
573.310309294
573.310309294
573.310309294
573.310309294
573.310309294
573.310309294
573.310309294
573.310309294
573.310309294
573.310309294
573.310309294
573.310309294
573.310309294
573.310309294
573.310309294
573.310309294
573.310309294
573.310309294
573.310309294
573.310309294
573.310309294
573.310309294
573.310309294
573.310309294
573.310309294
573.310309294
573.310309294
573.310309294
573.310309294
573.310309294
573.310309294
573.310309294
573.310309294
573.310309294
573.310309294
573.310309294
573.310309294
573.310309294
573.310309294
573.310309294
573.310309294
573.310309294
573.310309294
573.310309294
573.310309294
573.310309294
573.310309294
573.310309294
573.310309294
573.310309294
573.310309294
573.310309294
573.310309294
573.310309294
573.310309294
573.310309294
573.310309294
573.310309294
573.310309294
573.310309294
573.310309294
573.310309294
573.310309294
573.310309294
573.310309294
573.310309294
573.310309294
573.310309294
573.310309294
573.310309294
573.310309294
573.310309294
573.310309294
573.310309294
573.310309294
573.310309294
573.310309294
573.310309294
573.310309294
573.310309294
573.310309294
573.310309294
573.310309294
573.310309294
573.310309294
573.310309294
573.310309294
573.310309294
573.310309294
573.310309294
573.310309294
573.310309294
573.310309294
573.310309294
573.310309294
573.310309294
573.310309294
573.310309294
573.310309294
573.310309294
573.310309294
573.310309294
573.310309294
573.310309294
573.310309294
573.310309294
573.310309294
573.310309294
573.310309294
573.310309294
573.310309294
573.310309294
573.310309294
573.310309294
573.310309294
573.310309294
573.310309294
573.310309294
573.310309294
573.310309294
573.310309294
573.310309294
573.310309294
573.310309294
573.310309294
573.310309294
573.310309294
573.310309294
573.310309294
573.310309294
573.310309294
573.310309294
573.310309294
573.310309294
573.310309294
573.310309294
573.310309294
573.310309294
573.310309294
573.310309294
573.310309294
573.310309294
573.310309294
573.310309294
573.310309294
573.310309294
573.310309294
573.310309294
573.310309294
573.310309294
573.310309294
573.310309294
573.310309294
573.310309294
573.310309294
573.310309294
573.310309294
573.310309294
573.310309294
573.310309294
573.310309294
573.310309294
573.310309294
573.310309294
573.310309294
573.310309294
573.310309294
573.310309294
573.310309294
573.310309294
573.310309294
573.310309294
573.310309294
573.310309294
573.310309294
573.310309294
573.310309294
573.310309294
573.310309294
573.310309294
573.310309294
573.310309294
573.310309294
573.310309294
573.310309294
573.310309294
573.310309294
573.310309294
573.310309294
573.310309294
573.310309294
573.310309294
573.310309294
573.310309294
573.310309294
573.310309294
573.310309294
573.310309294
573.310309294
573.310309294
573.310309294
573.310309294
573.310309294
573.310309294
573.310309294
573.310309294
573.310309294
573.310309294
573.310309294
573.310309294
573.310309294
573.310309294
573.310309294
573.310309294
573.310309294
573.310309294
573.310309294
573.310309294
573.310309294
573.310309294
573.310309294
573.310309294
573.310309294
573.310309294
573.310309294
573.310309294
573.310309294
573.310309294
573.310309294
573.310309294
573.310309294
573.310309294
573.310309294
573.310309294
573.310309294
573.310309294
573.310309294
573.310309294
573.310309294
573.310309294
573.310309294
573.310309294
573.310309294
573.310309294
573.310309294
573.310309294
573.310309294
573.310309294
573.310309294
573.310309294
573.310309294
573.310309294
573.310309294
573.310309294
573.310309294
573.310309294
573.310309294
573.310309294
573.310309294
573.310309294
573.310309294
573.310309294
573.310309294
573.310309294
573.310309294
573.310309294
573.310309294
573.310309294
573.310309294
573.310309294
573.310309294
573.310309294
573.310309294
573.310309294
573.310309294
573.310309294
573.310309294
573.310309294
573.310309294
573.310309294
573.310309294
573.310309294
573.310309294
573.310309294
573.310309294
573.310309294
573.310309294
573.310309294
573.310309294
573.310309294
573.310309294
573.310309294
573.310309294
573.310309294
573.310309294
573.310309294
573.310309294
573.310309294
573.310309294
573.310309294
573.310309294
573.310309294
573.310309294
573.310309294
573.310309294
573.310309294
573.310309294
573.310309294
573.310309294
573.310309294
573.310309294
573.310309294
573.310309294
573.310309294
573.310309294
573.310309294
573.310309294
573.310309294
573.310309294
573.310309294
573.310309294
573.310309294
573.310309294
573.310309294
573.310309294
573.310309294
573.310309294
573.310309294
573.310309294
573.310309294
573.310309294
573.310309294
573.310309294
573.310309294
573.310309294
573.310309294
573.310309294
573.310309294
573.310309294
573.310309294
573.310309294
573.310309294
573.310309294
573.310309294
573.310309294
573.310309294
573.310309294
573.310309294
573.310309294
573.310309294
573.310309294
573.310309294
573.310309294
573.310309294
573.310309294
573.310309294
573.310309294
573.310309294
573.310309294
573.310309294
573.310309294
573.310309294
573.310309294
573.310309294
573.310309294
573.310309294
573.310309294
573.310309294
573.310309294
573.310309294
573.310309294
573.310309294
573.310309294
573.310309294
573.310309294
573.310309294
573.310309294
573.310309294
573.310309294
573.310309294
573.310309294
573.310309294
573.310309294
573.310309294
573.310309294
573.310309294
573.310309294
573.310309294
573.310309294
573.310309294
573.310309294
573.310309294
573.310309294
573.310309294
573.310309294
573.310309294
573.310309294
573.310309294
573.310309294
573.310309294
573.310309294
573.310309294
573.310309294
573.310309294
573.310309294
573.310309294
573.310309294
573.310309294
573.310309294
573.310309294
573.310309294
573.310309294
573.310309294
573.310309294
573.310309294
573.310309294
573.310309294
573.310309294
573.310309294
573.310309294
573.310309294
573.310309294
573.310309294
573.310309294
573.310309294
573.310309294
573.310309294
573.310309294
573.310309294
573.310309294
573.310309294
573.310309294
573.310309294
573.310309294
573.310309294
573.310309294
573.310309294
573.310309294
573.310309294
573.310309294
573.310309294
573.310309294
573.310309294
573.310309294
573.310309294
573.310309294
573.310309294
573.310309294
573.310309294
573.310309294
573.310309294
573.310309294
573.310309294
573.310309294
573.310309294
573.310309294
573.310309294
573.310309294
573.310309294
573.310309294
573.310309294
573.310309294
573.310309294
573.310309294
573.310309294
573.310309294
573.310309294
573.310309294
573.310309294
573.310309294
573.310309294
573.310309294
573.310309294
573.310309294
573.310309294
573.310309294
573.310309294
573.310309294
573.310309294
573.310309294
573.310309294
573.310309294
573.310309294
573.310309294
573.310309294
573.310309294
573.310309294
573.310309294
573.310309294
573.310309294
573.310309294
573.310309294
573.310309294
573.310309294
573.310309294
573.310309294
573.310309294
573.310309294
573.310309294
573.310309294
573.310309294
573.310309294
573.310309294
573.310309294
573.310309294
573.310309294
573.310309294
573.310309294
573.310309294
573.310309294
573.310309294
573.310309294
573.310309294
573.310309294
573.310309294
573.310309294
573.310309294
573.310309294
573.310309294
573.310309294
573.310309294
573.310309294
573.310309294
573.310309294
573.310309294
573.310309294
573.310309294
573.310309294
573.310309294
573.310309294
573.310309294
573.310309294
573.310309294
573.310309294
573.310309294
573.310309294
573.310309294
573.310309294
573.310309294
573.310309294
573.310309294
573.310309294
573.310309294
573.310309294
573.310309294
573.310309294
573.310309294
573.310309294
573.310309294
573.310309294
573.310309294
573.310309294
573.310309294
573.310309294
573.310309294
573.310309294
573.310309294
573.310309294
573.310309294
573.310309294
573.310309294
573.310309294
573.310309294
573.310309294
573.310309294
573.310309294
573.310309294
573.310309294
573.310309294
573.310309294
573.310309294
573.310309294
573.310309294
573.310309294
573.310309294
573.310309294
573.310309294
573.310309294
573.310309294
573.310309294
573.310309294
573.310309294
573.310309294
573.310309294
573.310309294
573.310309294
573.310309294
573.310309294
573.310309294
573.310309294
573.310309294
573.310309294
573.310309294
573.310309294
573.310309294
573.310309294
573.310309294
573.310309294
573.310309294
573.310309294
573.310309294
573.310309294
573.310309294
573.310309294
573.310309294
573.310309294
573.310309294
573.310309294
573.310309294
573.310309294
573.310309294
573.310309294
573.310309294
573.310309294
573.310309294
573.310309294
573.310309294
573.310309294
573.310309294
573.310309294
573.310309294
573.310309294
573.310309294
573.310309294
573.310309294
573.310309294
573.310309294
573.310309294
573.310309294
573.310309294
573.310309294
573.310309294
573.310309294
573.310309294
573.310309294
573.310309294
573.310309294
573.310309294
573.310309294
573.310309294
573.310309294
573.310309294
573.310309294
573.310309294
573.310309294
573.310309294
573.310309294
573.310309294
573.310309294
573.310309294
573.310309294
573.310309294
573.310309294
573.310309294
573.310309294
573.310309294
573.310309294
573.310309294
573.310309294
573.310309294
573.310309294
573.310309294
573.310309294
573.310309294
573.310309294
573.310309294
573.310309294
573.310309294
573.310309294
573.310309294
573.310309294
573.310309294
573.310309294
573.310309294
573.310309294
573.310309294
573.310309294
573.310309294
573.310309294
573.310309294
573.310309294
573.310309294
573.310309294
573.310309294
573.310309294
573.310309294
573.310309294
573.310309294
573.310309294
573.310309294
573.310309294
573.310309294
573.310309294
573.310309294
573.310309294
573.310309294
573.310309294
573.310309294
573.310309294
573.310309294
573.310309294
573.310309294
573.310309294
573.310309294
573.310309294
573.310309294
573.310309294
573.310309294
573.310309294
573.310309294
573.310309294
573.310309294
573.310309294
573.310309294
573.310309294
573.310309294
573.310309294
573.310309294
573.310309294
573.310309294
573.310309294
573.310309294
573.310309294
573.310309294
573.310309294
573.310309294
573.310309294
573.310309294
573.310309294
573.310309294
573.310309294
573.310309294
573.310309294
573.310309294
573.310309294
573.310309294
573.310309294
573.310309294
573.310309294
573.310309294
573.310309294
573.310309294
573.310309294
573.310309294
573.310309294
573.310309294
573.310309294
573.310309294
573.310309294
573.310309294
573.310309294
573.310309294
573.310309294
573.310309294
573.310309294
573.310309294
573.310309294
573.310309294
573.310309294
573.310309294
573.310309294
573.310309294
573.310309294
573.310309294
573.310309294
573.310309294
573.310309294
573.310309294
573.310309294
573.310309294
573.310309294
573.310309294
573.310309294
573.310309294
573.310309294
573.310309294
573.310309294
573.310309294
573.310309294
573.310309294
573.310309294
573.310309294
573.310309294
573.310309294
573.310309294
573.310309294
573.310309294
573.310309294
573.310309294
573.310309294
573.310309294
573.310309294
573.310309294
573.310309294
573.310309294
573.310309294
573.310309294
573.310309294
573.310309294
573.310309294
573.310309294
573.310309294
573.310309294
573.310309294
573.310309294
573.310309294
573.310309294
573.310309294
573.310309294
573.310309294
573.310309294
573.310309294
573.310309294
573.310309294
573.310309294
573.310309294
573.310309294
573.310309294
573.310309294
573.310309294
573.310309294
573.310309294
573.310309294
573.310309294
573.310309294
573.310309294
573.310309294
573.310309294
573.310309294
573.310309294
573.310309294
573.310309294
573.310309294
573.310309294
573.310309294
573.310309294
573.310309294
573.310309294
573.310309294
573.310309294
573.310309294
573.310309294
573.310309294
573.310309294
573.310309294
573.310309294
573.310309294
573.310309294
573.310309294
573.310309294
573.310309294
573.310309294
573.310309294
573.310309294
573.310309294
573.310309294
573.310309294
573.310309294
573.310309294
573.310309294
573.310309294
573.310309294
573.310309294
573.310309294
573.310309294
573.310309294
573.310309294
573.310309294
573.310309294
573.310309294
573.310309294
573.310309294
573.310309294
573.310309294
573.310309294
573.310309294
573.310309294
573.310309294
573.310309294
573.310309294
573.310309294
573.310309294
573.310309294
573.310309294
573.310309294
573.310309294
573.310309294
573.310309294
573.310309294
573.310309294
573.310309294
573.310309294
573.310309294
573.310309294
573.310309294
573.310309294
573.310309294
573.310309294
573.310309294
573.310309294
573.310309294
573.310309294
573.310309294
573.310309294
573.310309294
573.310309294
573.310309294
573.310309294
573.310309294
573.310309294
573.310309294
573.310309294
573.310309294
573.310309294
573.310309294
573.310309294
573.310309294
573.310309294
573.310309294
573.310309294
573.310309294
573.310309294
573.310309294
573.310309294
573.310309294
573.310309294
573.310309294
573.310309294
573.310309294
573.310309294
573.310309294
573.310309294
573.310309294
573.310309294
573.310309294
573.310309294
573.310309294
573.310309294
573.310309294
573.310309294
573.310309294
573.310309294
573.310309294
573.310309294
573.310309294
573.310309294
573.310309294
573.310309294
573.310309294
573.310309294
573.310309294
573.310309294
573.310309294
573.310309294
573.310309294
573.310309294
573.310309294
573.310309294
573.310309294
573.310309294
573.310309294
573.310309294
573.310309294
573.310309294
573.310309294
573.310309294
573.310309294
573.310309294
573.310309294
573.310309294
573.310309294
573.310309294
573.310309294
573.310309294
573.310309294
573.310309294
573.310309294
573.310309294
573.310309294
573.310309294
573.310309294
573.310309294
573.310309294
573.310309294
573.310309294
573.310309294
573.310309294
573.310309294
573.310309294
573.310309294
573.310309294
573.310309294
573.310309294
573.310309294
573.310309294
573.310309294
573.310309294
573.310309294
573.310309294
573.310309294
573.310309294
573.310309294
573.310309294
573.310309294
573.310309294
573.310309294
573.310309294
573.310309294
573.310309294
573.310309294
573.310309294
573.310309294
573.310309294
573.310309294
573.310309294
573.310309294
573.310309294
573.310309294
573.310309294
573.310309294
573.310309294
573.310309294
573.310309294
573.310309294
573.310309294
573.310309294
573.310309294
573.310309294
573.310309294
573.310309294
573.310309294
573.310309294
573.310309294
573.310309294
573.310309294
573.310309294
573.310309294
573.310309294
573.310309294
573.310309294
573.310309294
573.310309294
573.310309294
573.310309294
573.310309294
573.310309294
573.310309294
573.310309294
573.310309294
573.310309294
573.310309294
573.310309294
573.310309294
573.310309294
573.310309294
573.310309294
573.310309294
573.310309294
573.310309294
573.310309294
573.310309294
573.310309294
573.310309294
573.310309294
573.310309294
573.310309294
573.310309294
573.310309294
573.310309294
573.310309294
573.310309294
573.310309294
573.310309294
573.310309294
573.310309294
573.310309294
573.310309294
573.310309294
573.310309294
573.310309294
573.310309294
573.310309294
573.310309294
573.310309294
573.310309294
573.310309294
573.310309294
573.310309294
573.310309294
573.310309294
573.310309294
573.310309294
573.310309294
573.310309294
573.310309294
573.310309294
573.310309294
573.310309294
573.310309294
573.310309294
573.310309294
573.310309294
573.310309294
573.310309294
573.310309294
573.310309294
573.310309294
573.310309294
573.310309294
573.310309294
573.310309294
573.310309294
573.310309294
573.310309294
573.310309294
573.310309294
573.310309294
573.310309294
573.310309294
573.310309294
573.310309294
573.310309294
573.310309294
573.310309294
573.310309294
573.310309294
573.310309294
573.310309294
573.310309294
573.310309294
573.310309294
573.310309294
573.310309294
573.310309294
573.310309294
573.310309294
573.310309294
573.310309294
573.310309294
573.310309294
573.310309294
573.310309294
573.310309294
573.310309294
573.310309294
573.310309294
573.310309294
573.310309294
573.310309294
573.310309294
573.310309294
573.310309294
573.310309294
573.310309294
573.310309294
573.310309294
573.310309294
573.310309294
573.310309294
573.310309294
573.310309294
573.310309294
573.310309294
573.310309294
573.310309294
573.310309294
573.310309294
573.310309294
573.310309294
573.310309294
573.310309294
573.310309294
573.310309294
573.310309294
573.310309294
573.310309294
573.310309294
573.310309294
573.310309294
573.310309294
573.310309294
573.310309294
573.310309294
573.310309294
573.310309294
573.310309294
573.310309294
573.310309294
573.310309294
573.310309294
573.310309294
573.310309294
573.310309294
573.310309294
573.310309294
573.310309294
573.310309294
573.310309294
573.310309294
573.310309294
573.310309294
573.310309294
573.310309294
573.310309294
573.310309294
573.310309294
573.310309294
573.310309294
573.310309294
573.310309294
573.310309294
573.310309294
573.310309294
573.310309294
573.310309294
573.310309294
573.310309294
573.310309294
573.310309294
573.310309294
573.310309294
573.310309294
573.310309294
573.310309294
573.310309294
573.310309294
573.310309294
573.310309294
573.310309294
573.310309294
573.310309294
573.310309294
573.310309294
573.310309294
573.310309294
573.310309294
573.310309294
573.310309294
573.310309294
573.310309294
573.310309294
573.310309294
573.310309294
573.310309294
573.310309294
573.310309294
573.310309294
573.310309294
573.310309294
573.310309294
573.310309294
573.310309294
573.310309294
573.310309294
573.310309294
573.310309294
573.310309294
573.310309294
573.310309294
573.310309294
573.310309294
573.310309294
573.310309294
573.310309294
573.310309294
573.310309294
573.310309294
573.310309294
573.310309294
573.310309294
573.310309294
573.310309294
573.310309294
573.310309294
573.310309294
573.310309294
573.310309294
573.310309294
573.310309294
573.310309294
573.310309294
573.310309294
573.310309294
573.310309294
573.310309294
573.310309294
573.310309294
573.310309294
573.310309294
573.310309294
573.310309294
573.310309294
573.310309294
573.310309294
573.310309294
573.310309294
573.310309294
573.310309294
573.310309294
573.310309294
573.310309294
573.310309294
573.310309294
573.310309294
573.310309294
573.310309294
573.310309294
573.310309294
573.310309294
573.310309294
573.310309294
573.310309294
573.310309294
573.310309294
573.310309294
573.310309294
573.310309294
573.310309294
573.310309294
573.310309294
573.310309294
573.310309294
573.310309294
573.310309294
573.310309294
573.310309294
573.310309294
573.310309294
573.310309294
573.310309294
573.310309294
573.310309294
573.310309294
573.310309294
573.310309294
573.310309294
573.310309294
573.310309294
573.310309294
573.310309294
573.310309294
573.310309294
573.310309294
573.310309294
573.310309294
573.310309294
573.310309294
573.310309294
573.310309294
573.310309294
573.310309294
573.310309294
573.310309294
573.310309294
573.310309294
573.310309294
573.310309294
573.310309294
573.310309294
573.310309294
573.310309294
573.310309294
573.310309294
573.310309294
573.310309294
573.310309294
573.310309294
573.310309294
573.310309294
573.310309294
573.310309294
573.310309294
573.310309294
573.310309294
573.310309294
573.310309294
573.310309294
573.310309294
573.310309294
573.310309294
573.310309294
573.310309294
573.310309294
573.310309294
573.310309294
573.310309294
573.310309294
573.310309294
573.310309294
573.310309294
573.310309294
573.310309294
573.310309294
573.310309294
573.310309294
573.310309294
573.310309294
573.310309294
573.310309294
573.310309294
573.310309294
573.310309294
573.310309294
573.310309294
573.310309294
573.310309294
573.310309294
573.310309294
573.310309294
573.310309294
573.310309294
573.310309294
573.310309294
573.310309294
573.310309294
573.310309294
573.310309294
573.310309294
573.310309294
573.310309294
573.310309294
573.310309294
573.310309294
573.310309294
573.310309294
573.310309294
573.310309294
573.310309294
573.310309294
573.310309294
573.310309294
573.310309294
573.310309294
573.310309294
573.310309294
573.310309294
573.310309294
573.310309294
573.310309294
573.310309294
573.310309294
573.310309294
573.310309294
573.310309294
573.310309294
573.310309294
573.310309294
573.310309294
573.310309294
573.310309294
573.310309294
573.310309294
573.310309294
573.310309294
573.310309294
573.310309294
573.310309294
573.310309294
573.310309294
573.310309294
573.310309294
573.310309294
573.310309294
573.310309294
573.310309294
573.310309294
573.310309294
573.310309294
573.310309294
573.310309294
573.310309294
573.310309294
573.310309294
573.310309294
573.310309294
573.310309294
573.310309294
573.310309294
573.310309294
573.310309294
573.310309294
573.310309294
573.310309294
573.310309294
573.310309294
573.310309294
573.310309294
573.310309294
573.310309294
573.310309294
573.310309294
573.310309294
573.310309294
573.310309294
573.310309294
573.310309294
573.310309294
573.310309294
573.310309294
573.310309294
573.310309294
573.310309294
573.310309294
573.310309294
573.310309294
573.310309294
573.310309294
573.310309294
573.310309294
573.310309294
573.310309294
573.310309294
573.310309294
573.310309294
573.310309294
573.310309294
573.310309294
573.310309294
573.310309294
573.310309294
573.310309294
573.310309294
573.310309294
573.310309294
573.310309294
573.310309294
573.310309294
573.310309294
573.310309294
573.310309294
573.310309294
573.310309294
573.310309294
573.310309294
573.310309294
573.310309294
573.310309294
573.310309294
573.310309294
573.310309294
573.310309294
573.310309294
573.310309294
573.310309294
573.310309294
573.310309294
573.310309294
573.310309294
573.310309294
573.310309294
573.310309294
573.310309294
573.310309294
573.310309294
573.310309294
573.310309294
573.310309294
573.310309294
573.310309294
573.310309294
573.310309294
573.310309294
573.310309294
573.310309294
573.310309294
573.310309294
573.310309294
573.310309294
573.310309294
573.310309294
573.310309294
573.310309294
573.310309294
573.310309294
573.310309294
573.310309294
573.310309294
573.310309294
573.310309294
573.310309294
573.310309294
573.310309294
573.310309294
573.310309294
573.310309294
573.310309294
573.310309294
573.310309294
573.310309294
573.310309294
573.310309294
573.310309294
573.310309294
573.310309294
573.310309294
573.310309294
573.310309294
573.310309294
573.310309294
573.310309294
573.310309294
573.310309294
573.310309294
573.310309294
573.310309294
573.310309294
573.310309294
573.310309294
573.310309294
573.310309294
573.310309294
573.310309294
573.310309294
573.310309294
573.310309294
573.310309294
573.310309294
573.310309294
573.310309294
573.310309294
573.310309294
573.310309294
573.310309294
573.310309294
573.310309294
573.310309294
573.310309294
573.310309294
573.310309294
573.310309294
573.310309294
573.310309294
573.310309294
573.310309294
573.310309294
573.310309294
573.310309294
573.310309294
573.310309294
573.310309294
573.310309294
573.310309294
573.310309294
573.310309294
573.310309294
573.310309294
573.310309294
573.310309294
573.310309294
573.310309294
573.310309294
573.310309294
573.310309294
573.310309294
573.310309294
573.310309294
573.310309294
573.310309294
573.310309294
573.310309294
573.310309294
573.310309294
573.310309294
573.310309294
573.310309294
573.310309294
573.310309294
573.310309294
573.310309294
573.310309294
573.310309294
573.310309294
573.310309294
573.310309294
573.310309294
573.310309294
573.310309294
573.310309294
573.310309294
573.310309294
573.310309294
573.310309294
573.310309294
573.310309294
573.310309294
573.310309294
573.310309294
573.310309294
573.310309294
573.310309294
573.310309294
573.310309294
573.310309294
573.310309294
573.310309294
573.310309294
573.310309294
573.310309294
573.310309294
573.310309294
573.310309294
573.310309294
573.310309294
573.310309294
573.310309294
573.310309294
573.310309294
573.310309294
573.310309294
573.310309294
573.310309294
573.310309294
573.310309294
573.310309294
573.310309294
573.310309294
573.310309294
573.310309294
573.310309294
573.310309294
573.310309294
573.310309294
573.310309294
573.310309294
573.310309294
573.310309294
573.310309294
573.310309294
573.310309294
573.310309294
573.310309294
573.310309294
573.310309294
573.310309294
573.310309294
573.310309294
573.310309294
573.310309294
573.310309294
573.310309294
573.310309294
573.310309294
573.310309294
573.310309294
573.310309294
573.310309294
573.310309294
573.310309294
573.310309294
573.310309294
573.310309294
573.310309294
573.310309294
573.310309294
573.310309294
573.310309294
573.310309294
573.310309294
573.310309294
573.310309294
573.310309294
573.310309294
573.310309294
573.310309294
573.310309294
573.310309294
573.310309294
573.310309294
573.310309294
573.310309294
573.310309294
573.310309294
573.310309294
573.310309294
573.310309294
573.310309294
573.310309294
573.310309294
573.310309294
573.310309294
573.310309294
573.310309294
573.310309294
573.310309294
573.310309294
573.310309294
573.310309294
573.310309294
573.310309294
573.310309294
573.310309294
573.310309294
573.310309294
573.310309294
573.310309294
573.310309294
573.310309294
573.310309294
573.310309294
573.310309294
573.310309294
573.310309294
573.310309294
573.310309294
573.310309294
573.310309294
573.310309294
573.310309294
573.310309294
573.310309294
573.310309294
573.310309294
573.310309294
573.310309294
573.310309294
573.310309294
573.310309294
573.310309294
573.310309294
573.310309294
573.310309294
573.310309294
573.310309294
573.310309294
573.310309294
573.310309294
573.310309294
573.310309294
573.310309294
573.310309294
573.310309294
573.310309294
573.310309294
573.310309294
573.310309294
573.310309294
573.310309294
573.310309294
573.310309294
573.310309294
573.310309294
573.310309294
573.310309294
573.310309294
573.310309294
573.310309294
573.310309294
573.310309294
573.310309294
573.310309294
573.310309294
573.310309294
573.310309294
573.310309294
573.310309294
573.310309294
573.310309294
573.310309294
573.310309294
573.310309294
573.310309294
573.310309294
573.310309294
573.310309294
573.310309294
573.310309294
573.310309294
573.310309294
573.310309294
573.310309294
573.310309294
573.310309294
573.310309294
573.310309294
573.310309294
573.310309294
573.310309294
573.310309294
573.310309294
573.310309294
573.310309294
573.310309294
573.310309294
573.310309294
573.310309294
573.310309294
573.310309294
573.310309294
573.310309294
573.310309294
573.310309294
573.310309294
573.310309294
573.310309294
573.310309294
573.310309294
573.310309294
573.310309294
573.310309294
573.310309294
573.310309294
573.310309294
573.310309294
573.310309294
