1758.53461985
1669.12632247
1656.57704162
1607.91218719
1515.08493907
1447.02215393
1432.76769223
1378.90557632
1348.21511663
1309.47633853
1268.81221411
1251.12098031
1250.36676645
1231.4428202
1212.76866061
1203.22245312
1163.95044938
1193.28405473
1147.38230582
1089.54996535
1087.15751372
1080.17910973
1025.30211318
1018.98676304
1011.50211627
1017.12433336
979.601107296
962.221020471
954.807894724
947.907924107
938.657594076
960.844845392
942.772218301
936.989487497
946.272011624
937.373823032
936.266309762
925.065006345
933.98031747
946.1067582
940.346656095
942.032482087
936.748237163
936.748237163
940.620019812
966.014907209
984.15192077
984.15192077
951.575314796
953.845282361
958.409339847
950.343741637
944.748893362
944.748893362
943.677178047
941.028108207
940.971321613
934.04011456
932.114703428
888.658658667
912.339112095
936.293235479
936.293235479
936.293235479
925.73179389
943.554642413
964.052968463
962.278244542
951.776233375
980.200664538
973.29064451
962.8059524
976.996116182
971.520203922
934.234836516
959.86313146
961.687283315
961.687283315
959.82681836
966.590581376
966.590581376
966.590581376
966.590581376
950.610442294
922.732604556
919.401719774
914.622560536
914.622560536
902.576717731
902.576717731
902.576717731
902.576717731
905.412420062
905.412420062
905.412420062
905.412420062
907.339213984
908.491010714
908.827890524
908.827890524
908.827890524
893.305501769
891.735959882
891.735959882
881.382281447
874.056986539
854.693520615
854.693520615
854.989426279
854.989426279
849.351027802
849.351027802
849.351027802
849.351027802
838.043734085
830.098688239
830.098688239
830.098688239
830.098688239
830.098688239
830.098688239
830.098688239
830.098688239
831.403568469
831.403568469
831.403568469
831.403568469
831.403568469
829.684485585
829.684485585
829.684485585
828.949499094
828.949499094
828.949499094
828.949499094
828.949499094
828.949499094
817.738623511
817.738623511
817.738623511
812.452899932
811.164119352
811.164119352
801.425005291
801.425005291
801.425005291
792.376135143
792.376135143
771.994243877
771.994243877
771.994243877
771.994243877
771.994243877
771.994243877
763.871679136
763.871679136
763.871679136
763.871679136
763.871679136
763.871679136
762.225331805
762.225331805
762.225331805
760.343666532
760.343666532
760.343666532
760.343666532
760.343666532
760.343666532
760.343666532
760.343666532
760.343666532
760.343666532
760.343666532
760.343666532
760.343666532
760.343666532
760.343666532
760.343666532
760.343666532
757.458438394
757.458438394
757.458438394
757.458438394
757.458438394
757.458438394
757.458438394
757.458438394
757.458438394
751.167977337
751.167977337
751.167977337
751.167977337
747.256443493
747.256443493
747.256443493
747.256443493
747.256443493
747.256443493
747.256443493
747.256443493
747.256443493
747.256443493
747.256443493
747.256443493
747.256443493
747.256443493
747.256443493
747.256443493
747.256443493
747.256443493
747.256443493
746.506040367
746.506040367
746.506040367
746.506040367
746.506040367
746.506040367
746.506040367
743.702562295
743.702562295
743.702562295
743.702562295
743.702562295
743.702562295
743.702562295
743.702562295
743.702562295
743.702562295
743.702562295
743.702562295
743.702562295
743.702562295
740.841953324
740.841953324
740.841953324
740.841953324
740.841953324
740.841953324
740.841953324
740.841953324
740.841953324
740.841953324
740.841953324
740.841953324
740.841953324
740.841953324
740.841953324
740.841953324
740.841953324
740.841953324
740.841953324
740.841953324
740.841953324
740.841953324
740.841953324
740.841953324
740.841953324
740.841953324
734.429484875
734.429484875
734.429484875
734.429484875
730.183954079
730.183954079
730.183954079
730.183954079
730.183954079
730.183954079
730.183954079
730.183954079
726.64537907
726.64537907
726.64537907
726.64537907
726.64537907
726.64537907
726.64537907
726.64537907
726.64537907
726.64537907
726.64537907
726.64537907
723.976086918
723.976086918
719.821423653
719.821423653
719.821423653
719.821423653
719.821423653
719.821423653
719.821423653
719.821423653
719.821423653
713.103433371
713.103433371
713.103433371
713.103433371
713.103433371
713.103433371
713.103433371
690.632319082
690.632319082
688.631898378
688.631898378
688.631898378
688.631898378
688.631898378
688.631898378
688.631898378
688.631898378
688.631898378
688.631898378
688.631898378
688.631898378
688.631898378
688.631898378
688.631898378
688.631898378
679.587510931
679.587510931
679.587510931
679.587510931
679.587510931
679.587510931
679.587510931
679.587510931
673.309334938
673.309334938
673.309334938
673.309334938
673.309334938
673.309334938
673.309334938
672.66433962
672.66433962
672.66433962
672.66433962
672.66433962
671.311140226
671.311140226
671.311140226
671.311140226
671.311140226
671.311140226
671.311140226
671.311140226
671.311140226
671.311140226
671.311140226
671.311140226
671.311140226
671.311140226
671.311140226
671.311140226
671.311140226
671.311140226
671.311140226
671.311140226
671.311140226
648.350418219
648.350418219
648.350418219
648.350418219
648.350418219
648.350418219
648.350418219
648.350418219
648.350418219
648.350418219
648.350418219
648.350418219
648.350418219
643.244281441
643.244281441
641.62857445
641.62857445
641.62857445
641.62857445
641.62857445
641.62857445
641.62857445
641.62857445
641.62857445
641.62857445
641.62857445
641.62857445
641.426511222
641.426511222
640.478534068
640.478534068
640.478534068
640.478534068
640.478534068
640.478534068
640.478534068
640.478534068
640.478534068
640.478534068
640.478534068
640.478534068
640.478534068
640.478534068
640.478534068
640.478534068
640.478534068
640.478534068
640.478534068
640.478534068
640.478534068
640.478534068
640.478534068
640.478534068
640.478534068
640.478534068
640.478534068
640.478534068
640.478534068
640.478534068
640.478534068
635.037651966
635.037651966
635.037651966
635.037651966
635.037651966
635.037651966
635.037651966
635.037651966
635.037651966
635.037651966
632.109040585
632.109040585
632.109040585
632.109040585
632.109040585
632.109040585
632.109040585
632.109040585
632.109040585
632.109040585
630.906963991
630.906963991
630.906963991
630.906963991
630.906963991
630.906963991
630.906963991
630.906963991
630.906963991
630.906963991
630.906963991
630.906963991
630.906963991
630.906963991
630.906963991
630.906963991
630.906963991
630.906963991
630.906963991
630.906963991
630.906963991
627.444115177
627.444115177
627.444115177
627.444115177
627.444115177
627.444115177
627.444115177
626.108176833
626.108176833
626.108176833
626.108176833
626.108176833
626.108176833
626.108176833
626.108176833
626.108176833
626.108176833
626.108176833
626.108176833
626.108176833
626.108176833
626.108176833
626.108176833
626.108176833
626.108176833
626.108176833
626.108176833
626.108176833
626.108176833
623.404275633
623.404275633
623.404275633
623.072496436
623.072496436
623.072496436
623.072496436
623.072496436
623.072496436
623.072496436
623.072496436
623.072496436
623.072496436
617.693249514
617.693249514
617.693249514
617.693249514
617.693249514
617.693249514
617.693249514
617.693249514
617.693249514
617.693249514
617.693249514
617.693249514
617.693249514
617.693249514
617.693249514
617.693249514
617.693249514
617.693249514
617.693249514
617.693249514
616.728113822
616.728113822
616.728113822
616.728113822
616.115932136
616.115932136
616.115932136
616.115932136
616.115932136
616.115932136
616.115932136
616.115932136
616.115932136
616.115932136
616.115932136
616.115932136
616.115932136
616.115932136
615.712255213
615.712255213
615.712255213
615.712255213
615.712255213
615.712255213
615.712255213
615.712255213
615.712255213
615.712255213
615.712255213
615.712255213
615.712255213
615.712255213
615.712255213
615.712255213
615.712255213
615.712255213
615.712255213
615.712255213
615.712255213
613.525034508
613.525034508
613.525034508
613.525034508
613.525034508
613.525034508
613.525034508
613.525034508
613.525034508
613.525034508
613.525034508
613.525034508
613.525034508
613.525034508
613.525034508
612.504721934
612.504721934
612.504721934
612.504721934
612.504721934
612.504721934
612.504721934
612.504721934
612.504721934
612.504721934
612.504721934
612.504721934
612.504721934
612.504721934
612.504721934
612.504721934
612.504721934
612.504721934
609.463221029
609.463221029
609.463221029
609.463221029
609.463221029
609.463221029
609.463221029
609.463221029
609.463221029
609.463221029
609.463221029
609.463221029
609.463221029
609.463221029
609.463221029
609.463221029
609.463221029
609.463221029
609.463221029
609.463221029
609.463221029
609.463221029
609.463221029
609.463221029
599.075110363
599.075110363
599.075110363
599.075110363
599.075110363
599.075110363
599.075110363
599.075110363
599.075110363
599.075110363
599.075110363
599.075110363
599.075110363
599.075110363
599.075110363
599.075110363
599.075110363
599.075110363
599.075110363
599.075110363
599.075110363
599.075110363
599.075110363
599.075110363
599.075110363
599.075110363
599.075110363
599.075110363
599.075110363
599.075110363
599.075110363
599.075110363
599.075110363
599.075110363
599.075110363
594.604439474
594.604439474
594.604439474
594.604439474
594.604439474
594.604439474
589.605001286
589.605001286
589.605001286
589.605001286
589.605001286
589.605001286
589.605001286
589.605001286
589.605001286
589.605001286
589.605001286
589.605001286
589.605001286
589.605001286
589.605001286
589.605001286
589.605001286
589.605001286
589.605001286
589.605001286
589.605001286
589.605001286
589.605001286
589.605001286
589.605001286
589.605001286
589.605001286
589.605001286
589.605001286
589.605001286
589.605001286
589.605001286
589.605001286
589.605001286
589.605001286
589.605001286
589.605001286
589.605001286
589.605001286
589.605001286
589.605001286
589.605001286
589.605001286
589.605001286
589.605001286
589.605001286
589.605001286
589.605001286
589.605001286
589.605001286
589.605001286
589.605001286
589.605001286
589.605001286
589.605001286
589.605001286
589.605001286
589.605001286
589.605001286
589.605001286
589.605001286
589.605001286
589.605001286
589.605001286
589.605001286
589.605001286
589.605001286
589.605001286
589.605001286
589.605001286
589.605001286
589.605001286
589.605001286
589.605001286
589.605001286
589.605001286
589.605001286
589.605001286
589.605001286
589.605001286
589.605001286
589.605001286
589.605001286
589.605001286
589.605001286
589.605001286
589.605001286
589.605001286
589.605001286
589.605001286
589.605001286
589.605001286
589.605001286
589.605001286
589.605001286
589.605001286
589.605001286
589.605001286
589.605001286
589.605001286
589.605001286
589.605001286
589.605001286
589.605001286
589.605001286
589.605001286
589.605001286
589.605001286
589.605001286
589.605001286
589.605001286
589.605001286
589.605001286
589.605001286
589.605001286
589.605001286
589.605001286
589.605001286
589.605001286
589.605001286
589.605001286
589.605001286
589.605001286
589.605001286
589.605001286
589.605001286
589.605001286
589.605001286
589.605001286
589.605001286
589.605001286
589.605001286
589.605001286
589.605001286
589.605001286
589.605001286
589.605001286
589.605001286
589.605001286
589.605001286
589.605001286
589.605001286
589.605001286
589.605001286
589.605001286
589.605001286
589.605001286
589.605001286
589.605001286
589.605001286
589.605001286
589.605001286
589.605001286
589.605001286
589.605001286
589.605001286
589.605001286
589.605001286
589.605001286
588.019693765
588.019693765
588.019693765
588.019693765
588.019693765
588.019693765
588.019693765
588.019693765
588.019693765
588.019693765
588.019693765
588.019693765
588.019693765
588.019693765
588.019693765
588.019693765
586.802268971
586.802268971
586.802268971
586.802268971
586.802268971
586.802268971
586.802268971
586.802268971
586.802268971
586.802268971
586.802268971
586.802268971
586.802268971
586.802268971
586.802268971
586.802268971
586.802268971
586.802268971
586.802268971
586.802268971
577.249267005
577.249267005
577.249267005
577.249267005
577.249267005
577.249267005
577.249267005
577.249267005
577.249267005
577.249267005
577.249267005
577.249267005
577.249267005
577.249267005
577.249267005
577.249267005
577.249267005
577.249267005
577.249267005
577.249267005
577.249267005
577.249267005
577.249267005
577.249267005
577.249267005
577.249267005
577.249267005
577.249267005
577.249267005
577.249267005
577.249267005
577.249267005
577.249267005
577.249267005
577.249267005
577.249267005
577.249267005
577.249267005
577.249267005
577.249267005
577.249267005
577.249267005
577.249267005
577.249267005
577.249267005
577.249267005
577.249267005
577.249267005
577.249267005
577.249267005
577.249267005
577.249267005
577.249267005
577.249267005
577.249267005
577.249267005
577.249267005
577.249267005
577.249267005
577.249267005
577.249267005
577.249267005
577.249267005
577.249267005
577.249267005
577.249267005
577.249267005
577.249267005
577.249267005
577.249267005
577.249267005
577.249267005
577.249267005
577.249267005
577.249267005
577.249267005
577.249267005
577.249267005
577.249267005
577.249267005
577.249267005
577.249267005
577.249267005
577.249267005
577.249267005
577.249267005
577.249267005
577.249267005
577.249267005
577.249267005
577.249267005
577.249267005
577.249267005
577.249267005
577.249267005
577.249267005
577.249267005
577.249267005
577.249267005
577.249267005
577.249267005
577.249267005
577.249267005
577.249267005
577.249267005
577.249267005
577.249267005
577.249267005
577.249267005
577.249267005
577.249267005
577.249267005
577.249267005
577.249267005
577.249267005
577.249267005
577.249267005
577.249267005
577.249267005
577.249267005
577.249267005
577.249267005
577.249267005
577.249267005
577.249267005
577.249267005
577.249267005
577.249267005
577.249267005
577.249267005
577.249267005
577.249267005
577.249267005
577.249267005
577.249267005
577.249267005
577.249267005
577.249267005
577.249267005
577.249267005
577.249267005
577.249267005
577.249267005
577.249267005
577.249267005
577.249267005
577.249267005
577.249267005
577.249267005
577.249267005
577.249267005
577.249267005
577.249267005
577.249267005
577.249267005
577.249267005
577.249267005
577.249267005
577.249267005
577.249267005
577.249267005
577.249267005
577.249267005
577.249267005
577.249267005
577.249267005
577.249267005
577.249267005
577.249267005
577.249267005
572.653386797
572.653386797
572.653386797
572.653386797
572.653386797
572.653386797
572.653386797
572.653386797
572.653386797
572.653386797
572.653386797
572.653386797
572.653386797
572.653386797
572.653386797
572.653386797
572.653386797
572.653386797
572.653386797
572.653386797
572.653386797
572.653386797
572.653386797
572.653386797
572.653386797
572.653386797
572.653386797
572.653386797
572.653386797
572.653386797
572.653386797
572.653386797
572.653386797
572.653386797
572.653386797
572.653386797
572.653386797
572.653386797
572.653386797
572.653386797
572.653386797
572.653386797
572.653386797
572.653386797
572.653386797
572.653386797
572.653386797
572.653386797
572.653386797
572.653386797
572.653386797
572.653386797
572.653386797
572.653386797
572.653386797
572.653386797
572.653386797
572.653386797
572.653386797
572.653386797
572.653386797
572.653386797
572.653386797
572.653386797
572.653386797
572.653386797
572.653386797
572.653386797
572.653386797
572.653386797
572.653386797
572.653386797
572.653386797
572.653386797
572.653386797
572.653386797
572.653386797
572.653386797
572.653386797
572.653386797
572.653386797
572.653386797
572.653386797
572.653386797
572.653386797
572.653386797
572.653386797
572.653386797
572.653386797
572.653386797
572.653386797
572.653386797
572.653386797
572.653386797
572.653386797
572.653386797
572.653386797
572.653386797
572.653386797
572.653386797
572.653386797
572.653386797
572.653386797
572.653386797
572.653386797
572.653386797
572.653386797
572.653386797
572.653386797
572.653386797
572.653386797
572.653386797
572.653386797
572.653386797
572.653386797
572.653386797
572.653386797
572.653386797
572.653386797
572.653386797
572.653386797
572.653386797
572.653386797
572.653386797
572.653386797
572.653386797
572.653386797
572.653386797
572.653386797
572.653386797
572.653386797
572.653386797
572.653386797
572.653386797
572.653386797
572.653386797
572.653386797
572.653386797
572.653386797
572.653386797
572.653386797
572.653386797
572.653386797
572.653386797
572.653386797
572.653386797
572.653386797
572.653386797
572.653386797
572.653386797
572.653386797
572.653386797
572.653386797
572.653386797
572.653386797
572.653386797
572.653386797
572.653386797
572.653386797
572.653386797
572.653386797
572.653386797
572.653386797
572.653386797
572.653386797
572.653386797
572.653386797
572.653386797
572.653386797
572.653386797
572.653386797
572.653386797
572.653386797
572.653386797
572.653386797
572.653386797
572.653386797
572.653386797
572.653386797
572.653386797
572.653386797
572.653386797
572.653386797
572.653386797
572.653386797
572.653386797
572.653386797
572.653386797
572.653386797
572.653386797
572.653386797
572.653386797
572.653386797
572.653386797
572.653386797
572.653386797
572.653386797
572.653386797
572.653386797
572.653386797
572.653386797
572.653386797
572.653386797
572.653386797
572.653386797
572.653386797
572.653386797
572.653386797
572.653386797
572.653386797
572.653386797
572.653386797
572.653386797
572.653386797
572.653386797
572.653386797
572.653386797
572.653386797
572.653386797
572.653386797
572.653386797
572.653386797
572.653386797
572.653386797
572.653386797
572.653386797
572.653386797
572.653386797
572.653386797
572.653386797
572.653386797
572.653386797
572.653386797
572.653386797
572.653386797
572.653386797
572.653386797
572.653386797
572.653386797
572.653386797
572.653386797
572.653386797
572.653386797
572.653386797
572.653386797
572.653386797
572.653386797
572.653386797
572.653386797
572.653386797
572.653386797
572.653386797
572.653386797
572.653386797
572.653386797
572.653386797
572.653386797
572.653386797
572.653386797
572.653386797
572.653386797
572.653386797
572.653386797
572.653386797
572.653386797
572.653386797
572.653386797
572.653386797
572.653386797
572.653386797
572.653386797
572.653386797
572.653386797
572.653386797
572.653386797
572.653386797
572.653386797
572.653386797
572.653386797
572.653386797
572.653386797
572.653386797
572.653386797
572.653386797
572.653386797
572.653386797
572.653386797
572.653386797
572.653386797
572.653386797
572.653386797
572.653386797
572.653386797
572.653386797
572.653386797
572.653386797
572.653386797
572.653386797
572.653386797
572.653386797
572.653386797
572.653386797
572.653386797
572.653386797
572.653386797
572.653386797
572.653386797
572.653386797
572.653386797
572.653386797
572.653386797
572.653386797
572.653386797
572.653386797
572.653386797
572.653386797
572.653386797
572.653386797
572.653386797
572.653386797
572.653386797
572.653386797
572.653386797
572.653386797
572.653386797
572.653386797
572.653386797
572.653386797
572.653386797
572.653386797
572.653386797
572.653386797
572.653386797
572.653386797
572.653386797
572.653386797
572.653386797
572.653386797
572.653386797
572.653386797
572.653386797
572.653386797
572.653386797
572.653386797
572.653386797
572.653386797
572.653386797
572.653386797
572.653386797
572.653386797
572.653386797
572.653386797
572.653386797
572.653386797
572.653386797
572.653386797
572.653386797
572.653386797
572.653386797
572.653386797
572.653386797
572.653386797
572.653386797
572.653386797
572.653386797
572.653386797
572.653386797
572.653386797
572.653386797
572.653386797
572.653386797
572.653386797
572.653386797
572.653386797
572.653386797
572.653386797
572.653386797
572.653386797
572.653386797
572.653386797
572.653386797
572.653386797
572.653386797
572.653386797
572.653386797
572.653386797
572.653386797
572.653386797
572.653386797
572.653386797
572.653386797
572.653386797
572.653386797
572.653386797
572.653386797
572.653386797
572.653386797
572.653386797
572.653386797
572.653386797
572.653386797
572.653386797
572.653386797
572.653386797
572.653386797
572.653386797
572.653386797
572.653386797
572.653386797
572.653386797
572.653386797
572.653386797
572.653386797
572.653386797
572.653386797
572.653386797
572.653386797
572.653386797
572.653386797
572.653386797
572.653386797
572.653386797
572.653386797
572.653386797
572.653386797
572.653386797
572.653386797
572.653386797
572.653386797
572.653386797
572.653386797
572.653386797
572.653386797
572.653386797
572.653386797
572.653386797
572.653386797
572.653386797
572.653386797
572.653386797
572.653386797
572.653386797
572.653386797
572.653386797
572.653386797
572.653386797
572.653386797
572.653386797
572.653386797
572.653386797
572.653386797
572.653386797
572.653386797
572.653386797
572.653386797
572.653386797
572.653386797
572.653386797
572.653386797
572.653386797
572.653386797
572.653386797
572.653386797
572.653386797
572.653386797
572.653386797
572.653386797
572.653386797
572.653386797
572.653386797
572.653386797
572.653386797
572.653386797
572.653386797
572.653386797
572.653386797
572.653386797
572.653386797
572.653386797
572.653386797
572.653386797
572.653386797
572.653386797
572.653386797
572.653386797
572.653386797
572.653386797
572.653386797
572.653386797
572.653386797
572.653386797
572.653386797
572.653386797
572.653386797
572.653386797
572.653386797
572.653386797
572.653386797
572.653386797
572.653386797
572.653386797
572.653386797
572.653386797
572.653386797
572.653386797
572.653386797
572.653386797
572.653386797
572.653386797
572.653386797
572.653386797
572.653386797
572.653386797
572.653386797
572.653386797
572.653386797
572.653386797
572.653386797
572.653386797
572.653386797
572.653386797
572.653386797
572.653386797
572.653386797
572.653386797
572.653386797
572.653386797
572.653386797
572.653386797
572.653386797
572.653386797
572.653386797
572.653386797
572.653386797
572.653386797
572.653386797
572.653386797
572.653386797
572.653386797
572.653386797
572.653386797
572.653386797
572.653386797
572.653386797
572.653386797
572.653386797
572.653386797
572.653386797
572.653386797
572.653386797
572.653386797
572.653386797
572.653386797
572.653386797
571.787767321
571.787767321
571.787767321
571.787767321
571.787767321
571.787767321
571.787767321
571.787767321
571.787767321
571.787767321
571.787767321
571.787767321
571.787767321
571.787767321
571.787767321
571.787767321
571.787767321
571.787767321
571.787767321
571.787767321
571.787767321
571.787767321
571.787767321
571.787767321
571.787767321
571.787767321
571.787767321
571.787767321
571.787767321
571.787767321
571.787767321
571.787767321
571.787767321
571.787767321
571.787767321
571.787767321
571.787767321
571.787767321
571.787767321
571.787767321
571.787767321
571.787767321
571.787767321
571.787767321
571.787767321
571.787767321
571.787767321
571.787767321
571.787767321
571.787767321
571.787767321
571.787767321
571.787767321
571.787767321
571.787767321
571.787767321
571.787767321
571.787767321
571.787767321
571.787767321
571.787767321
571.787767321
571.787767321
571.787767321
571.787767321
571.787767321
571.787767321
571.787767321
571.787767321
571.787767321
571.787767321
571.787767321
571.787767321
571.787767321
571.787767321
571.787767321
571.787767321
571.787767321
571.787767321
571.787767321
571.787767321
571.787767321
571.787767321
571.787767321
571.787767321
571.787767321
571.787767321
571.787767321
571.787767321
571.787767321
571.787767321
571.787767321
571.787767321
571.787767321
571.787767321
571.787767321
571.787767321
571.787767321
571.787767321
571.787767321
571.787767321
571.787767321
571.787767321
571.787767321
571.787767321
571.787767321
571.787767321
571.787767321
571.787767321
571.787767321
571.787767321
571.787767321
571.787767321
571.787767321
571.787767321
571.787767321
571.787767321
571.787767321
571.787767321
571.787767321
571.787767321
571.787767321
571.787767321
571.787767321
571.787767321
571.787767321
571.787767321
571.787767321
571.787767321
571.787767321
571.787767321
571.787767321
571.787767321
571.787767321
571.787767321
571.787767321
571.787767321
571.787767321
571.787767321
571.787767321
571.787767321
567.546631128
567.546631128
567.546631128
567.546631128
567.546631128
567.546631128
567.546631128
567.546631128
567.546631128
567.546631128
567.546631128
567.546631128
567.546631128
567.546631128
567.546631128
567.546631128
567.546631128
567.546631128
567.546631128
567.546631128
567.546631128
567.546631128
567.546631128
567.546631128
567.546631128
567.546631128
567.546631128
567.546631128
567.546631128
567.546631128
567.546631128
567.546631128
567.546631128
567.546631128
567.546631128
567.546631128
567.546631128
567.546631128
567.546631128
567.546631128
567.546631128
567.546631128
567.546631128
567.546631128
567.546631128
567.546631128
567.546631128
567.546631128
567.546631128
567.546631128
567.546631128
567.546631128
567.546631128
567.546631128
567.546631128
567.546631128
567.546631128
567.546631128
567.546631128
567.546631128
567.546631128
567.546631128
567.546631128
567.546631128
567.546631128
567.546631128
567.546631128
567.546631128
567.546631128
567.546631128
567.546631128
567.546631128
567.546631128
567.546631128
567.546631128
567.546631128
567.546631128
567.546631128
567.546631128
567.546631128
567.546631128
567.546631128
567.546631128
567.546631128
567.546631128
567.546631128
567.546631128
567.546631128
567.546631128
567.546631128
567.546631128
567.546631128
567.546631128
567.546631128
567.546631128
567.546631128
567.546631128
567.546631128
567.546631128
567.546631128
567.546631128
567.546631128
567.546631128
567.546631128
567.546631128
567.546631128
567.546631128
567.546631128
567.546631128
567.546631128
567.546631128
567.546631128
567.546631128
567.546631128
567.546631128
567.546631128
567.546631128
567.546631128
567.546631128
567.546631128
567.546631128
567.546631128
567.546631128
567.546631128
567.546631128
567.546631128
567.546631128
567.546631128
567.546631128
567.546631128
567.546631128
567.546631128
567.546631128
567.546631128
567.546631128
567.546631128
567.546631128
567.546631128
567.546631128
567.546631128
567.546631128
567.546631128
567.546631128
567.546631128
567.546631128
567.546631128
567.546631128
567.546631128
567.546631128
567.546631128
567.546631128
567.546631128
567.546631128
567.546631128
567.546631128
567.546631128
567.546631128
567.546631128
567.546631128
567.546631128
567.546631128
567.546631128
567.546631128
567.546631128
567.546631128
567.546631128
567.546631128
567.546631128
567.546631128
567.546631128
567.546631128
567.546631128
567.546631128
567.546631128
567.546631128
567.546631128
567.546631128
567.546631128
567.546631128
567.546631128
567.546631128
567.546631128
567.546631128
567.546631128
567.546631128
567.546631128
567.546631128
567.546631128
567.546631128
567.546631128
567.546631128
567.546631128
567.546631128
567.546631128
567.546631128
567.546631128
567.546631128
567.546631128
567.546631128
567.546631128
567.546631128
567.546631128
567.546631128
567.546631128
567.546631128
567.546631128
567.546631128
567.546631128
567.546631128
567.546631128
567.546631128
567.546631128
567.546631128
567.546631128
567.546631128
567.546631128
567.546631128
567.546631128
567.546631128
567.546631128
567.546631128
567.546631128
567.546631128
567.546631128
567.546631128
567.546631128
567.546631128
567.546631128
567.546631128
567.546631128
567.546631128
567.546631128
567.546631128
567.546631128
567.546631128
567.546631128
567.546631128
567.546631128
567.546631128
567.546631128
567.546631128
567.546631128
567.546631128
567.546631128
567.546631128
567.546631128
567.546631128
567.546631128
567.546631128
567.546631128
567.546631128
567.546631128
567.546631128
567.546631128
567.546631128
567.546631128
567.546631128
567.546631128
567.546631128
567.546631128
567.546631128
567.546631128
567.546631128
567.546631128
567.546631128
567.546631128
567.546631128
567.546631128
567.546631128
567.546631128
567.546631128
567.546631128
567.546631128
567.546631128
567.546631128
567.546631128
567.546631128
567.546631128
567.546631128
567.546631128
567.546631128
567.546631128
567.546631128
567.546631128
567.546631128
567.546631128
567.546631128
567.546631128
567.546631128
567.546631128
567.546631128
567.546631128
567.546631128
567.546631128
567.546631128
567.546631128
567.546631128
567.546631128
567.546631128
567.546631128
567.546631128
567.546631128
567.546631128
567.546631128
567.546631128
567.546631128
567.546631128
567.546631128
567.546631128
567.546631128
567.546631128
567.546631128
567.546631128
567.546631128
567.546631128
567.546631128
567.546631128
567.546631128
567.546631128
567.546631128
567.546631128
567.546631128
567.546631128
567.546631128
567.546631128
567.546631128
567.546631128
567.546631128
567.546631128
567.546631128
567.546631128
567.546631128
567.546631128
567.546631128
567.546631128
567.546631128
567.546631128
567.546631128
567.546631128
567.546631128
567.546631128
567.546631128
567.546631128
567.546631128
567.546631128
567.546631128
567.546631128
567.546631128
567.546631128
567.546631128
567.546631128
567.546631128
567.546631128
567.546631128
567.546631128
567.546631128
567.546631128
567.546631128
567.546631128
567.546631128
567.546631128
567.546631128
567.546631128
567.546631128
567.546631128
567.546631128
567.546631128
567.546631128
567.546631128
567.546631128
567.546631128
567.546631128
567.546631128
567.546631128
567.546631128
567.546631128
567.546631128
567.546631128
567.546631128
567.546631128
567.546631128
567.546631128
567.546631128
567.546631128
567.546631128
567.546631128
567.546631128
567.546631128
567.546631128
567.546631128
567.546631128
567.546631128
567.546631128
567.546631128
567.546631128
567.546631128
567.546631128
567.546631128
567.546631128
567.546631128
567.546631128
567.546631128
567.546631128
567.546631128
567.546631128
567.546631128
567.546631128
567.546631128
567.546631128
567.546631128
567.546631128
567.546631128
567.546631128
567.546631128
567.546631128
565.079752759
565.079752759
565.079752759
565.079752759
565.079752759
565.079752759
565.079752759
565.079752759
565.079752759
565.079752759
565.079752759
565.079752759
565.079752759
565.079752759
565.079752759
565.079752759
565.079752759
565.079752759
565.079752759
565.079752759
565.079752759
565.079752759
565.079752759
565.079752759
565.079752759
565.079752759
565.079752759
565.079752759
565.079752759
565.079752759
565.079752759
565.079752759
565.079752759
565.079752759
565.079752759
565.079752759
565.079752759
565.079752759
565.079752759
565.079752759
565.079752759
565.079752759
565.079752759
565.079752759
565.079752759
565.079752759
565.079752759
565.079752759
565.079752759
565.079752759
565.079752759
565.079752759
565.079752759
565.079752759
565.079752759
565.079752759
565.079752759
565.079752759
565.079752759
565.079752759
565.079752759
565.079752759
565.079752759
565.079752759
565.079752759
565.079752759
565.079752759
565.079752759
565.079752759
565.079752759
565.079752759
565.079752759
565.079752759
565.079752759
565.079752759
565.079752759
565.079752759
565.079752759
565.079752759
565.079752759
565.079752759
565.079752759
565.079752759
565.079752759
565.079752759
565.079752759
565.079752759
565.079752759
565.079752759
565.079752759
565.079752759
565.079752759
565.079752759
565.079752759
565.079752759
565.079752759
565.079752759
565.079752759
565.079752759
565.079752759
565.079752759
565.079752759
565.079752759
565.079752759
565.079752759
565.079752759
554.561352998
554.561352998
554.561352998
554.561352998
554.561352998
554.561352998
554.561352998
554.561352998
554.561352998
554.561352998
554.561352998
554.561352998
554.561352998
554.561352998
554.561352998
554.561352998
554.561352998
554.561352998
554.561352998
554.561352998
554.561352998
554.561352998
554.561352998
554.561352998
554.561352998
554.561352998
554.561352998
554.561352998
554.561352998
554.561352998
554.561352998
554.561352998
554.561352998
554.561352998
554.561352998
554.561352998
554.561352998
554.561352998
554.561352998
554.561352998
554.561352998
554.561352998
554.561352998
554.561352998
554.561352998
554.561352998
554.561352998
554.561352998
554.561352998
554.561352998
554.561352998
554.561352998
554.561352998
554.561352998
554.561352998
554.561352998
554.561352998
554.561352998
554.561352998
554.561352998
554.561352998
554.561352998
554.561352998
554.561352998
554.561352998
554.561352998
554.561352998
554.561352998
554.561352998
554.561352998
554.561352998
554.561352998
554.561352998
554.561352998
554.561352998
554.561352998
554.561352998
554.561352998
554.561352998
554.561352998
554.561352998
554.561352998
554.561352998
554.561352998
554.561352998
554.561352998
554.561352998
554.561352998
554.561352998
554.561352998
554.561352998
554.561352998
554.561352998
554.561352998
554.561352998
554.561352998
554.561352998
554.561352998
554.561352998
554.561352998
554.561352998
554.561352998
554.561352998
554.561352998
554.561352998
554.561352998
554.561352998
554.561352998
554.561352998
554.561352998
554.561352998
554.561352998
554.561352998
554.561352998
554.561352998
554.561352998
554.561352998
554.561352998
554.561352998
554.561352998
554.561352998
554.561352998
554.561352998
554.561352998
554.561352998
554.561352998
554.561352998
554.561352998
554.561352998
554.561352998
554.561352998
554.561352998
554.561352998
554.561352998
554.561352998
554.561352998
554.561352998
554.561352998
554.561352998
554.561352998
554.561352998
554.561352998
554.561352998
554.561352998
554.561352998
554.561352998
554.561352998
554.561352998
554.561352998
554.561352998
554.561352998
554.561352998
554.561352998
554.561352998
554.561352998
554.561352998
554.561352998
554.561352998
554.561352998
554.561352998
554.561352998
554.561352998
554.561352998
554.561352998
554.561352998
554.561352998
554.561352998
554.561352998
554.561352998
554.561352998
554.561352998
554.561352998
554.561352998
554.561352998
554.561352998
554.561352998
554.561352998
554.561352998
554.561352998
554.561352998
554.561352998
554.561352998
554.561352998
554.561352998
554.561352998
554.561352998
554.561352998
554.561352998
554.561352998
554.561352998
554.561352998
554.561352998
554.561352998
554.561352998
554.561352998
554.561352998
554.561352998
554.561352998
554.561352998
554.561352998
554.561352998
554.561352998
554.561352998
554.561352998
554.561352998
554.561352998
554.561352998
554.561352998
554.561352998
554.561352998
554.561352998
554.561352998
554.561352998
554.561352998
554.561352998
554.561352998
554.561352998
554.561352998
554.561352998
554.188912681
554.188912681
554.188912681
554.188912681
554.188912681
554.188912681
554.188912681
554.188912681
554.188912681
554.188912681
554.188912681
554.188912681
554.188912681
554.188912681
554.188912681
554.188912681
554.188912681
554.188912681
554.188912681
554.188912681
554.188912681
554.188912681
554.188912681
554.188912681
554.188912681
554.188912681
554.188912681
554.188912681
554.188912681
554.188912681
554.188912681
554.188912681
554.188912681
554.188912681
554.188912681
554.188912681
554.188912681
554.188912681
554.188912681
554.188912681
554.188912681
554.188912681
554.188912681
554.188912681
554.188912681
554.188912681
554.188912681
554.188912681
554.188912681
554.188912681
554.188912681
554.188912681
554.188912681
554.188912681
554.188912681
554.188912681
554.188912681
554.188912681
554.188912681
554.188912681
554.188912681
554.188912681
554.188912681
554.188912681
554.188912681
554.188912681
554.188912681
554.188912681
554.188912681
554.188912681
554.188912681
554.188912681
554.188912681
554.188912681
554.188912681
554.188912681
554.188912681
554.188912681
554.188912681
554.188912681
554.188912681
554.188912681
554.188912681
554.188912681
554.188912681
554.188912681
554.188912681
554.188912681
554.188912681
554.188912681
554.188912681
554.188912681
554.188912681
554.188912681
554.188912681
554.188912681
554.188912681
554.188912681
554.188912681
554.188912681
554.188912681
554.188912681
554.188912681
554.188912681
554.188912681
554.188912681
554.188912681
554.188912681
554.188912681
554.188912681
554.188912681
554.188912681
554.188912681
554.188912681
554.188912681
554.188912681
554.188912681
554.188912681
554.188912681
554.188912681
554.188912681
554.188912681
554.188912681
554.188912681
554.188912681
554.188912681
554.188912681
554.188912681
554.188912681
554.188912681
554.188912681
554.188912681
554.188912681
554.188912681
554.188912681
554.188912681
554.188912681
554.188912681
554.188912681
554.188912681
554.188912681
554.188912681
554.188912681
554.188912681
554.188912681
554.188912681
554.188912681
554.188912681
554.188912681
554.188912681
554.188912681
554.188912681
554.188912681
554.188912681
554.188912681
554.188912681
554.188912681
554.188912681
554.188912681
554.188912681
554.188912681
554.188912681
554.188912681
554.188912681
554.188912681
554.188912681
554.188912681
554.188912681
554.188912681
554.188912681
554.188912681
554.188912681
554.188912681
554.188912681
554.188912681
554.188912681
554.188912681
554.188912681
554.188912681
554.188912681
554.188912681
554.188912681
554.188912681
554.188912681
554.188912681
554.188912681
554.188912681
554.188912681
554.188912681
554.188912681
554.188912681
554.188912681
554.188912681
554.188912681
554.188912681
554.188912681
554.188912681
554.188912681
554.188912681
554.188912681
554.188912681
554.188912681
554.188912681
554.188912681
554.188912681
554.188912681
554.188912681
554.188912681
554.188912681
554.188912681
554.188912681
554.188912681
554.188912681
554.188912681
554.188912681
554.188912681
554.188912681
554.188912681
554.188912681
554.188912681
554.188912681
554.188912681
554.188912681
554.188912681
554.188912681
554.188912681
554.188912681
554.188912681
554.188912681
554.188912681
554.188912681
554.188912681
554.188912681
554.188912681
554.188912681
554.188912681
554.188912681
554.188912681
554.188912681
554.188912681
554.188912681
554.188912681
554.188912681
554.188912681
554.188912681
554.188912681
554.188912681
554.188912681
554.188912681
554.188912681
554.188912681
554.188912681
554.188912681
554.188912681
554.188912681
554.188912681
554.188912681
554.188912681
554.188912681
554.188912681
554.188912681
554.188912681
554.188912681
554.188912681
554.188912681
554.188912681
554.188912681
554.188912681
554.188912681
554.188912681
554.188912681
554.188912681
554.188912681
554.188912681
554.188912681
554.188912681
554.188912681
554.188912681
554.188912681
554.188912681
554.188912681
554.188912681
554.188912681
554.188912681
554.188912681
554.188912681
554.188912681
554.188912681
554.188912681
554.188912681
554.188912681
554.188912681
554.188912681
554.188912681
554.188912681
554.188912681
554.188912681
554.188912681
554.188912681
554.188912681
554.188912681
554.188912681
554.188912681
554.188912681
554.188912681
554.188912681
554.188912681
554.188912681
554.188912681
554.188912681
554.188912681
554.188912681
554.188912681
554.188912681
554.188912681
554.188912681
554.188912681
554.188912681
554.188912681
554.188912681
554.188912681
554.188912681
554.188912681
554.188912681
554.188912681
554.188912681
554.188912681
554.188912681
554.188912681
554.188912681
554.188912681
554.188912681
554.188912681
554.188912681
554.188912681
554.188912681
554.188912681
554.188912681
554.188912681
554.188912681
554.188912681
554.188912681
554.188912681
554.188912681
554.188912681
554.188912681
554.188912681
554.188912681
554.188912681
554.188912681
554.188912681
554.188912681
554.188912681
554.188912681
554.188912681
554.188912681
554.188912681
554.188912681
554.188912681
554.188912681
554.188912681
554.188912681
554.188912681
554.188912681
554.188912681
554.188912681
554.188912681
554.188912681
554.188912681
554.188912681
554.188912681
554.188912681
554.188912681
554.188912681
554.188912681
554.188912681
554.188912681
554.188912681
554.188912681
554.188912681
554.188912681
554.188912681
554.188912681
554.188912681
554.188912681
554.188912681
554.188912681
554.188912681
554.188912681
554.188912681
554.188912681
554.188912681
554.188912681
554.188912681
554.188912681
554.188912681
554.188912681
554.188912681
554.188912681
554.188912681
554.188912681
554.188912681
554.188912681
554.188912681
554.188912681
554.188912681
554.188912681
554.188912681
554.188912681
554.188912681
554.188912681
554.188912681
554.188912681
554.188912681
554.188912681
554.188912681
554.188912681
554.188912681
554.188912681
554.188912681
554.188912681
554.188912681
554.188912681
554.188912681
554.188912681
554.188912681
554.188912681
554.188912681
554.188912681
554.188912681
554.188912681
554.188912681
554.188912681
554.188912681
554.188912681
554.188912681
554.188912681
554.188912681
554.188912681
554.188912681
554.188912681
554.188912681
554.188912681
554.188912681
554.188912681
554.188912681
554.188912681
554.188912681
554.188912681
554.188912681
554.188912681
554.188912681
554.188912681
554.188912681
554.188912681
554.188912681
554.188912681
554.188912681
554.188912681
554.188912681
554.188912681
554.188912681
554.188912681
554.188912681
554.188912681
554.188912681
554.188912681
554.188912681
554.188912681
554.188912681
554.188912681
554.188912681
554.188912681
554.188912681
554.188912681
554.188912681
554.188912681
554.188912681
554.188912681
554.188912681
554.188912681
554.188912681
554.188912681
554.188912681
554.188912681
554.188912681
554.188912681
554.188912681
554.188912681
554.188912681
554.188912681
554.188912681
554.188912681
554.188912681
554.188912681
554.188912681
554.188912681
554.188912681
554.188912681
554.188912681
554.188912681
554.188912681
554.188912681
554.188912681
554.188912681
554.188912681
554.188912681
554.188912681
554.188912681
554.188912681
554.188912681
554.188912681
554.188912681
554.188912681
554.188912681
554.188912681
554.188912681
554.188912681
554.188912681
554.188912681
554.188912681
554.188912681
554.188912681
554.188912681
554.188912681
554.188912681
554.188912681
554.188912681
554.188912681
554.188912681
554.188912681
554.188912681
554.188912681
554.188912681
554.188912681
554.188912681
554.188912681
554.188912681
554.188912681
554.188912681
554.188912681
554.188912681
554.188912681
554.188912681
554.188912681
554.188912681
554.188912681
554.188912681
554.188912681
554.188912681
554.188912681
554.188912681
554.188912681
554.188912681
554.188912681
554.188912681
554.188912681
554.188912681
554.188912681
554.188912681
554.188912681
554.188912681
554.188912681
554.188912681
554.188912681
554.188912681
554.188912681
554.188912681
554.188912681
554.188912681
554.188912681
554.188912681
554.188912681
554.188912681
554.188912681
554.188912681
554.188912681
554.188912681
554.188912681
554.188912681
554.188912681
554.188912681
554.188912681
554.188912681
554.188912681
554.188912681
554.188912681
554.188912681
554.188912681
554.188912681
554.188912681
554.188912681
554.188912681
554.188912681
554.188912681
554.188912681
554.188912681
554.188912681
554.188912681
554.188912681
554.188912681
554.188912681
554.188912681
554.188912681
554.188912681
554.188912681
554.188912681
554.188912681
554.188912681
554.188912681
554.188912681
554.188912681
554.188912681
554.188912681
554.188912681
554.188912681
554.188912681
554.188912681
554.188912681
554.188912681
554.188912681
554.188912681
554.188912681
554.188912681
554.188912681
554.188912681
554.188912681
554.188912681
554.188912681
554.188912681
554.188912681
554.188912681
554.188912681
554.188912681
554.188912681
554.188912681
554.188912681
554.188912681
554.188912681
554.188912681
554.188912681
554.188912681
554.188912681
554.188912681
554.188912681
554.188912681
554.188912681
554.188912681
554.188912681
554.188912681
554.188912681
554.188912681
554.188912681
554.188912681
554.188912681
554.188912681
554.188912681
554.188912681
554.188912681
554.188912681
554.188912681
554.188912681
554.188912681
554.188912681
554.188912681
554.188912681
554.188912681
554.188912681
554.188912681
554.188912681
554.188912681
554.188912681
554.188912681
554.188912681
554.188912681
554.188912681
554.188912681
554.188912681
554.188912681
554.188912681
554.188912681
554.188912681
554.188912681
554.188912681
554.188912681
554.188912681
554.188912681
554.188912681
554.188912681
554.188912681
554.188912681
554.188912681
554.188912681
554.188912681
554.188912681
554.188912681
554.188912681
554.188912681
554.188912681
554.188912681
554.188912681
554.188912681
554.188912681
554.188912681
554.188912681
554.188912681
554.188912681
554.188912681
554.188912681
554.188912681
554.188912681
554.188912681
554.188912681
554.188912681
554.188912681
554.188912681
554.188912681
554.188912681
554.188912681
554.188912681
554.188912681
554.188912681
554.188912681
554.188912681
554.188912681
554.188912681
554.188912681
554.188912681
554.188912681
554.188912681
554.188912681
554.188912681
554.188912681
554.188912681
554.188912681
554.188912681
554.188912681
554.188912681
554.188912681
554.188912681
554.188912681
554.188912681
554.188912681
554.188912681
554.188912681
554.188912681
554.188912681
554.188912681
554.188912681
554.188912681
554.188912681
554.188912681
554.188912681
554.188912681
554.188912681
554.188912681
554.188912681
554.188912681
554.188912681
554.188912681
554.188912681
554.188912681
554.188912681
554.188912681
554.188912681
554.188912681
554.188912681
554.188912681
554.188912681
554.188912681
554.188912681
554.188912681
554.188912681
554.188912681
554.188912681
554.188912681
554.188912681
554.188912681
554.188912681
554.188912681
554.188912681
554.188912681
554.188912681
554.188912681
554.188912681
554.188912681
554.188912681
554.188912681
554.188912681
554.188912681
554.188912681
554.188912681
554.188912681
554.188912681
554.188912681
554.188912681
554.188912681
554.188912681
554.188912681
554.188912681
554.188912681
554.188912681
554.188912681
554.188912681
554.188912681
554.188912681
554.188912681
554.188912681
554.188912681
554.188912681
554.188912681
554.188912681
554.188912681
554.188912681
554.188912681
554.188912681
554.188912681
554.188912681
554.188912681
554.188912681
554.188912681
554.188912681
554.188912681
554.188912681
554.188912681
554.188912681
554.188912681
554.188912681
554.188912681
554.188912681
554.188912681
554.188912681
554.188912681
554.188912681
554.188912681
554.188912681
554.188912681
554.188912681
554.188912681
554.188912681
554.188912681
554.188912681
554.188912681
554.188912681
554.188912681
554.188912681
554.188912681
554.188912681
554.188912681
554.188912681
554.188912681
554.188912681
554.188912681
554.188912681
554.188912681
554.188912681
554.188912681
554.188912681
554.188912681
554.188912681
554.188912681
554.188912681
554.188912681
554.188912681
554.188912681
554.188912681
554.188912681
554.188912681
554.188912681
554.188912681
554.188912681
554.188912681
554.188912681
554.188912681
554.188912681
554.188912681
554.188912681
554.188912681
554.188912681
554.188912681
554.188912681
554.188912681
554.188912681
554.188912681
554.188912681
554.188912681
554.188912681
554.188912681
554.188912681
554.188912681
554.188912681
554.188912681
554.188912681
554.188912681
554.188912681
554.188912681
554.188912681
554.188912681
554.188912681
554.188912681
554.188912681
554.188912681
554.188912681
554.188912681
554.188912681
554.188912681
554.188912681
554.188912681
554.188912681
554.188912681
554.188912681
554.188912681
554.188912681
554.188912681
554.188912681
554.188912681
554.188912681
554.188912681
554.188912681
554.188912681
554.188912681
554.188912681
554.188912681
554.188912681
554.188912681
554.188912681
554.188912681
554.188912681
554.188912681
554.188912681
554.188912681
554.188912681
554.188912681
554.188912681
554.188912681
554.188912681
554.188912681
554.188912681
554.188912681
554.188912681
554.188912681
554.188912681
554.188912681
554.188912681
554.188912681
554.188912681
554.188912681
554.188912681
554.188912681
554.188912681
554.188912681
554.188912681
554.188912681
554.188912681
554.188912681
554.188912681
554.188912681
554.188912681
554.188912681
554.188912681
554.188912681
554.188912681
554.188912681
554.188912681
554.188912681
554.188912681
554.188912681
554.188912681
554.188912681
554.188912681
554.188912681
554.188912681
554.188912681
554.188912681
554.188912681
554.188912681
554.188912681
554.188912681
554.188912681
554.188912681
554.188912681
554.188912681
554.188912681
554.188912681
554.188912681
554.188912681
554.188912681
554.188912681
554.188912681
554.188912681
554.188912681
554.188912681
554.188912681
554.188912681
554.188912681
554.188912681
554.188912681
554.188912681
554.188912681
554.188912681
554.188912681
554.188912681
554.188912681
554.188912681
554.188912681
554.188912681
554.188912681
554.188912681
554.188912681
554.188912681
554.188912681
554.188912681
554.188912681
554.188912681
554.188912681
554.188912681
554.188912681
554.188912681
554.188912681
554.188912681
554.188912681
554.188912681
554.188912681
554.188912681
554.188912681
554.188912681
554.188912681
554.188912681
554.188912681
554.188912681
554.188912681
554.188912681
554.188912681
554.188912681
554.188912681
554.188912681
554.188912681
554.188912681
554.188912681
554.188912681
554.188912681
554.188912681
554.188912681
554.188912681
554.188912681
554.188912681
554.188912681
554.188912681
554.188912681
554.188912681
554.188912681
554.188912681
554.188912681
554.188912681
554.188912681
554.188912681
554.188912681
554.188912681
554.188912681
554.188912681
554.188912681
554.188912681
554.188912681
554.188912681
554.188912681
554.188912681
554.188912681
554.188912681
554.188912681
554.188912681
554.188912681
554.188912681
554.188912681
554.188912681
554.188912681
554.188912681
554.188912681
554.188912681
554.188912681
554.188912681
554.188912681
554.188912681
554.188912681
554.188912681
554.188912681
554.188912681
554.188912681
554.188912681
554.188912681
554.188912681
554.188912681
554.188912681
554.188912681
554.188912681
554.188912681
554.188912681
554.188912681
554.188912681
554.188912681
554.188912681
554.188912681
554.188912681
554.188912681
554.188912681
554.188912681
554.188912681
554.188912681
554.188912681
554.188912681
554.188912681
554.188912681
554.188912681
554.188912681
554.188912681
554.188912681
554.188912681
554.188912681
554.188912681
554.188912681
554.188912681
554.188912681
554.188912681
554.188912681
554.188912681
554.188912681
554.188912681
554.188912681
554.188912681
554.188912681
554.188912681
554.188912681
554.188912681
554.188912681
554.188912681
554.188912681
554.188912681
554.188912681
554.188912681
554.188912681
554.188912681
554.188912681
554.188912681
554.188912681
554.188912681
554.188912681
554.188912681
554.188912681
554.188912681
554.188912681
554.188912681
554.188912681
554.188912681
554.188912681
554.188912681
554.188912681
554.188912681
554.188912681
554.188912681
554.188912681
554.188912681
554.188912681
554.188912681
554.188912681
554.188912681
554.188912681
554.188912681
554.188912681
554.188912681
554.188912681
554.188912681
554.188912681
554.188912681
554.188912681
554.188912681
554.188912681
554.188912681
554.188912681
554.188912681
554.188912681
554.188912681
554.188912681
554.188912681
554.188912681
554.188912681
554.188912681
554.188912681
554.188912681
554.188912681
554.188912681
554.188912681
554.188912681
554.188912681
554.188912681
554.188912681
554.188912681
554.188912681
554.188912681
554.188912681
554.188912681
554.188912681
554.188912681
554.188912681
554.188912681
554.188912681
554.188912681
554.188912681
554.188912681
554.188912681
554.188912681
554.188912681
554.188912681
554.188912681
554.188912681
554.188912681
554.188912681
554.188912681
554.188912681
554.188912681
554.188912681
554.188912681
554.188912681
554.188912681
554.188912681
554.188912681
554.188912681
554.188912681
554.188912681
554.188912681
554.188912681
554.188912681
554.188912681
554.188912681
554.188912681
554.188912681
554.188912681
554.188912681
554.188912681
554.188912681
554.188912681
554.188912681
554.188912681
554.188912681
554.188912681
554.188912681
554.188912681
554.188912681
554.188912681
554.188912681
554.188912681
554.188912681
554.188912681
554.188912681
554.188912681
554.188912681
554.188912681
554.188912681
554.188912681
554.188912681
554.188912681
554.188912681
554.188912681
554.188912681
554.188912681
554.188912681
554.188912681
554.188912681
554.188912681
554.188912681
554.188912681
554.188912681
554.188912681
554.188912681
554.188912681
554.188912681
554.188912681
554.188912681
554.188912681
554.188912681
554.188912681
554.188912681
554.188912681
554.188912681
554.188912681
554.188912681
554.188912681
554.188912681
554.188912681
554.188912681
554.188912681
554.188912681
554.188912681
554.188912681
554.188912681
554.188912681
554.188912681
554.188912681
554.188912681
554.188912681
554.188912681
554.188912681
554.188912681
554.188912681
554.188912681
554.188912681
554.188912681
554.188912681
554.188912681
554.188912681
554.188912681
554.188912681
554.188912681
554.188912681
554.188912681
554.188912681
554.188912681
554.188912681
554.188912681
554.188912681
554.188912681
554.188912681
554.188912681
554.188912681
554.188912681
554.188912681
554.188912681
554.188912681
554.188912681
554.188912681
554.188912681
554.188912681
554.188912681
554.188912681
554.188912681
554.188912681
554.188912681
554.188912681
554.188912681
554.188912681
554.188912681
554.188912681
554.188912681
554.188912681
554.188912681
554.188912681
554.188912681
554.188912681
554.188912681
554.188912681
554.188912681
554.188912681
554.188912681
554.188912681
554.188912681
554.188912681
554.188912681
554.188912681
554.188912681
554.188912681
554.188912681
554.188912681
554.188912681
554.188912681
554.188912681
554.188912681
554.188912681
554.188912681
554.188912681
554.188912681
554.188912681
554.188912681
554.188912681
554.188912681
554.188912681
554.188912681
554.188912681
554.188912681
554.188912681
554.188912681
554.188912681
554.188912681
554.188912681
554.188912681
554.188912681
554.188912681
554.188912681
554.188912681
554.188912681
554.188912681
554.188912681
554.188912681
554.188912681
554.188912681
554.188912681
554.188912681
554.188912681
554.188912681
554.188912681
554.188912681
554.188912681
554.188912681
554.188912681
554.188912681
554.188912681
554.188912681
554.188912681
554.188912681
554.188912681
554.188912681
554.188912681
554.188912681
554.188912681
554.188912681
554.188912681
554.188912681
554.188912681
554.188912681
554.188912681
554.188912681
554.188912681
554.188912681
554.188912681
554.188912681
554.188912681
554.188912681
554.188912681
554.188912681
554.188912681
554.188912681
554.188912681
554.188912681
554.188912681
554.188912681
554.188912681
554.188912681
554.188912681
554.188912681
554.188912681
554.188912681
554.188912681
554.188912681
554.188912681
554.188912681
554.188912681
554.188912681
554.188912681
554.188912681
554.188912681
554.188912681
554.188912681
554.188912681
554.188912681
554.188912681
554.188912681
554.188912681
554.188912681
554.188912681
554.188912681
554.188912681
554.188912681
554.188912681
554.188912681
554.188912681
554.188912681
554.188912681
554.188912681
554.188912681
554.188912681
554.188912681
554.188912681
554.188912681
554.188912681
554.188912681
554.188912681
554.188912681
554.188912681
554.188912681
554.188912681
554.188912681
554.188912681
554.188912681
554.188912681
554.188912681
554.188912681
554.188912681
554.188912681
554.188912681
554.188912681
554.188912681
554.188912681
554.188912681
554.188912681
554.188912681
554.188912681
554.188912681
554.188912681
554.188912681
554.188912681
554.188912681
554.188912681
554.188912681
554.188912681
554.188912681
554.188912681
554.188912681
554.188912681
554.188912681
554.188912681
554.188912681
554.188912681
554.188912681
554.188912681
554.188912681
554.188912681
554.188912681
554.188912681
554.188912681
554.188912681
554.188912681
554.188912681
554.188912681
554.188912681
554.188912681
554.188912681
554.188912681
554.188912681
554.188912681
554.188912681
554.188912681
554.188912681
554.188912681
554.188912681
554.188912681
554.188912681
554.188912681
554.188912681
554.188912681
554.188912681
554.188912681
554.188912681
554.188912681
554.188912681
554.188912681
554.188912681
554.188912681
554.188912681
554.188912681
554.188912681
554.188912681
554.188912681
554.188912681
554.188912681
554.188912681
554.188912681
554.188912681
554.188912681
554.188912681
554.188912681
554.188912681
554.188912681
554.188912681
554.188912681
554.188912681
554.188912681
554.188912681
554.188912681
554.188912681
554.188912681
554.188912681
554.188912681
554.188912681
554.188912681
554.188912681
554.188912681
554.188912681
554.188912681
554.188912681
554.188912681
554.188912681
554.188912681
554.188912681
554.188912681
554.188912681
554.188912681
554.188912681
554.188912681
554.188912681
554.188912681
554.188912681
554.188912681
554.188912681
554.188912681
554.188912681
554.188912681
554.188912681
554.188912681
554.188912681
554.188912681
554.188912681
554.188912681
554.188912681
554.188912681
554.188912681
554.188912681
554.188912681
554.188912681
554.188912681
554.188912681
554.188912681
554.188912681
554.188912681
554.188912681
554.188912681
554.188912681
554.188912681
554.188912681
554.188912681
554.188912681
554.188912681
554.188912681
554.188912681
554.188912681
554.188912681
554.188912681
554.188912681
554.188912681
554.188912681
554.188912681
554.188912681
554.188912681
554.188912681
554.188912681
554.188912681
554.188912681
554.188912681
554.188912681
554.188912681
554.188912681
554.188912681
554.188912681
554.188912681
554.188912681
554.188912681
554.188912681
554.188912681
554.188912681
554.188912681
554.188912681
554.188912681
554.188912681
554.188912681
554.188912681
554.188912681
554.188912681
554.188912681
554.188912681
554.188912681
554.188912681
554.188912681
554.188912681
554.188912681
554.188912681
554.188912681
554.188912681
554.188912681
554.188912681
554.188912681
554.188912681
554.188912681
554.188912681
554.188912681
554.188912681
554.188912681
554.188912681
554.188912681
554.188912681
554.188912681
554.188912681
554.188912681
554.188912681
554.188912681
554.188912681
554.188912681
554.188912681
554.188912681
554.188912681
554.188912681
554.188912681
554.188912681
554.188912681
554.188912681
554.188912681
554.188912681
554.188912681
554.188912681
554.188912681
554.188912681
554.188912681
554.188912681
554.188912681
554.188912681
554.188912681
554.188912681
554.188912681
554.188912681
554.188912681
554.188912681
554.188912681
554.188912681
554.188912681
554.188912681
554.188912681
554.188912681
554.188912681
554.188912681
554.188912681
554.188912681
554.188912681
554.188912681
554.188912681
554.188912681
554.188912681
554.188912681
554.188912681
554.188912681
554.188912681
554.188912681
554.188912681
554.188912681
554.188912681
554.188912681
554.188912681
554.188912681
554.188912681
554.188912681
554.188912681
554.188912681
554.188912681
554.188912681
554.188912681
554.188912681
554.188912681
554.188912681
554.188912681
554.188912681
554.188912681
554.188912681
554.188912681
554.188912681
554.188912681
554.188912681
554.188912681
554.188912681
554.188912681
554.188912681
554.188912681
554.188912681
554.188912681
554.188912681
554.188912681
554.188912681
554.188912681
554.188912681
554.188912681
554.188912681
554.188912681
554.188912681
554.188912681
554.188912681
554.188912681
554.188912681
554.188912681
554.188912681
554.188912681
554.188912681
554.188912681
554.188912681
554.188912681
554.188912681
554.188912681
554.188912681
554.188912681
554.188912681
554.188912681
554.188912681
554.188912681
554.188912681
554.188912681
554.188912681
554.188912681
554.188912681
554.188912681
554.188912681
554.188912681
554.188912681
554.188912681
554.188912681
554.188912681
554.188912681
554.188912681
554.188912681
554.188912681
554.188912681
554.188912681
554.188912681
554.188912681
554.188912681
554.188912681
554.188912681
554.188912681
554.188912681
554.188912681
554.188912681
554.188912681
554.188912681
554.188912681
554.188912681
554.188912681
554.188912681
554.188912681
554.188912681
554.188912681
554.188912681
554.188912681
554.188912681
554.188912681
554.188912681
554.188912681
554.188912681
554.188912681
554.188912681
554.188912681
554.188912681
554.188912681
554.188912681
554.188912681
554.188912681
554.188912681
554.188912681
554.188912681
554.188912681
554.188912681
554.188912681
554.188912681
554.188912681
554.188912681
554.188912681
554.188912681
554.188912681
554.188912681
554.188912681
554.188912681
554.188912681
554.188912681
554.188912681
554.188912681
554.188912681
554.188912681
554.188912681
554.188912681
554.188912681
554.188912681
554.188912681
554.188912681
554.188912681
554.188912681
554.188912681
554.188912681
554.188912681
554.188912681
554.188912681
554.188912681
554.188912681
554.188912681
554.188912681
554.188912681
554.188912681
554.188912681
554.188912681
554.188912681
554.188912681
554.188912681
554.188912681
554.188912681
554.188912681
554.188912681
554.188912681
554.188912681
554.188912681
554.188912681
554.188912681
554.188912681
554.188912681
554.188912681
554.188912681
554.188912681
554.188912681
554.188912681
554.188912681
554.188912681
554.188912681
554.188912681
554.188912681
554.188912681
554.188912681
554.188912681
554.188912681
554.188912681
554.188912681
554.188912681
554.188912681
554.188912681
554.188912681
554.188912681
554.188912681
554.188912681
554.188912681
554.188912681
554.188912681
554.188912681
554.188912681
554.188912681
554.188912681
554.188912681
554.188912681
554.188912681
554.188912681
554.188912681
554.188912681
554.188912681
554.188912681
554.188912681
554.188912681
554.188912681
554.188912681
554.188912681
554.188912681
554.188912681
554.188912681
554.188912681
554.188912681
554.188912681
554.188912681
554.188912681
554.188912681
554.188912681
554.188912681
554.188912681
554.188912681
554.188912681
554.188912681
554.188912681
554.188912681
554.188912681
554.188912681
554.188912681
554.188912681
554.188912681
554.188912681
554.188912681
554.188912681
554.188912681
554.188912681
554.188912681
554.188912681
554.188912681
554.188912681
554.188912681
554.188912681
554.188912681
554.188912681
554.188912681
554.188912681
554.188912681
554.188912681
554.188912681
554.188912681
554.188912681
554.188912681
554.188912681
554.188912681
554.188912681
554.188912681
554.188912681
554.188912681
554.188912681
554.188912681
554.188912681
554.188912681
554.188912681
554.188912681
554.188912681
554.188912681
554.188912681
554.188912681
554.188912681
554.188912681
554.188912681
554.188912681
554.188912681
554.188912681
554.188912681
554.188912681
554.188912681
554.188912681
554.188912681
554.188912681
554.188912681
554.188912681
554.188912681
554.188912681
554.188912681
554.188912681
554.188912681
554.188912681
554.188912681
554.188912681
554.188912681
554.188912681
554.188912681
554.188912681
554.188912681
554.188912681
554.188912681
554.188912681
554.188912681
554.188912681
554.188912681
554.188912681
554.188912681
554.188912681
554.188912681
554.188912681
554.188912681
554.188912681
554.188912681
554.188912681
554.188912681
554.188912681
554.188912681
554.188912681
554.188912681
554.188912681
554.188912681
554.188912681
554.188912681
554.188912681
554.188912681
554.188912681
554.188912681
554.188912681
554.188912681
554.188912681
554.188912681
554.188912681
554.188912681
554.188912681
554.188912681
554.188912681
554.188912681
554.188912681
554.188912681
554.188912681
554.188912681
554.188912681
554.188912681
554.188912681
554.188912681
554.188912681
554.188912681
554.188912681
554.188912681
554.188912681
554.188912681
554.188912681
554.188912681
554.188912681
554.188912681
554.188912681
554.188912681
554.188912681
554.188912681
554.188912681
554.188912681
554.188912681
554.188912681
554.188912681
554.188912681
554.188912681
554.188912681
554.188912681
554.188912681
554.188912681
554.188912681
554.188912681
554.188912681
554.188912681
554.188912681
554.188912681
554.188912681
554.188912681
554.188912681
554.188912681
554.188912681
554.188912681
554.188912681
554.188912681
554.188912681
554.188912681
554.188912681
554.188912681
554.188912681
554.188912681
554.188912681
554.188912681
554.188912681
554.188912681
554.188912681
554.188912681
554.188912681
554.188912681
554.188912681
554.188912681
554.188912681
554.188912681
554.188912681
554.188912681
554.188912681
554.188912681
554.188912681
554.188912681
554.188912681
554.188912681
554.188912681
554.188912681
554.188912681
554.188912681
554.188912681
554.188912681
554.188912681
554.188912681
554.188912681
554.188912681
554.188912681
554.188912681
554.188912681
554.188912681
554.188912681
554.188912681
554.188912681
554.188912681
554.188912681
554.188912681
554.188912681
554.188912681
554.188912681
554.188912681
554.188912681
554.188912681
554.188912681
554.188912681
554.188912681
554.188912681
554.188912681
554.188912681
554.188912681
554.188912681
554.188912681
554.188912681
554.188912681
554.188912681
554.188912681
554.188912681
554.188912681
554.188912681
554.188912681
554.188912681
554.188912681
554.188912681
554.188912681
554.188912681
554.188912681
554.188912681
554.188912681
554.188912681
554.188912681
554.188912681
554.188912681
554.188912681
554.188912681
554.188912681
554.188912681
554.188912681
554.188912681
554.188912681
554.188912681
554.188912681
554.188912681
554.188912681
554.188912681
554.188912681
554.188912681
554.188912681
554.188912681
554.188912681
554.188912681
554.188912681
554.188912681
554.188912681
554.188912681
554.188912681
554.188912681
554.188912681
554.188912681
554.188912681
554.188912681
554.188912681
554.188912681
554.188912681
554.188912681
554.188912681
554.188912681
554.188912681
554.188912681
554.188912681
554.188912681
554.188912681
554.188912681
554.188912681
554.188912681
554.188912681
554.188912681
554.188912681
554.188912681
554.188912681
554.188912681
554.188912681
554.188912681
554.188912681
554.188912681
554.188912681
554.188912681
554.188912681
554.188912681
554.188912681
554.188912681
554.188912681
554.188912681
554.188912681
554.188912681
554.188912681
554.188912681
554.188912681
554.188912681
554.188912681
554.188912681
554.188912681
554.188912681
554.188912681
554.188912681
554.188912681
554.188912681
554.188912681
554.188912681
554.188912681
554.188912681
554.188912681
554.188912681
554.188912681
554.188912681
554.188912681
554.188912681
554.188912681
554.188912681
554.188912681
554.188912681
554.188912681
554.188912681
554.188912681
554.188912681
554.188912681
554.188912681
554.188912681
554.188912681
554.188912681
554.188912681
554.188912681
554.188912681
554.188912681
554.188912681
554.188912681
554.188912681
554.188912681
554.188912681
554.188912681
554.188912681
554.188912681
554.188912681
554.188912681
554.188912681
554.188912681
554.188912681
554.188912681
554.188912681
554.188912681
554.188912681
554.188912681
554.188912681
554.188912681
554.188912681
554.188912681
554.188912681
554.188912681
554.188912681
554.188912681
554.188912681
554.188912681
554.188912681
554.188912681
554.188912681
554.188912681
554.188912681
554.188912681
554.188912681
554.188912681
554.188912681
554.188912681
554.188912681
554.188912681
554.188912681
554.188912681
554.188912681
554.188912681
554.188912681
554.188912681
554.188912681
554.188912681
554.188912681
554.188912681
554.188912681
554.188912681
554.188912681
554.188912681
554.188912681
554.188912681
554.188912681
554.188912681
554.188912681
554.188912681
554.188912681
554.188912681
554.188912681
554.188912681
554.188912681
554.188912681
554.188912681
554.188912681
554.188912681
554.188912681
554.188912681
554.188912681
554.188912681
554.188912681
554.188912681
554.188912681
554.188912681
554.188912681
554.188912681
554.188912681
554.188912681
554.188912681
554.188912681
554.188912681
554.188912681
554.188912681
554.188912681
554.188912681
554.188912681
554.188912681
554.188912681
554.188912681
554.188912681
554.188912681
554.188912681
554.188912681
554.188912681
554.188912681
554.188912681
554.188912681
554.188912681
554.188912681
554.188912681
554.188912681
554.188912681
554.188912681
554.188912681
554.188912681
554.188912681
554.188912681
554.188912681
554.188912681
554.188912681
554.188912681
554.188912681
554.188912681
554.188912681
554.188912681
554.188912681
554.188912681
554.188912681
554.188912681
554.188912681
554.188912681
554.188912681
554.188912681
554.188912681
554.188912681
554.188912681
554.188912681
554.188912681
554.188912681
554.188912681
554.188912681
554.188912681
554.188912681
554.188912681
554.188912681
554.188912681
554.188912681
554.188912681
554.188912681
554.188912681
554.188912681
554.188912681
554.188912681
554.188912681
554.188912681
554.188912681
554.188912681
554.188912681
554.188912681
554.188912681
554.188912681
554.188912681
554.188912681
554.188912681
554.188912681
554.188912681
554.188912681
554.188912681
554.188912681
554.188912681
554.188912681
554.188912681
554.188912681
554.188912681
554.188912681
554.188912681
554.188912681
554.188912681
554.188912681
554.188912681
554.188912681
554.188912681
554.188912681
554.188912681
554.188912681
554.188912681
554.188912681
554.188912681
554.188912681
554.188912681
554.188912681
554.188912681
554.188912681
554.188912681
554.188912681
554.188912681
554.188912681
554.188912681
554.188912681
554.188912681
554.188912681
554.188912681
554.188912681
554.188912681
554.188912681
554.188912681
554.188912681
554.188912681
554.188912681
554.188912681
554.188912681
554.188912681
554.188912681
554.188912681
554.188912681
554.188912681
554.188912681
554.188912681
554.188912681
554.188912681
554.188912681
554.188912681
554.188912681
554.188912681
554.188912681
554.188912681
554.188912681
554.188912681
554.188912681
554.188912681
554.188912681
554.188912681
554.188912681
554.188912681
554.188912681
554.188912681
554.188912681
554.188912681
554.188912681
554.188912681
554.188912681
554.188912681
554.188912681
554.188912681
554.188912681
554.188912681
554.188912681
554.188912681
554.188912681
554.188912681
554.188912681
554.188912681
554.188912681
554.188912681
554.188912681
554.188912681
554.188912681
554.188912681
554.188912681
