1509.66287487
1478.35903364
1469.1793122
1437.66797443
1388.20183608
1378.12975563
1346.03890818
1320.07048883
1309.8742125
1279.68164976
1230.62790197
1248.12428505
1214.00196348
1112.1090126
1108.43845371
1108.78103501
1081.54576665
1076.35155912
1081.97280482
1058.04753374
1069.23180011
1056.69619699
1045.51193062
1046.2180554
1034.84036742
1045.59002527
1042.39743722
1044.53736489
1022.18760726
1015.61296635
1011.01349177
984.865475601
954.086680828
957.397248181
955.496009439
962.410358448
976.861137112
978.977519086
972.282476666
972.282476666
979.982010399
985.180743894
981.573053199
958.827922343
977.283687073
987.52142487
958.341247007
952.643758536
937.668346976
972.08620503
959.679067718
963.703927516
963.703927516
965.82160535
976.079594659
967.924772937
971.078418215
939.268982958
947.949151764
950.408397494
953.284966131
954.939050037
954.939050037
968.211086711
968.211086711
968.211086711
972.519372657
959.588954874
978.551659733
974.322824833
930.522906278
924.134722538
896.958006323
903.201571474
901.888651949
903.201571474
908.24946947
916.373742237
910.36602962
910.36602962
897.873142555
897.873142555
931.956863191
915.172403327
906.755326838
898.881225619
886.9053855
886.9053855
886.9053855
886.9053855
858.346335675
864.117628237
873.932713701
873.932713701
873.932713701
873.932713701
873.932713701
881.390127144
868.901410459
868.901410459
859.540438346
870.659238938
870.659238938
880.781165858
875.342547495
875.342547495
873.521709233
871.019234576
868.567722527
859.853384109
855.393955773
855.393955773
855.393955773
846.104789607
834.553999879
834.553999879
823.401139627
823.401139627
825.207421463
808.566662049
808.566662049
808.566662049
801.684023659
801.684023659
789.216495041
782.427574111
782.427574111
782.427574111
782.427574111
782.427574111
782.427574111
760.793623816
759.928251032
758.326170882
758.326170882
758.326170882
758.326170882
758.326170882
751.109288257
751.109288257
751.109288257
751.109288257
751.109288257
739.961195513
739.961195513
736.179132438
736.179132438
712.406627574
711.873234231
711.873234231
711.873234231
711.873234231
711.873234231
711.873234231
710.11518034
710.11518034
710.11518034
710.11518034
710.11518034
710.11518034
710.11518034
710.11518034
710.11518034
710.11518034
710.11518034
706.900121609
706.900121609
706.900121609
706.900121609
706.900121609
706.900121609
706.900121609
706.900121609
706.900121609
706.900121609
706.900121609
706.900121609
706.900121609
706.900121609
706.900121609
705.306748351
705.306748351
705.306748351
705.306748351
705.306748351
705.306748351
705.306748351
705.306748351
705.306748351
705.306748351
695.418126999
695.418126999
695.418126999
695.418126999
695.418126999
695.418126999
695.418126999
695.169972878
695.169972878
695.169972878
695.169972878
695.169972878
695.169972878
695.169972878
695.169972878
695.169972878
695.169972878
695.169972878
695.169972878
695.169972878
695.169972878
695.169972878
695.169972878
695.169972878
695.169972878
695.169972878
695.169972878
695.169972878
679.347783366
679.347783366
679.347783366
679.347783366
679.347783366
677.317265636
677.317265636
677.317265636
677.317265636
677.317265636
674.727417356
674.727417356
674.727417356
674.727417356
674.727417356
670.281181325
670.281181325
670.281181325
670.281181325
657.340649474
657.340649474
657.340649474
657.340649474
657.340649474
657.340649474
657.340649474
657.340649474
657.340649474
657.340649474
642.031897142
642.031897142
642.031897142
642.031897142
642.031897142
642.031897142
642.031897142
642.031897142
642.031897142
642.031897142
642.031897142
642.031897142
636.00329997
636.00329997
636.00329997
636.00329997
636.00329997
636.00329997
636.00329997
636.00329997
636.00329997
636.00329997
636.00329997
636.00329997
627.204304163
627.204304163
627.204304163
627.204304163
627.204304163
627.204304163
627.204304163
627.204304163
627.204304163
627.204304163
627.204304163
627.204304163
627.204304163
627.204304163
627.204304163
627.204304163
627.204304163
627.204304163
627.204304163
627.204304163
627.204304163
627.204304163
627.204304163
627.204304163
627.204304163
627.204304163
627.204304163
627.204304163
627.204304163
627.204304163
627.204304163
626.773242917
626.773242917
626.015935784
626.015935784
626.015935784
626.015935784
626.015935784
626.015935784
626.015935784
626.015935784
623.377272724
623.377272724
623.377272724
623.377272724
623.377272724
623.377272724
623.377272724
623.377272724
623.377272724
621.980995157
621.980995157
621.980995157
621.980995157
621.980995157
621.980995157
616.558837131
616.558837131
616.558837131
616.558837131
616.558837131
616.558837131
616.558837131
616.558837131
616.558837131
616.558837131
616.558837131
616.558837131
616.558837131
616.558837131
616.558837131
616.558837131
616.558837131
616.558837131
616.558837131
616.558837131
616.558837131
616.558837131
616.558837131
616.558837131
616.558837131
616.558837131
616.558837131
616.558837131
616.558837131
616.558837131
616.558837131
616.558837131
616.558837131
616.558837131
616.558837131
616.558837131
616.558837131
608.716449232
608.716449232
607.851076449
607.851076449
607.851076449
607.851076449
607.851076449
607.851076449
607.851076449
607.851076449
607.851076449
607.851076449
607.851076449
607.851076449
607.851076449
607.851076449
607.851076449
607.851076449
607.851076449
607.851076449
607.851076449
607.851076449
607.851076449
607.851076449
607.851076449
607.851076449
607.851076449
607.851076449
607.851076449
607.851076449
607.851076449
607.851076449
607.851076449
607.731186839
607.731186839
607.731186839
607.731186839
602.315720625
602.315720625
602.315720625
602.315720625
602.315720625
602.315720625
602.315720625
602.315720625
602.315720625
602.315720625
602.315720625
602.315720625
602.315720625
602.315720625
602.315720625
602.315720625
602.315720625
602.315720625
602.315720625
602.315720625
602.315720625
602.315720625
602.315720625
602.315720625
602.315720625
602.315720625
602.315720625
602.315720625
602.315720625
602.315720625
602.315720625
602.315720625
602.315720625
602.315720625
602.315720625
602.315720625
602.315720625
602.315720625
602.315720625
602.315720625
602.315720625
602.315720625
602.315720625
602.315720625
602.315720625
598.164552055
598.164552055
598.164552055
598.164552055
598.164552055
598.164552055
598.164552055
598.164552055
598.164552055
598.164552055
598.164552055
598.164552055
598.164552055
598.164552055
598.164552055
598.164552055
598.164552055
598.164552055
598.164552055
598.164552055
598.164552055
598.164552055
598.164552055
598.164552055
598.164552055
598.164552055
598.164552055
598.164552055
598.164552055
598.164552055
598.164552055
598.164552055
598.164552055
598.164552055
598.164552055
598.164552055
598.164552055
598.164552055
598.164552055
598.164552055
598.164552055
598.164552055
598.164552055
598.164552055
598.164552055
598.164552055
598.164552055
598.164552055
596.740001885
596.740001885
595.576221503
595.576221503
595.576221503
595.576221503
595.576221503
595.576221503
595.576221503
595.576221503
595.576221503
595.576221503
595.576221503
595.576221503
595.576221503
595.576221503
595.576221503
595.576221503
595.576221503
595.576221503
595.576221503
595.576221503
595.576221503
591.356075073
591.356075073
591.356075073
591.356075073
591.356075073
591.356075073
583.801139995
583.801139995
583.801139995
583.801139995
583.801139995
583.801139995
583.801139995
583.801139995
583.801139995
583.801139995
583.801139995
583.801139995
583.801139995
583.801139995
583.801139995
583.801139995
583.801139995
583.801139995
583.801139995
583.801139995
583.801139995
583.801139995
583.801139995
583.801139995
583.801139995
583.801139995
583.801139995
583.373901004
583.373901004
583.373901004
583.373901004
583.373901004
583.373901004
583.373901004
583.373901004
583.373901004
583.373901004
583.373901004
583.373901004
583.373901004
583.373901004
583.373901004
583.373901004
583.373901004
582.505519601
582.505519601
582.505519601
582.505519601
582.505519601
582.505519601
582.505519601
582.505519601
582.505519601
582.505519601
582.505519601
582.505519601
582.505519601
582.505519601
582.505519601
582.505519601
582.505519601
582.505519601
582.505519601
582.505519601
582.505519601
582.505519601
582.505519601
582.505519601
582.505519601
582.505519601
582.505519601
582.505519601
582.505519601
582.505519601
582.505519601
582.505519601
582.505519601
582.505519601
582.505519601
582.505519601
582.505519601
582.505519601
581.863909394
581.863909394
581.863909394
581.863909394
581.863909394
581.863909394
581.863909394
581.863909394
581.863909394
581.863909394
581.863909394
581.863909394
581.863909394
581.863909394
581.863909394
581.863909394
581.863909394
581.863909394
581.863909394
581.863909394
581.863909394
581.863909394
581.863909394
581.863909394
581.863909394
581.863909394
581.863909394
581.863909394
581.863909394
581.863909394
581.863909394
581.863909394
581.863909394
581.863909394
581.863909394
581.863909394
581.863909394
581.863909394
581.863909394
581.863909394
581.863909394
581.863909394
581.863909394
581.863909394
581.863909394
581.863909394
581.863909394
581.863909394
581.863909394
581.863909394
581.863909394
581.863909394
577.152472236
577.152472236
577.152472236
577.152472236
577.152472236
577.152472236
577.152472236
577.152472236
577.152472236
577.152472236
577.152472236
577.152472236
577.152472236
574.240643508
574.240643508
574.240643508
574.240643508
574.240643508
574.240643508
574.240643508
574.240643508
574.240643508
574.240643508
574.240643508
574.240643508
574.240643508
574.240643508
574.240643508
574.240643508
574.240643508
574.240643508
574.240643508
574.240643508
574.240643508
574.240643508
574.240643508
574.240643508
574.240643508
574.240643508
574.240643508
574.240643508
574.240643508
574.240643508
574.240643508
574.240643508
574.240643508
574.240643508
574.240643508
574.240643508
574.240643508
574.240643508
574.240643508
574.240643508
574.240643508
574.240643508
574.240643508
574.240643508
574.240643508
574.240643508
574.240643508
574.240643508
574.240643508
574.240643508
574.240643508
574.240643508
574.240643508
574.240643508
574.240643508
574.240643508
574.240643508
574.240643508
574.240643508
574.240643508
574.240643508
574.240643508
574.240643508
574.240643508
574.240643508
574.240643508
574.240643508
574.240643508
572.1792975
572.1792975
572.1792975
572.1792975
572.1792975
572.1792975
572.1792975
572.1792975
572.1792975
572.1792975
572.1792975
572.1792975
572.1792975
572.1792975
572.1792975
572.1792975
572.1792975
572.1792975
572.1792975
572.1792975
572.1792975
572.1792975
572.1792975
572.1792975
572.1792975
572.1792975
572.1792975
572.1792975
572.1792975
572.1792975
572.1792975
572.1792975
572.1792975
572.1792975
572.1792975
572.1792975
572.1792975
572.1792975
572.1792975
572.1792975
572.1792975
572.1792975
572.1792975
572.1792975
572.1792975
572.1792975
572.1792975
572.1792975
572.1792975
572.1792975
572.1792975
572.1792975
572.1792975
572.1792975
572.1792975
572.1792975
572.1792975
572.1792975
572.1792975
572.1792975
572.1792975
572.1792975
572.1792975
572.1792975
572.1792975
572.1792975
572.1792975
572.1792975
572.1792975
572.1792975
572.1792975
572.1792975
572.1792975
572.1792975
572.1792975
572.1792975
572.1792975
572.1792975
572.1792975
572.1792975
572.1792975
572.1792975
572.1792975
572.1792975
572.1792975
572.1792975
572.1792975
572.1792975
572.1792975
572.1792975
572.1792975
572.1792975
572.1792975
559.873398259
559.873398259
559.873398259
559.873398259
559.873398259
559.873398259
559.873398259
559.873398259
559.873398259
559.873398259
559.873398259
559.873398259
559.873398259
559.873398259
559.873398259
559.873398259
559.873398259
555.563764844
555.563764844
555.563764844
555.563764844
555.563764844
555.563764844
555.563764844
555.563764844
555.563764844
555.563764844
555.563764844
555.563764844
555.563764844
555.563764844
555.563764844
555.563764844
555.563764844
555.563764844
555.563764844
555.563764844
553.531500282
553.531500282
553.531500282
553.531500282
553.531500282
553.531500282
553.531500282
553.531500282
553.531500282
553.531500282
553.531500282
553.531500282
553.531500282
553.531500282
553.531500282
553.531500282
553.531500282
553.531500282
553.531500282
553.531500282
553.531500282
553.531500282
553.531500282
553.531500282
553.531500282
553.531500282
553.531500282
553.531500282
553.531500282
553.531500282
553.531500282
553.531500282
553.531500282
553.531500282
553.531500282
553.531500282
553.531500282
553.531500282
553.531500282
553.531500282
553.531500282
553.531500282
553.531500282
553.531500282
553.531500282
553.531500282
553.531500282
553.531500282
553.531500282
553.531500282
553.531500282
553.531500282
553.531500282
553.531500282
553.531500282
553.531500282
553.531500282
553.531500282
553.531500282
553.531500282
553.531500282
553.531500282
553.531500282
553.531500282
553.531500282
553.531500282
553.531500282
553.531500282
553.531500282
553.531500282
553.531500282
553.531500282
553.531500282
553.531500282
553.531500282
553.531500282
553.531500282
553.531500282
553.531500282
553.531500282
553.531500282
553.531500282
551.797297829
551.797297829
551.797297829
551.797297829
551.797297829
551.797297829
551.797297829
551.797297829
551.797297829
551.797297829
551.797297829
551.797297829
551.797297829
550.211511041
550.211511041
550.211511041
550.211511041
550.211511041
550.211511041
550.211511041
550.211511041
550.211511041
550.211511041
550.211511041
550.211511041
550.211511041
550.211511041
550.211511041
550.211511041
550.211511041
550.211511041
550.211511041
550.211511041
550.211511041
550.211511041
550.211511041
550.211511041
550.211511041
550.211511041
550.211511041
550.211511041
550.211511041
550.211511041
550.211511041
550.211511041
550.211511041
550.211511041
550.211511041
550.211511041
550.211511041
550.211511041
550.211511041
550.211511041
550.211511041
550.211511041
550.211511041
550.211511041
550.211511041
550.211511041
550.211511041
550.211511041
550.211511041
550.211511041
550.211511041
550.211511041
550.211511041
550.211511041
550.211511041
550.211511041
550.211511041
550.211511041
550.211511041
550.211511041
550.211511041
550.211511041
550.211511041
550.211511041
546.180810513
546.180810513
546.180810513
546.180810513
546.180810513
546.180810513
546.180810513
546.180810513
546.180810513
546.180810513
546.180810513
546.180810513
546.180810513
546.180810513
546.180810513
546.180810513
546.180810513
546.180810513
546.180810513
546.180810513
546.180810513
546.180810513
546.180810513
546.180810513
546.180810513
546.180810513
546.180810513
546.180810513
546.180810513
546.180810513
546.180810513
546.180810513
546.180810513
546.180810513
546.180810513
546.180810513
546.180810513
546.180810513
546.180810513
546.180810513
546.180810513
546.180810513
546.180810513
546.180810513
546.180810513
546.180810513
546.180810513
546.180810513
546.180810513
546.180810513
546.180810513
546.180810513
546.180810513
546.180810513
546.180810513
546.180810513
546.180810513
546.180810513
546.180810513
546.180810513
546.180810513
546.180810513
546.180810513
546.180810513
546.180810513
546.180810513
546.180810513
546.180810513
546.180810513
546.180810513
546.180810513
546.180810513
546.180810513
546.180810513
546.180810513
546.180810513
546.180810513
546.180810513
546.180810513
546.180810513
546.180810513
546.180810513
546.180810513
546.180810513
546.180810513
546.180810513
546.180810513
546.180810513
546.180810513
546.180810513
546.180810513
546.180810513
546.180810513
546.180810513
546.180810513
546.180810513
546.180810513
546.180810513
546.180810513
546.180810513
546.180810513
546.180810513
546.180810513
546.180810513
546.180810513
546.180810513
546.180810513
546.180810513
546.180810513
546.180810513
546.180810513
546.180810513
546.180810513
546.180810513
546.180810513
546.180810513
546.180810513
546.180810513
546.180810513
546.180810513
546.180810513
546.180810513
546.180810513
546.180810513
546.180810513
546.180810513
546.180810513
546.180810513
546.180810513
546.180810513
546.180810513
546.180810513
546.180810513
546.180810513
546.180810513
546.180810513
546.180810513
546.180810513
546.180810513
546.180810513
546.180810513
546.180810513
546.180810513
546.180810513
546.180810513
546.180810513
546.180810513
546.180810513
546.180810513
546.180810513
546.180810513
546.180810513
546.180810513
546.180810513
546.180810513
546.180810513
546.180810513
546.180810513
546.180810513
546.180810513
546.180810513
546.180810513
546.180810513
546.180810513
546.180810513
546.180810513
546.180810513
546.180810513
546.180810513
546.180810513
546.180810513
546.180810513
546.180810513
546.180810513
546.180810513
546.180810513
546.180810513
546.180810513
546.180810513
546.180810513
546.180810513
546.180810513
546.180810513
546.180810513
546.180810513
546.180810513
546.180810513
546.180810513
546.180810513
546.180810513
546.180810513
546.180810513
546.180810513
546.180810513
546.180810513
546.180810513
546.180810513
546.180810513
546.180810513
546.180810513
546.180810513
546.180810513
546.180810513
546.180810513
546.180810513
546.180810513
546.180810513
546.180810513
546.180810513
546.180810513
546.180810513
546.180810513
546.180810513
546.180810513
546.180810513
546.180810513
546.180810513
546.180810513
546.180810513
546.180810513
546.180810513
546.180810513
546.180810513
546.180810513
546.180810513
546.180810513
546.180810513
546.180810513
546.180810513
546.180810513
545.606170711
542.986685945
542.986685945
542.986685945
542.986685945
542.986685945
542.986685945
542.986685945
542.986685945
542.986685945
542.986685945
542.986685945
542.986685945
542.986685945
542.986685945
542.986685945
542.986685945
542.986685945
542.986685945
542.986685945
542.986685945
542.986685945
542.986685945
542.986685945
542.986685945
542.986685945
542.986685945
542.986685945
542.986685945
542.986685945
542.986685945
542.986685945
542.986685945
542.986685945
542.986685945
542.986685945
542.986685945
542.986685945
542.986685945
542.986685945
542.986685945
542.986685945
542.986685945
542.986685945
542.986685945
542.986685945
542.986685945
542.986685945
542.986685945
542.986685945
542.986685945
542.986685945
542.986685945
542.986685945
542.986685945
542.986685945
542.986685945
542.986685945
542.986685945
542.986685945
542.986685945
542.986685945
542.986685945
542.986685945
542.986685945
542.986685945
542.986685945
542.986685945
542.986685945
542.986685945
542.986685945
542.986685945
542.986685945
542.986685945
542.986685945
542.986685945
542.986685945
542.986685945
542.986685945
542.986685945
542.986685945
542.986685945
542.986685945
542.986685945
540.575952569
540.575952569
540.575952569
540.575952569
540.575952569
540.575952569
540.575952569
540.575952569
540.575952569
540.575952569
540.575952569
540.575952569
540.575952569
540.575952569
540.575952569
540.575952569
540.575952569
540.575952569
540.575952569
540.575952569
540.575952569
540.575952569
540.575952569
540.575952569
540.575952569
537.399777239
537.399777239
537.399777239
537.399777239
537.399777239
537.399777239
537.399777239
537.399777239
537.399777239
537.399777239
537.399777239
537.399777239
537.399777239
537.399777239
537.399777239
537.399777239
537.399777239
537.399777239
537.399777239
537.399777239
534.499246454
534.499246454
534.499246454
534.499246454
534.499246454
534.499246454
534.499246454
534.499246454
534.499246454
534.499246454
534.499246454
534.499246454
534.499246454
534.499246454
534.499246454
534.499246454
534.499246454
534.499246454
534.499246454
534.499246454
534.499246454
534.499246454
534.499246454
534.499246454
534.499246454
534.499246454
534.499246454
534.499246454
534.499246454
534.499246454
534.499246454
534.499246454
534.499246454
534.499246454
534.499246454
534.499246454
534.499246454
534.499246454
534.499246454
534.499246454
534.499246454
534.499246454
534.499246454
534.499246454
534.499246454
534.499246454
534.499246454
534.499246454
534.499246454
534.499246454
534.499246454
534.499246454
534.499246454
534.499246454
534.499246454
534.499246454
534.499246454
534.499246454
534.499246454
534.499246454
534.499246454
534.499246454
534.499246454
534.499246454
534.499246454
534.499246454
534.499246454
534.499246454
534.499246454
534.499246454
534.499246454
534.499246454
534.499246454
534.499246454
534.499246454
534.499246454
534.499246454
534.499246454
534.499246454
534.499246454
534.499246454
534.499246454
534.499246454
534.499246454
534.499246454
534.499246454
534.499246454
534.499246454
534.499246454
534.499246454
534.499246454
534.499246454
534.499246454
534.499246454
534.499246454
534.499246454
534.499246454
534.499246454
534.499246454
534.499246454
534.499246454
534.499246454
534.499246454
534.499246454
534.499246454
534.499246454
534.499246454
534.499246454
534.499246454
534.499246454
534.499246454
534.499246454
534.499246454
534.499246454
534.499246454
534.499246454
534.499246454
534.499246454
534.499246454
534.499246454
534.499246454
534.499246454
534.499246454
534.499246454
534.499246454
534.499246454
534.499246454
534.499246454
534.499246454
534.499246454
534.499246454
534.499246454
534.499246454
534.499246454
534.499246454
534.499246454
534.499246454
534.499246454
534.499246454
534.499246454
534.499246454
534.499246454
534.499246454
534.499246454
534.499246454
534.499246454
534.499246454
534.499246454
534.499246454
534.499246454
534.499246454
534.499246454
534.499246454
534.499246454
534.499246454
534.499246454
534.499246454
534.499246454
534.499246454
534.499246454
534.499246454
534.499246454
534.499246454
534.499246454
534.499246454
534.499246454
534.499246454
534.499246454
534.499246454
534.499246454
534.499246454
534.499246454
534.499246454
534.499246454
534.499246454
534.499246454
534.499246454
534.499246454
534.499246454
534.499246454
534.499246454
534.499246454
534.499246454
534.499246454
534.499246454
534.499246454
534.499246454
534.499246454
534.499246454
534.499246454
534.499246454
534.499246454
534.499246454
534.499246454
534.499246454
534.499246454
534.499246454
534.499246454
534.499246454
534.499246454
534.499246454
534.499246454
534.499246454
534.499246454
534.499246454
534.499246454
534.499246454
534.499246454
534.499246454
534.499246454
534.499246454
534.499246454
534.499246454
534.499246454
534.499246454
534.499246454
534.499246454
534.499246454
534.499246454
534.499246454
534.499246454
534.499246454
534.499246454
534.499246454
534.499246454
534.499246454
534.499246454
534.499246454
534.499246454
534.499246454
534.499246454
534.499246454
534.499246454
534.499246454
534.499246454
534.499246454
534.499246454
534.499246454
534.499246454
534.499246454
534.499246454
534.499246454
534.499246454
534.499246454
534.499246454
534.499246454
534.499246454
534.499246454
534.499246454
534.499246454
534.499246454
534.499246454
534.499246454
534.499246454
534.499246454
534.499246454
534.499246454
534.499246454
534.499246454
534.499246454
534.499246454
534.499246454
534.499246454
534.499246454
534.499246454
534.499246454
534.499246454
534.499246454
534.499246454
534.499246454
534.499246454
534.499246454
534.499246454
534.499246454
534.499246454
534.499246454
534.499246454
534.499246454
534.499246454
534.499246454
534.499246454
534.499246454
534.499246454
534.499246454
534.499246454
534.499246454
534.499246454
534.499246454
534.499246454
534.499246454
534.499246454
534.499246454
534.499246454
534.499246454
534.499246454
534.499246454
534.499246454
534.499246454
534.499246454
534.499246454
534.499246454
534.499246454
534.499246454
534.499246454
534.499246454
534.499246454
534.499246454
534.499246454
534.499246454
534.499246454
534.499246454
534.499246454
534.499246454
534.499246454
534.499246454
534.499246454
534.499246454
534.499246454
534.499246454
534.499246454
534.499246454
534.499246454
534.499246454
534.499246454
534.499246454
534.499246454
534.499246454
534.499246454
534.499246454
534.499246454
534.499246454
534.499246454
534.499246454
534.499246454
534.499246454
534.499246454
534.499246454
534.499246454
534.499246454
534.499246454
534.499246454
534.499246454
534.499246454
534.499246454
534.499246454
534.499246454
534.499246454
534.499246454
534.499246454
534.499246454
534.499246454
534.499246454
534.499246454
534.499246454
534.499246454
534.499246454
534.499246454
534.499246454
534.499246454
534.499246454
534.499246454
534.499246454
534.499246454
534.499246454
534.499246454
534.499246454
534.499246454
534.499246454
534.499246454
534.499246454
534.499246454
534.499246454
534.499246454
534.499246454
534.499246454
534.499246454
534.499246454
534.499246454
534.499246454
534.499246454
534.499246454
534.499246454
534.499246454
534.499246454
534.499246454
534.499246454
534.499246454
534.499246454
534.499246454
534.499246454
534.499246454
534.499246454
534.499246454
534.499246454
534.499246454
534.499246454
534.499246454
534.499246454
534.499246454
534.499246454
534.499246454
534.499246454
534.499246454
534.499246454
534.499246454
534.499246454
534.499246454
534.499246454
534.499246454
534.499246454
534.499246454
534.499246454
534.499246454
534.499246454
534.499246454
534.499246454
534.499246454
534.499246454
534.499246454
534.499246454
534.499246454
534.499246454
534.499246454
534.499246454
534.499246454
534.499246454
534.499246454
534.499246454
534.499246454
534.499246454
534.499246454
534.499246454
534.499246454
534.499246454
534.499246454
534.499246454
534.499246454
534.499246454
534.499246454
534.499246454
534.499246454
534.499246454
534.499246454
534.499246454
534.499246454
534.499246454
534.499246454
534.499246454
534.499246454
534.499246454
534.499246454
534.499246454
534.499246454
534.499246454
534.499246454
534.499246454
534.499246454
534.499246454
534.499246454
534.499246454
534.499246454
534.499246454
534.499246454
534.499246454
534.499246454
534.499246454
534.499246454
534.499246454
534.499246454
534.499246454
534.499246454
534.499246454
534.499246454
534.499246454
534.499246454
534.499246454
534.499246454
534.499246454
534.499246454
534.499246454
534.499246454
534.499246454
534.499246454
534.499246454
534.499246454
534.499246454
534.499246454
534.499246454
534.499246454
534.499246454
534.499246454
534.499246454
534.499246454
534.499246454
534.499246454
534.499246454
534.499246454
534.499246454
530.195305274
530.195305274
529.96850483
529.96850483
529.96850483
529.96850483
529.96850483
529.96850483
529.96850483
529.96850483
529.96850483
529.96850483
529.96850483
529.96850483
529.96850483
529.96850483
529.96850483
529.96850483
529.96850483
529.96850483
529.96850483
529.96850483
529.96850483
529.96850483
529.96850483
529.96850483
529.96850483
529.96850483
529.96850483
529.96850483
529.96850483
529.96850483
529.96850483
529.96850483
529.96850483
529.96850483
529.96850483
529.96850483
529.96850483
529.96850483
529.96850483
529.96850483
529.96850483
529.96850483
529.96850483
529.96850483
529.96850483
529.96850483
529.96850483
529.96850483
529.96850483
529.96850483
529.96850483
529.96850483
529.96850483
529.96850483
529.96850483
529.96850483
529.96850483
529.96850483
529.96850483
529.96850483
529.96850483
529.96850483
529.96850483
529.96850483
529.96850483
529.96850483
529.96850483
529.96850483
529.96850483
529.96850483
529.96850483
529.96850483
529.96850483
529.96850483
529.96850483
529.96850483
529.96850483
529.96850483
529.96850483
529.96850483
529.96850483
529.96850483
529.96850483
529.96850483
529.96850483
529.96850483
529.96850483
529.96850483
529.96850483
529.96850483
529.96850483
529.96850483
529.96850483
529.96850483
529.96850483
529.96850483
529.96850483
529.96850483
529.96850483
529.96850483
529.96850483
529.96850483
529.96850483
529.96850483
529.96850483
529.96850483
529.96850483
529.96850483
529.96850483
529.96850483
529.96850483
529.96850483
529.96850483
529.96850483
529.96850483
529.96850483
529.96850483
529.96850483
529.96850483
529.96850483
529.96850483
529.96850483
529.96850483
529.96850483
529.96850483
529.96850483
529.96850483
529.96850483
529.96850483
529.96850483
529.96850483
529.96850483
529.96850483
529.96850483
529.96850483
529.96850483
529.96850483
529.96850483
529.96850483
529.96850483
529.96850483
529.96850483
529.96850483
529.96850483
529.96850483
529.96850483
529.96850483
529.96850483
529.96850483
529.96850483
529.96850483
529.96850483
529.96850483
529.96850483
529.96850483
529.96850483
529.96850483
529.96850483
529.96850483
529.96850483
529.96850483
529.96850483
529.96850483
529.96850483
529.96850483
529.96850483
529.96850483
529.96850483
529.96850483
529.96850483
529.96850483
529.96850483
529.96850483
529.96850483
529.96850483
529.96850483
529.96850483
529.96850483
529.96850483
529.96850483
529.96850483
529.96850483
529.96850483
529.96850483
529.96850483
529.96850483
529.96850483
529.96850483
529.96850483
529.96850483
529.96850483
529.96850483
529.96850483
529.96850483
529.96850483
529.96850483
529.96850483
529.96850483
529.96850483
529.96850483
529.96850483
529.96850483
529.96850483
529.96850483
529.96850483
529.96850483
529.96850483
529.96850483
529.96850483
529.96850483
529.96850483
529.96850483
529.96850483
529.96850483
529.96850483
529.96850483
529.96850483
529.96850483
529.96850483
529.96850483
529.96850483
529.96850483
529.96850483
529.96850483
529.96850483
529.96850483
529.96850483
529.96850483
529.96850483
529.96850483
529.96850483
529.96850483
529.96850483
529.96850483
529.96850483
529.96850483
529.96850483
529.96850483
529.96850483
529.96850483
529.96850483
529.96850483
529.96850483
529.96850483
529.96850483
529.96850483
529.96850483
529.96850483
529.96850483
529.96850483
529.96850483
529.96850483
529.96850483
529.96850483
529.96850483
529.96850483
529.96850483
529.96850483
529.96850483
529.96850483
529.96850483
529.96850483
529.96850483
529.96850483
529.96850483
529.96850483
529.96850483
529.96850483
529.96850483
529.96850483
529.96850483
529.96850483
529.96850483
529.96850483
529.96850483
529.96850483
529.96850483
529.96850483
529.96850483
529.96850483
529.96850483
529.96850483
529.96850483
529.96850483
529.96850483
529.96850483
529.96850483
529.96850483
529.96850483
529.96850483
529.96850483
529.96850483
529.96850483
529.96850483
529.96850483
529.96850483
529.96850483
529.96850483
529.96850483
529.96850483
529.96850483
529.96850483
529.96850483
529.96850483
529.96850483
529.96850483
529.96850483
529.96850483
529.96850483
529.96850483
529.96850483
529.96850483
529.96850483
529.96850483
529.96850483
529.96850483
529.96850483
529.96850483
529.96850483
529.96850483
529.96850483
529.96850483
529.96850483
529.96850483
529.96850483
529.96850483
529.96850483
529.96850483
529.96850483
529.96850483
529.96850483
529.96850483
529.96850483
529.96850483
529.96850483
529.96850483
529.96850483
529.96850483
529.96850483
529.96850483
529.96850483
529.96850483
529.96850483
529.96850483
529.96850483
529.96850483
529.96850483
529.96850483
529.96850483
529.96850483
529.96850483
529.96850483
529.96850483
529.96850483
529.96850483
529.96850483
529.96850483
529.96850483
529.96850483
529.96850483
529.96850483
529.96850483
529.96850483
529.96850483
529.96850483
529.96850483
529.96850483
529.96850483
529.96850483
529.96850483
529.96850483
529.96850483
529.96850483
529.96850483
529.96850483
529.96850483
529.96850483
529.96850483
529.96850483
529.96850483
529.96850483
529.96850483
529.96850483
529.96850483
529.96850483
529.96850483
529.96850483
529.96850483
529.96850483
529.96850483
529.96850483
529.96850483
529.96850483
529.96850483
529.96850483
529.96850483
529.96850483
529.96850483
529.96850483
529.96850483
529.96850483
529.96850483
529.96850483
529.96850483
529.96850483
529.96850483
529.96850483
529.96850483
529.96850483
529.96850483
529.96850483
529.96850483
529.96850483
529.96850483
529.96850483
529.96850483
529.96850483
529.96850483
529.96850483
529.96850483
529.96850483
529.96850483
529.96850483
529.96850483
529.96850483
529.96850483
529.96850483
529.96850483
529.96850483
529.96850483
529.96850483
529.96850483
529.96850483
529.96850483
529.96850483
529.96850483
529.96850483
529.96850483
529.96850483
529.96850483
529.96850483
529.96850483
529.96850483
529.96850483
529.96850483
529.96850483
529.96850483
529.96850483
529.96850483
529.96850483
529.96850483
529.96850483
529.96850483
529.96850483
529.96850483
529.96850483
529.96850483
529.96850483
529.96850483
529.96850483
529.96850483
529.96850483
529.96850483
529.96850483
529.96850483
529.96850483
529.96850483
529.96850483
529.96850483
529.96850483
529.96850483
529.96850483
529.96850483
529.96850483
529.96850483
529.96850483
529.96850483
529.96850483
529.96850483
529.96850483
529.96850483
529.96850483
529.96850483
529.96850483
529.96850483
529.96850483
529.96850483
529.96850483
529.96850483
529.96850483
529.96850483
529.96850483
529.96850483
529.96850483
529.96850483
529.96850483
529.96850483
529.96850483
529.96850483
529.96850483
529.96850483
529.96850483
529.96850483
529.96850483
529.96850483
529.96850483
529.96850483
529.96850483
529.96850483
529.96850483
529.96850483
529.96850483
529.96850483
529.96850483
529.96850483
529.96850483
529.96850483
529.96850483
529.96850483
529.96850483
529.96850483
529.96850483
529.96850483
529.96850483
529.96850483
529.96850483
529.96850483
529.96850483
529.96850483
529.96850483
529.96850483
529.96850483
529.96850483
529.96850483
529.96850483
529.96850483
529.96850483
529.96850483
529.96850483
529.96850483
529.96850483
529.96850483
529.96850483
529.96850483
529.96850483
529.96850483
529.96850483
529.96850483
529.96850483
529.96850483
529.96850483
529.96850483
529.96850483
529.96850483
529.96850483
529.96850483
529.96850483
529.96850483
529.96850483
529.96850483
529.96850483
529.96850483
529.96850483
529.96850483
529.96850483
529.96850483
529.96850483
529.96850483
529.96850483
529.96850483
529.96850483
529.96850483
529.96850483
529.96850483
529.96850483
529.96850483
529.96850483
529.96850483
529.96850483
529.96850483
529.96850483
529.96850483
529.96850483
529.96850483
529.96850483
529.96850483
529.96850483
529.96850483
529.96850483
529.96850483
529.96850483
529.96850483
529.96850483
529.96850483
529.96850483
529.96850483
529.96850483
529.96850483
529.96850483
529.96850483
529.96850483
529.96850483
529.96850483
529.96850483
529.96850483
529.96850483
529.96850483
529.96850483
529.96850483
529.96850483
529.96850483
529.96850483
529.96850483
529.96850483
529.96850483
529.96850483
529.96850483
529.96850483
529.96850483
529.96850483
529.96850483
529.96850483
529.96850483
529.96850483
529.96850483
529.96850483
529.96850483
529.96850483
529.96850483
529.96850483
529.96850483
529.96850483
529.96850483
529.96850483
529.96850483
529.96850483
529.96850483
529.96850483
529.96850483
529.96850483
529.96850483
529.96850483
529.96850483
529.96850483
529.96850483
529.96850483
529.96850483
529.96850483
529.96850483
529.96850483
529.96850483
529.96850483
529.96850483
529.96850483
529.96850483
529.96850483
529.96850483
529.96850483
529.96850483
529.96850483
529.96850483
529.96850483
529.96850483
529.96850483
529.96850483
529.96850483
529.96850483
529.96850483
529.96850483
529.96850483
529.96850483
529.96850483
529.96850483
529.96850483
529.96850483
529.96850483
529.96850483
529.96850483
529.96850483
529.96850483
529.96850483
529.96850483
529.96850483
529.96850483
529.96850483
529.96850483
529.96850483
529.96850483
529.96850483
529.96850483
529.96850483
529.96850483
529.96850483
529.96850483
529.96850483
529.96850483
529.96850483
529.96850483
529.96850483
529.96850483
529.96850483
529.96850483
529.96850483
529.96850483
529.96850483
529.96850483
529.96850483
529.96850483
529.96850483
529.96850483
529.96850483
529.96850483
529.96850483
529.96850483
529.96850483
529.96850483
529.96850483
529.96850483
529.96850483
529.96850483
529.96850483
529.96850483
529.96850483
529.96850483
529.96850483
529.96850483
529.96850483
529.96850483
529.96850483
529.96850483
529.96850483
529.96850483
529.96850483
529.96850483
529.96850483
529.96850483
529.96850483
529.96850483
529.96850483
529.96850483
529.96850483
529.96850483
529.96850483
529.96850483
529.96850483
529.96850483
529.96850483
529.96850483
529.96850483
529.96850483
529.96850483
529.96850483
529.96850483
529.96850483
529.96850483
529.96850483
529.96850483
529.96850483
529.96850483
529.96850483
529.96850483
529.96850483
529.96850483
529.96850483
529.96850483
529.96850483
529.96850483
529.96850483
529.96850483
529.96850483
529.96850483
529.96850483
529.96850483
529.96850483
529.96850483
529.96850483
529.96850483
529.96850483
529.96850483
529.96850483
529.96850483
529.96850483
529.96850483
529.96850483
529.96850483
529.96850483
529.96850483
529.96850483
529.96850483
529.96850483
529.96850483
529.96850483
529.96850483
529.96850483
529.96850483
529.96850483
529.96850483
529.96850483
529.96850483
529.96850483
529.96850483
529.96850483
529.96850483
529.96850483
529.96850483
529.96850483
529.96850483
529.96850483
529.96850483
529.96850483
529.96850483
529.96850483
529.96850483
529.96850483
529.96850483
529.96850483
529.96850483
529.96850483
529.96850483
529.96850483
529.96850483
529.96850483
529.96850483
529.96850483
529.96850483
529.96850483
529.96850483
529.96850483
529.96850483
529.96850483
529.96850483
529.96850483
529.96850483
529.96850483
529.96850483
529.96850483
529.96850483
529.96850483
529.96850483
529.96850483
529.96850483
529.96850483
529.96850483
529.96850483
529.96850483
529.96850483
529.96850483
529.96850483
529.96850483
529.96850483
529.96850483
529.96850483
529.96850483
529.96850483
529.96850483
529.96850483
529.96850483
529.96850483
529.96850483
529.96850483
529.96850483
529.96850483
529.96850483
529.96850483
529.96850483
529.96850483
529.96850483
529.96850483
529.96850483
529.96850483
529.96850483
529.96850483
529.96850483
529.96850483
529.96850483
529.96850483
529.96850483
529.96850483
529.96850483
529.96850483
529.96850483
529.96850483
529.96850483
529.96850483
529.96850483
529.96850483
529.96850483
529.96850483
529.96850483
529.96850483
529.96850483
529.96850483
529.96850483
529.96850483
529.96850483
529.96850483
529.96850483
529.96850483
529.96850483
529.96850483
529.96850483
529.96850483
529.96850483
529.96850483
529.96850483
529.96850483
529.96850483
529.96850483
529.96850483
529.96850483
529.96850483
529.96850483
529.96850483
529.96850483
529.96850483
529.96850483
529.96850483
529.96850483
529.96850483
529.96850483
529.96850483
529.96850483
529.96850483
529.96850483
529.96850483
529.96850483
529.96850483
529.96850483
529.96850483
529.96850483
529.96850483
529.96850483
529.96850483
529.96850483
529.96850483
529.96850483
529.96850483
529.96850483
529.96850483
529.96850483
529.96850483
529.96850483
529.96850483
529.96850483
529.96850483
529.96850483
529.96850483
529.96850483
529.96850483
529.96850483
529.96850483
529.96850483
529.96850483
529.96850483
529.96850483
529.96850483
529.96850483
529.96850483
529.96850483
529.96850483
529.96850483
529.96850483
529.96850483
529.96850483
529.96850483
529.96850483
529.96850483
529.96850483
529.96850483
529.96850483
529.96850483
529.96850483
529.96850483
529.96850483
529.96850483
529.96850483
529.96850483
529.96850483
529.96850483
529.96850483
529.96850483
529.96850483
529.96850483
529.96850483
529.96850483
529.96850483
529.96850483
529.96850483
529.96850483
529.96850483
529.96850483
529.96850483
529.96850483
529.96850483
529.96850483
529.96850483
529.96850483
529.96850483
529.96850483
529.96850483
529.96850483
529.96850483
529.96850483
529.96850483
529.96850483
529.96850483
529.96850483
529.96850483
529.96850483
529.96850483
529.96850483
529.96850483
529.96850483
529.96850483
529.96850483
529.96850483
529.96850483
529.96850483
529.96850483
529.96850483
529.96850483
529.96850483
529.96850483
529.96850483
529.96850483
529.96850483
529.96850483
529.96850483
529.96850483
529.96850483
529.96850483
529.96850483
529.96850483
529.96850483
529.96850483
529.96850483
529.96850483
529.96850483
529.96850483
529.96850483
529.96850483
529.96850483
529.96850483
529.96850483
529.96850483
529.96850483
529.96850483
529.96850483
529.96850483
529.96850483
529.96850483
529.96850483
529.96850483
529.96850483
529.96850483
529.96850483
529.96850483
529.96850483
529.96850483
529.96850483
529.96850483
529.96850483
529.96850483
529.96850483
529.96850483
529.96850483
529.96850483
529.96850483
529.96850483
529.96850483
529.96850483
529.96850483
529.96850483
529.96850483
529.96850483
529.96850483
529.96850483
529.96850483
529.96850483
529.96850483
529.96850483
529.96850483
529.96850483
529.96850483
529.96850483
529.96850483
529.96850483
529.96850483
529.96850483
529.96850483
529.96850483
529.96850483
529.96850483
529.96850483
529.96850483
529.96850483
529.96850483
529.96850483
529.96850483
529.96850483
529.96850483
529.96850483
529.96850483
529.96850483
529.96850483
529.96850483
529.96850483
529.96850483
529.96850483
529.96850483
529.96850483
529.96850483
529.96850483
529.96850483
529.96850483
529.96850483
529.96850483
529.96850483
529.96850483
529.96850483
529.96850483
529.96850483
529.96850483
529.96850483
529.96850483
529.96850483
529.96850483
529.96850483
529.96850483
529.96850483
529.96850483
529.96850483
529.96850483
529.96850483
529.96850483
529.96850483
529.96850483
529.96850483
529.96850483
529.96850483
529.96850483
529.96850483
529.96850483
529.96850483
529.96850483
529.96850483
529.96850483
529.96850483
529.96850483
529.96850483
529.96850483
529.96850483
529.96850483
529.96850483
529.96850483
529.96850483
529.96850483
529.96850483
529.96850483
529.96850483
529.96850483
529.96850483
529.96850483
529.96850483
529.96850483
529.96850483
529.96850483
529.96850483
529.96850483
529.96850483
529.96850483
529.96850483
529.96850483
529.96850483
529.96850483
529.96850483
529.96850483
529.96850483
529.96850483
529.96850483
529.96850483
529.96850483
529.96850483
529.96850483
529.96850483
529.96850483
529.96850483
529.96850483
529.96850483
529.96850483
529.96850483
529.96850483
529.96850483
529.96850483
529.96850483
529.96850483
529.96850483
529.96850483
529.96850483
529.96850483
529.96850483
529.96850483
529.96850483
529.96850483
529.96850483
529.96850483
529.96850483
529.96850483
529.96850483
529.96850483
529.96850483
529.96850483
529.96850483
529.96850483
529.96850483
529.96850483
529.96850483
529.96850483
529.96850483
529.96850483
529.96850483
529.96850483
529.96850483
529.96850483
529.96850483
529.96850483
529.96850483
529.96850483
529.96850483
529.96850483
529.96850483
529.96850483
529.96850483
529.96850483
529.96850483
529.96850483
529.96850483
529.96850483
529.96850483
529.96850483
529.96850483
529.96850483
529.96850483
529.96850483
529.96850483
529.96850483
529.96850483
529.96850483
529.96850483
529.96850483
529.96850483
529.96850483
529.96850483
529.96850483
529.96850483
529.96850483
529.96850483
529.96850483
529.96850483
529.96850483
529.96850483
529.96850483
529.96850483
529.96850483
529.96850483
529.96850483
529.96850483
529.96850483
529.96850483
529.96850483
529.96850483
529.96850483
529.96850483
529.96850483
529.96850483
529.96850483
529.96850483
529.96850483
529.96850483
529.96850483
529.96850483
529.96850483
529.96850483
529.96850483
529.96850483
529.96850483
529.96850483
529.96850483
529.96850483
529.96850483
529.96850483
529.96850483
529.96850483
529.96850483
529.96850483
529.96850483
529.96850483
529.96850483
529.96850483
529.96850483
529.96850483
529.96850483
529.96850483
529.96850483
529.96850483
529.96850483
529.96850483
529.96850483
529.96850483
529.96850483
529.96850483
529.96850483
529.96850483
529.96850483
529.96850483
529.96850483
529.96850483
529.96850483
529.96850483
529.96850483
529.96850483
529.96850483
529.96850483
529.96850483
529.96850483
529.96850483
529.96850483
529.96850483
529.96850483
529.96850483
529.96850483
529.96850483
529.96850483
529.96850483
529.96850483
529.96850483
529.96850483
529.96850483
529.96850483
529.96850483
529.96850483
529.96850483
529.96850483
529.96850483
529.96850483
529.96850483
529.96850483
529.96850483
529.96850483
529.96850483
529.96850483
529.96850483
529.96850483
529.96850483
529.96850483
529.96850483
529.96850483
529.96850483
529.96850483
529.96850483
529.96850483
529.96850483
529.96850483
529.96850483
529.96850483
529.96850483
529.96850483
529.96850483
529.96850483
529.96850483
529.96850483
529.96850483
529.96850483
529.96850483
529.96850483
529.96850483
529.96850483
529.96850483
529.96850483
529.96850483
529.96850483
529.96850483
529.96850483
529.96850483
529.96850483
529.96850483
529.96850483
529.96850483
529.96850483
529.96850483
529.96850483
529.96850483
529.96850483
529.96850483
529.96850483
529.96850483
529.96850483
529.96850483
529.96850483
529.96850483
529.96850483
529.96850483
529.96850483
529.96850483
529.96850483
529.96850483
529.96850483
529.96850483
529.96850483
529.96850483
529.96850483
529.96850483
529.96850483
529.96850483
529.96850483
529.96850483
529.96850483
529.96850483
529.96850483
529.96850483
529.96850483
529.96850483
529.96850483
529.96850483
529.96850483
529.96850483
529.96850483
529.96850483
529.96850483
529.96850483
529.96850483
529.96850483
529.96850483
529.96850483
529.96850483
529.96850483
529.96850483
529.96850483
529.96850483
529.96850483
529.96850483
529.96850483
529.96850483
529.96850483
529.96850483
529.96850483
529.96850483
529.96850483
529.96850483
529.96850483
529.96850483
529.96850483
529.96850483
529.96850483
529.96850483
529.96850483
529.96850483
529.96850483
529.96850483
529.96850483
529.96850483
529.96850483
529.96850483
529.96850483
529.96850483
529.96850483
529.96850483
529.96850483
529.96850483
529.96850483
529.96850483
529.96850483
529.96850483
529.96850483
529.96850483
529.96850483
529.96850483
529.96850483
529.96850483
529.96850483
529.96850483
529.96850483
529.96850483
529.96850483
529.96850483
529.96850483
529.96850483
529.96850483
529.96850483
529.96850483
529.96850483
529.96850483
529.96850483
529.96850483
529.96850483
529.96850483
529.96850483
529.96850483
529.96850483
529.96850483
529.96850483
529.96850483
529.96850483
529.96850483
529.96850483
529.96850483
529.96850483
529.96850483
529.96850483
529.96850483
529.96850483
529.96850483
529.96850483
529.96850483
529.96850483
529.96850483
529.96850483
529.96850483
529.96850483
529.96850483
529.96850483
529.96850483
529.96850483
529.96850483
529.96850483
529.96850483
529.96850483
529.96850483
529.96850483
529.96850483
529.96850483
529.96850483
529.96850483
529.96850483
529.96850483
529.96850483
529.96850483
529.96850483
529.96850483
529.96850483
529.96850483
529.96850483
529.96850483
529.96850483
529.96850483
529.96850483
529.96850483
529.96850483
529.96850483
529.96850483
529.96850483
529.96850483
529.96850483
529.96850483
529.96850483
529.96850483
529.96850483
529.96850483
529.96850483
529.96850483
529.96850483
529.96850483
529.96850483
529.96850483
529.96850483
529.96850483
529.96850483
529.96850483
529.96850483
529.96850483
529.96850483
529.96850483
529.96850483
529.96850483
529.96850483
529.96850483
529.96850483
529.96850483
529.96850483
529.96850483
529.96850483
529.96850483
529.96850483
529.96850483
529.96850483
529.96850483
529.96850483
529.96850483
529.96850483
529.96850483
529.96850483
529.96850483
529.96850483
529.96850483
529.96850483
529.96850483
529.96850483
529.96850483
529.96850483
529.96850483
529.96850483
529.96850483
529.96850483
529.96850483
529.96850483
529.96850483
529.96850483
529.96850483
529.96850483
529.96850483
529.96850483
529.96850483
529.96850483
529.96850483
529.96850483
529.96850483
529.96850483
529.96850483
529.96850483
529.96850483
529.96850483
529.96850483
529.96850483
529.96850483
529.96850483
529.96850483
529.96850483
529.96850483
529.96850483
529.96850483
529.96850483
529.96850483
529.96850483
529.96850483
529.96850483
529.96850483
529.96850483
529.96850483
529.96850483
529.96850483
529.96850483
529.96850483
529.96850483
529.96850483
529.96850483
529.96850483
529.96850483
529.96850483
529.96850483
529.96850483
529.96850483
529.96850483
529.96850483
529.96850483
529.96850483
529.96850483
529.96850483
529.96850483
529.96850483
529.96850483
529.96850483
529.96850483
529.96850483
529.96850483
529.96850483
529.96850483
529.96850483
529.96850483
529.96850483
529.96850483
529.96850483
529.96850483
529.96850483
529.96850483
529.96850483
529.96850483
529.96850483
529.96850483
529.96850483
529.96850483
529.96850483
529.96850483
529.96850483
529.96850483
529.96850483
529.96850483
529.96850483
529.96850483
529.96850483
529.96850483
529.96850483
529.96850483
529.96850483
529.96850483
529.96850483
529.96850483
529.96850483
529.96850483
529.96850483
529.96850483
529.96850483
529.96850483
529.96850483
529.96850483
529.96850483
529.96850483
529.96850483
529.96850483
529.96850483
529.96850483
529.96850483
529.96850483
529.96850483
529.96850483
529.96850483
529.96850483
529.96850483
529.96850483
529.96850483
529.96850483
529.96850483
529.96850483
529.96850483
529.96850483
529.96850483
529.96850483
529.96850483
529.96850483
529.96850483
529.96850483
529.96850483
529.96850483
529.96850483
529.96850483
529.96850483
529.96850483
529.96850483
529.96850483
529.96850483
529.96850483
529.96850483
529.96850483
529.96850483
529.96850483
529.96850483
529.96850483
529.96850483
529.96850483
529.96850483
529.96850483
529.96850483
529.96850483
529.96850483
529.96850483
529.96850483
529.96850483
529.96850483
529.96850483
529.96850483
529.96850483
529.96850483
529.96850483
529.96850483
529.96850483
529.96850483
529.96850483
529.96850483
529.96850483
529.96850483
529.96850483
529.96850483
529.96850483
529.96850483
529.96850483
529.96850483
529.96850483
529.96850483
529.96850483
529.96850483
529.96850483
529.96850483
529.96850483
529.96850483
529.96850483
529.96850483
529.96850483
529.96850483
529.96850483
529.96850483
529.96850483
529.96850483
529.96850483
529.96850483
529.96850483
529.96850483
529.96850483
529.96850483
529.96850483
529.96850483
529.96850483
529.96850483
529.96850483
529.96850483
529.96850483
529.96850483
529.96850483
529.96850483
529.96850483
529.96850483
529.96850483
529.96850483
529.96850483
529.96850483
529.96850483
529.96850483
529.96850483
529.96850483
529.96850483
529.96850483
529.96850483
529.96850483
529.96850483
529.96850483
529.96850483
529.96850483
529.96850483
529.96850483
529.96850483
529.96850483
529.96850483
529.96850483
529.96850483
529.96850483
529.96850483
529.96850483
529.96850483
529.96850483
529.96850483
529.96850483
529.96850483
529.96850483
529.96850483
529.96850483
529.96850483
529.96850483
529.96850483
529.96850483
529.96850483
529.96850483
529.96850483
529.96850483
529.96850483
529.96850483
529.96850483
529.96850483
529.96850483
529.96850483
529.96850483
529.96850483
529.96850483
529.96850483
529.96850483
529.96850483
529.96850483
529.96850483
529.96850483
529.96850483
529.96850483
529.96850483
529.96850483
529.96850483
529.96850483
529.96850483
529.96850483
529.96850483
529.96850483
529.96850483
529.96850483
529.96850483
529.96850483
529.96850483
529.96850483
529.96850483
529.96850483
529.96850483
529.96850483
529.96850483
529.96850483
529.96850483
529.96850483
529.96850483
529.96850483
529.96850483
529.96850483
529.96850483
529.96850483
529.96850483
529.96850483
529.96850483
529.96850483
529.96850483
529.96850483
529.96850483
529.96850483
529.96850483
529.96850483
529.96850483
529.96850483
529.96850483
529.96850483
529.96850483
529.96850483
529.96850483
529.96850483
529.96850483
529.96850483
529.96850483
529.96850483
529.96850483
529.96850483
529.96850483
529.96850483
529.96850483
529.96850483
529.96850483
529.96850483
529.96850483
529.96850483
529.96850483
529.96850483
529.96850483
529.96850483
529.96850483
529.96850483
529.96850483
529.96850483
529.96850483
529.96850483
529.96850483
529.96850483
529.96850483
529.96850483
529.96850483
529.96850483
529.96850483
529.96850483
529.96850483
529.96850483
529.96850483
529.96850483
529.96850483
529.96850483
529.96850483
529.96850483
529.96850483
529.96850483
529.96850483
529.96850483
529.96850483
529.96850483
529.96850483
529.96850483
529.96850483
529.96850483
529.96850483
529.96850483
529.96850483
529.96850483
529.96850483
529.96850483
529.96850483
529.96850483
529.96850483
529.96850483
529.96850483
529.96850483
529.96850483
529.96850483
529.96850483
529.96850483
529.96850483
529.96850483
529.96850483
529.96850483
529.96850483
529.96850483
529.96850483
529.96850483
529.96850483
529.96850483
529.96850483
529.96850483
529.96850483
529.96850483
529.96850483
529.96850483
529.96850483
529.96850483
529.96850483
529.96850483
529.96850483
529.96850483
529.96850483
529.96850483
529.96850483
529.96850483
529.96850483
529.96850483
529.96850483
529.96850483
529.96850483
529.96850483
529.96850483
529.96850483
529.96850483
529.96850483
529.96850483
529.96850483
529.96850483
529.96850483
529.96850483
529.96850483
529.96850483
529.96850483
529.96850483
529.96850483
529.96850483
529.96850483
529.96850483
529.96850483
529.96850483
529.96850483
529.96850483
529.96850483
529.96850483
529.96850483
529.96850483
529.96850483
529.96850483
529.96850483
529.96850483
529.96850483
529.96850483
529.96850483
529.96850483
529.96850483
529.96850483
529.96850483
529.96850483
529.96850483
529.96850483
529.96850483
529.96850483
529.96850483
529.96850483
529.96850483
529.96850483
529.96850483
529.96850483
529.96850483
529.96850483
529.96850483
529.96850483
529.96850483
529.96850483
529.96850483
529.96850483
529.96850483
529.96850483
529.96850483
529.96850483
529.96850483
529.96850483
529.96850483
529.96850483
529.96850483
529.96850483
529.96850483
529.96850483
529.96850483
529.96850483
529.96850483
529.96850483
529.96850483
529.96850483
529.96850483
529.96850483
529.96850483
529.96850483
529.96850483
529.96850483
529.96850483
529.96850483
529.96850483
529.96850483
529.96850483
529.96850483
529.96850483
529.96850483
529.96850483
529.96850483
529.96850483
529.96850483
529.96850483
529.96850483
529.96850483
529.96850483
529.96850483
529.96850483
529.96850483
529.96850483
529.96850483
529.96850483
529.96850483
529.96850483
529.96850483
529.96850483
529.96850483
529.96850483
529.96850483
529.96850483
529.96850483
529.96850483
529.96850483
529.96850483
529.96850483
529.96850483
529.96850483
529.96850483
529.96850483
529.96850483
529.96850483
529.96850483
529.96850483
529.96850483
529.96850483
529.96850483
529.96850483
529.96850483
529.96850483
529.96850483
529.96850483
529.96850483
529.96850483
529.96850483
529.96850483
529.96850483
529.96850483
529.96850483
529.96850483
529.96850483
529.96850483
529.96850483
529.96850483
529.96850483
529.96850483
529.96850483
529.96850483
529.96850483
529.96850483
529.96850483
529.96850483
529.96850483
529.96850483
529.96850483
529.96850483
529.96850483
529.96850483
529.96850483
529.96850483
529.96850483
529.96850483
529.96850483
529.96850483
529.96850483
529.96850483
529.96850483
529.96850483
529.96850483
529.96850483
529.96850483
529.96850483
529.96850483
529.96850483
529.96850483
529.96850483
529.96850483
529.96850483
529.96850483
529.96850483
529.96850483
529.96850483
529.96850483
529.96850483
529.96850483
529.96850483
529.96850483
529.96850483
529.96850483
529.96850483
529.96850483
529.96850483
529.96850483
529.96850483
529.96850483
529.96850483
529.96850483
529.96850483
529.96850483
529.96850483
529.96850483
529.96850483
529.96850483
529.96850483
529.96850483
529.96850483
529.96850483
529.96850483
529.96850483
529.96850483
529.96850483
529.96850483
529.96850483
529.96850483
529.96850483
529.96850483
529.96850483
529.96850483
529.96850483
529.96850483
529.96850483
529.96850483
529.96850483
529.96850483
529.96850483
529.96850483
529.96850483
529.96850483
529.96850483
529.96850483
529.96850483
529.96850483
529.96850483
529.96850483
529.96850483
529.96850483
529.96850483
529.96850483
529.96850483
529.96850483
529.96850483
529.96850483
529.96850483
529.96850483
529.96850483
529.96850483
529.96850483
529.96850483
529.96850483
529.96850483
529.96850483
529.96850483
529.96850483
529.96850483
529.96850483
529.96850483
529.96850483
529.96850483
529.96850483
529.96850483
529.96850483
529.96850483
529.96850483
529.96850483
529.96850483
529.96850483
529.96850483
529.96850483
529.96850483
529.96850483
529.96850483
529.96850483
529.96850483
529.96850483
529.96850483
529.96850483
529.96850483
529.96850483
529.96850483
529.96850483
529.96850483
529.96850483
529.96850483
529.96850483
529.96850483
529.96850483
529.96850483
529.96850483
529.96850483
529.96850483
529.96850483
529.96850483
529.96850483
529.96850483
529.96850483
529.96850483
529.96850483
529.96850483
529.96850483
529.96850483
529.96850483
529.96850483
529.96850483
529.96850483
529.96850483
529.96850483
529.96850483
529.96850483
529.96850483
529.96850483
529.96850483
529.96850483
529.96850483
529.96850483
529.96850483
529.96850483
529.96850483
529.96850483
529.96850483
529.96850483
529.96850483
529.96850483
529.96850483
529.96850483
529.96850483
529.96850483
529.96850483
529.96850483
529.96850483
529.96850483
529.96850483
529.96850483
529.96850483
529.96850483
529.96850483
529.96850483
529.96850483
529.96850483
529.96850483
529.96850483
529.96850483
529.96850483
529.96850483
529.96850483
529.96850483
529.96850483
529.96850483
529.96850483
529.96850483
529.96850483
529.96850483
529.96850483
529.96850483
529.96850483
529.96850483
529.96850483
529.96850483
529.96850483
529.96850483
529.96850483
529.96850483
529.96850483
529.96850483
529.96850483
529.96850483
529.96850483
529.96850483
529.96850483
529.96850483
529.96850483
529.96850483
529.96850483
529.96850483
529.96850483
529.96850483
529.96850483
529.96850483
529.96850483
529.96850483
529.96850483
529.96850483
529.96850483
529.96850483
529.96850483
529.96850483
529.96850483
529.96850483
529.96850483
529.96850483
529.96850483
529.96850483
529.96850483
529.96850483
529.96850483
529.96850483
529.96850483
529.96850483
529.96850483
529.96850483
529.96850483
529.96850483
529.96850483
529.96850483
529.96850483
529.96850483
529.96850483
529.96850483
529.96850483
529.96850483
529.96850483
529.96850483
529.96850483
529.96850483
529.96850483
529.96850483
529.96850483
529.96850483
529.96850483
529.96850483
529.96850483
529.96850483
529.96850483
529.96850483
529.96850483
529.96850483
529.96850483
529.96850483
529.96850483
529.96850483
529.96850483
529.96850483
529.96850483
529.96850483
529.96850483
529.96850483
529.96850483
529.96850483
529.96850483
529.96850483
529.96850483
529.96850483
529.96850483
529.96850483
529.96850483
529.96850483
529.96850483
529.96850483
529.96850483
529.96850483
529.96850483
529.96850483
529.96850483
529.96850483
529.96850483
529.96850483
529.96850483
529.96850483
529.96850483
529.96850483
529.96850483
529.96850483
529.96850483
529.96850483
529.96850483
529.96850483
529.96850483
529.96850483
529.96850483
529.96850483
529.96850483
529.96850483
529.96850483
529.96850483
529.96850483
529.96850483
529.96850483
529.96850483
529.96850483
529.96850483
529.96850483
529.96850483
529.96850483
529.96850483
529.96850483
529.96850483
529.96850483
529.96850483
529.96850483
529.96850483
529.96850483
529.96850483
529.96850483
529.96850483
529.96850483
529.96850483
529.96850483
529.96850483
529.96850483
529.96850483
529.96850483
529.96850483
529.96850483
529.96850483
529.96850483
529.96850483
529.96850483
529.96850483
529.96850483
529.96850483
529.96850483
529.96850483
529.96850483
529.96850483
529.96850483
529.96850483
529.96850483
529.96850483
529.96850483
529.96850483
529.96850483
529.96850483
529.96850483
529.96850483
529.96850483
529.96850483
529.96850483
529.96850483
529.96850483
529.96850483
529.96850483
529.96850483
529.96850483
529.96850483
529.96850483
529.96850483
529.96850483
529.96850483
529.96850483
529.96850483
529.96850483
529.96850483
529.96850483
529.96850483
529.96850483
529.96850483
529.96850483
529.96850483
529.96850483
529.96850483
529.96850483
529.96850483
529.96850483
529.96850483
529.96850483
529.96850483
529.96850483
529.96850483
529.96850483
529.96850483
529.96850483
529.96850483
529.96850483
529.96850483
529.96850483
529.96850483
529.96850483
529.96850483
529.96850483
529.96850483
529.96850483
529.96850483
529.96850483
529.96850483
529.96850483
529.96850483
529.96850483
529.96850483
529.96850483
529.96850483
529.96850483
529.96850483
529.96850483
529.96850483
529.96850483
529.96850483
529.96850483
529.96850483
529.96850483
529.96850483
529.96850483
529.96850483
529.96850483
529.96850483
529.96850483
529.96850483
529.96850483
529.96850483
529.96850483
529.96850483
529.96850483
529.96850483
529.96850483
529.96850483
529.96850483
529.96850483
529.96850483
529.96850483
529.96850483
529.96850483
529.96850483
529.96850483
529.96850483
529.96850483
529.96850483
529.96850483
529.96850483
529.96850483
529.96850483
529.96850483
529.96850483
529.96850483
529.96850483
529.96850483
529.96850483
529.96850483
529.96850483
529.96850483
529.96850483
529.96850483
529.96850483
529.96850483
529.96850483
529.96850483
529.96850483
529.96850483
529.96850483
529.96850483
529.96850483
529.96850483
529.96850483
529.96850483
529.96850483
529.96850483
529.96850483
529.96850483
529.96850483
529.96850483
529.96850483
529.96850483
529.96850483
529.96850483
529.96850483
529.96850483
529.96850483
529.96850483
529.96850483
529.96850483
529.96850483
529.96850483
529.96850483
529.96850483
529.96850483
529.96850483
529.96850483
529.96850483
529.96850483
529.96850483
529.96850483
529.96850483
529.96850483
529.96850483
529.96850483
529.96850483
529.96850483
529.96850483
529.96850483
529.96850483
529.96850483
529.96850483
529.96850483
529.96850483
529.96850483
529.96850483
529.96850483
529.96850483
529.96850483
529.96850483
529.96850483
529.96850483
529.96850483
529.96850483
529.96850483
529.96850483
529.96850483
529.96850483
529.96850483
529.96850483
529.96850483
529.96850483
529.96850483
529.96850483
529.96850483
529.96850483
529.96850483
529.96850483
529.96850483
529.96850483
529.96850483
529.96850483
529.96850483
529.96850483
529.96850483
529.96850483
529.96850483
529.96850483
529.96850483
529.96850483
529.96850483
529.96850483
529.96850483
529.96850483
529.96850483
529.96850483
529.96850483
529.96850483
529.96850483
529.96850483
529.96850483
529.96850483
529.96850483
529.96850483
529.96850483
529.96850483
529.96850483
529.96850483
529.96850483
529.96850483
529.96850483
529.96850483
529.96850483
529.96850483
529.96850483
529.96850483
529.96850483
529.96850483
529.96850483
529.96850483
529.96850483
529.96850483
529.96850483
529.96850483
529.96850483
529.96850483
529.96850483
529.96850483
529.96850483
529.96850483
529.96850483
529.96850483
529.96850483
529.96850483
529.96850483
529.96850483
529.96850483
529.96850483
529.96850483
529.96850483
529.96850483
529.96850483
529.96850483
529.96850483
529.96850483
529.96850483
529.96850483
529.96850483
529.96850483
529.96850483
529.96850483
529.96850483
529.96850483
529.96850483
529.96850483
529.96850483
529.96850483
529.96850483
529.96850483
529.96850483
529.96850483
529.96850483
529.96850483
529.96850483
529.96850483
529.96850483
529.96850483
529.96850483
529.96850483
529.96850483
529.96850483
529.96850483
529.96850483
529.96850483
529.96850483
529.96850483
529.96850483
529.96850483
529.96850483
529.96850483
529.96850483
529.96850483
529.96850483
529.96850483
529.96850483
529.96850483
529.96850483
529.96850483
529.96850483
529.96850483
529.96850483
529.96850483
529.96850483
529.96850483
529.96850483
529.96850483
529.96850483
529.96850483
529.96850483
529.96850483
529.96850483
529.96850483
529.96850483
529.96850483
529.96850483
529.96850483
529.96850483
529.96850483
529.96850483
529.96850483
529.96850483
529.96850483
529.96850483
529.96850483
529.96850483
529.96850483
529.96850483
529.96850483
529.96850483
529.96850483
529.96850483
529.96850483
529.96850483
529.96850483
529.96850483
529.96850483
529.96850483
529.96850483
529.96850483
529.96850483
529.96850483
529.96850483
529.96850483
529.96850483
529.96850483
529.96850483
529.96850483
529.96850483
529.96850483
529.96850483
529.96850483
529.96850483
529.96850483
529.96850483
529.96850483
529.96850483
529.96850483
529.96850483
529.96850483
529.96850483
529.96850483
529.96850483
529.96850483
529.96850483
529.96850483
529.96850483
529.96850483
529.96850483
529.96850483
529.96850483
529.96850483
529.96850483
529.96850483
529.96850483
529.96850483
529.96850483
529.96850483
529.96850483
529.96850483
529.96850483
529.96850483
529.96850483
529.96850483
529.96850483
529.96850483
529.96850483
529.96850483
529.96850483
529.96850483
529.96850483
529.96850483
529.96850483
529.96850483
529.96850483
529.96850483
529.96850483
529.96850483
529.96850483
529.96850483
529.96850483
529.96850483
529.96850483
529.96850483
529.96850483
529.96850483
529.96850483
529.96850483
529.96850483
529.96850483
529.96850483
529.96850483
529.96850483
529.96850483
529.96850483
529.96850483
529.96850483
529.96850483
529.96850483
529.96850483
529.96850483
529.96850483
529.96850483
529.96850483
529.96850483
529.96850483
529.96850483
529.96850483
529.96850483
529.96850483
529.96850483
529.96850483
529.96850483
529.96850483
529.96850483
529.96850483
529.96850483
529.96850483
529.96850483
529.96850483
529.96850483
529.96850483
529.96850483
529.96850483
529.96850483
529.96850483
529.96850483
529.96850483
529.96850483
529.96850483
529.96850483
529.96850483
529.96850483
529.96850483
529.96850483
529.96850483
529.96850483
529.96850483
529.96850483
529.96850483
529.96850483
529.96850483
529.96850483
529.96850483
529.96850483
529.96850483
529.96850483
529.96850483
529.96850483
529.96850483
529.96850483
529.96850483
529.96850483
529.96850483
529.96850483
529.96850483
529.96850483
529.96850483
529.96850483
529.96850483
529.96850483
529.96850483
529.96850483
529.96850483
529.96850483
529.96850483
529.96850483
529.96850483
529.96850483
529.96850483
529.96850483
529.96850483
529.96850483
529.96850483
529.96850483
529.96850483
529.96850483
529.96850483
529.96850483
529.96850483
529.96850483
529.96850483
529.96850483
529.96850483
529.96850483
529.96850483
529.96850483
529.96850483
529.96850483
529.96850483
529.96850483
529.96850483
529.96850483
529.96850483
529.96850483
529.96850483
529.96850483
529.96850483
529.96850483
529.96850483
529.96850483
529.96850483
529.96850483
529.96850483
529.96850483
529.96850483
529.96850483
529.96850483
529.96850483
529.96850483
529.96850483
529.96850483
529.96850483
529.96850483
529.96850483
529.96850483
529.96850483
529.96850483
529.96850483
529.96850483
529.96850483
529.96850483
529.96850483
529.96850483
529.96850483
529.96850483
529.96850483
529.96850483
529.96850483
529.96850483
529.96850483
529.96850483
529.96850483
529.96850483
529.96850483
529.96850483
529.96850483
529.96850483
529.96850483
529.96850483
529.96850483
529.96850483
529.96850483
529.96850483
529.96850483
529.96850483
529.96850483
529.96850483
529.96850483
529.96850483
529.96850483
529.96850483
529.96850483
529.96850483
529.96850483
529.96850483
529.96850483
529.96850483
529.96850483
529.96850483
529.96850483
529.96850483
529.96850483
529.96850483
529.96850483
529.96850483
529.96850483
529.96850483
