1625.93824575
1560.56836981
1533.62186091
1493.0659243
1448.86594454
1428.21303463
1424.45449721
1395.38353847
1399.95623892
1392.48241597
1397.38741488
1371.29482171
1354.95612037
1355.84468497
1348.34350083
1318.5921904
1314.25877079
1308.11268324
1294.29982133
1292.34581227
1266.94306683
1241.88851182
1229.62675235
1217.71599215
1150.96489221
1144.84389836
1135.93110132
1084.11166551
1063.0255784
1017.3715201
1032.91564342
1056.86466127
1038.5418608
989.120224179
992.64231029
964.759782677
950.380941873
950.380941873
950.345498897
947.206652127
929.948623822
937.667720633
937.667720633
942.749820082
949.420398823
932.193299113
925.594884543
925.594884543
945.66763408
935.675472051
937.158578467
939.480558787
939.480558787
933.110097061
943.600921681
971.521880258
1000.34762287
996.534629337
984.369824074
981.460482939
975.037109037
975.037109037
974.2462009
973.758564939
977.571558472
968.356954578
964.940138889
964.940138889
937.762307063
945.142837486
942.171123916
942.171123916
927.274293799
915.025292163
915.025292163
915.854809469
915.854809469
895.744976377
874.587345961
866.643232375
864.858204749
864.858204749
864.858204749
876.250839426
875.997252491
876.250839426
876.250839426
885.718644203
895.994667904
895.994667904
890.839336815
890.839336815
895.164056879
895.164056879
902.242588772
902.242588772
902.242588772
877.808855984
874.055345903
874.055345903
874.055345903
874.055345903
875.354793074
875.354793074
873.219631716
864.026034313
864.026034313
862.758258235
862.758258235
861.321322013
861.321322013
861.321322013
857.40846364
857.40846364
857.40846364
857.40846364
859.162771541
859.162771541
859.162771541
857.964887101
857.964887101
853.520961496
847.258450825
847.258450825
841.265520193
841.265520193
841.265520193
841.265520193
841.265520193
841.265520193
824.382798271
824.382798271
824.382798271
818.810531456
818.810531456
817.619898215
812.350243506
812.350243506
812.350243506
810.53666774
809.547999037
809.547999037
809.547999037
809.547999037
809.547999037
809.547999037
809.547999037
809.547999037
809.547999037
809.547999037
809.547999037
809.547999037
793.539404211
793.580617862
793.580617862
793.033358373
793.033358373
793.033358373
791.010141743
791.010141743
791.010141743
791.010141743
791.010141743
791.010141743
791.010141743
791.010141743
791.010141743
791.010141743
791.010141743
791.010141743
791.010141743
791.010141743
791.010141743
791.010141743
791.010141743
791.010141743
791.010141743
791.010141743
791.010141743
791.010141743
791.010141743
791.010141743
767.178798592
761.10099216
761.10099216
761.10099216
761.10099216
761.10099216
761.10099216
761.10099216
761.10099216
740.111344181
740.111344181
740.111344181
731.490121799
731.490121799
731.490121799
731.490121799
727.554248744
727.439870147
727.439870147
727.439870147
727.439870147
727.439870147
727.439870147
727.439870147
727.439870147
727.439870147
727.439870147
719.734826911
719.734826911
704.133375099
704.133375099
704.133375099
704.133375099
704.133375099
699.600310886
699.600310886
699.600310886
696.675429522
696.675429522
696.675429522
696.675429522
696.675429522
696.675429522
696.675429522
691.414083332
691.414083332
691.414083332
688.502250106
688.502250106
688.502250106
688.502250106
688.502250106
688.502250106
688.502250106
688.502250106
688.502250106
682.689827001
678.383883568
673.673544591
673.673544591
673.673544591
673.673544591
673.673544591
661.556670204
661.556670204
661.556670204
661.556670204
661.556670204
661.556670204
661.556670204
655.012284382
655.012284382
655.012284382
655.012284382
655.012284382
655.012284382
655.012284382
655.012284382
655.012284382
655.012284382
647.933355926
647.933355926
647.933355926
647.933355926
647.933355926
647.933355926
647.933355926
647.933355926
647.933355926
647.933355926
647.933355926
647.933355926
647.933355926
644.638031335
644.638031335
644.638031335
644.638031335
644.638031335
644.638031335
644.638031335
644.638031335
644.638031335
644.638031335
644.638031335
644.638031335
636.517164159
636.517164159
636.517164159
636.517164159
636.517164159
636.517164159
636.517164159
636.517164159
636.517164159
636.517164159
636.517164159
636.517164159
636.517164159
636.517164159
636.517164159
636.517164159
636.517164159
636.517164159
636.517164159
636.517164159
636.517164159
636.517164159
636.517164159
636.517164159
636.517164159
636.517164159
636.517164159
636.517164159
636.517164159
636.517164159
636.517164159
636.517164159
636.517164159
636.517164159
636.517164159
636.517164159
636.517164159
636.517164159
636.517164159
636.517164159
634.737695295
632.996934825
632.996934825
632.996934825
632.996934825
632.996934825
632.996934825
628.13976264
628.13976264
627.984591408
627.984591408
627.984591408
627.984591408
627.984591408
627.984591408
627.984591408
627.984591408
627.984591408
627.984591408
627.984591408
627.984591408
627.984591408
627.984591408
627.984591408
627.984591408
627.984591408
627.984591408
627.984591408
627.984591408
627.984591408
621.69308785
621.69308785
621.69308785
621.69308785
621.69308785
621.69308785
621.69308785
610.515098169
610.515098169
610.515098169
610.515098169
610.515098169
610.515098169
610.515098169
610.515098169
610.515098169
610.515098169
610.515098169
610.515098169
610.515098169
606.227748459
606.227748459
606.227748459
606.227748459
606.227748459
606.227748459
606.227748459
606.227748459
606.227748459
606.227748459
606.227748459
606.227748459
606.227748459
606.227748459
598.058040345
598.058040345
598.058040345
598.058040345
598.058040345
598.058040345
592.851447705
592.851447705
592.851447705
592.851447705
592.851447705
592.851447705
592.851447705
592.851447705
592.851447705
592.851447705
592.851447705
592.851447705
592.851447705
592.851447705
592.851447705
590.001456178
590.001456178
590.001456178
590.001456178
590.001456178
590.001456178
590.001456178
590.001456178
590.001456178
590.001456178
590.001456178
590.001456178
590.001456178
590.001456178
590.001456178
590.001456178
582.475591757
582.475591757
582.475591757
582.475591757
582.475591757
582.475591757
582.475591757
582.475591757
582.475591757
582.475591757
582.475591757
582.475591757
582.475591757
582.475591757
582.475591757
582.475591757
582.475591757
582.475591757
582.475591757
582.475591757
582.475591757
582.475591757
582.475591757
582.475591757
582.475591757
582.475591757
582.475591757
582.475591757
582.475591757
582.475591757
582.475591757
582.475591757
582.475591757
582.475591757
582.475591757
582.475591757
582.32730498
582.32730498
582.32730498
582.32730498
582.32730498
582.32730498
582.32730498
582.32730498
582.32730498
582.32730498
582.32730498
582.32730498
582.32730498
582.32730498
582.32730498
582.32730498
582.32730498
582.32730498
582.32730498
582.32730498
582.32730498
582.32730498
582.32730498
582.32730498
582.32730498
582.32730498
582.32730498
582.32730498
582.32730498
582.32730498
582.32730498
582.32730498
582.32730498
582.32730498
582.32730498
582.32730498
582.32730498
582.32730498
582.32730498
582.32730498
582.32730498
582.32730498
582.32730498
582.32730498
582.32730498
582.32730498
582.32730498
582.32730498
582.32730498
580.229294692
580.229294692
580.229294692
580.229294692
580.229294692
580.229294692
580.229294692
580.229294692
580.229294692
580.229294692
580.229294692
580.229294692
580.229294692
580.229294692
580.229294692
580.229294692
580.229294692
580.229294692
580.229294692
580.229294692
580.229294692
580.229294692
580.229294692
580.229294692
580.229294692
580.229294692
580.229294692
580.229294692
580.229294692
580.229294692
580.229294692
580.229294692
580.229294692
580.229294692
580.229294692
580.229294692
580.229294692
580.229294692
580.229294692
580.229294692
580.229294692
580.229294692
580.229294692
580.229294692
580.229294692
580.229294692
580.229294692
580.229294692
580.229294692
580.229294692
580.229294692
580.229294692
580.229294692
580.229294692
580.229294692
580.229294692
580.229294692
580.229294692
580.229294692
580.229294692
580.229294692
580.229294692
580.229294692
580.229294692
580.229294692
580.229294692
580.229294692
580.229294692
580.229294692
580.229294692
580.229294692
580.229294692
580.229294692
580.229294692
580.229294692
580.229294692
580.229294692
580.229294692
580.229294692
580.229294692
580.229294692
580.229294692
580.229294692
580.229294692
580.229294692
580.229294692
580.229294692
580.229294692
580.229294692
580.229294692
580.229294692
580.229294692
580.229294692
580.229294692
580.229294692
580.229294692
580.229294692
580.229294692
580.229294692
580.229294692
580.229294692
580.229294692
580.229294692
580.229294692
580.229294692
580.229294692
580.229294692
580.229294692
580.229294692
580.229294692
580.229294692
580.229294692
580.229294692
580.229294692
580.229294692
580.229294692
580.229294692
580.229294692
580.229294692
580.229294692
580.229294692
580.229294692
580.229294692
580.229294692
580.229294692
580.229294692
580.229294692
580.229294692
580.229294692
580.229294692
580.229294692
580.229294692
580.229294692
580.229294692
580.229294692
580.229294692
580.229294692
580.229294692
580.229294692
580.229294692
580.229294692
580.229294692
580.229294692
580.229294692
580.229294692
580.229294692
580.229294692
580.229294692
580.229294692
580.229294692
580.229294692
580.229294692
580.229294692
580.229294692
580.229294692
580.229294692
580.229294692
580.229294692
580.229294692
580.229294692
580.229294692
578.546907965
578.546907965
578.546907965
578.546907965
578.546907965
578.546907965
578.546907965
578.546907965
578.546907965
578.546907965
578.546907965
578.546907965
578.546907965
578.546907965
578.546907965
578.546907965
578.546907965
578.546907965
578.546907965
578.546907965
578.546907965
578.546907965
578.546907965
578.546907965
578.546907965
578.546907965
578.546907965
578.546907965
578.546907965
578.546907965
573.313045403
573.313045403
573.313045403
573.313045403
573.313045403
573.313045403
573.313045403
573.313045403
573.313045403
573.313045403
573.313045403
573.313045403
573.313045403
572.336337585
572.336337585
572.336337585
572.336337585
572.336337585
572.336337585
570.149975357
570.149975357
570.149975357
570.149975357
570.149975357
570.149975357
570.149975357
570.149975357
570.149975357
570.149975357
570.149975357
570.149975357
570.149975357
570.149975357
570.149975357
570.149975357
570.149975357
570.149975357
569.75746742
569.75746742
569.75746742
569.75746742
569.75746742
569.75746742
569.75746742
569.75746742
569.75746742
569.75746742
569.75746742
569.75746742
569.75746742
569.75746742
569.75746742
569.75746742
569.75746742
569.75746742
569.75746742
569.75746742
569.75746742
569.75746742
569.75746742
569.75746742
569.75746742
569.75746742
569.75746742
569.75746742
569.75746742
569.75746742
569.75746742
569.75746742
569.75746742
569.75746742
569.75746742
569.75746742
569.75746742
569.75746742
569.75746742
569.75746742
569.75746742
569.75746742
569.75746742
569.75746742
569.75746742
569.75746742
569.75746742
569.75746742
569.75746742
569.75746742
569.75746742
569.75746742
569.75746742
569.75746742
569.75746742
569.75746742
569.75746742
569.75746742
569.75746742
569.75746742
569.75746742
569.75746742
567.668234327
567.668234327
567.668234327
567.668234327
567.668234327
567.668234327
567.668234327
567.668234327
567.668234327
567.668234327
567.668234327
567.668234327
567.668234327
567.668234327
567.668234327
567.668234327
567.668234327
567.668234327
567.668234327
567.668234327
567.668234327
567.668234327
567.668234327
567.668234327
567.668234327
567.668234327
567.668234327
567.668234327
567.668234327
567.668234327
567.668234327
567.668234327
567.668234327
567.668234327
567.668234327
567.668234327
567.668234327
567.668234327
567.668234327
567.668234327
567.668234327
567.668234327
567.668234327
567.668234327
567.668234327
567.668234327
567.668234327
567.668234327
567.668234327
567.668234327
567.668234327
567.668234327
567.668234327
567.668234327
567.668234327
567.668234327
567.668234327
567.668234327
567.668234327
567.668234327
567.668234327
567.668234327
567.668234327
567.668234327
567.668234327
567.668234327
567.668234327
567.668234327
567.668234327
567.668234327
567.668234327
567.668234327
567.668234327
567.668234327
567.668234327
567.668234327
567.668234327
567.668234327
567.668234327
567.668234327
567.668234327
567.668234327
567.668234327
567.668234327
567.668234327
567.668234327
567.668234327
567.668234327
567.668234327
567.668234327
567.668234327
567.668234327
567.668234327
567.668234327
567.668234327
567.668234327
567.668234327
567.668234327
567.668234327
567.668234327
567.668234327
567.668234327
567.668234327
567.668234327
567.668234327
567.668234327
567.668234327
567.668234327
567.668234327
567.668234327
567.668234327
567.668234327
567.668234327
567.668234327
567.668234327
567.668234327
567.668234327
550.982179492
550.982179492
550.982179492
550.982179492
550.982179492
550.982179492
550.982179492
550.982179492
550.982179492
550.982179492
550.982179492
550.982179492
550.982179492
550.982179492
550.982179492
550.982179492
550.982179492
550.982179492
550.982179492
550.982179492
550.982179492
550.982179492
550.982179492
550.982179492
550.982179492
550.982179492
550.982179492
550.982179492
550.982179492
550.982179492
550.982179492
550.982179492
550.982179492
550.982179492
550.982179492
550.982179492
550.982179492
550.982179492
550.982179492
550.982179492
550.982179492
550.982179492
550.982179492
550.982179492
550.982179492
550.982179492
550.982179492
550.982179492
550.982179492
550.982179492
550.982179492
550.982179492
550.982179492
550.982179492
550.982179492
550.982179492
550.982179492
550.982179492
550.982179492
550.982179492
550.982179492
550.982179492
550.982179492
550.982179492
550.982179492
550.982179492
550.982179492
550.982179492
550.982179492
550.982179492
550.982179492
550.982179492
550.982179492
550.982179492
550.982179492
550.982179492
550.982179492
550.982179492
550.982179492
550.982179492
550.982179492
550.982179492
550.982179492
550.982179492
550.982179492
550.982179492
550.982179492
550.982179492
550.982179492
550.982179492
550.982179492
550.982179492
550.982179492
550.982179492
550.982179492
550.982179492
550.982179492
550.982179492
550.982179492
550.982179492
550.982179492
550.982179492
550.982179492
550.982179492
550.982179492
550.982179492
550.982179492
550.982179492
550.982179492
550.982179492
550.982179492
550.982179492
550.982179492
550.982179492
550.982179492
550.982179492
550.982179492
550.982179492
550.982179492
550.982179492
550.982179492
550.982179492
550.982179492
550.982179492
550.982179492
550.982179492
550.982179492
550.982179492
550.982179492
550.982179492
550.982179492
550.982179492
550.982179492
550.982179492
550.982179492
550.982179492
550.982179492
550.982179492
550.982179492
550.982179492
550.982179492
550.982179492
550.982179492
550.982179492
550.982179492
550.982179492
550.982179492
550.982179492
550.982179492
550.982179492
550.982179492
550.982179492
550.982179492
550.982179492
550.982179492
550.982179492
550.982179492
550.982179492
550.982179492
550.982179492
550.982179492
550.982179492
550.982179492
550.982179492
550.982179492
550.982179492
550.982179492
550.982179492
550.982179492
550.982179492
550.982179492
550.982179492
550.982179492
550.982179492
550.982179492
550.982179492
550.982179492
550.982179492
550.982179492
550.982179492
550.982179492
550.982179492
550.982179492
550.982179492
550.982179492
550.982179492
550.982179492
550.982179492
550.982179492
550.982179492
550.982179492
550.982179492
550.982179492
550.982179492
550.982179492
550.982179492
550.982179492
550.982179492
550.982179492
550.982179492
550.982179492
550.982179492
550.982179492
550.982179492
550.982179492
550.982179492
550.982179492
550.982179492
550.982179492
550.982179492
550.982179492
550.982179492
550.982179492
550.982179492
550.982179492
550.982179492
550.982179492
550.982179492
550.982179492
550.982179492
550.982179492
550.982179492
550.982179492
550.982179492
550.982179492
550.982179492
550.982179492
550.982179492
550.982179492
550.982179492
550.982179492
550.982179492
550.982179492
550.982179492
550.982179492
550.982179492
550.982179492
550.982179492
550.982179492
550.982179492
550.982179492
550.982179492
550.982179492
550.982179492
550.982179492
550.982179492
550.982179492
550.982179492
550.982179492
550.982179492
550.982179492
550.982179492
550.982179492
550.982179492
550.982179492
550.982179492
550.982179492
550.982179492
550.982179492
550.982179492
550.982179492
550.982179492
550.982179492
550.982179492
550.982179492
550.982179492
550.982179492
550.982179492
550.982179492
550.982179492
550.982179492
550.982179492
550.982179492
550.982179492
550.982179492
550.982179492
550.982179492
550.982179492
550.982179492
550.982179492
550.982179492
550.982179492
550.982179492
550.982179492
550.982179492
550.982179492
550.982179492
550.982179492
550.982179492
550.982179492
550.982179492
550.982179492
550.982179492
550.982179492
550.982179492
550.982179492
550.982179492
550.982179492
550.982179492
550.982179492
550.982179492
550.982179492
550.982179492
550.982179492
550.982179492
550.982179492
550.982179492
550.982179492
550.982179492
550.982179492
550.982179492
550.982179492
550.982179492
550.982179492
550.982179492
550.982179492
550.982179492
550.982179492
550.982179492
550.982179492
550.982179492
550.982179492
550.982179492
550.982179492
550.982179492
550.982179492
550.982179492
550.982179492
550.982179492
550.982179492
550.982179492
550.982179492
550.982179492
550.982179492
550.982179492
550.982179492
550.982179492
550.982179492
550.982179492
550.982179492
550.982179492
550.982179492
550.982179492
550.982179492
550.982179492
550.982179492
550.982179492
550.982179492
550.982179492
550.982179492
550.982179492
550.982179492
550.982179492
550.982179492
550.982179492
550.982179492
550.982179492
550.982179492
550.982179492
550.982179492
550.982179492
550.982179492
550.982179492
550.982179492
550.982179492
550.982179492
550.982179492
550.982179492
550.982179492
550.982179492
550.982179492
550.982179492
550.982179492
550.982179492
550.982179492
550.982179492
550.982179492
550.982179492
550.982179492
550.982179492
550.982179492
550.982179492
550.982179492
550.982179492
550.982179492
550.982179492
550.982179492
550.982179492
550.982179492
550.982179492
550.982179492
550.982179492
550.982179492
550.982179492
550.982179492
550.982179492
550.982179492
550.982179492
550.982179492
550.982179492
550.982179492
550.982179492
550.982179492
550.982179492
550.982179492
550.982179492
550.982179492
550.982179492
550.982179492
550.982179492
550.982179492
550.982179492
550.982179492
550.982179492
550.982179492
550.982179492
550.982179492
550.982179492
550.982179492
550.982179492
550.982179492
550.982179492
550.982179492
550.982179492
550.982179492
550.982179492
550.982179492
550.982179492
550.982179492
550.982179492
550.982179492
550.982179492
550.982179492
550.982179492
550.982179492
550.982179492
550.982179492
550.982179492
550.982179492
550.982179492
550.982179492
550.982179492
550.982179492
550.982179492
550.982179492
550.982179492
550.982179492
550.982179492
550.982179492
550.982179492
550.982179492
550.982179492
550.982179492
550.982179492
550.982179492
550.982179492
550.982179492
550.982179492
550.982179492
550.982179492
550.982179492
550.982179492
550.982179492
550.982179492
550.982179492
550.982179492
550.982179492
550.982179492
550.982179492
550.982179492
550.982179492
550.982179492
550.982179492
550.982179492
550.982179492
550.982179492
550.982179492
550.982179492
550.982179492
550.982179492
550.982179492
550.982179492
550.982179492
550.982179492
550.982179492
550.982179492
550.982179492
550.982179492
550.982179492
550.982179492
550.982179492
550.982179492
550.982179492
550.982179492
550.982179492
550.982179492
550.982179492
550.982179492
550.982179492
550.982179492
550.982179492
550.982179492
550.982179492
550.982179492
550.982179492
550.982179492
550.982179492
550.982179492
550.982179492
550.982179492
550.982179492
550.982179492
550.982179492
550.982179492
550.982179492
550.982179492
550.982179492
550.982179492
550.982179492
550.982179492
550.982179492
550.982179492
550.982179492
550.982179492
550.982179492
550.982179492
550.982179492
550.982179492
550.982179492
550.982179492
550.982179492
550.982179492
550.982179492
550.982179492
550.982179492
550.982179492
550.982179492
550.982179492
550.982179492
550.982179492
550.982179492
550.982179492
550.982179492
550.982179492
550.982179492
550.982179492
550.982179492
550.982179492
550.982179492
550.982179492
550.982179492
550.982179492
550.982179492
550.982179492
550.982179492
550.982179492
550.982179492
550.982179492
550.982179492
550.982179492
550.982179492
550.982179492
550.982179492
550.982179492
550.982179492
550.982179492
550.982179492
550.982179492
550.982179492
550.982179492
550.982179492
550.982179492
550.982179492
550.982179492
550.982179492
550.982179492
550.982179492
550.982179492
550.982179492
550.982179492
550.982179492
550.982179492
550.982179492
550.982179492
550.982179492
550.982179492
550.982179492
550.982179492
550.982179492
550.982179492
550.982179492
550.982179492
550.982179492
550.982179492
550.982179492
550.982179492
550.982179492
550.982179492
550.982179492
550.982179492
550.982179492
550.982179492
550.982179492
550.982179492
550.982179492
550.982179492
550.982179492
550.982179492
550.982179492
550.982179492
550.982179492
550.982179492
550.982179492
550.982179492
550.982179492
550.982179492
550.982179492
550.982179492
550.982179492
550.982179492
550.982179492
550.982179492
550.982179492
550.982179492
550.982179492
550.982179492
550.982179492
550.982179492
550.982179492
550.982179492
550.982179492
550.982179492
550.982179492
550.982179492
550.982179492
550.982179492
550.982179492
550.982179492
550.982179492
550.982179492
550.982179492
550.982179492
550.982179492
550.982179492
550.982179492
550.982179492
550.982179492
550.982179492
550.982179492
550.982179492
550.982179492
550.982179492
550.982179492
550.982179492
550.982179492
550.982179492
550.982179492
550.982179492
550.982179492
550.982179492
550.982179492
550.982179492
550.982179492
550.982179492
550.982179492
550.982179492
550.982179492
550.982179492
550.982179492
550.982179492
550.982179492
550.982179492
550.982179492
550.982179492
550.982179492
550.982179492
550.982179492
550.982179492
550.982179492
550.982179492
550.982179492
550.982179492
550.982179492
550.982179492
550.982179492
550.982179492
550.982179492
550.982179492
550.982179492
550.982179492
550.982179492
550.982179492
550.982179492
550.982179492
550.982179492
550.982179492
550.982179492
550.982179492
550.982179492
550.982179492
550.982179492
550.982179492
550.982179492
550.982179492
550.982179492
550.982179492
550.982179492
550.982179492
550.982179492
550.982179492
550.982179492
550.982179492
550.982179492
550.982179492
550.982179492
550.982179492
550.982179492
550.982179492
550.982179492
550.982179492
550.982179492
550.982179492
550.982179492
550.982179492
550.982179492
550.982179492
550.982179492
550.982179492
550.982179492
550.982179492
550.982179492
550.982179492
550.982179492
550.982179492
550.982179492
550.982179492
550.982179492
550.982179492
550.982179492
550.982179492
550.982179492
550.982179492
550.982179492
550.982179492
550.982179492
550.982179492
550.982179492
550.982179492
550.982179492
550.982179492
550.982179492
550.982179492
550.982179492
550.982179492
550.982179492
550.982179492
550.982179492
550.982179492
550.982179492
550.982179492
550.982179492
550.982179492
550.982179492
550.982179492
550.982179492
550.982179492
550.982179492
550.982179492
550.982179492
550.982179492
550.982179492
550.982179492
550.982179492
550.982179492
550.982179492
550.982179492
550.982179492
550.982179492
550.982179492
550.982179492
550.982179492
550.982179492
550.982179492
550.982179492
550.982179492
550.982179492
550.982179492
550.982179492
550.982179492
550.982179492
550.982179492
550.982179492
550.982179492
550.982179492
550.982179492
550.982179492
550.982179492
550.982179492
550.982179492
550.982179492
550.982179492
550.982179492
550.982179492
550.982179492
550.982179492
550.982179492
550.982179492
550.982179492
550.982179492
550.982179492
550.982179492
550.982179492
550.982179492
550.982179492
550.982179492
550.982179492
550.982179492
550.982179492
550.982179492
550.982179492
550.982179492
550.982179492
550.982179492
550.982179492
550.982179492
550.982179492
550.982179492
550.982179492
550.982179492
550.982179492
550.982179492
550.982179492
550.982179492
550.982179492
550.982179492
550.982179492
550.982179492
550.982179492
550.982179492
550.982179492
550.982179492
550.982179492
550.982179492
550.982179492
550.982179492
550.982179492
550.982179492
550.982179492
550.982179492
550.982179492
550.982179492
550.982179492
550.982179492
550.982179492
550.982179492
550.982179492
550.982179492
550.982179492
550.982179492
550.982179492
550.982179492
550.982179492
550.982179492
550.982179492
550.982179492
550.982179492
550.982179492
550.982179492
550.982179492
550.982179492
550.982179492
550.982179492
550.982179492
550.982179492
550.982179492
550.982179492
550.982179492
550.982179492
550.982179492
550.982179492
550.982179492
550.982179492
550.982179492
550.982179492
550.982179492
550.982179492
550.982179492
550.982179492
550.982179492
550.982179492
550.982179492
550.982179492
550.982179492
550.982179492
550.982179492
550.982179492
550.982179492
550.982179492
550.982179492
550.982179492
550.982179492
550.982179492
550.982179492
550.982179492
550.982179492
550.982179492
550.982179492
550.982179492
550.982179492
550.982179492
550.982179492
550.982179492
550.982179492
550.982179492
550.982179492
550.982179492
550.982179492
550.982179492
550.982179492
550.982179492
550.982179492
550.982179492
550.982179492
550.982179492
550.982179492
550.982179492
550.982179492
550.982179492
550.982179492
550.982179492
550.982179492
550.982179492
550.982179492
550.982179492
550.982179492
550.982179492
550.982179492
550.982179492
550.982179492
550.982179492
550.982179492
550.982179492
550.982179492
550.982179492
550.982179492
550.982179492
550.982179492
550.982179492
550.982179492
550.982179492
550.982179492
550.982179492
550.982179492
550.982179492
550.982179492
550.982179492
550.982179492
550.982179492
550.982179492
550.982179492
550.982179492
550.982179492
550.982179492
550.982179492
550.982179492
550.982179492
550.982179492
550.982179492
550.982179492
550.982179492
550.982179492
550.982179492
550.982179492
550.982179492
550.982179492
550.982179492
550.982179492
550.982179492
550.982179492
550.982179492
550.982179492
550.982179492
550.982179492
550.982179492
550.982179492
550.982179492
550.982179492
550.982179492
550.982179492
550.982179492
550.982179492
550.982179492
550.982179492
550.982179492
550.982179492
550.982179492
550.982179492
550.982179492
550.982179492
550.982179492
550.982179492
550.982179492
550.982179492
550.982179492
550.982179492
550.982179492
550.982179492
550.982179492
550.982179492
550.982179492
550.982179492
550.982179492
550.982179492
550.982179492
550.982179492
550.982179492
550.982179492
550.982179492
550.982179492
550.982179492
550.982179492
550.982179492
550.982179492
550.982179492
550.982179492
550.982179492
550.982179492
550.982179492
550.982179492
550.982179492
550.982179492
550.982179492
550.982179492
550.982179492
550.982179492
550.982179492
550.982179492
550.982179492
550.982179492
550.982179492
550.982179492
550.982179492
550.982179492
550.982179492
550.982179492
550.982179492
550.982179492
550.982179492
550.982179492
550.982179492
550.982179492
550.982179492
550.982179492
550.982179492
550.982179492
550.982179492
550.982179492
550.982179492
550.982179492
550.982179492
550.982179492
550.982179492
550.982179492
550.982179492
550.982179492
550.982179492
550.982179492
550.982179492
550.982179492
550.982179492
550.982179492
550.982179492
550.982179492
550.982179492
550.982179492
550.982179492
550.982179492
550.982179492
550.982179492
550.982179492
550.982179492
550.982179492
550.982179492
550.982179492
550.982179492
550.982179492
550.982179492
550.982179492
550.982179492
550.982179492
550.982179492
550.982179492
550.982179492
550.982179492
550.982179492
550.982179492
550.982179492
550.982179492
550.982179492
550.982179492
550.982179492
550.982179492
550.982179492
550.982179492
550.982179492
550.982179492
550.982179492
550.982179492
550.982179492
550.982179492
550.982179492
550.982179492
550.982179492
550.982179492
550.982179492
550.982179492
550.982179492
550.982179492
550.982179492
550.982179492
550.982179492
550.982179492
550.982179492
550.982179492
550.982179492
550.982179492
550.982179492
550.982179492
550.982179492
550.982179492
550.982179492
550.982179492
550.982179492
550.982179492
550.982179492
550.982179492
550.982179492
550.982179492
550.982179492
550.982179492
550.982179492
550.982179492
550.982179492
550.982179492
550.982179492
550.982179492
550.982179492
550.982179492
550.982179492
550.982179492
550.982179492
550.982179492
550.982179492
550.982179492
550.982179492
550.982179492
550.982179492
550.982179492
550.982179492
550.982179492
550.982179492
550.982179492
550.982179492
550.982179492
550.982179492
550.982179492
550.982179492
550.982179492
550.982179492
550.982179492
550.982179492
550.982179492
550.982179492
550.982179492
550.982179492
550.982179492
550.982179492
550.982179492
550.982179492
550.982179492
550.982179492
550.982179492
550.982179492
550.982179492
550.982179492
550.982179492
550.982179492
550.982179492
550.982179492
550.982179492
550.982179492
550.982179492
550.982179492
550.982179492
550.982179492
550.982179492
550.982179492
550.982179492
550.982179492
550.982179492
550.982179492
550.982179492
550.982179492
550.982179492
550.982179492
550.982179492
550.982179492
550.982179492
550.982179492
550.982179492
550.982179492
550.982179492
550.982179492
550.982179492
550.982179492
550.982179492
550.982179492
550.982179492
550.982179492
550.982179492
550.982179492
550.982179492
550.982179492
550.982179492
550.982179492
550.982179492
550.982179492
550.982179492
550.982179492
550.982179492
550.982179492
550.982179492
550.982179492
550.982179492
550.982179492
550.982179492
550.982179492
550.982179492
550.982179492
550.982179492
550.982179492
550.982179492
550.982179492
550.982179492
550.982179492
550.982179492
550.982179492
550.982179492
550.982179492
550.982179492
550.982179492
550.982179492
550.982179492
550.982179492
550.982179492
550.982179492
550.982179492
550.982179492
550.982179492
550.982179492
550.982179492
550.982179492
550.982179492
550.982179492
550.982179492
550.982179492
550.982179492
550.982179492
550.982179492
550.982179492
550.982179492
550.982179492
550.982179492
550.982179492
550.982179492
550.982179492
550.982179492
550.982179492
550.982179492
550.982179492
550.982179492
550.982179492
550.982179492
550.982179492
550.982179492
550.982179492
550.982179492
550.982179492
550.982179492
550.982179492
550.982179492
550.982179492
550.982179492
550.982179492
550.982179492
550.982179492
550.982179492
550.982179492
550.982179492
550.982179492
550.982179492
550.982179492
550.982179492
550.982179492
550.982179492
550.982179492
550.982179492
550.982179492
550.982179492
550.982179492
550.982179492
550.982179492
550.982179492
550.982179492
550.982179492
550.982179492
550.982179492
550.982179492
550.982179492
550.982179492
550.982179492
550.982179492
550.982179492
550.982179492
550.982179492
550.982179492
550.982179492
550.982179492
550.982179492
550.982179492
550.982179492
550.982179492
550.982179492
550.982179492
550.982179492
550.982179492
550.982179492
550.982179492
550.982179492
550.982179492
550.982179492
550.982179492
550.982179492
550.982179492
550.982179492
550.982179492
550.982179492
550.982179492
550.982179492
550.982179492
550.982179492
550.982179492
550.982179492
550.982179492
550.982179492
550.982179492
550.982179492
550.982179492
550.982179492
550.982179492
550.982179492
550.982179492
550.982179492
550.982179492
550.982179492
550.982179492
550.982179492
550.982179492
550.982179492
550.982179492
550.982179492
550.982179492
550.982179492
550.982179492
550.982179492
550.982179492
550.982179492
550.982179492
550.982179492
550.982179492
550.982179492
550.982179492
550.982179492
550.982179492
550.982179492
550.982179492
550.982179492
550.982179492
550.982179492
550.982179492
550.982179492
550.982179492
550.982179492
550.982179492
550.982179492
550.982179492
550.982179492
550.982179492
550.982179492
550.982179492
550.982179492
550.982179492
550.982179492
550.982179492
550.982179492
550.982179492
550.982179492
550.982179492
550.982179492
550.982179492
550.982179492
550.982179492
550.982179492
550.982179492
550.982179492
550.982179492
550.982179492
550.982179492
550.982179492
550.982179492
550.982179492
550.982179492
550.982179492
550.982179492
550.982179492
550.982179492
550.982179492
550.982179492
550.982179492
550.982179492
550.982179492
550.982179492
550.982179492
550.982179492
550.982179492
550.982179492
550.982179492
550.982179492
550.982179492
550.982179492
550.982179492
550.982179492
550.982179492
550.982179492
550.982179492
550.982179492
550.982179492
550.982179492
550.982179492
550.982179492
550.982179492
550.982179492
550.982179492
550.982179492
550.982179492
550.982179492
550.982179492
550.982179492
550.982179492
550.982179492
550.982179492
550.982179492
550.982179492
550.982179492
550.982179492
550.982179492
550.982179492
550.982179492
550.982179492
550.982179492
550.982179492
550.982179492
550.982179492
550.982179492
550.982179492
550.982179492
550.982179492
550.982179492
550.982179492
550.982179492
550.982179492
550.982179492
550.982179492
550.982179492
550.982179492
550.982179492
550.982179492
550.982179492
550.982179492
550.982179492
550.982179492
550.982179492
550.982179492
550.982179492
550.982179492
550.982179492
550.982179492
550.982179492
550.982179492
550.982179492
550.982179492
550.982179492
550.982179492
550.982179492
550.982179492
550.982179492
550.982179492
550.982179492
550.982179492
550.982179492
550.982179492
550.982179492
550.982179492
550.982179492
550.982179492
550.982179492
550.982179492
550.982179492
550.982179492
550.982179492
550.982179492
550.982179492
550.982179492
550.982179492
550.982179492
550.982179492
550.982179492
550.982179492
550.982179492
550.982179492
550.982179492
550.982179492
550.982179492
550.982179492
550.982179492
550.982179492
550.982179492
550.982179492
550.982179492
550.982179492
550.982179492
550.982179492
550.982179492
550.982179492
550.982179492
550.982179492
550.982179492
550.982179492
550.982179492
550.982179492
550.982179492
550.982179492
550.982179492
550.982179492
550.982179492
550.982179492
550.982179492
550.982179492
550.982179492
550.982179492
550.982179492
550.982179492
550.982179492
550.982179492
550.982179492
550.982179492
550.982179492
550.982179492
550.982179492
550.982179492
550.982179492
550.982179492
550.982179492
550.982179492
550.982179492
550.982179492
550.982179492
550.982179492
550.982179492
550.982179492
550.982179492
550.982179492
550.982179492
550.982179492
550.982179492
550.982179492
550.982179492
550.982179492
550.982179492
550.982179492
550.982179492
550.982179492
550.982179492
550.982179492
550.982179492
550.982179492
550.982179492
550.982179492
550.982179492
550.982179492
550.982179492
550.982179492
550.982179492
550.982179492
550.982179492
550.982179492
550.982179492
550.982179492
550.982179492
550.982179492
550.982179492
550.982179492
550.982179492
550.982179492
550.982179492
550.982179492
550.982179492
550.982179492
550.982179492
550.982179492
550.982179492
550.982179492
550.982179492
550.982179492
550.982179492
550.982179492
550.982179492
550.982179492
550.982179492
550.982179492
550.982179492
550.982179492
550.982179492
550.982179492
550.982179492
550.982179492
550.982179492
550.982179492
550.982179492
550.982179492
550.982179492
550.982179492
550.982179492
550.982179492
550.982179492
550.982179492
550.982179492
550.982179492
550.982179492
550.982179492
550.982179492
550.982179492
550.982179492
550.982179492
550.982179492
550.982179492
550.982179492
550.982179492
550.982179492
550.982179492
550.982179492
550.982179492
550.982179492
550.982179492
550.982179492
550.982179492
550.982179492
550.982179492
550.982179492
550.982179492
550.982179492
550.982179492
550.982179492
550.982179492
550.982179492
550.982179492
550.982179492
550.982179492
550.982179492
550.982179492
550.982179492
550.982179492
550.982179492
550.982179492
550.982179492
550.982179492
550.982179492
550.982179492
550.982179492
550.982179492
550.982179492
550.982179492
550.982179492
550.982179492
550.982179492
550.982179492
550.982179492
550.982179492
550.982179492
550.982179492
550.982179492
550.982179492
550.982179492
550.982179492
550.982179492
550.982179492
550.982179492
550.982179492
550.982179492
550.982179492
550.982179492
550.982179492
550.982179492
550.982179492
550.982179492
550.982179492
550.982179492
550.982179492
550.982179492
550.982179492
550.982179492
550.982179492
550.982179492
550.982179492
550.982179492
550.982179492
550.982179492
550.982179492
550.982179492
550.982179492
550.982179492
550.982179492
550.982179492
550.982179492
550.982179492
550.982179492
550.982179492
550.982179492
550.982179492
550.982179492
550.982179492
550.982179492
550.982179492
550.982179492
550.982179492
550.982179492
550.982179492
550.982179492
550.982179492
550.982179492
550.982179492
550.982179492
550.982179492
550.982179492
550.982179492
550.982179492
550.982179492
550.982179492
550.982179492
550.982179492
550.982179492
550.982179492
550.982179492
550.982179492
550.982179492
550.982179492
550.982179492
550.982179492
550.982179492
550.982179492
550.982179492
550.982179492
550.982179492
550.982179492
550.982179492
550.982179492
550.982179492
550.982179492
550.982179492
550.982179492
550.982179492
550.982179492
550.982179492
550.982179492
550.982179492
550.982179492
550.982179492
550.982179492
550.982179492
550.982179492
550.982179492
550.982179492
550.982179492
550.982179492
550.982179492
550.982179492
550.982179492
550.982179492
550.982179492
550.982179492
550.982179492
550.982179492
550.982179492
550.982179492
550.982179492
550.982179492
550.982179492
550.982179492
550.982179492
550.982179492
550.982179492
550.982179492
550.982179492
550.982179492
550.982179492
550.982179492
550.982179492
550.982179492
550.982179492
550.982179492
550.982179492
550.982179492
550.982179492
550.982179492
550.982179492
550.982179492
550.982179492
550.982179492
550.982179492
550.982179492
550.982179492
550.982179492
550.982179492
550.982179492
550.982179492
550.982179492
550.982179492
550.982179492
550.982179492
550.982179492
550.982179492
550.982179492
550.982179492
550.982179492
550.982179492
550.982179492
550.982179492
550.982179492
550.982179492
550.982179492
550.982179492
550.982179492
550.982179492
550.982179492
550.982179492
550.982179492
550.982179492
550.982179492
550.982179492
550.982179492
550.982179492
550.982179492
550.982179492
550.982179492
550.982179492
550.982179492
550.982179492
550.982179492
550.982179492
550.982179492
550.982179492
550.982179492
550.982179492
550.982179492
550.982179492
550.982179492
550.982179492
550.982179492
550.982179492
550.982179492
550.982179492
550.982179492
550.982179492
550.982179492
550.982179492
550.982179492
550.982179492
550.982179492
550.982179492
550.982179492
550.982179492
550.982179492
550.982179492
550.982179492
550.982179492
550.982179492
550.982179492
550.982179492
550.982179492
550.982179492
550.982179492
550.982179492
550.982179492
550.982179492
550.982179492
550.982179492
550.982179492
550.982179492
550.982179492
550.982179492
550.982179492
550.982179492
550.982179492
550.982179492
550.982179492
550.982179492
550.982179492
550.982179492
550.982179492
550.982179492
550.982179492
550.982179492
550.982179492
550.982179492
550.982179492
550.982179492
550.982179492
550.982179492
550.982179492
550.982179492
550.982179492
550.982179492
550.982179492
550.982179492
550.982179492
550.982179492
550.982179492
550.982179492
550.982179492
550.982179492
550.982179492
550.982179492
550.982179492
550.982179492
550.982179492
550.982179492
550.982179492
550.982179492
550.982179492
550.982179492
550.982179492
550.982179492
550.982179492
550.982179492
550.982179492
550.982179492
550.982179492
550.982179492
550.982179492
550.982179492
550.982179492
550.982179492
550.982179492
550.982179492
550.982179492
550.982179492
550.982179492
550.982179492
550.982179492
550.982179492
550.982179492
550.982179492
550.982179492
550.982179492
550.982179492
550.982179492
550.982179492
550.982179492
550.982179492
550.982179492
550.982179492
550.982179492
550.982179492
550.982179492
550.982179492
550.982179492
550.982179492
550.982179492
550.982179492
550.982179492
550.982179492
550.982179492
550.982179492
550.982179492
550.982179492
550.982179492
550.982179492
550.982179492
550.982179492
550.982179492
550.982179492
550.982179492
550.982179492
550.982179492
550.982179492
550.982179492
550.982179492
550.982179492
550.982179492
550.982179492
550.982179492
550.982179492
550.982179492
550.982179492
550.982179492
550.982179492
550.982179492
550.982179492
550.982179492
550.982179492
550.982179492
550.982179492
550.982179492
550.982179492
550.982179492
550.982179492
550.982179492
550.982179492
550.982179492
550.982179492
550.982179492
550.982179492
550.982179492
550.982179492
550.982179492
550.982179492
550.982179492
550.982179492
550.982179492
550.982179492
550.982179492
550.982179492
550.982179492
550.982179492
550.982179492
550.982179492
550.982179492
550.982179492
550.982179492
550.982179492
550.982179492
550.982179492
550.982179492
550.982179492
550.982179492
550.982179492
550.982179492
550.982179492
550.982179492
550.982179492
550.982179492
550.982179492
550.982179492
550.982179492
550.982179492
550.982179492
550.982179492
550.982179492
550.982179492
550.982179492
550.982179492
550.982179492
550.982179492
550.982179492
550.982179492
550.982179492
550.982179492
550.982179492
550.982179492
550.982179492
550.982179492
550.982179492
550.982179492
550.982179492
550.982179492
550.982179492
550.982179492
550.982179492
550.982179492
550.982179492
550.982179492
550.982179492
550.982179492
550.982179492
550.982179492
550.982179492
550.982179492
550.982179492
550.982179492
550.982179492
550.982179492
550.982179492
550.982179492
550.982179492
550.982179492
550.982179492
550.982179492
550.982179492
550.982179492
550.982179492
550.982179492
550.982179492
550.982179492
550.982179492
550.982179492
550.982179492
550.982179492
550.982179492
550.982179492
550.982179492
550.982179492
550.982179492
550.982179492
550.982179492
550.982179492
550.982179492
550.982179492
550.982179492
550.982179492
550.982179492
550.982179492
550.982179492
550.982179492
550.982179492
550.982179492
550.982179492
550.982179492
550.982179492
550.982179492
550.982179492
550.982179492
550.982179492
550.982179492
550.982179492
550.982179492
550.982179492
550.982179492
550.982179492
550.982179492
550.982179492
550.982179492
550.982179492
550.982179492
550.982179492
550.982179492
550.982179492
550.982179492
550.982179492
550.982179492
550.982179492
550.982179492
550.982179492
550.982179492
550.982179492
550.982179492
550.982179492
550.982179492
550.982179492
550.982179492
550.982179492
550.982179492
550.982179492
550.982179492
550.982179492
550.982179492
550.982179492
550.982179492
550.982179492
550.982179492
550.982179492
550.982179492
550.982179492
550.982179492
550.982179492
550.982179492
550.982179492
550.982179492
550.982179492
550.982179492
550.982179492
550.982179492
550.982179492
550.982179492
550.982179492
550.982179492
550.982179492
550.982179492
550.982179492
550.982179492
550.982179492
550.982179492
550.982179492
550.982179492
550.982179492
550.982179492
550.982179492
550.982179492
550.982179492
550.982179492
550.982179492
550.982179492
550.982179492
550.982179492
550.982179492
550.982179492
550.982179492
550.982179492
550.982179492
550.982179492
550.982179492
550.982179492
550.982179492
550.982179492
550.982179492
550.982179492
550.982179492
550.982179492
550.982179492
550.982179492
550.982179492
550.982179492
550.982179492
550.982179492
550.982179492
550.982179492
550.982179492
550.982179492
550.982179492
550.982179492
550.982179492
550.982179492
550.982179492
550.982179492
550.982179492
550.982179492
550.982179492
550.982179492
550.982179492
550.982179492
550.982179492
550.982179492
550.982179492
550.982179492
550.982179492
550.982179492
550.982179492
550.982179492
550.982179492
550.982179492
550.982179492
550.982179492
550.982179492
550.982179492
550.982179492
550.982179492
550.982179492
550.982179492
550.982179492
550.982179492
550.982179492
550.982179492
550.982179492
550.982179492
550.982179492
550.982179492
550.982179492
550.982179492
550.982179492
550.982179492
550.982179492
550.982179492
550.982179492
550.982179492
550.982179492
550.982179492
550.982179492
550.982179492
550.982179492
550.982179492
550.982179492
550.982179492
550.982179492
550.982179492
550.982179492
550.982179492
550.982179492
550.982179492
550.982179492
550.982179492
550.982179492
550.982179492
550.982179492
550.982179492
550.982179492
550.982179492
550.982179492
550.982179492
550.982179492
550.982179492
550.982179492
550.982179492
550.982179492
550.982179492
550.982179492
550.982179492
550.982179492
550.982179492
550.982179492
550.982179492
550.982179492
550.982179492
550.982179492
550.982179492
550.982179492
550.982179492
550.982179492
550.982179492
550.982179492
550.982179492
550.982179492
550.982179492
550.982179492
550.982179492
550.982179492
550.982179492
550.982179492
550.982179492
550.982179492
550.982179492
550.982179492
550.982179492
550.982179492
550.982179492
550.982179492
550.982179492
550.982179492
550.982179492
550.982179492
550.982179492
550.982179492
550.982179492
550.982179492
550.982179492
550.982179492
550.982179492
550.982179492
550.982179492
550.982179492
550.982179492
550.982179492
550.982179492
550.982179492
550.982179492
550.982179492
550.982179492
550.982179492
550.982179492
550.982179492
550.982179492
550.982179492
550.982179492
550.982179492
550.982179492
550.982179492
550.982179492
550.982179492
550.982179492
550.982179492
550.982179492
550.982179492
550.982179492
550.982179492
550.982179492
550.982179492
550.982179492
550.982179492
550.982179492
550.982179492
550.982179492
550.982179492
550.982179492
550.982179492
550.982179492
550.982179492
550.982179492
550.982179492
550.982179492
550.982179492
550.982179492
550.982179492
550.982179492
550.982179492
550.982179492
550.982179492
550.982179492
550.982179492
550.982179492
550.982179492
550.982179492
550.982179492
550.982179492
550.982179492
550.982179492
550.982179492
550.982179492
550.982179492
550.982179492
550.982179492
550.982179492
550.982179492
550.982179492
550.982179492
550.982179492
550.982179492
550.982179492
550.982179492
550.982179492
550.982179492
550.982179492
550.982179492
550.982179492
550.982179492
550.982179492
550.982179492
550.982179492
550.982179492
550.982179492
550.982179492
550.982179492
550.982179492
550.982179492
550.982179492
550.982179492
550.982179492
550.982179492
550.982179492
550.982179492
550.982179492
550.982179492
550.982179492
550.982179492
550.982179492
550.982179492
550.982179492
550.982179492
550.982179492
550.982179492
550.982179492
550.982179492
550.982179492
550.982179492
550.982179492
550.982179492
550.982179492
550.982179492
550.982179492
550.982179492
550.982179492
550.982179492
550.982179492
550.982179492
550.982179492
550.982179492
550.982179492
550.982179492
550.982179492
550.982179492
550.982179492
550.982179492
550.982179492
550.982179492
550.982179492
550.982179492
550.982179492
550.982179492
550.982179492
550.982179492
550.982179492
550.982179492
550.982179492
550.982179492
550.982179492
550.982179492
550.982179492
550.982179492
550.982179492
550.982179492
550.982179492
550.982179492
550.982179492
550.982179492
550.982179492
550.982179492
550.982179492
550.982179492
550.982179492
550.982179492
550.982179492
550.982179492
550.982179492
550.982179492
550.982179492
550.982179492
550.982179492
550.982179492
550.982179492
550.982179492
550.982179492
550.982179492
550.982179492
550.982179492
550.982179492
550.982179492
550.982179492
550.982179492
550.982179492
550.982179492
550.982179492
550.982179492
550.982179492
550.982179492
550.982179492
550.982179492
550.982179492
550.982179492
550.982179492
550.982179492
550.982179492
550.982179492
550.982179492
550.982179492
550.982179492
550.982179492
550.982179492
550.982179492
550.982179492
550.982179492
550.982179492
550.982179492
550.982179492
550.982179492
550.982179492
550.982179492
550.982179492
550.982179492
550.982179492
550.982179492
550.982179492
550.982179492
550.982179492
550.982179492
550.982179492
550.982179492
550.982179492
550.982179492
550.982179492
550.982179492
550.982179492
550.982179492
550.982179492
550.982179492
550.982179492
550.982179492
550.982179492
550.982179492
550.982179492
550.982179492
550.982179492
550.982179492
550.982179492
550.982179492
550.982179492
550.982179492
550.982179492
550.982179492
550.982179492
550.982179492
550.982179492
550.982179492
550.982179492
550.982179492
550.982179492
550.982179492
550.982179492
550.982179492
550.982179492
550.982179492
550.982179492
550.982179492
550.982179492
550.982179492
550.982179492
550.982179492
550.982179492
550.982179492
550.982179492
550.982179492
550.982179492
550.982179492
550.982179492
550.982179492
550.982179492
550.982179492
550.982179492
550.982179492
550.982179492
550.982179492
550.982179492
550.982179492
550.982179492
550.982179492
550.982179492
550.982179492
550.982179492
550.982179492
550.982179492
550.982179492
550.982179492
550.982179492
550.982179492
550.982179492
550.982179492
550.982179492
550.982179492
550.982179492
550.982179492
550.982179492
550.982179492
550.982179492
550.982179492
550.982179492
550.982179492
550.982179492
550.982179492
550.982179492
550.982179492
550.982179492
550.982179492
550.982179492
550.982179492
550.982179492
550.982179492
550.982179492
550.982179492
550.982179492
550.982179492
550.982179492
550.982179492
550.982179492
550.982179492
550.982179492
550.982179492
550.982179492
550.982179492
550.982179492
550.982179492
550.982179492
550.982179492
550.982179492
550.982179492
550.982179492
550.982179492
550.982179492
550.982179492
550.982179492
550.982179492
550.982179492
550.982179492
550.982179492
550.982179492
550.982179492
550.982179492
550.982179492
550.982179492
550.982179492
550.982179492
550.982179492
550.982179492
550.982179492
550.982179492
550.982179492
550.982179492
550.982179492
550.982179492
550.982179492
550.982179492
550.982179492
550.982179492
550.982179492
550.982179492
550.982179492
550.982179492
550.982179492
550.982179492
550.982179492
550.982179492
550.982179492
550.982179492
550.982179492
550.982179492
550.982179492
550.982179492
550.982179492
550.982179492
550.982179492
550.982179492
550.982179492
550.982179492
550.982179492
550.982179492
550.982179492
550.982179492
550.982179492
550.982179492
550.982179492
550.982179492
550.982179492
550.982179492
550.982179492
550.982179492
550.982179492
550.982179492
550.982179492
550.982179492
550.982179492
550.982179492
550.982179492
550.982179492
550.982179492
550.982179492
550.982179492
550.982179492
550.982179492
550.982179492
550.982179492
550.982179492
550.982179492
550.982179492
550.982179492
550.982179492
550.982179492
550.982179492
550.982179492
550.982179492
550.982179492
550.982179492
550.982179492
550.982179492
550.982179492
550.982179492
550.982179492
550.982179492
550.982179492
550.982179492
550.982179492
550.982179492
550.982179492
550.982179492
550.982179492
550.982179492
550.982179492
550.982179492
550.982179492
550.982179492
550.982179492
550.982179492
550.982179492
550.982179492
550.982179492
550.982179492
550.982179492
550.982179492
550.982179492
550.982179492
550.982179492
550.982179492
550.982179492
550.982179492
550.982179492
550.982179492
550.982179492
550.982179492
550.982179492
550.982179492
550.982179492
550.982179492
550.982179492
550.982179492
550.982179492
550.982179492
550.982179492
550.982179492
550.982179492
550.982179492
550.982179492
550.982179492
550.982179492
550.982179492
550.982179492
550.982179492
550.982179492
550.982179492
550.982179492
550.982179492
550.982179492
550.982179492
550.982179492
550.982179492
550.982179492
550.982179492
550.982179492
550.982179492
550.982179492
550.982179492
550.982179492
550.982179492
550.982179492
550.982179492
550.982179492
550.982179492
550.982179492
550.982179492
550.982179492
550.982179492
550.982179492
550.982179492
550.982179492
550.982179492
550.982179492
550.982179492
550.982179492
550.982179492
550.982179492
550.982179492
550.982179492
550.982179492
550.982179492
550.982179492
550.982179492
550.982179492
550.982179492
550.982179492
550.982179492
550.982179492
550.982179492
550.982179492
550.982179492
550.982179492
550.982179492
550.982179492
550.982179492
550.982179492
550.982179492
550.982179492
550.982179492
550.982179492
550.982179492
550.982179492
550.982179492
550.982179492
550.982179492
550.982179492
550.982179492
550.982179492
550.982179492
550.982179492
550.982179492
550.982179492
550.982179492
550.982179492
550.982179492
550.982179492
550.982179492
550.982179492
550.982179492
550.982179492
550.982179492
550.982179492
550.982179492
550.982179492
550.982179492
550.982179492
550.982179492
550.982179492
550.982179492
550.982179492
550.982179492
550.982179492
550.982179492
550.982179492
550.982179492
550.982179492
550.982179492
550.982179492
550.982179492
550.982179492
550.982179492
550.982179492
550.982179492
550.982179492
550.982179492
550.982179492
550.982179492
550.982179492
550.982179492
550.982179492
550.982179492
550.982179492
550.982179492
550.982179492
550.982179492
550.982179492
550.982179492
550.982179492
550.982179492
550.982179492
550.982179492
550.982179492
550.982179492
550.982179492
550.982179492
550.982179492
550.982179492
550.982179492
550.982179492
550.982179492
550.982179492
550.982179492
550.982179492
550.982179492
550.982179492
550.982179492
550.982179492
550.982179492
550.982179492
550.982179492
550.982179492
550.982179492
550.982179492
550.982179492
550.982179492
550.982179492
550.982179492
550.982179492
550.982179492
550.982179492
550.982179492
550.982179492
550.982179492
550.982179492
550.982179492
550.982179492
550.982179492
550.982179492
550.982179492
550.982179492
550.982179492
550.982179492
550.982179492
550.982179492
550.982179492
550.982179492
550.982179492
550.982179492
550.982179492
550.982179492
550.982179492
550.982179492
550.982179492
550.982179492
550.982179492
550.982179492
550.982179492
550.982179492
550.982179492
550.982179492
550.982179492
550.982179492
550.982179492
550.982179492
550.982179492
550.982179492
550.982179492
550.982179492
550.982179492
550.982179492
550.982179492
550.982179492
550.982179492
550.982179492
550.982179492
550.982179492
550.982179492
550.982179492
550.982179492
550.982179492
550.982179492
550.982179492
550.982179492
550.982179492
550.982179492
550.982179492
550.982179492
550.982179492
550.982179492
550.982179492
550.982179492
550.982179492
550.982179492
550.982179492
550.982179492
550.982179492
550.982179492
550.982179492
550.982179492
550.982179492
550.982179492
550.982179492
550.982179492
550.982179492
550.982179492
550.982179492
550.982179492
550.982179492
550.982179492
550.982179492
550.982179492
550.982179492
550.982179492
550.982179492
550.982179492
550.982179492
550.982179492
550.982179492
550.982179492
550.982179492
550.982179492
550.982179492
550.982179492
550.982179492
550.982179492
550.982179492
550.982179492
550.982179492
550.982179492
550.982179492
550.982179492
550.982179492
550.982179492
550.982179492
550.982179492
550.982179492
550.982179492
550.982179492
550.982179492
550.982179492
550.982179492
550.982179492
550.982179492
550.982179492
550.982179492
550.982179492
550.982179492
550.982179492
550.982179492
550.982179492
550.982179492
550.982179492
550.982179492
550.982179492
550.982179492
550.982179492
550.982179492
550.982179492
550.982179492
550.982179492
550.982179492
550.982179492
550.982179492
550.982179492
550.982179492
550.982179492
550.982179492
550.982179492
550.982179492
550.982179492
550.982179492
550.982179492
550.982179492
550.982179492
550.982179492
550.982179492
550.982179492
550.982179492
550.982179492
550.982179492
550.982179492
550.982179492
550.982179492
550.982179492
550.982179492
550.982179492
550.982179492
550.982179492
550.982179492
550.982179492
550.982179492
550.982179492
550.982179492
550.982179492
550.982179492
550.982179492
550.982179492
550.982179492
550.982179492
550.982179492
550.982179492
550.982179492
550.982179492
550.982179492
550.982179492
550.982179492
550.982179492
550.982179492
550.982179492
550.982179492
550.982179492
550.982179492
550.982179492
550.982179492
550.982179492
550.982179492
550.982179492
550.982179492
550.982179492
550.982179492
550.982179492
550.982179492
550.982179492
550.982179492
550.982179492
550.982179492
550.982179492
550.982179492
550.982179492
550.982179492
550.982179492
550.982179492
550.982179492
550.982179492
550.982179492
550.982179492
550.982179492
550.982179492
550.982179492
550.982179492
550.982179492
550.982179492
550.982179492
550.982179492
550.982179492
550.982179492
550.982179492
550.982179492
550.982179492
550.982179492
550.982179492
550.982179492
550.982179492
550.982179492
550.982179492
550.982179492
550.982179492
550.982179492
550.982179492
550.982179492
550.982179492
550.982179492
550.982179492
550.982179492
550.982179492
550.982179492
550.982179492
550.982179492
550.982179492
550.982179492
550.982179492
550.982179492
550.982179492
550.982179492
550.982179492
550.982179492
550.982179492
550.982179492
550.982179492
550.982179492
550.982179492
550.982179492
550.982179492
550.982179492
550.982179492
550.982179492
550.982179492
550.982179492
550.982179492
550.982179492
550.982179492
550.982179492
550.982179492
550.982179492
550.982179492
550.982179492
550.982179492
550.982179492
550.982179492
550.982179492
550.982179492
550.982179492
550.982179492
550.982179492
550.982179492
550.982179492
550.982179492
550.982179492
550.982179492
550.982179492
550.982179492
550.982179492
550.982179492
550.982179492
550.982179492
550.982179492
550.982179492
550.982179492
550.982179492
550.982179492
550.982179492
550.982179492
550.982179492
550.982179492
550.982179492
550.982179492
550.982179492
550.982179492
550.982179492
550.982179492
550.982179492
550.982179492
550.982179492
550.982179492
550.982179492
550.982179492
550.982179492
550.982179492
550.982179492
550.982179492
550.982179492
550.982179492
550.982179492
550.982179492
550.982179492
550.982179492
550.982179492
550.982179492
550.982179492
550.982179492
550.982179492
550.982179492
550.982179492
550.982179492
550.982179492
550.982179492
550.982179492
550.982179492
550.982179492
550.982179492
550.982179492
550.982179492
550.982179492
550.982179492
550.982179492
550.982179492
550.982179492
550.982179492
550.982179492
550.982179492
550.982179492
550.982179492
550.982179492
550.982179492
550.982179492
550.982179492
550.982179492
550.982179492
550.982179492
550.982179492
550.982179492
550.982179492
550.982179492
550.982179492
550.982179492
550.982179492
550.982179492
550.982179492
550.982179492
550.982179492
550.982179492
550.982179492
550.982179492
550.982179492
550.982179492
550.982179492
550.982179492
550.982179492
550.982179492
550.982179492
550.982179492
550.982179492
550.982179492
550.982179492
550.982179492
550.982179492
550.982179492
550.982179492
550.982179492
550.982179492
550.982179492
550.982179492
550.982179492
550.982179492
550.982179492
550.982179492
550.982179492
550.982179492
550.982179492
550.982179492
550.982179492
550.982179492
550.982179492
550.982179492
550.982179492
550.982179492
550.982179492
550.982179492
550.982179492
550.982179492
550.982179492
550.982179492
550.982179492
550.982179492
550.982179492
550.982179492
550.982179492
550.982179492
550.982179492
550.982179492
550.982179492
550.982179492
550.982179492
550.982179492
550.982179492
550.982179492
550.982179492
550.982179492
550.982179492
550.982179492
550.982179492
550.982179492
550.982179492
550.982179492
550.982179492
550.982179492
550.982179492
550.982179492
550.982179492
550.982179492
550.982179492
550.982179492
550.982179492
550.982179492
550.982179492
550.982179492
550.982179492
550.982179492
550.982179492
550.982179492
550.982179492
550.982179492
550.982179492
550.982179492
550.982179492
550.982179492
550.982179492
550.982179492
550.982179492
550.982179492
550.982179492
550.982179492
550.982179492
550.982179492
550.982179492
550.982179492
550.982179492
550.982179492
550.982179492
550.982179492
550.982179492
550.982179492
550.982179492
550.982179492
550.982179492
550.982179492
550.982179492
550.982179492
550.982179492
550.982179492
550.982179492
550.982179492
550.982179492
550.982179492
550.982179492
550.982179492
550.982179492
550.982179492
550.982179492
550.982179492
550.982179492
550.982179492
550.982179492
550.982179492
550.982179492
550.982179492
550.982179492
550.982179492
550.982179492
550.982179492
550.982179492
550.982179492
550.982179492
550.982179492
550.982179492
550.982179492
550.982179492
550.982179492
550.982179492
550.982179492
550.982179492
550.982179492
550.982179492
550.982179492
550.982179492
550.982179492
550.982179492
550.982179492
550.982179492
550.982179492
550.982179492
550.982179492
550.982179492
550.982179492
550.982179492
550.982179492
550.982179492
550.982179492
550.982179492
550.982179492
550.982179492
550.982179492
550.982179492
550.982179492
550.982179492
550.982179492
550.982179492
550.982179492
550.982179492
550.982179492
550.982179492
550.982179492
550.982179492
550.982179492
550.982179492
550.982179492
550.982179492
550.982179492
550.982179492
550.982179492
550.982179492
550.982179492
550.982179492
550.982179492
550.982179492
550.982179492
550.982179492
550.982179492
550.982179492
550.982179492
550.982179492
550.982179492
550.982179492
550.982179492
550.982179492
550.982179492
550.982179492
550.982179492
550.982179492
550.982179492
550.982179492
550.982179492
550.982179492
550.982179492
550.982179492
550.982179492
550.982179492
550.982179492
550.982179492
550.982179492
550.982179492
550.982179492
550.982179492
550.982179492
550.982179492
550.982179492
550.982179492
550.982179492
550.982179492
550.982179492
550.982179492
550.982179492
550.982179492
550.982179492
550.982179492
550.982179492
550.982179492
550.982179492
550.982179492
550.982179492
550.982179492
550.982179492
550.982179492
550.982179492
550.982179492
550.982179492
550.982179492
550.982179492
550.982179492
550.982179492
550.982179492
550.982179492
550.982179492
550.982179492
550.982179492
550.982179492
550.982179492
550.982179492
550.982179492
550.982179492
550.982179492
550.982179492
550.982179492
550.982179492
550.982179492
550.982179492
550.982179492
550.982179492
550.982179492
550.982179492
550.982179492
550.982179492
550.982179492
550.982179492
550.982179492
550.982179492
550.982179492
550.982179492
550.982179492
550.982179492
550.982179492
550.982179492
550.982179492
550.982179492
550.982179492
550.982179492
550.982179492
550.982179492
550.982179492
550.982179492
550.982179492
550.982179492
550.982179492
550.982179492
550.982179492
550.982179492
550.982179492
550.982179492
550.982179492
550.982179492
550.982179492
550.982179492
550.982179492
550.982179492
550.982179492
550.982179492
550.982179492
550.982179492
550.982179492
550.982179492
550.982179492
550.982179492
550.982179492
550.982179492
550.982179492
550.982179492
550.982179492
550.982179492
550.982179492
550.982179492
550.982179492
550.982179492
550.982179492
550.982179492
550.982179492
550.982179492
550.982179492
550.982179492
550.982179492
550.982179492
550.982179492
550.982179492
550.982179492
550.982179492
550.982179492
550.982179492
550.982179492
550.982179492
550.982179492
550.982179492
550.982179492
550.982179492
550.982179492
550.982179492
550.982179492
550.982179492
550.982179492
550.982179492
550.982179492
550.982179492
550.982179492
550.982179492
550.982179492
550.982179492
550.982179492
550.982179492
550.982179492
550.982179492
550.982179492
550.982179492
550.982179492
550.982179492
550.982179492
550.982179492
550.982179492
550.982179492
550.982179492
550.982179492
550.982179492
550.982179492
550.982179492
550.982179492
550.982179492
550.982179492
550.982179492
550.982179492
550.982179492
550.982179492
550.982179492
550.982179492
550.982179492
550.982179492
550.982179492
550.982179492
550.982179492
550.982179492
550.982179492
550.982179492
550.982179492
550.982179492
550.982179492
550.982179492
550.982179492
550.982179492
550.982179492
550.982179492
550.982179492
550.982179492
550.982179492
550.982179492
550.982179492
550.982179492
550.982179492
550.982179492
550.982179492
550.982179492
550.982179492
550.982179492
550.982179492
550.982179492
550.982179492
550.982179492
550.982179492
550.982179492
550.982179492
550.982179492
550.982179492
550.982179492
550.982179492
550.982179492
550.982179492
550.982179492
550.982179492
550.982179492
550.982179492
550.982179492
550.982179492
550.982179492
550.982179492
550.982179492
550.982179492
550.982179492
550.982179492
550.982179492
550.982179492
550.982179492
550.982179492
550.982179492
550.982179492
550.982179492
550.982179492
550.982179492
550.982179492
550.982179492
550.982179492
550.982179492
550.982179492
550.982179492
550.982179492
550.982179492
550.982179492
550.982179492
550.982179492
550.982179492
550.982179492
550.982179492
550.982179492
550.982179492
550.982179492
550.982179492
550.982179492
550.982179492
550.982179492
550.982179492
550.982179492
550.982179492
550.982179492
550.982179492
550.982179492
550.982179492
550.982179492
550.982179492
550.982179492
550.982179492
550.982179492
550.982179492
550.982179492
550.982179492
550.982179492
550.982179492
550.982179492
550.982179492
550.982179492
550.982179492
550.982179492
550.982179492
550.982179492
550.982179492
550.982179492
550.982179492
550.982179492
550.982179492
550.982179492
550.982179492
550.982179492
550.982179492
550.982179492
550.982179492
550.982179492
550.982179492
550.982179492
550.982179492
550.982179492
550.982179492
550.982179492
550.982179492
550.982179492
550.982179492
550.982179492
550.982179492
550.982179492
550.982179492
550.982179492
550.982179492
550.982179492
550.982179492
550.982179492
550.982179492
550.982179492
550.982179492
550.982179492
550.982179492
550.982179492
550.982179492
550.982179492
550.982179492
550.982179492
550.982179492
550.982179492
550.982179492
550.982179492
550.982179492
550.982179492
550.982179492
550.982179492
550.982179492
550.982179492
550.982179492
550.982179492
550.982179492
550.982179492
550.982179492
550.982179492
550.982179492
550.982179492
550.982179492
550.982179492
550.982179492
550.982179492
550.982179492
550.982179492
550.982179492
550.982179492
550.982179492
550.982179492
550.982179492
550.982179492
550.982179492
550.982179492
550.982179492
550.982179492
550.982179492
550.982179492
550.982179492
550.982179492
550.982179492
550.982179492
550.982179492
550.982179492
550.982179492
550.982179492
550.982179492
550.982179492
550.982179492
550.982179492
550.982179492
550.982179492
550.982179492
550.982179492
550.982179492
550.982179492
550.982179492
550.982179492
550.982179492
550.982179492
550.982179492
550.982179492
550.982179492
550.982179492
550.982179492
550.982179492
550.982179492
550.982179492
550.982179492
550.982179492
550.982179492
550.982179492
550.982179492
550.982179492
550.982179492
550.982179492
550.982179492
550.982179492
550.982179492
550.982179492
550.982179492
550.982179492
550.982179492
550.982179492
550.982179492
550.982179492
550.982179492
550.982179492
550.982179492
550.982179492
550.982179492
550.982179492
550.982179492
550.982179492
550.982179492
550.982179492
550.982179492
550.982179492
550.982179492
550.982179492
550.982179492
550.982179492
550.982179492
550.982179492
550.982179492
550.982179492
550.982179492
550.982179492
550.982179492
550.982179492
550.982179492
550.982179492
550.982179492
550.982179492
550.982179492
550.982179492
550.982179492
550.982179492
550.982179492
550.982179492
550.982179492
550.982179492
550.982179492
550.982179492
550.982179492
550.982179492
550.982179492
550.982179492
550.982179492
550.982179492
550.982179492
550.982179492
550.982179492
550.982179492
550.982179492
550.982179492
550.982179492
550.982179492
550.982179492
550.982179492
550.982179492
550.982179492
550.982179492
550.982179492
550.982179492
550.982179492
550.982179492
550.982179492
550.982179492
550.982179492
550.982179492
550.982179492
550.982179492
550.982179492
550.982179492
550.982179492
550.982179492
550.982179492
550.982179492
550.982179492
550.982179492
550.982179492
550.982179492
550.982179492
550.982179492
550.982179492
550.982179492
550.982179492
550.982179492
550.982179492
550.982179492
550.982179492
550.982179492
550.982179492
550.982179492
550.982179492
550.982179492
550.982179492
550.982179492
550.982179492
550.982179492
550.982179492
550.982179492
550.982179492
550.982179492
550.982179492
550.982179492
550.982179492
550.982179492
550.982179492
550.982179492
550.982179492
550.982179492
550.982179492
550.982179492
550.982179492
550.982179492
550.982179492
550.982179492
550.982179492
550.982179492
550.982179492
550.982179492
550.982179492
550.982179492
550.982179492
550.982179492
550.982179492
550.982179492
550.982179492
550.982179492
550.982179492
550.982179492
550.982179492
550.982179492
550.982179492
550.982179492
550.982179492
550.982179492
550.982179492
550.982179492
550.982179492
550.982179492
550.982179492
550.982179492
550.982179492
550.982179492
550.982179492
550.982179492
550.982179492
550.982179492
550.982179492
550.982179492
550.982179492
550.982179492
550.982179492
550.982179492
550.982179492
550.982179492
550.982179492
550.982179492
550.982179492
550.982179492
550.982179492
550.982179492
550.982179492
550.982179492
550.982179492
550.982179492
