1634.32614659
1611.25581054
1527.31099542
1477.44229105
1454.90578159
1411.77519114
1380.4293602
1377.70711371
1367.65025514
1340.16958033
1328.30233054
1318.41772882
1314.5247124
1271.73704404
1268.61332514
1224.86248382
1200.00280369
1178.51450998
1178.66318441
1197.49877168
1198.18544907
1189.16485961
1181.83673153
1166.29713397
1156.83329845
1143.12303116
1137.77827856
1127.12911583
1097.3012099
1089.00962076
1085.53722675
1093.03752234
1069.50801963
1068.37454059
1057.19226022
1048.0164309
1008.84420652
1030.52688773
1056.04451793
1064.29159746
1041.18560393
1048.0409229
1060.86324993
1074.22698991
1065.21425206
1065.71475263
1007.38310436
1005.57578259
991.325353327
980.194118744
969.475396544
968.620927552
964.688363256
990.673714615
992.404630937
1019.09137662
989.917000366
962.103683529
967.625367848
976.068922897
968.88704492
968.88704492
974.032463679
974.592388037
967.567886291
971.460878698
970.447729124
978.751871904
973.497168939
973.883355255
973.883355255
957.929943599
972.19229527
949.195229617
949.195229617
950.423255742
950.423255742
950.423255742
958.08750133
942.608583379
942.608583379
955.541101941
941.27875027
957.984345698
957.984345698
951.165129886
934.459534459
899.210089792
899.210089792
904.38454173
909.91661257
914.060071467
912.172347175
900.506431726
900.506431726
882.937851966
885.10711493
882.763778676
882.763778676
870.339203382
870.339203382
874.644129077
866.775107528
853.684344089
853.684344089
851.560404342
840.720922204
825.022053869
818.321305471
818.321305471
814.056929039
814.056929039
814.056929039
798.659059931
801.344604229
790.592674137
790.592674137
790.592674137
790.592674137
790.592674137
790.592674137
790.592674137
790.592674137
784.895866112
784.895866112
780.180833272
780.180833272
780.180833272
780.180833272
780.180833272
780.180833272
777.495288974
778.252117049
778.252117049
778.252117049
778.252117049
778.252117049
778.252117049
778.252117049
775.799843
775.799843
775.611596732
775.611596732
775.611596732
775.611596732
775.611596732
775.611596732
771.496999466
771.496999466
756.342197471
756.342197471
746.94186453
746.94186453
746.94186453
746.94186453
746.94186453
743.024988346
743.024988346
742.166723392
742.166723392
742.166723392
742.166723392
742.166723392
742.166723392
742.166723392
737.077808751
737.077808751
735.559032647
735.559032647
735.559032647
735.559032647
735.559032647
717.533273347
717.533273347
717.533273347
717.533273347
717.533273347
717.533273347
717.533273347
717.533273347
717.533273347
717.533273347
717.533273347
714.526393995
714.526393995
714.526393995
710.780827693
710.780827693
710.780827693
710.780827693
710.780827693
710.780827693
710.780827693
710.780827693
710.780827693
710.780827693
710.780827693
710.780827693
710.780827693
710.780827693
710.780827693
710.780827693
710.780827693
710.780827693
710.780827693
710.25081852
710.25081852
710.25081852
703.489115704
703.348292997
703.348292997
697.828985795
697.828985795
697.828985795
697.828985795
697.828985795
697.828985795
697.828985795
697.828985795
697.828985795
696.392049573
696.392049573
696.392049573
696.392049573
696.392049573
694.207092405
694.207092405
694.207092405
694.207092405
694.207092405
694.207092405
688.416787804
688.416787804
688.416787804
688.416787804
688.416787804
688.416787804
688.416787804
688.416787804
688.416787804
688.416787804
688.416787804
688.416787804
688.416787804
688.416787804
688.416787804
688.416787804
688.416787804
688.416787804
688.416787804
688.416787804
688.416787804
688.416787804
688.416787804
688.416787804
688.416787804
688.416787804
679.785434012
679.785434012
679.785434012
669.238483673
669.238483673
669.238483673
669.238483673
669.238483673
669.238483673
669.238483673
669.238483673
669.238483673
669.238483673
669.238483673
669.238483673
669.238483673
669.238483673
669.238483673
669.238483673
669.238483673
669.238483673
669.238483673
669.238483673
669.238483673
669.238483673
669.238483673
669.238483673
669.238483673
669.238483673
669.238483673
669.238483673
669.238483673
669.238483673
669.238483673
669.238483673
669.238483673
669.238483673
669.238483673
669.238483673
669.238483673
669.238483673
669.238483673
669.238483673
669.238483673
669.238483673
669.238483673
669.238483673
669.238483673
669.238483673
666.981229267
666.981229267
666.981229267
666.981229267
666.981229267
666.981229267
666.981229267
666.981229267
666.981229267
666.981229267
666.981229267
666.981229267
663.654924509
663.654924509
663.654924509
663.654924509
663.654924509
663.654924509
663.654924509
663.654924509
663.654924509
663.654924509
663.654924509
663.654924509
663.654924509
663.654924509
663.654924509
663.654924509
663.654924509
663.654924509
656.060282997
654.668216824
654.668216824
644.26036274
644.26036274
644.26036274
644.26036274
644.26036274
644.26036274
644.26036274
642.953816531
642.953816531
642.953816531
642.953816531
642.953816531
642.953816531
642.953816531
642.953816531
642.953816531
642.953816531
642.953816531
642.953816531
642.953816531
642.953816531
642.953816531
642.953816531
642.953816531
642.953816531
642.953816531
641.170778053
641.170778053
641.170778053
641.170778053
641.170778053
641.170778053
641.170778053
641.170778053
640.340015435
640.340015435
640.340015435
640.340015435
640.340015435
640.340015435
640.340015435
640.340015435
640.340015435
640.340015435
640.340015435
640.340015435
640.340015435
640.340015435
638.340759061
638.340759061
638.340759061
638.340759061
638.340759061
638.340759061
638.340759061
638.340759061
638.340759061
638.340759061
638.340759061
638.340759061
638.340759061
638.340759061
638.340759061
638.340759061
638.340759061
638.340759061
638.340759061
638.340759061
638.340759061
638.340759061
638.340759061
638.340759061
638.340759061
638.340759061
638.340759061
638.340759061
633.081689306
633.081689306
633.081689306
633.081689306
633.081689306
633.081689306
633.081689306
633.081689306
626.96968813
626.96968813
626.96968813
626.96968813
626.96968813
610.724714388
610.724714388
610.724714388
610.724714388
610.724714388
610.724714388
610.724714388
610.724714388
610.724714388
610.724714388
610.724714388
610.724714388
610.724714388
610.724714388
610.724714388
610.724714388
610.724714388
610.724714388
610.724714388
610.724714388
610.724714388
610.724714388
610.724714388
610.724714388
605.55589785
605.55589785
605.55589785
601.217905504
601.217905504
601.217905504
601.217905504
601.217905504
601.217905504
601.217905504
601.217905504
601.217905504
601.217905504
601.217905504
601.217905504
601.217905504
601.217905504
601.217905504
601.217905504
601.217905504
601.217905504
601.217905504
601.217905504
601.217905504
601.217905504
601.217905504
601.217905504
601.217905504
601.217905504
601.217905504
601.217905504
601.217905504
601.217905504
601.217905504
601.217905504
601.217905504
601.217905504
601.217905504
601.217905504
601.217905504
601.217905504
601.217905504
601.217905504
601.217905504
601.217905504
601.217905504
601.217905504
601.217905504
601.217905504
601.217905504
601.217905504
601.217905504
601.217905504
601.217905504
601.217905504
601.217905504
601.217905504
601.217905504
601.217905504
601.217905504
601.217905504
601.217905504
601.217905504
601.217905504
601.217905504
601.217905504
594.909309123
594.909309123
594.909309123
594.909309123
594.909309123
594.909309123
594.909309123
594.909309123
594.909309123
594.909309123
594.909309123
594.909309123
590.800493475
590.800493475
590.800493475
590.800493475
590.800493475
590.800493475
590.800493475
590.800493475
590.800493475
590.800493475
590.800493475
590.800493475
590.800493475
590.800493475
590.800493475
590.800493475
590.800493475
590.800493475
590.800493475
590.800493475
590.800493475
590.800493475
590.800493475
590.800493475
590.800493475
590.800493475
590.800493475
590.800493475
590.800493475
590.800493475
590.800493475
590.800493475
590.800493475
590.800493475
590.800493475
590.800493475
590.800493475
590.800493475
590.800493475
590.800493475
590.800493475
590.800493475
590.800493475
590.800493475
590.800493475
590.800493475
590.800493475
590.800493475
590.800493475
590.800493475
590.800493475
588.201585877
588.201585877
588.201585877
588.201585877
588.201585877
588.201585877
588.201585877
588.201585877
588.201585877
588.201585877
588.201585877
588.201585877
588.201585877
588.201585877
588.201585877
588.201585877
588.201585877
588.201585877
588.201585877
588.201585877
588.201585877
588.201585877
588.201585877
588.201585877
588.201585877
588.201585877
588.201585877
588.201585877
588.201585877
588.201585877
588.201585877
588.201585877
588.201585877
588.201585877
588.201585877
588.201585877
588.201585877
588.201585877
588.201585877
588.201585877
588.201585877
588.201585877
588.201585877
588.201585877
588.201585877
588.201585877
588.201585877
588.201585877
588.201585877
588.201585877
588.201585877
588.201585877
588.201585877
588.201585877
588.201585877
588.201585877
588.201585877
588.201585877
588.201585877
588.201585877
583.158946144
583.158946144
583.158946144
583.158946144
583.158946144
583.158946144
583.158946144
583.158946144
576.868605723
576.868605723
576.868605723
576.868605723
576.868605723
576.868605723
576.868605723
576.868605723
576.868605723
576.868605723
576.868605723
576.868605723
576.868605723
576.868605723
576.868605723
576.868605723
576.868605723
576.868605723
576.868605723
576.868605723
576.868605723
576.868605723
576.868605723
576.868605723
576.868605723
576.868605723
576.868605723
576.868605723
576.868605723
576.868605723
576.868605723
576.868605723
576.868605723
576.868605723
576.868605723
576.868605723
576.868605723
576.868605723
576.868605723
576.868605723
576.868605723
576.868605723
576.868605723
576.868605723
576.868605723
576.868605723
576.868605723
576.868605723
576.868605723
576.868605723
576.868605723
576.868605723
576.868605723
576.868605723
576.868605723
576.868605723
576.868605723
576.868605723
576.868605723
576.868605723
576.868605723
576.868605723
576.868605723
576.868605723
576.868605723
576.868605723
576.868605723
576.868605723
576.868605723
576.868605723
576.868605723
576.868605723
576.868605723
576.868605723
576.868605723
576.868605723
576.868605723
576.868605723
576.868605723
576.868605723
576.868605723
576.868605723
576.868605723
576.868605723
564.49455739
564.49455739
564.49455739
564.49455739
564.49455739
564.49455739
564.49455739
564.49455739
564.49455739
564.49455739
564.49455739
564.49455739
564.49455739
563.629184606
563.629184606
563.629184606
563.629184606
563.629184606
563.629184606
563.629184606
563.629184606
563.629184606
563.629184606
563.629184606
563.629184606
563.629184606
563.629184606
563.629184606
563.629184606
563.629184606
563.629184606
563.629184606
563.629184606
563.629184606
563.629184606
563.629184606
563.629184606
563.629184606
563.629184606
563.629184606
563.629184606
563.629184606
563.629184606
563.629184606
563.629184606
563.629184606
563.629184606
563.629184606
563.629184606
563.629184606
563.629184606
563.629184606
563.629184606
563.629184606
563.629184606
563.629184606
563.629184606
563.629184606
563.629184606
563.629184606
563.629184606
563.629184606
563.629184606
563.629184606
563.629184606
563.629184606
563.629184606
563.629184606
563.629184606
563.629184606
563.629184606
563.629184606
563.629184606
563.629184606
563.629184606
563.629184606
563.629184606
563.629184606
563.629184606
563.629184606
563.629184606
563.629184606
563.629184606
563.629184606
563.629184606
563.629184606
563.629184606
563.629184606
563.629184606
563.629184606
563.629184606
563.629184606
563.629184606
563.629184606
563.629184606
563.629184606
563.629184606
563.629184606
563.629184606
563.629184606
563.629184606
563.629184606
563.629184606
563.629184606
563.629184606
563.629184606
563.629184606
563.629184606
556.806359089
556.806359089
556.806359089
556.806359089
556.806359089
556.806359089
556.806359089
556.806359089
556.806359089
556.806359089
556.806359089
556.806359089
556.806359089
556.806359089
556.806359089
556.806359089
556.806359089
556.806359089
556.806359089
556.806359089
556.806359089
556.806359089
556.806359089
556.806359089
556.806359089
556.806359089
556.806359089
556.806359089
556.806359089
556.806359089
556.806359089
556.806359089
556.806359089
556.806359089
556.806359089
556.806359089
556.806359089
556.806359089
556.806359089
556.806359089
556.806359089
556.806359089
556.806359089
556.806359089
556.806359089
556.806359089
556.806359089
556.806359089
556.806359089
556.806359089
556.806359089
556.806359089
556.806359089
556.806359089
556.806359089
556.806359089
556.806359089
556.806359089
556.806359089
556.806359089
556.806359089
556.806359089
556.806359089
556.806359089
556.806359089
556.806359089
556.806359089
556.806359089
556.806359089
556.806359089
556.806359089
556.806359089
556.806359089
556.806359089
556.806359089
556.806359089
556.806359089
556.806359089
556.806359089
556.806359089
556.806359089
556.806359089
556.806359089
556.806359089
556.806359089
556.806359089
556.806359089
556.806359089
556.806359089
556.806359089
556.806359089
556.806359089
556.806359089
556.806359089
556.806359089
556.806359089
556.806359089
556.806359089
556.806359089
556.806359089
556.806359089
556.806359089
556.806359089
556.806359089
556.806359089
556.806359089
556.806359089
556.806359089
556.806359089
556.806359089
556.806359089
556.806359089
556.806359089
556.806359089
556.806359089
556.806359089
556.806359089
556.806359089
556.806359089
556.806359089
556.806359089
556.806359089
556.806359089
556.806359089
556.806359089
556.806359089
556.806359089
556.806359089
556.806359089
556.806359089
556.806359089
556.806359089
556.806359089
556.806359089
556.806359089
556.806359089
556.806359089
556.806359089
556.806359089
556.806359089
556.806359089
556.806359089
556.806359089
556.806359089
556.806359089
556.806359089
556.806359089
556.806359089
556.806359089
556.806359089
556.806359089
556.806359089
556.806359089
556.806359089
556.806359089
556.806359089
556.806359089
556.806359089
556.806359089
556.806359089
556.806359089
556.806359089
556.806359089
556.806359089
556.806359089
556.806359089
556.806359089
556.806359089
556.806359089
556.806359089
556.806359089
556.806359089
556.806359089
556.806359089
556.806359089
556.806359089
556.806359089
556.806359089
556.806359089
556.806359089
556.806359089
556.806359089
556.806359089
556.806359089
556.806359089
556.806359089
556.806359089
556.806359089
556.806359089
556.806359089
556.806359089
556.806359089
556.806359089
556.806359089
556.806359089
556.806359089
556.806359089
556.806359089
556.806359089
556.806359089
556.806359089
556.806359089
556.806359089
556.806359089
556.806359089
556.806359089
556.806359089
556.806359089
556.806359089
556.806359089
556.806359089
556.806359089
556.806359089
556.806359089
556.806359089
556.806359089
556.806359089
556.806359089
556.806359089
556.806359089
556.806359089
556.806359089
556.806359089
556.806359089
556.806359089
556.806359089
556.806359089
556.806359089
556.806359089
556.806359089
556.806359089
556.806359089
556.806359089
556.806359089
556.806359089
556.806359089
556.806359089
556.806359089
556.806359089
556.806359089
556.806359089
556.806359089
556.806359089
556.806359089
556.806359089
556.806359089
556.806359089
556.806359089
556.806359089
556.806359089
556.806359089
556.806359089
556.806359089
556.806359089
556.806359089
556.806359089
556.806359089
556.806359089
556.806359089
556.806359089
556.806359089
556.806359089
556.806359089
556.806359089
556.806359089
556.806359089
556.806359089
556.806359089
556.806359089
556.806359089
556.806359089
556.806359089
556.806359089
556.806359089
556.806359089
556.806359089
556.806359089
556.806359089
556.806359089
556.806359089
556.806359089
556.806359089
556.806359089
556.806359089
556.806359089
556.806359089
556.806359089
556.806359089
556.806359089
556.806359089
556.806359089
556.806359089
556.806359089
556.806359089
556.806359089
556.806359089
556.806359089
556.806359089
556.806359089
556.806359089
556.806359089
556.806359089
556.806359089
556.806359089
556.806359089
556.806359089
556.806359089
556.806359089
556.806359089
556.806359089
556.806359089
556.806359089
556.806359089
556.806359089
556.806359089
556.806359089
556.806359089
556.806359089
556.806359089
556.806359089
556.806359089
556.806359089
556.806359089
556.806359089
556.806359089
556.806359089
556.806359089
556.806359089
556.806359089
556.806359089
556.806359089
556.806359089
556.806359089
556.806359089
556.806359089
556.806359089
556.806359089
556.806359089
556.806359089
556.806359089
556.806359089
556.806359089
556.806359089
556.806359089
556.806359089
556.806359089
556.806359089
556.806359089
556.806359089
556.806359089
556.806359089
556.806359089
556.806359089
556.806359089
556.806359089
556.806359089
556.806359089
556.806359089
556.806359089
556.806359089
556.806359089
556.806359089
556.806359089
556.806359089
556.806359089
556.806359089
556.806359089
556.806359089
556.806359089
556.806359089
556.806359089
556.806359089
556.806359089
556.806359089
556.806359089
556.806359089
556.806359089
556.806359089
556.806359089
556.806359089
556.806359089
556.806359089
556.806359089
556.806359089
556.806359089
556.806359089
556.806359089
556.806359089
556.806359089
556.806359089
556.806359089
556.806359089
556.806359089
556.806359089
556.806359089
556.806359089
556.806359089
556.806359089
556.806359089
556.806359089
556.806359089
556.806359089
556.806359089
556.806359089
556.806359089
556.806359089
556.806359089
556.806359089
556.806359089
556.806359089
556.806359089
556.806359089
556.806359089
556.806359089
556.806359089
556.806359089
556.806359089
556.806359089
556.806359089
556.806359089
556.806359089
556.806359089
556.806359089
556.806359089
556.806359089
556.806359089
556.806359089
556.806359089
556.806359089
556.806359089
556.806359089
556.806359089
556.806359089
556.806359089
556.806359089
556.806359089
556.806359089
556.806359089
556.806359089
556.806359089
556.806359089
556.806359089
556.806359089
556.806359089
556.806359089
556.806359089
556.806359089
556.806359089
556.806359089
556.806359089
556.806359089
556.806359089
556.806359089
556.806359089
556.806359089
556.806359089
556.806359089
556.806359089
556.806359089
556.806359089
556.806359089
556.806359089
556.806359089
556.806359089
556.806359089
556.806359089
556.806359089
556.806359089
556.806359089
556.806359089
556.806359089
556.806359089
556.806359089
556.806359089
556.806359089
556.806359089
556.806359089
556.806359089
556.806359089
556.806359089
556.806359089
556.806359089
556.806359089
556.806359089
556.806359089
556.806359089
556.806359089
556.806359089
556.806359089
556.806359089
556.806359089
556.806359089
556.806359089
556.806359089
556.806359089
556.806359089
556.806359089
556.806359089
556.806359089
556.806359089
556.806359089
556.806359089
556.806359089
556.806359089
556.806359089
556.806359089
556.806359089
556.806359089
556.806359089
556.806359089
556.806359089
556.806359089
556.806359089
556.806359089
556.806359089
556.806359089
556.806359089
556.806359089
556.806359089
556.806359089
556.806359089
556.806359089
556.806359089
556.806359089
556.806359089
556.806359089
556.806359089
556.806359089
556.806359089
556.806359089
556.806359089
556.806359089
556.806359089
556.806359089
556.806359089
556.806359089
556.806359089
556.806359089
556.806359089
556.806359089
556.806359089
556.806359089
556.806359089
556.806359089
556.806359089
556.806359089
556.806359089
556.806359089
556.806359089
556.806359089
556.806359089
556.806359089
556.806359089
556.806359089
556.806359089
556.806359089
556.806359089
556.806359089
556.806359089
556.806359089
556.806359089
556.806359089
556.806359089
556.806359089
556.806359089
556.806359089
556.806359089
556.806359089
556.806359089
556.806359089
556.806359089
556.806359089
556.806359089
556.806359089
556.806359089
556.806359089
556.806359089
556.806359089
556.806359089
556.806359089
556.806359089
556.806359089
556.806359089
556.806359089
556.806359089
556.806359089
556.806359089
556.806359089
556.806359089
556.806359089
556.806359089
556.806359089
556.806359089
556.806359089
556.806359089
556.806359089
556.806359089
556.806359089
556.806359089
556.806359089
556.806359089
548.309189982
548.309189982
548.309189982
548.309189982
548.309189982
548.309189982
548.309189982
548.309189982
548.309189982
548.309189982
548.309189982
548.309189982
548.309189982
548.309189982
548.309189982
548.309189982
548.309189982
548.309189982
548.309189982
548.309189982
548.309189982
548.309189982
548.309189982
548.309189982
548.309189982
548.309189982
548.309189982
548.309189982
548.309189982
548.309189982
548.309189982
548.309189982
548.309189982
548.309189982
548.309189982
548.309189982
548.309189982
548.309189982
548.309189982
548.309189982
548.309189982
548.309189982
548.309189982
548.309189982
548.309189982
548.309189982
548.309189982
548.309189982
548.309189982
548.309189982
548.309189982
548.309189982
548.309189982
548.309189982
548.309189982
548.309189982
548.309189982
548.309189982
548.309189982
548.309189982
548.309189982
548.309189982
548.309189982
548.309189982
548.309189982
548.309189982
548.309189982
548.309189982
548.309189982
548.309189982
548.309189982
548.309189982
548.309189982
548.309189982
548.309189982
548.309189982
548.309189982
548.309189982
548.309189982
548.309189982
548.309189982
548.309189982
548.309189982
548.309189982
548.309189982
548.309189982
548.309189982
548.309189982
548.309189982
548.309189982
548.309189982
548.309189982
548.309189982
548.309189982
548.309189982
548.309189982
548.309189982
548.309189982
548.309189982
548.309189982
548.309189982
548.309189982
548.309189982
548.309189982
548.309189982
548.309189982
548.309189982
548.309189982
548.309189982
548.309189982
548.309189982
548.309189982
548.309189982
548.309189982
548.309189982
548.309189982
548.309189982
548.309189982
548.309189982
548.309189982
548.309189982
548.309189982
548.309189982
548.309189982
548.309189982
548.309189982
548.309189982
548.309189982
548.309189982
548.309189982
548.309189982
548.309189982
548.309189982
548.309189982
548.309189982
548.309189982
548.309189982
548.309189982
548.309189982
548.309189982
548.309189982
548.309189982
548.309189982
548.309189982
548.309189982
548.309189982
548.309189982
548.309189982
548.309189982
548.309189982
548.309189982
548.309189982
548.309189982
548.309189982
548.309189982
548.309189982
548.309189982
548.309189982
548.309189982
548.309189982
548.309189982
548.309189982
548.309189982
548.309189982
548.309189982
548.309189982
548.309189982
548.309189982
548.309189982
548.309189982
548.309189982
548.309189982
548.309189982
548.309189982
548.309189982
548.309189982
548.309189982
548.309189982
548.309189982
548.309189982
548.309189982
548.309189982
548.309189982
548.309189982
548.309189982
548.309189982
548.309189982
548.309189982
548.309189982
548.309189982
548.309189982
548.309189982
548.309189982
548.309189982
548.309189982
548.309189982
548.309189982
548.309189982
548.309189982
548.309189982
548.309189982
548.309189982
548.309189982
548.309189982
548.309189982
548.309189982
548.309189982
548.309189982
548.309189982
548.309189982
548.309189982
548.309189982
548.309189982
548.309189982
548.309189982
548.309189982
548.309189982
548.309189982
548.309189982
548.309189982
548.309189982
548.309189982
548.309189982
548.309189982
548.309189982
548.309189982
548.309189982
548.309189982
548.309189982
548.309189982
548.309189982
548.309189982
548.309189982
548.309189982
548.309189982
548.309189982
548.309189982
548.309189982
548.309189982
548.309189982
548.309189982
548.309189982
548.309189982
548.309189982
548.309189982
548.309189982
548.309189982
548.309189982
548.309189982
548.309189982
548.309189982
548.309189982
548.309189982
548.309189982
548.309189982
548.309189982
548.309189982
548.309189982
548.309189982
548.309189982
548.309189982
548.309189982
548.309189982
548.309189982
548.309189982
548.309189982
548.309189982
548.309189982
548.309189982
548.309189982
548.309189982
548.309189982
548.309189982
548.309189982
548.309189982
548.309189982
548.309189982
548.309189982
548.309189982
548.309189982
548.309189982
548.309189982
548.309189982
548.309189982
548.309189982
548.309189982
548.309189982
548.309189982
548.309189982
548.309189982
548.309189982
548.309189982
548.309189982
548.309189982
548.309189982
548.309189982
548.309189982
548.309189982
548.309189982
548.309189982
548.309189982
548.309189982
548.309189982
548.309189982
548.309189982
548.309189982
548.309189982
548.309189982
548.309189982
548.309189982
548.309189982
548.309189982
548.309189982
548.309189982
548.309189982
548.309189982
548.309189982
548.309189982
548.309189982
548.309189982
548.309189982
548.309189982
548.309189982
548.309189982
548.309189982
548.309189982
548.309189982
548.309189982
548.309189982
548.309189982
548.309189982
548.309189982
548.309189982
548.309189982
548.309189982
548.309189982
548.309189982
548.309189982
548.309189982
548.309189982
548.309189982
548.309189982
548.309189982
548.309189982
548.309189982
548.309189982
548.309189982
548.309189982
548.309189982
548.309189982
548.309189982
548.309189982
548.309189982
548.309189982
548.309189982
548.309189982
548.309189982
548.309189982
548.309189982
548.309189982
548.309189982
548.309189982
548.309189982
548.309189982
548.309189982
548.309189982
548.309189982
548.309189982
548.309189982
548.309189982
548.309189982
548.309189982
548.309189982
548.309189982
548.309189982
548.309189982
548.309189982
548.309189982
548.309189982
548.309189982
548.309189982
548.309189982
548.309189982
548.309189982
548.309189982
548.309189982
548.309189982
548.309189982
548.309189982
548.309189982
548.309189982
548.309189982
548.309189982
548.309189982
548.309189982
548.309189982
548.309189982
548.309189982
548.309189982
548.309189982
548.309189982
548.309189982
548.309189982
548.309189982
548.309189982
548.309189982
548.309189982
548.309189982
548.309189982
548.309189982
548.309189982
548.309189982
548.309189982
548.309189982
548.309189982
548.309189982
548.309189982
548.309189982
548.309189982
548.309189982
548.309189982
548.309189982
548.309189982
548.309189982
548.309189982
548.309189982
548.309189982
548.309189982
548.309189982
548.309189982
548.309189982
548.309189982
548.309189982
548.309189982
548.309189982
548.309189982
548.309189982
548.309189982
548.309189982
548.309189982
548.309189982
548.309189982
548.309189982
548.309189982
548.309189982
548.309189982
548.309189982
548.309189982
548.309189982
548.309189982
548.309189982
548.309189982
548.309189982
548.309189982
548.309189982
548.309189982
548.309189982
548.309189982
548.309189982
548.309189982
548.309189982
548.309189982
548.309189982
548.309189982
548.309189982
548.309189982
548.309189982
548.309189982
548.309189982
548.309189982
548.309189982
548.309189982
548.309189982
548.309189982
548.309189982
548.309189982
548.309189982
548.309189982
548.309189982
548.309189982
548.309189982
548.309189982
548.309189982
548.309189982
548.309189982
548.309189982
548.309189982
548.309189982
548.309189982
548.309189982
548.309189982
548.309189982
548.309189982
548.309189982
548.309189982
548.309189982
548.309189982
548.309189982
548.309189982
548.309189982
548.309189982
548.309189982
548.309189982
548.309189982
548.309189982
548.309189982
548.309189982
548.309189982
548.309189982
548.309189982
548.309189982
548.309189982
548.309189982
548.309189982
548.309189982
548.309189982
548.309189982
548.309189982
548.309189982
548.309189982
548.309189982
548.309189982
548.309189982
548.309189982
548.309189982
548.309189982
548.309189982
548.309189982
548.309189982
548.309189982
548.309189982
548.309189982
548.309189982
548.309189982
548.309189982
548.309189982
548.309189982
548.309189982
548.309189982
548.309189982
548.309189982
548.309189982
548.309189982
548.309189982
548.309189982
548.309189982
548.309189982
548.309189982
548.309189982
548.309189982
548.309189982
548.309189982
548.309189982
548.309189982
548.309189982
548.309189982
548.309189982
548.309189982
548.309189982
548.309189982
548.309189982
548.309189982
548.309189982
548.309189982
548.309189982
548.309189982
548.309189982
548.309189982
548.309189982
548.309189982
548.309189982
548.309189982
548.309189982
548.309189982
548.309189982
548.309189982
548.309189982
548.309189982
548.309189982
548.309189982
548.309189982
548.309189982
548.309189982
548.309189982
548.309189982
548.309189982
548.309189982
548.309189982
548.309189982
548.309189982
548.309189982
548.309189982
548.309189982
548.309189982
548.309189982
548.309189982
548.309189982
548.309189982
548.309189982
548.309189982
548.309189982
548.309189982
548.309189982
548.309189982
548.309189982
548.309189982
548.309189982
548.309189982
548.309189982
548.309189982
548.309189982
548.309189982
548.309189982
548.309189982
548.309189982
548.309189982
548.309189982
548.309189982
548.309189982
548.309189982
548.309189982
548.309189982
548.309189982
548.309189982
548.309189982
548.309189982
548.309189982
548.309189982
548.309189982
548.309189982
548.309189982
548.309189982
548.309189982
548.309189982
548.309189982
548.309189982
548.309189982
548.309189982
548.309189982
548.309189982
548.309189982
548.309189982
548.309189982
548.309189982
548.309189982
548.309189982
548.309189982
548.309189982
548.309189982
548.309189982
548.309189982
548.309189982
548.309189982
548.309189982
548.309189982
548.309189982
548.309189982
548.309189982
548.309189982
548.309189982
548.309189982
548.309189982
548.309189982
548.309189982
548.309189982
548.309189982
548.309189982
548.309189982
548.309189982
548.309189982
548.309189982
548.309189982
548.309189982
548.309189982
548.309189982
548.309189982
548.309189982
548.309189982
548.309189982
548.309189982
548.309189982
548.309189982
548.309189982
548.309189982
548.309189982
548.309189982
548.309189982
548.309189982
548.309189982
548.309189982
548.309189982
548.309189982
548.309189982
548.309189982
548.309189982
548.309189982
548.309189982
548.309189982
548.309189982
548.309189982
548.309189982
548.309189982
548.309189982
548.309189982
548.309189982
548.309189982
548.309189982
548.309189982
548.309189982
548.309189982
548.309189982
548.309189982
548.309189982
548.309189982
548.309189982
548.309189982
548.309189982
548.309189982
548.309189982
548.309189982
548.309189982
548.309189982
548.309189982
548.309189982
548.309189982
548.309189982
548.309189982
548.309189982
548.309189982
548.309189982
548.309189982
548.309189982
548.309189982
548.309189982
548.309189982
548.309189982
548.309189982
548.309189982
548.309189982
548.309189982
548.309189982
548.309189982
548.309189982
548.309189982
548.309189982
548.309189982
548.309189982
548.309189982
548.309189982
548.309189982
548.309189982
548.309189982
548.309189982
548.309189982
548.309189982
548.309189982
548.309189982
548.309189982
548.309189982
548.309189982
548.309189982
548.309189982
548.309189982
548.309189982
548.309189982
548.309189982
548.309189982
548.309189982
548.309189982
548.309189982
548.309189982
548.309189982
548.309189982
548.309189982
548.309189982
548.309189982
548.309189982
548.309189982
548.309189982
548.309189982
548.309189982
548.309189982
548.309189982
548.309189982
548.309189982
548.309189982
548.309189982
548.309189982
548.309189982
548.309189982
548.309189982
548.309189982
548.309189982
548.309189982
548.309189982
548.309189982
548.309189982
548.309189982
548.309189982
548.309189982
548.309189982
548.309189982
548.309189982
548.309189982
548.309189982
548.309189982
548.309189982
548.309189982
548.309189982
548.309189982
548.309189982
548.309189982
548.309189982
548.309189982
548.309189982
548.309189982
548.309189982
548.309189982
548.309189982
548.309189982
548.309189982
548.309189982
548.309189982
548.309189982
548.309189982
548.309189982
548.309189982
548.309189982
548.309189982
548.309189982
548.309189982
548.309189982
548.309189982
548.309189982
548.309189982
548.309189982
548.309189982
548.309189982
548.309189982
548.309189982
548.309189982
548.309189982
548.309189982
548.309189982
548.309189982
548.309189982
548.309189982
548.309189982
548.309189982
548.309189982
548.309189982
548.309189982
548.309189982
548.309189982
548.309189982
548.309189982
548.309189982
548.309189982
548.309189982
548.309189982
548.309189982
548.309189982
548.309189982
548.309189982
548.309189982
548.309189982
548.309189982
548.309189982
548.309189982
548.309189982
548.309189982
548.309189982
548.309189982
548.309189982
548.309189982
548.309189982
548.309189982
548.309189982
548.309189982
548.309189982
548.309189982
548.309189982
548.309189982
548.309189982
548.309189982
548.309189982
548.309189982
548.309189982
548.309189982
548.309189982
548.309189982
548.309189982
548.309189982
548.309189982
548.309189982
548.309189982
548.309189982
548.309189982
548.309189982
548.309189982
548.309189982
548.309189982
548.309189982
548.309189982
548.309189982
548.309189982
548.309189982
548.309189982
548.309189982
548.309189982
548.309189982
548.309189982
548.309189982
548.309189982
548.309189982
548.309189982
548.309189982
548.309189982
548.309189982
548.309189982
548.309189982
548.309189982
548.309189982
548.309189982
548.309189982
548.309189982
548.309189982
548.309189982
548.309189982
548.309189982
548.309189982
548.309189982
548.309189982
548.309189982
548.309189982
548.309189982
548.309189982
548.309189982
548.309189982
548.309189982
548.309189982
548.309189982
548.309189982
548.309189982
548.309189982
548.309189982
548.309189982
548.309189982
548.309189982
548.309189982
548.309189982
548.309189982
548.309189982
548.309189982
548.309189982
548.309189982
548.309189982
548.309189982
548.309189982
548.309189982
548.309189982
548.309189982
548.309189982
548.309189982
548.309189982
548.309189982
548.309189982
548.309189982
548.309189982
548.309189982
548.309189982
548.309189982
548.309189982
548.309189982
548.309189982
548.309189982
548.309189982
548.309189982
548.309189982
548.309189982
548.309189982
548.309189982
548.309189982
548.309189982
548.309189982
548.309189982
548.309189982
548.309189982
548.309189982
548.309189982
548.309189982
548.309189982
548.309189982
548.309189982
548.309189982
548.309189982
548.309189982
548.309189982
548.309189982
548.309189982
548.309189982
548.309189982
548.309189982
548.309189982
548.309189982
548.309189982
548.309189982
548.309189982
548.309189982
548.309189982
548.309189982
548.309189982
548.309189982
548.309189982
548.309189982
548.309189982
548.309189982
548.309189982
548.309189982
548.309189982
548.309189982
548.309189982
548.309189982
548.309189982
548.309189982
548.309189982
548.309189982
548.309189982
548.309189982
548.309189982
548.309189982
548.309189982
548.309189982
548.309189982
548.309189982
548.309189982
548.309189982
548.309189982
548.309189982
548.309189982
548.309189982
548.309189982
548.309189982
548.309189982
548.309189982
548.309189982
548.309189982
548.309189982
548.309189982
548.309189982
548.309189982
548.309189982
548.309189982
548.309189982
548.309189982
548.309189982
548.309189982
548.309189982
548.309189982
548.309189982
548.309189982
548.309189982
548.309189982
548.309189982
548.309189982
548.309189982
548.309189982
548.309189982
548.309189982
548.309189982
548.309189982
548.309189982
548.309189982
548.309189982
548.309189982
548.309189982
548.309189982
548.309189982
548.309189982
548.309189982
548.309189982
548.309189982
548.309189982
548.309189982
548.309189982
548.309189982
548.309189982
548.309189982
548.309189982
548.309189982
548.309189982
548.309189982
548.309189982
548.309189982
548.309189982
548.309189982
548.309189982
548.309189982
548.309189982
548.309189982
548.309189982
548.309189982
548.309189982
548.309189982
548.309189982
548.309189982
548.309189982
548.309189982
548.309189982
548.309189982
548.309189982
548.309189982
548.309189982
548.309189982
548.309189982
548.309189982
548.309189982
548.309189982
548.309189982
548.309189982
548.309189982
548.309189982
548.309189982
548.309189982
548.309189982
548.309189982
548.309189982
548.309189982
548.309189982
548.309189982
548.309189982
548.309189982
548.309189982
548.309189982
548.309189982
548.309189982
548.309189982
548.309189982
548.309189982
548.309189982
548.309189982
548.309189982
548.309189982
548.309189982
548.309189982
548.309189982
548.309189982
548.309189982
548.309189982
548.309189982
548.309189982
548.309189982
548.309189982
548.309189982
548.309189982
548.309189982
548.309189982
548.309189982
548.309189982
548.309189982
548.309189982
548.309189982
548.309189982
548.309189982
548.309189982
548.309189982
548.309189982
548.309189982
548.309189982
548.309189982
548.309189982
548.309189982
548.309189982
548.309189982
548.309189982
548.309189982
548.309189982
548.309189982
548.309189982
548.309189982
548.309189982
548.309189982
548.309189982
548.309189982
548.309189982
548.309189982
548.309189982
548.309189982
548.309189982
548.309189982
548.309189982
548.309189982
548.309189982
548.309189982
548.309189982
548.309189982
548.309189982
548.309189982
548.309189982
548.309189982
548.309189982
548.309189982
548.309189982
548.309189982
548.309189982
548.309189982
548.309189982
548.309189982
548.309189982
548.309189982
548.309189982
548.309189982
548.309189982
548.309189982
548.309189982
548.309189982
548.309189982
548.309189982
548.309189982
548.309189982
548.309189982
548.309189982
548.309189982
548.309189982
548.309189982
548.309189982
548.309189982
548.309189982
548.309189982
548.309189982
548.309189982
548.309189982
548.309189982
548.309189982
548.309189982
548.309189982
548.309189982
548.309189982
548.309189982
548.309189982
548.309189982
548.309189982
548.309189982
548.309189982
548.309189982
548.309189982
548.309189982
548.309189982
548.309189982
548.309189982
548.309189982
548.309189982
548.309189982
548.309189982
548.309189982
548.309189982
548.309189982
548.309189982
548.309189982
548.309189982
548.309189982
548.309189982
548.309189982
548.309189982
548.309189982
548.309189982
548.309189982
548.309189982
548.309189982
548.309189982
548.309189982
548.309189982
548.309189982
548.309189982
548.309189982
548.309189982
548.309189982
548.309189982
548.309189982
548.309189982
548.309189982
548.309189982
548.309189982
548.309189982
548.309189982
548.309189982
548.309189982
548.309189982
548.309189982
548.309189982
548.309189982
548.309189982
548.309189982
548.309189982
548.309189982
548.309189982
548.309189982
548.309189982
548.309189982
548.309189982
548.309189982
548.309189982
548.309189982
548.309189982
548.309189982
548.309189982
548.309189982
548.309189982
548.309189982
548.309189982
548.309189982
548.309189982
548.309189982
548.309189982
548.309189982
548.309189982
548.309189982
548.309189982
548.309189982
548.309189982
548.309189982
548.309189982
548.309189982
548.309189982
548.309189982
548.309189982
548.309189982
548.309189982
548.309189982
548.309189982
548.309189982
548.309189982
548.309189982
548.309189982
548.309189982
548.309189982
548.309189982
548.309189982
548.309189982
548.309189982
548.309189982
548.309189982
548.309189982
548.309189982
548.309189982
548.309189982
548.309189982
548.309189982
548.309189982
548.309189982
548.309189982
548.309189982
548.309189982
548.309189982
548.309189982
548.309189982
548.309189982
548.309189982
548.309189982
548.309189982
548.309189982
548.309189982
548.309189982
548.309189982
548.309189982
548.309189982
548.309189982
548.309189982
548.309189982
548.309189982
548.309189982
548.309189982
548.309189982
548.309189982
548.309189982
548.309189982
548.309189982
548.309189982
548.309189982
548.309189982
548.309189982
548.309189982
548.309189982
548.309189982
548.309189982
548.309189982
548.309189982
548.309189982
548.309189982
548.309189982
548.309189982
548.309189982
548.309189982
548.309189982
548.309189982
548.309189982
548.309189982
548.309189982
548.309189982
548.309189982
548.309189982
548.309189982
548.309189982
548.309189982
548.309189982
548.309189982
548.309189982
548.309189982
548.309189982
548.309189982
548.309189982
548.309189982
548.309189982
548.309189982
548.309189982
548.309189982
548.309189982
548.309189982
548.309189982
548.309189982
548.309189982
548.309189982
548.309189982
548.309189982
548.309189982
548.309189982
548.309189982
548.309189982
548.309189982
548.309189982
548.309189982
548.309189982
548.309189982
548.309189982
548.309189982
548.309189982
548.309189982
548.309189982
548.309189982
548.309189982
548.309189982
548.309189982
548.309189982
548.309189982
548.309189982
548.309189982
548.309189982
548.309189982
548.309189982
548.309189982
548.309189982
548.309189982
548.309189982
548.309189982
548.309189982
548.309189982
548.309189982
548.309189982
548.309189982
548.309189982
548.309189982
548.309189982
548.309189982
548.309189982
548.309189982
548.309189982
548.309189982
548.309189982
548.309189982
548.309189982
548.309189982
548.309189982
548.309189982
548.309189982
548.309189982
548.309189982
548.309189982
548.309189982
548.309189982
548.309189982
548.309189982
548.309189982
548.309189982
548.309189982
548.309189982
548.309189982
548.309189982
548.309189982
548.309189982
548.309189982
548.309189982
548.309189982
548.309189982
548.309189982
548.309189982
548.309189982
548.309189982
548.309189982
548.309189982
548.309189982
548.309189982
548.309189982
548.309189982
548.309189982
548.309189982
548.309189982
548.309189982
548.309189982
548.309189982
548.309189982
548.309189982
548.309189982
548.309189982
548.309189982
548.309189982
548.309189982
548.309189982
548.309189982
548.309189982
548.309189982
548.309189982
548.309189982
548.309189982
548.309189982
548.309189982
548.309189982
548.309189982
548.309189982
548.309189982
548.309189982
548.309189982
548.309189982
548.309189982
548.309189982
548.309189982
548.309189982
548.309189982
548.309189982
548.309189982
548.309189982
548.309189982
548.309189982
548.309189982
548.309189982
548.309189982
548.309189982
548.309189982
548.309189982
548.309189982
548.309189982
548.309189982
548.309189982
548.309189982
548.309189982
548.309189982
548.309189982
548.309189982
548.309189982
548.309189982
548.309189982
548.309189982
548.309189982
548.309189982
548.309189982
548.309189982
548.309189982
548.309189982
548.309189982
548.309189982
548.309189982
548.309189982
548.309189982
548.309189982
548.309189982
548.309189982
548.309189982
548.309189982
548.309189982
548.309189982
548.309189982
548.309189982
548.309189982
548.309189982
548.309189982
548.309189982
548.309189982
548.309189982
548.309189982
548.309189982
548.309189982
548.309189982
548.309189982
548.309189982
548.309189982
548.309189982
548.309189982
548.309189982
548.309189982
548.309189982
548.309189982
548.309189982
548.309189982
548.309189982
548.309189982
548.309189982
548.309189982
548.309189982
548.309189982
548.309189982
548.309189982
548.309189982
548.309189982
548.309189982
548.309189982
548.309189982
548.309189982
548.309189982
548.309189982
548.309189982
548.309189982
548.309189982
548.309189982
548.309189982
548.309189982
548.309189982
548.309189982
548.309189982
548.309189982
548.309189982
548.309189982
548.309189982
548.309189982
548.309189982
548.309189982
548.309189982
548.309189982
548.309189982
548.309189982
548.309189982
548.309189982
548.309189982
548.309189982
548.309189982
548.309189982
548.309189982
548.309189982
548.309189982
548.309189982
548.309189982
548.309189982
548.309189982
548.309189982
548.309189982
548.309189982
548.309189982
548.309189982
548.309189982
548.309189982
548.309189982
548.309189982
548.309189982
548.309189982
548.309189982
548.309189982
548.309189982
548.309189982
548.309189982
548.309189982
548.309189982
548.309189982
548.309189982
548.309189982
548.309189982
548.309189982
548.309189982
548.309189982
548.309189982
548.309189982
548.309189982
548.309189982
548.309189982
548.309189982
548.309189982
548.309189982
548.309189982
548.309189982
548.309189982
548.309189982
548.309189982
548.309189982
548.309189982
548.309189982
548.309189982
548.309189982
548.309189982
548.309189982
548.309189982
548.309189982
548.309189982
548.309189982
548.309189982
548.309189982
548.309189982
548.309189982
548.309189982
548.309189982
548.309189982
548.309189982
548.309189982
548.309189982
548.309189982
548.309189982
548.309189982
548.309189982
548.309189982
548.309189982
548.309189982
548.309189982
548.309189982
548.309189982
548.309189982
548.309189982
548.309189982
548.309189982
548.309189982
548.309189982
548.309189982
548.309189982
548.309189982
548.309189982
548.309189982
548.309189982
548.309189982
548.309189982
548.309189982
548.309189982
548.309189982
548.309189982
548.309189982
548.309189982
548.309189982
548.309189982
548.309189982
548.309189982
548.309189982
548.309189982
548.309189982
548.309189982
548.309189982
548.309189982
548.309189982
548.309189982
548.309189982
548.309189982
548.309189982
548.309189982
548.309189982
548.309189982
548.309189982
548.309189982
548.309189982
548.309189982
548.309189982
548.309189982
548.309189982
548.309189982
548.309189982
548.309189982
548.309189982
548.309189982
548.309189982
548.309189982
548.309189982
548.309189982
548.309189982
548.309189982
548.309189982
548.309189982
548.309189982
548.309189982
548.309189982
548.309189982
548.309189982
548.309189982
548.309189982
548.309189982
548.309189982
548.309189982
548.309189982
548.309189982
548.309189982
548.309189982
548.309189982
548.309189982
548.309189982
548.309189982
548.309189982
548.309189982
548.309189982
548.309189982
548.309189982
548.309189982
548.309189982
548.309189982
548.309189982
548.309189982
548.309189982
548.309189982
548.309189982
548.309189982
548.309189982
548.309189982
548.309189982
548.309189982
548.309189982
548.309189982
548.309189982
548.309189982
548.309189982
548.309189982
548.309189982
548.309189982
548.309189982
548.309189982
548.309189982
548.309189982
548.309189982
548.309189982
548.309189982
548.309189982
548.309189982
548.309189982
548.309189982
548.309189982
548.309189982
548.309189982
548.309189982
548.309189982
548.309189982
548.309189982
548.309189982
548.309189982
548.309189982
548.309189982
548.309189982
548.309189982
548.309189982
548.309189982
548.309189982
548.309189982
548.309189982
548.309189982
548.309189982
548.309189982
548.309189982
548.309189982
548.309189982
548.309189982
548.309189982
548.309189982
548.309189982
548.309189982
548.309189982
548.309189982
548.309189982
548.309189982
548.309189982
548.309189982
548.309189982
548.309189982
548.309189982
548.309189982
548.309189982
548.309189982
548.309189982
548.309189982
548.309189982
548.309189982
548.309189982
548.309189982
548.309189982
548.309189982
548.309189982
548.309189982
548.309189982
548.309189982
548.309189982
548.309189982
548.309189982
548.309189982
548.309189982
548.309189982
548.309189982
548.309189982
548.309189982
548.309189982
548.309189982
548.309189982
548.309189982
548.309189982
548.309189982
548.309189982
548.309189982
548.309189982
548.309189982
548.309189982
548.309189982
548.309189982
548.309189982
548.309189982
548.309189982
548.309189982
548.309189982
548.309189982
548.309189982
548.309189982
548.309189982
548.309189982
548.309189982
548.309189982
548.309189982
548.309189982
548.309189982
548.309189982
548.309189982
548.309189982
548.309189982
548.309189982
548.309189982
548.309189982
548.309189982
548.309189982
548.309189982
548.309189982
548.309189982
548.309189982
548.309189982
548.309189982
548.309189982
548.309189982
548.309189982
548.309189982
548.309189982
548.309189982
548.309189982
548.309189982
548.309189982
548.309189982
548.309189982
548.309189982
548.309189982
548.309189982
548.309189982
548.309189982
548.309189982
548.309189982
548.309189982
548.309189982
548.309189982
548.309189982
548.309189982
548.309189982
548.309189982
548.309189982
548.309189982
548.309189982
548.309189982
548.309189982
548.309189982
548.309189982
548.309189982
548.309189982
548.309189982
548.309189982
548.309189982
548.309189982
548.309189982
548.309189982
548.309189982
548.309189982
548.309189982
548.309189982
548.309189982
548.309189982
548.309189982
548.309189982
548.309189982
548.309189982
548.309189982
548.309189982
548.309189982
548.309189982
548.309189982
548.309189982
548.309189982
548.309189982
548.309189982
548.309189982
548.309189982
548.309189982
548.309189982
548.309189982
548.309189982
548.309189982
548.309189982
548.309189982
548.309189982
548.309189982
548.309189982
548.309189982
548.309189982
548.309189982
548.309189982
548.309189982
548.309189982
548.309189982
548.309189982
548.309189982
548.309189982
548.309189982
548.309189982
548.309189982
548.309189982
548.309189982
548.309189982
548.309189982
548.309189982
548.309189982
548.309189982
548.309189982
548.309189982
548.309189982
548.309189982
548.309189982
548.309189982
548.309189982
548.309189982
548.309189982
548.309189982
548.309189982
548.309189982
548.309189982
548.309189982
548.309189982
548.309189982
548.309189982
548.309189982
548.309189982
548.309189982
548.309189982
548.309189982
548.309189982
548.309189982
548.309189982
548.309189982
548.309189982
548.309189982
548.309189982
548.309189982
548.309189982
548.309189982
548.309189982
548.309189982
548.309189982
548.309189982
548.309189982
548.309189982
548.309189982
548.309189982
548.309189982
548.309189982
548.309189982
548.309189982
548.309189982
548.309189982
548.309189982
548.309189982
548.309189982
548.309189982
548.309189982
548.309189982
548.309189982
548.309189982
548.309189982
548.309189982
548.309189982
548.309189982
548.309189982
548.309189982
548.309189982
548.309189982
548.309189982
548.309189982
548.309189982
548.309189982
548.309189982
548.309189982
548.309189982
548.309189982
548.309189982
548.309189982
548.309189982
548.309189982
548.309189982
548.309189982
548.309189982
548.309189982
548.309189982
548.309189982
548.309189982
548.309189982
548.309189982
548.309189982
548.309189982
548.309189982
548.309189982
548.309189982
548.309189982
548.309189982
548.309189982
548.309189982
548.309189982
548.309189982
548.309189982
548.309189982
548.309189982
548.309189982
548.309189982
548.309189982
548.309189982
548.309189982
548.309189982
548.309189982
548.309189982
548.309189982
548.309189982
548.309189982
548.309189982
548.309189982
548.309189982
548.309189982
548.309189982
548.309189982
548.309189982
548.309189982
548.309189982
548.309189982
548.309189982
548.309189982
548.309189982
548.309189982
548.309189982
548.309189982
548.309189982
548.309189982
548.309189982
548.309189982
548.309189982
548.309189982
548.309189982
548.309189982
548.309189982
548.309189982
548.309189982
548.309189982
548.309189982
548.309189982
548.309189982
548.309189982
548.309189982
548.309189982
548.309189982
548.309189982
548.309189982
548.309189982
548.309189982
548.309189982
548.309189982
548.309189982
548.309189982
548.309189982
548.309189982
548.309189982
548.309189982
548.309189982
548.309189982
548.309189982
548.309189982
548.309189982
548.309189982
548.309189982
548.309189982
548.309189982
548.309189982
548.309189982
548.309189982
548.309189982
548.309189982
548.309189982
548.309189982
548.309189982
548.309189982
548.309189982
548.309189982
548.309189982
548.309189982
548.309189982
548.309189982
548.309189982
548.309189982
548.309189982
548.309189982
548.309189982
548.309189982
548.309189982
548.309189982
548.309189982
548.309189982
548.309189982
548.309189982
548.309189982
548.309189982
548.309189982
548.309189982
548.309189982
548.309189982
548.309189982
548.309189982
548.309189982
548.309189982
548.309189982
548.309189982
548.309189982
548.309189982
548.309189982
548.309189982
548.309189982
548.309189982
548.309189982
548.309189982
548.309189982
548.309189982
548.309189982
548.309189982
548.309189982
548.309189982
548.309189982
548.309189982
548.309189982
548.309189982
548.309189982
548.309189982
548.309189982
548.309189982
548.309189982
548.309189982
548.309189982
548.309189982
548.309189982
548.309189982
548.309189982
548.309189982
548.309189982
548.309189982
548.309189982
548.309189982
548.309189982
548.309189982
548.309189982
548.309189982
548.309189982
548.309189982
548.309189982
548.309189982
548.309189982
548.309189982
548.309189982
548.309189982
548.309189982
548.309189982
548.309189982
548.309189982
548.309189982
548.309189982
548.309189982
548.309189982
548.309189982
548.309189982
548.309189982
548.309189982
548.309189982
548.309189982
548.309189982
548.309189982
548.309189982
548.309189982
548.309189982
548.309189982
548.309189982
548.309189982
548.309189982
548.309189982
548.309189982
548.309189982
548.309189982
548.309189982
548.309189982
548.309189982
548.309189982
548.309189982
548.309189982
548.309189982
548.309189982
548.309189982
548.309189982
548.309189982
548.309189982
548.309189982
548.309189982
548.309189982
548.309189982
548.309189982
548.309189982
548.309189982
548.309189982
548.309189982
548.309189982
548.309189982
548.309189982
548.309189982
548.309189982
548.309189982
548.309189982
548.309189982
548.309189982
548.309189982
548.309189982
548.309189982
548.309189982
548.309189982
548.309189982
548.309189982
548.309189982
548.309189982
548.309189982
548.309189982
548.309189982
548.309189982
548.309189982
548.309189982
548.309189982
548.309189982
548.309189982
548.309189982
548.309189982
548.309189982
548.309189982
548.309189982
548.309189982
548.309189982
548.309189982
548.309189982
548.309189982
548.309189982
548.309189982
548.309189982
548.309189982
548.309189982
548.309189982
548.309189982
548.309189982
548.309189982
548.309189982
548.309189982
548.309189982
548.309189982
548.309189982
548.309189982
548.309189982
548.309189982
548.309189982
548.309189982
548.309189982
548.309189982
548.309189982
548.309189982
548.309189982
548.309189982
548.309189982
548.309189982
548.309189982
548.309189982
548.309189982
548.309189982
548.309189982
548.309189982
548.309189982
548.309189982
548.309189982
548.309189982
548.309189982
548.309189982
548.309189982
548.309189982
548.309189982
548.309189982
548.309189982
548.309189982
548.309189982
548.309189982
548.309189982
548.309189982
548.309189982
548.309189982
548.309189982
548.309189982
548.309189982
548.309189982
548.309189982
548.309189982
548.309189982
548.309189982
548.309189982
548.309189982
548.309189982
548.309189982
548.309189982
548.309189982
548.309189982
548.309189982
548.309189982
548.309189982
548.309189982
548.309189982
548.309189982
548.309189982
548.309189982
548.309189982
548.309189982
548.309189982
548.309189982
548.309189982
548.309189982
548.309189982
548.309189982
548.309189982
548.309189982
548.309189982
548.309189982
548.309189982
548.309189982
548.309189982
548.309189982
548.309189982
548.309189982
548.309189982
548.309189982
548.309189982
548.309189982
548.309189982
548.309189982
548.309189982
548.309189982
548.309189982
548.309189982
548.309189982
548.309189982
548.309189982
548.309189982
548.309189982
548.309189982
548.309189982
548.309189982
548.309189982
548.309189982
548.309189982
548.309189982
548.309189982
548.309189982
548.309189982
548.309189982
548.309189982
548.309189982
548.309189982
548.309189982
548.309189982
548.309189982
548.309189982
548.309189982
548.309189982
548.309189982
548.309189982
548.309189982
548.309189982
548.309189982
548.309189982
548.309189982
548.309189982
548.309189982
548.309189982
548.309189982
548.309189982
548.309189982
548.309189982
548.309189982
548.309189982
548.309189982
548.309189982
548.309189982
548.309189982
548.309189982
548.309189982
548.309189982
548.309189982
548.309189982
548.309189982
548.309189982
548.309189982
548.309189982
548.309189982
548.309189982
548.309189982
548.309189982
548.309189982
548.309189982
548.309189982
548.309189982
548.309189982
548.309189982
548.309189982
548.309189982
548.309189982
548.309189982
548.309189982
548.309189982
548.309189982
548.309189982
548.309189982
548.309189982
548.309189982
548.309189982
548.309189982
548.309189982
548.309189982
548.309189982
548.309189982
548.309189982
548.309189982
548.309189982
548.309189982
548.309189982
548.309189982
548.309189982
548.309189982
548.309189982
548.309189982
548.309189982
548.309189982
548.309189982
548.309189982
548.309189982
548.309189982
548.309189982
548.309189982
548.309189982
548.309189982
548.309189982
548.309189982
548.309189982
548.309189982
548.309189982
548.309189982
548.309189982
548.309189982
548.309189982
548.309189982
548.309189982
548.309189982
548.309189982
548.309189982
548.309189982
548.309189982
548.309189982
548.309189982
548.309189982
548.309189982
548.309189982
548.309189982
548.309189982
548.309189982
548.309189982
548.309189982
548.309189982
548.309189982
548.309189982
548.309189982
548.309189982
548.309189982
548.309189982
548.309189982
548.309189982
548.309189982
548.309189982
548.309189982
548.309189982
548.309189982
548.309189982
548.309189982
548.309189982
548.309189982
548.309189982
548.309189982
548.309189982
548.309189982
548.309189982
548.309189982
548.309189982
548.309189982
548.309189982
548.309189982
548.309189982
548.309189982
548.309189982
548.309189982
548.309189982
548.309189982
548.309189982
548.309189982
548.309189982
548.309189982
548.309189982
548.309189982
548.309189982
548.309189982
548.309189982
548.309189982
548.309189982
548.309189982
548.309189982
548.309189982
548.309189982
548.309189982
548.309189982
548.309189982
548.309189982
548.309189982
548.309189982
548.309189982
548.309189982
548.309189982
548.309189982
548.309189982
548.309189982
548.309189982
548.309189982
548.309189982
548.309189982
548.309189982
548.309189982
548.309189982
548.309189982
548.309189982
548.309189982
548.309189982
548.309189982
548.309189982
548.309189982
548.309189982
548.309189982
548.309189982
548.309189982
548.309189982
548.309189982
548.309189982
548.309189982
548.309189982
548.309189982
548.309189982
548.309189982
548.309189982
548.309189982
548.309189982
548.309189982
548.309189982
548.309189982
548.309189982
548.309189982
548.309189982
548.309189982
548.309189982
548.309189982
548.309189982
548.309189982
548.309189982
548.309189982
548.309189982
548.309189982
548.309189982
548.309189982
548.309189982
548.309189982
548.309189982
548.309189982
548.309189982
548.309189982
548.309189982
548.309189982
548.309189982
548.309189982
548.309189982
548.309189982
548.309189982
548.309189982
548.309189982
548.309189982
548.309189982
548.309189982
548.309189982
548.309189982
548.309189982
548.309189982
548.309189982
548.309189982
548.309189982
548.309189982
548.309189982
548.309189982
548.309189982
548.309189982
548.309189982
548.309189982
548.309189982
548.309189982
548.309189982
548.309189982
548.309189982
548.309189982
548.309189982
548.309189982
548.309189982
548.309189982
548.309189982
548.309189982
548.309189982
548.309189982
548.309189982
548.309189982
548.309189982
548.309189982
548.309189982
548.309189982
548.309189982
548.309189982
548.309189982
548.309189982
548.309189982
548.309189982
548.309189982
548.309189982
548.309189982
548.309189982
548.309189982
548.309189982
548.309189982
548.309189982
548.309189982
548.309189982
548.309189982
548.309189982
548.309189982
548.309189982
548.309189982
548.309189982
548.309189982
548.309189982
548.309189982
548.309189982
548.309189982
548.309189982
548.309189982
548.309189982
548.309189982
548.309189982
548.309189982
548.309189982
548.309189982
548.309189982
548.309189982
548.309189982
548.309189982
548.309189982
548.309189982
548.309189982
548.309189982
548.309189982
548.309189982
548.309189982
548.309189982
548.309189982
548.309189982
548.309189982
548.309189982
548.309189982
548.309189982
548.309189982
548.309189982
548.309189982
548.309189982
548.309189982
548.309189982
548.309189982
548.309189982
548.309189982
548.309189982
548.309189982
548.309189982
548.309189982
548.309189982
548.309189982
548.309189982
548.309189982
548.309189982
548.309189982
548.309189982
548.309189982
548.309189982
548.309189982
548.309189982
548.309189982
548.309189982
548.309189982
548.309189982
548.309189982
548.309189982
548.309189982
548.309189982
548.309189982
548.309189982
548.309189982
548.309189982
548.309189982
548.309189982
548.309189982
548.309189982
548.309189982
548.309189982
548.309189982
548.309189982
548.309189982
548.309189982
548.309189982
548.309189982
548.309189982
548.309189982
548.309189982
548.309189982
548.309189982
548.309189982
548.309189982
548.309189982
548.309189982
548.309189982
548.309189982
548.309189982
548.309189982
548.309189982
548.309189982
548.309189982
548.309189982
548.309189982
548.309189982
548.309189982
548.309189982
548.309189982
548.309189982
548.309189982
548.309189982
548.309189982
548.309189982
548.309189982
548.309189982
548.309189982
548.309189982
548.309189982
548.309189982
548.309189982
548.309189982
548.309189982
548.309189982
548.309189982
548.309189982
548.309189982
548.309189982
548.309189982
548.309189982
548.309189982
548.309189982
548.309189982
548.309189982
548.309189982
548.309189982
548.309189982
548.309189982
548.309189982
548.309189982
548.309189982
548.309189982
548.309189982
548.309189982
548.309189982
548.309189982
548.309189982
548.309189982
548.309189982
548.309189982
548.309189982
548.309189982
548.309189982
548.309189982
548.309189982
548.309189982
548.309189982
548.309189982
548.309189982
548.309189982
548.309189982
548.309189982
548.309189982
548.309189982
548.309189982
548.309189982
548.309189982
548.309189982
548.309189982
548.309189982
548.309189982
548.309189982
548.309189982
548.309189982
548.309189982
548.309189982
548.309189982
548.309189982
548.309189982
548.309189982
548.309189982
548.309189982
548.309189982
548.309189982
548.309189982
548.309189982
548.309189982
548.309189982
548.309189982
548.309189982
548.309189982
548.309189982
548.309189982
548.309189982
548.309189982
548.309189982
548.309189982
548.309189982
548.309189982
548.309189982
548.309189982
548.309189982
548.309189982
548.309189982
548.309189982
548.309189982
548.309189982
548.309189982
548.309189982
548.309189982
548.309189982
548.309189982
548.309189982
548.309189982
548.309189982
548.309189982
548.309189982
548.309189982
548.309189982
548.309189982
548.309189982
548.309189982
548.309189982
548.309189982
548.309189982
548.309189982
548.309189982
548.309189982
548.309189982
548.309189982
548.309189982
548.309189982
548.309189982
548.309189982
548.309189982
548.309189982
548.309189982
548.309189982
548.309189982
548.309189982
548.309189982
548.309189982
548.309189982
548.309189982
548.309189982
548.309189982
548.309189982
548.309189982
548.309189982
548.309189982
548.309189982
548.309189982
548.309189982
548.309189982
548.309189982
548.309189982
548.309189982
548.309189982
548.309189982
548.309189982
548.309189982
548.309189982
548.309189982
548.309189982
548.309189982
548.309189982
548.309189982
548.309189982
548.309189982
548.309189982
548.309189982
548.309189982
548.309189982
548.309189982
548.309189982
548.309189982
548.309189982
548.309189982
548.309189982
548.309189982
548.309189982
548.309189982
548.309189982
548.309189982
548.309189982
548.309189982
548.309189982
548.309189982
548.309189982
548.309189982
548.309189982
548.309189982
548.309189982
548.309189982
548.309189982
548.309189982
548.309189982
548.309189982
548.309189982
548.309189982
548.309189982
548.309189982
548.309189982
548.309189982
548.309189982
548.309189982
548.309189982
548.309189982
548.309189982
548.309189982
548.309189982
548.309189982
548.309189982
548.309189982
548.309189982
548.309189982
548.309189982
548.309189982
548.309189982
548.309189982
548.309189982
548.309189982
548.309189982
548.309189982
548.309189982
548.309189982
548.309189982
548.309189982
548.309189982
548.309189982
548.309189982
548.309189982
548.309189982
548.309189982
548.309189982
548.309189982
548.309189982
548.309189982
548.309189982
548.309189982
548.309189982
548.309189982
548.309189982
548.309189982
548.309189982
548.309189982
548.309189982
548.309189982
548.309189982
548.309189982
548.309189982
548.309189982
548.309189982
548.309189982
548.309189982
548.309189982
548.309189982
548.309189982
548.309189982
548.309189982
548.309189982
548.309189982
548.309189982
548.309189982
548.309189982
548.309189982
548.309189982
548.309189982
548.309189982
548.309189982
548.309189982
548.309189982
548.309189982
548.309189982
548.309189982
548.309189982
548.309189982
548.309189982
548.309189982
548.309189982
548.309189982
548.309189982
548.309189982
548.309189982
548.309189982
548.309189982
548.309189982
548.309189982
548.309189982
548.309189982
548.309189982
548.309189982
548.309189982
548.309189982
548.309189982
548.309189982
548.309189982
548.309189982
548.309189982
548.309189982
548.309189982
548.309189982
548.309189982
548.309189982
548.309189982
548.309189982
548.309189982
548.309189982
548.309189982
548.309189982
548.309189982
548.309189982
548.309189982
548.309189982
548.309189982
548.309189982
548.309189982
548.309189982
548.309189982
548.309189982
548.309189982
548.309189982
548.309189982
548.309189982
548.309189982
548.309189982
548.309189982
548.309189982
548.309189982
548.309189982
548.309189982
548.309189982
548.309189982
548.309189982
548.309189982
548.309189982
548.309189982
548.309189982
548.309189982
548.309189982
548.309189982
548.309189982
548.309189982
548.309189982
548.309189982
548.309189982
548.309189982
548.309189982
548.309189982
548.309189982
548.309189982
548.309189982
548.309189982
548.309189982
548.309189982
548.309189982
548.309189982
548.309189982
548.309189982
548.309189982
548.309189982
548.309189982
548.309189982
548.309189982
548.309189982
548.309189982
548.309189982
548.309189982
548.309189982
548.309189982
548.309189982
548.309189982
548.309189982
548.309189982
548.309189982
548.309189982
548.309189982
548.309189982
548.309189982
548.309189982
548.309189982
548.309189982
548.309189982
548.309189982
548.309189982
548.309189982
548.309189982
548.309189982
548.309189982
548.309189982
548.309189982
548.309189982
548.309189982
548.309189982
548.309189982
548.309189982
548.309189982
548.309189982
548.309189982
548.309189982
548.309189982
548.309189982
548.309189982
548.309189982
548.309189982
548.309189982
548.309189982
548.309189982
548.309189982
548.309189982
548.309189982
548.309189982
548.309189982
548.309189982
548.309189982
548.309189982
548.309189982
548.309189982
548.309189982
548.309189982
548.309189982
548.309189982
548.309189982
548.309189982
548.309189982
548.309189982
548.309189982
548.309189982
548.309189982
548.309189982
548.309189982
548.309189982
548.309189982
548.309189982
548.309189982
548.309189982
548.309189982
548.309189982
548.309189982
548.309189982
548.309189982
548.309189982
548.309189982
548.309189982
548.309189982
548.309189982
548.309189982
548.309189982
548.309189982
548.309189982
548.309189982
548.309189982
548.309189982
548.309189982
548.309189982
548.309189982
548.309189982
548.309189982
548.309189982
548.309189982
548.309189982
548.309189982
548.309189982
548.309189982
548.309189982
548.309189982
548.309189982
548.309189982
548.309189982
548.309189982
548.309189982
548.309189982
548.309189982
548.309189982
548.309189982
548.309189982
548.309189982
548.309189982
548.309189982
548.309189982
548.309189982
548.309189982
548.309189982
548.309189982
548.309189982
548.309189982
548.309189982
548.309189982
548.309189982
548.309189982
548.309189982
548.309189982
548.309189982
548.309189982
548.309189982
548.309189982
548.309189982
548.309189982
548.309189982
548.309189982
548.309189982
548.309189982
548.309189982
548.309189982
548.309189982
548.309189982
548.309189982
548.309189982
548.309189982
548.309189982
548.309189982
548.309189982
548.309189982
548.309189982
548.309189982
548.309189982
548.309189982
548.309189982
548.309189982
548.309189982
548.309189982
548.309189982
548.309189982
548.309189982
548.309189982
548.309189982
548.309189982
548.309189982
548.309189982
548.309189982
548.309189982
548.309189982
548.309189982
548.309189982
548.309189982
548.309189982
548.309189982
548.309189982
548.309189982
548.309189982
548.309189982
548.309189982
548.309189982
548.309189982
548.309189982
548.309189982
548.309189982
548.309189982
548.309189982
548.309189982
548.309189982
548.309189982
548.309189982
548.309189982
548.309189982
548.309189982
548.309189982
548.309189982
548.309189982
548.309189982
548.309189982
548.309189982
548.309189982
548.309189982
548.309189982
548.309189982
548.309189982
548.309189982
548.309189982
548.309189982
548.309189982
548.309189982
548.309189982
548.309189982
548.309189982
548.309189982
548.309189982
548.309189982
548.309189982
548.309189982
548.309189982
548.309189982
548.309189982
548.309189982
548.309189982
548.309189982
548.309189982
548.309189982
548.309189982
548.309189982
548.309189982
548.309189982
548.309189982
548.309189982
548.309189982
548.309189982
548.309189982
548.309189982
548.309189982
548.309189982
548.309189982
548.309189982
548.309189982
548.309189982
548.309189982
548.309189982
548.309189982
548.309189982
548.309189982
548.309189982
548.309189982
548.309189982
548.309189982
548.309189982
548.309189982
548.309189982
548.309189982
548.309189982
548.309189982
548.309189982
548.309189982
548.309189982
548.309189982
548.309189982
548.309189982
548.309189982
548.309189982
548.309189982
548.309189982
548.309189982
548.309189982
548.309189982
548.309189982
548.309189982
548.309189982
548.309189982
548.309189982
548.309189982
548.309189982
548.309189982
548.309189982
548.309189982
548.309189982
548.309189982
548.309189982
548.309189982
548.309189982
548.309189982
548.309189982
548.309189982
548.309189982
548.309189982
548.309189982
548.309189982
548.309189982
548.309189982
548.309189982
548.309189982
548.309189982
548.309189982
548.309189982
548.309189982
548.309189982
548.309189982
548.309189982
548.309189982
548.309189982
548.309189982
548.309189982
548.309189982
548.309189982
548.309189982
548.309189982
548.309189982
548.309189982
548.309189982
548.309189982
548.309189982
548.309189982
548.309189982
548.309189982
548.309189982
548.309189982
548.309189982
548.309189982
548.309189982
548.309189982
548.309189982
548.309189982
548.309189982
548.309189982
548.309189982
548.309189982
