1609.49640591
1537.68160402
1509.184354
1458.63070898
1425.77421331
1432.32132167
1419.94676941
1385.23876437
1382.03165224
1374.12581561
1359.77734383
1337.60674629
1327.13779457
1317.22039878
1321.47281704
1298.29040979
1266.24719841
1275.86754453
1257.71369043
1246.00601392
1245.04566101
1210.75082597
1207.59110584
1217.53213439
1214.75852574
1188.26002633
1210.46500571
1166.57182324
1139.14529366
1109.83339771
1092.2492772
1097.26731879
1107.59488994
1118.51669452
1113.70653434
1099.8898285
1080.56722185
1093.78695491
1059.8006663
1080.68357293
1082.42821028
1077.73257027
1057.70340386
1080.00631885
1062.73101554
1066.31409452
1057.38538278
1054.75642852
1054.2548187
1051.31964225
1042.99323361
1014.70763203
1005.75800805
1009.6617765
1003.2090096
985.80788308
976.904929697
982.285595458
995.878699784
998.099981575
1021.92380092
1023.01218667
1020.1153652
1016.92227631
1007.36580246
1015.03130109
1015.03130109
1030.18358632
1027.9340118
1021.72278848
1019.87374438
1002.74616655
994.768420398
993.78501811
993.78501811
980.517917429
979.448075974
963.859672487
959.167239026
960.737840814
960.737840814
956.723779275
969.851601848
965.132077944
965.132077944
977.459409524
976.4086387
961.253263288
962.736674383
948.91054299
934.614516586
925.827949839
929.312321173
929.312321173
929.312321173
892.992014252
896.613408956
896.613408956
896.613408956
896.613408956
896.619678615
887.717401491
854.56732553
854.56732553
847.424505895
847.424505895
853.48075201
853.48075201
853.48075201
849.237344571
848.74119065
848.74119065
848.74119065
848.74119065
848.74119065
848.74119065
848.74119065
848.74119065
848.74119065
848.74119065
849.827981439
849.827981439
842.247327301
842.048460233
837.486288791
837.486288791
837.486288791
837.486288791
837.486288791
838.021163783
827.598135998
827.598135998
827.598135998
827.598135998
822.428672876
822.428672876
822.428672876
822.428672876
822.428672876
822.428672876
822.428672876
822.428672876
822.428672876
822.428672876
822.428672876
818.343306662
818.343306662
818.343306662
818.343306662
800.357761039
800.357761039
796.921542986
796.921542986
796.921542986
793.140465122
792.397530169
790.974943468
782.16446811
782.16446811
782.16446811
782.16446811
782.16446811
782.16446811
782.16446811
782.16446811
782.16446811
779.636523232
779.636523232
779.636523232
779.636523232
779.636523232
773.702680311
773.702680311
773.702680311
773.702680311
773.702680311
773.702680311
773.702680311
773.702680311
773.702680311
773.702680311
773.702680311
773.702680311
773.702680311
773.702680311
773.702680311
773.702680311
773.702680311
773.702680311
767.890257207
767.890257207
767.890257207
767.890257207
767.890257207
737.072952994
737.072952994
737.072952994
737.072952994
737.072952994
737.072952994
737.072952994
737.072952994
737.072952994
737.072952994
737.072952994
737.072952994
737.057556072
737.057556072
737.057556072
737.057556072
737.057556072
737.057556072
737.057556072
737.057556072
737.057556072
737.057556072
737.057556072
737.057556072
737.057556072
725.689743308
725.689743308
725.689743308
725.689743308
725.689743308
719.139725658
716.976225065
716.976225065
716.976225065
716.976225065
716.976225065
716.976225065
716.976225065
716.976225065
716.976225065
714.862289301
712.947009407
712.947009407
712.947009407
712.947009407
712.947009407
705.837681989
705.837681989
695.106230771
695.106230771
695.106230771
695.106230771
695.106230771
695.106230771
695.106230771
692.437384716
692.437384716
692.437384716
692.437384716
692.437384716
692.437384716
692.437384716
692.437384716
692.437384716
692.437384716
692.437384716
692.437384716
691.429183133
691.429183133
691.429183133
691.429183133
691.429183133
691.429183133
691.429183133
691.429183133
691.429183133
691.429183133
691.429183133
691.429183133
691.429183133
691.429183133
691.429183133
691.429183133
691.429183133
691.429183133
691.429183133
691.429183133
691.429183133
691.429183133
691.429183133
691.429183133
691.429183133
691.429183133
691.429183133
691.429183133
691.429183133
691.429183133
691.429183133
691.429183133
691.429183133
691.429183133
691.429183133
676.929480426
676.929480426
676.929480426
676.929480426
676.929480426
676.929480426
676.929480426
676.929480426
676.929480426
676.929480426
676.929480426
676.929480426
676.929480426
676.929480426
676.929480426
676.929480426
676.929480426
676.929480426
676.929480426
676.929480426
676.929480426
676.929480426
676.929480426
676.929480426
676.929480426
676.929480426
676.929480426
676.929480426
676.929480426
676.929480426
676.929480426
676.929480426
676.929480426
676.929480426
676.929480426
676.929480426
671.889969966
671.889969966
671.889969966
671.889969966
671.889969966
671.889969966
671.889969966
671.889969966
671.889969966
671.889969966
671.889969966
671.889969966
671.889969966
671.889969966
671.889969966
671.889969966
671.889969966
671.889969966
671.889969966
671.889969966
671.889969966
671.889969966
671.889969966
671.889969966
667.524826646
667.524826646
667.524826646
667.524826646
667.524826646
667.524826646
667.524826646
667.524826646
667.524826646
667.524826646
667.524826646
667.524826646
667.524826646
667.524826646
667.524826646
667.524826646
667.524826646
667.524826646
667.524826646
667.524826646
660.627889352
660.627889352
660.627889352
660.627889352
660.627889352
660.627889352
660.627889352
660.627889352
660.627889352
660.627889352
660.627889352
660.627889352
660.627889352
660.627889352
660.627889352
660.627889352
660.627889352
660.627889352
660.627889352
660.627889352
660.627889352
660.627889352
660.627889352
660.627889352
660.627889352
660.627889352
660.627889352
660.627889352
660.627889352
660.627889352
660.627889352
660.627889352
660.627889352
660.627889352
660.627889352
660.627889352
658.376322666
658.376322666
658.376322666
658.376322666
658.376322666
658.376322666
658.376322666
658.376322666
658.376322666
658.376322666
658.376322666
658.376322666
658.376322666
658.376322666
658.376322666
658.376322666
658.376322666
658.376322666
658.376322666
658.376322666
658.376322666
658.376322666
658.376322666
658.376322666
658.376322666
658.376322666
658.376322666
658.376322666
658.376322666
658.376322666
658.376322666
658.376322666
658.376322666
658.376322666
658.376322666
658.376322666
658.376322666
658.376322666
658.376322666
658.376322666
658.376322666
658.376322666
658.376322666
658.376322666
658.376322666
658.376322666
658.376322666
658.376322666
658.376322666
658.376322666
658.376322666
658.376322666
658.376322666
658.376322666
658.376322666
658.376322666
658.376322666
658.376322666
658.376322666
658.376322666
658.376322666
658.376322666
658.376322666
658.376322666
658.376322666
658.376322666
658.376322666
658.373600612
658.373600612
658.373600612
658.373600612
658.373600612
658.373600612
658.373600612
658.373600612
658.373600612
658.373600612
658.074939485
658.074939485
658.074939485
658.074939485
658.074939485
658.074939485
658.074939485
658.074939485
658.074939485
658.074939485
658.074939485
658.074939485
658.074939485
658.074939485
658.074939485
658.074939485
658.074939485
658.074939485
658.074939485
658.074939485
658.074939485
658.074939485
658.074939485
658.074939485
658.074939485
658.074939485
658.074939485
658.074939485
658.074939485
658.074939485
658.074939485
658.074939485
658.074939485
658.074939485
658.074939485
658.074939485
658.074939485
658.074939485
658.074939485
658.074939485
658.074939485
658.074939485
658.074939485
658.074939485
658.074939485
658.074939485
658.074939485
658.074939485
658.074939485
658.074939485
658.074939485
658.074939485
658.074939485
658.074939485
658.074939485
658.074939485
658.074939485
658.074939485
658.074939485
658.074939485
658.074939485
657.236879949
657.236879949
657.236879949
657.236879949
657.236879949
657.236879949
657.236879949
657.236879949
657.236879949
657.236879949
657.236879949
657.236879949
657.236879949
657.236879949
657.236879949
657.236879949
657.236879949
657.236879949
657.236879949
657.236879949
657.236879949
657.236879949
657.236879949
657.236879949
657.236879949
657.236879949
657.236879949
657.236879949
657.236879949
657.236879949
657.236879949
657.236879949
657.236879949
657.236879949
657.236879949
657.236879949
657.236879949
657.236879949
657.236879949
657.236879949
657.236879949
657.236879949
657.236879949
657.236879949
657.236879949
657.236879949
657.236879949
657.236879949
657.236879949
657.236879949
657.236879949
657.236879949
657.236879949
657.236879949
657.236879949
657.236879949
657.236879949
657.236879949
657.236879949
657.236879949
657.236879949
657.236879949
657.236879949
657.236879949
657.236879949
657.236879949
657.236879949
657.236879949
657.236879949
657.236879949
657.236879949
657.236879949
657.236879949
657.236879949
657.236879949
657.236879949
657.236879949
657.236879949
657.236879949
657.236879949
657.236879949
657.236879949
657.236879949
657.236879949
657.236879949
657.236879949
657.236879949
657.236879949
657.236879949
657.236879949
657.236879949
657.236879949
657.236879949
657.236879949
657.236879949
657.236879949
657.236879949
657.236879949
654.545416183
654.545416183
654.545416183
654.545416183
654.545416183
654.545416183
654.545416183
654.545416183
654.545416183
654.545416183
654.545416183
654.545416183
654.545416183
654.545416183
654.545416183
654.545416183
654.545416183
654.545416183
654.545416183
654.545416183
654.545416183
654.545416183
654.545416183
654.545416183
654.545416183
654.545416183
654.545416183
654.545416183
654.545416183
654.545416183
654.545416183
654.545416183
654.545416183
654.545416183
654.545416183
654.545416183
654.545416183
654.545416183
654.545416183
654.545416183
654.545416183
654.545416183
654.545416183
654.545416183
654.545416183
654.545416183
654.545416183
654.545416183
654.545416183
654.545416183
654.545416183
654.545416183
654.545416183
654.545416183
654.545416183
654.545416183
654.545416183
654.545416183
654.545416183
654.545416183
654.545416183
654.545416183
654.545416183
654.545416183
654.545416183
654.545416183
654.545416183
654.545416183
654.545416183
654.545416183
654.545416183
654.545416183
654.545416183
654.545416183
654.545416183
654.545416183
654.545416183
654.545416183
654.545416183
654.545416183
654.545416183
654.545416183
654.545416183
654.545416183
654.545416183
654.545416183
654.545416183
654.545416183
654.545416183
654.545416183
654.545416183
654.545416183
654.545416183
654.545416183
654.545416183
654.545416183
654.545416183
654.545416183
654.545416183
654.545416183
654.545416183
654.545416183
654.545416183
654.545416183
654.545416183
654.545416183
654.545416183
654.545416183
654.545416183
654.545416183
654.545416183
654.545416183
654.545416183
654.545416183
654.545416183
654.545416183
654.545416183
654.545416183
654.545416183
654.545416183
654.545416183
654.545416183
654.545416183
654.545416183
654.545416183
654.545416183
654.545416183
654.545416183
654.545416183
654.545416183
654.545416183
654.545416183
654.545416183
654.545416183
654.545416183
654.545416183
654.545416183
654.545416183
654.545416183
654.545416183
654.545416183
654.545416183
654.545416183
654.545416183
654.545416183
654.545416183
654.545416183
654.545416183
654.545416183
654.545416183
654.545416183
654.545416183
654.545416183
654.545416183
654.545416183
654.545416183
654.545416183
654.545416183
654.545416183
654.545416183
654.545416183
654.545416183
654.545416183
654.545416183
654.545416183
654.545416183
654.545416183
654.545416183
654.545416183
654.545416183
654.545416183
654.545416183
654.545416183
654.545416183
654.545416183
654.545416183
654.545416183
654.545416183
654.545416183
654.545416183
654.545416183
654.545416183
654.545416183
654.545416183
654.545416183
654.545416183
654.545416183
654.545416183
654.545416183
654.545416183
654.545416183
654.545416183
654.545416183
654.545416183
654.545416183
654.545416183
654.545416183
654.545416183
654.545416183
654.545416183
654.545416183
654.545416183
654.545416183
654.545416183
654.545416183
654.545416183
654.545416183
654.545416183
654.545416183
654.545416183
654.545416183
654.545416183
654.545416183
654.545416183
654.545416183
654.545416183
654.545416183
654.545416183
654.545416183
654.545416183
654.545416183
654.545416183
654.545416183
654.545416183
654.545416183
654.545416183
654.545416183
654.545416183
654.545416183
654.545416183
654.545416183
654.545416183
654.545416183
654.545416183
654.545416183
654.545416183
654.545416183
654.545416183
654.545416183
654.545416183
654.545416183
654.545416183
654.545416183
654.545416183
654.545416183
654.545416183
654.545416183
654.545416183
654.545416183
654.545416183
654.545416183
654.545416183
654.545416183
654.545416183
654.545416183
654.545416183
654.545416183
654.545416183
654.545416183
654.545416183
654.545416183
654.545416183
654.545416183
654.545416183
654.545416183
654.545416183
654.545416183
654.545416183
654.545416183
654.545416183
654.545416183
654.545416183
654.545416183
654.545416183
654.545416183
654.545416183
654.545416183
654.545416183
654.545416183
654.545416183
654.545416183
654.545416183
654.545416183
654.545416183
654.545416183
654.545416183
654.545416183
654.545416183
654.545416183
654.545416183
654.545416183
654.545416183
654.545416183
654.545416183
654.545416183
654.545416183
654.545416183
654.545416183
654.545416183
654.545416183
654.545416183
654.545416183
654.545416183
654.545416183
654.545416183
654.545416183
654.545416183
654.545416183
654.545416183
654.545416183
654.545416183
654.545416183
654.545416183
654.545416183
654.545416183
654.545416183
654.545416183
654.545416183
654.545416183
654.545416183
654.545416183
654.545416183
654.545416183
654.545416183
654.545416183
654.545416183
654.545416183
654.545416183
654.545416183
654.545416183
654.545416183
654.545416183
654.545416183
654.545416183
654.545416183
654.545416183
654.545416183
644.161152853
644.161152853
644.161152853
644.161152853
644.161152853
644.161152853
644.161152853
644.161152853
644.161152853
644.161152853
644.161152853
644.161152853
644.161152853
644.161152853
644.161152853
644.161152853
644.161152853
644.161152853
644.161152853
644.161152853
644.161152853
644.161152853
644.161152853
644.161152853
644.161152853
644.161152853
644.161152853
644.161152853
644.161152853
644.161152853
644.161152853
644.161152853
644.161152853
644.161152853
644.161152853
644.161152853
644.161152853
644.161152853
644.161152853
644.161152853
644.161152853
644.161152853
644.161152853
644.161152853
644.161152853
644.161152853
644.161152853
644.161152853
644.161152853
644.161152853
644.161152853
644.161152853
644.161152853
644.161152853
644.161152853
644.161152853
644.161152853
644.161152853
644.161152853
644.161152853
644.161152853
644.161152853
644.161152853
643.549869129
643.549869129
643.549869129
643.549869129
643.549869129
643.549869129
643.549869129
643.549869129
643.549869129
643.549869129
643.549869129
643.549869129
643.549869129
643.549869129
643.549869129
640.82851373
640.82851373
640.82851373
640.82851373
640.82851373
640.82851373
640.82851373
640.82851373
640.82851373
640.82851373
640.82851373
640.82851373
640.82851373
640.82851373
640.82851373
640.82851373
640.82851373
640.82851373
640.82851373
640.82851373
640.82851373
640.82851373
640.82851373
640.82851373
640.82851373
640.82851373
640.82851373
640.82851373
640.82851373
640.82851373
640.82851373
640.82851373
640.82851373
640.82851373
640.82851373
640.82851373
640.82851373
640.82851373
640.82851373
640.82851373
640.82851373
640.82851373
640.82851373
640.82851373
640.82851373
640.82851373
640.82851373
640.82851373
640.82851373
640.82851373
640.82851373
640.82851373
640.82851373
640.82851373
640.82851373
640.82851373
640.82851373
640.82851373
640.82851373
640.82851373
640.82851373
640.82851373
640.82851373
640.82851373
640.82851373
640.82851373
640.735288943
640.735288943
640.735288943
640.735288943
640.735288943
640.735288943
640.735288943
640.735288943
640.735288943
640.735288943
640.735288943
640.735288943
640.735288943
640.735288943
640.735288943
640.735288943
640.735288943
640.735288943
640.735288943
640.735288943
640.735288943
640.735288943
640.735288943
640.735288943
640.735288943
640.735288943
640.735288943
640.735288943
640.735288943
640.735288943
640.735288943
640.735288943
640.735288943
640.735288943
640.735288943
640.735288943
640.735288943
640.735288943
640.735288943
640.735288943
640.735288943
640.735288943
640.735288943
640.735288943
640.735288943
640.735288943
640.735288943
640.735288943
640.735288943
640.735288943
640.735288943
640.735288943
640.735288943
640.735288943
640.735288943
640.735288943
640.735288943
640.735288943
640.735288943
640.735288943
640.735288943
640.735288943
640.735288943
640.735288943
640.735288943
640.735288943
640.735288943
640.735288943
640.735288943
640.735288943
640.735288943
640.735288943
640.735288943
640.735288943
640.735288943
640.735288943
640.735288943
640.735288943
640.735288943
640.735288943
640.735288943
640.735288943
640.735288943
640.735288943
640.735288943
640.735288943
640.735288943
640.735288943
640.735288943
640.735288943
640.735288943
640.735288943
640.735288943
640.735288943
640.735288943
640.735288943
640.735288943
640.735288943
640.735288943
640.735288943
640.735288943
640.735288943
640.735288943
640.735288943
640.735288943
640.735288943
640.735288943
640.735288943
640.735288943
640.735288943
640.735288943
640.735288943
640.735288943
640.735288943
640.735288943
640.735288943
640.735288943
640.735288943
640.735288943
640.735288943
638.640905418
638.640905418
638.640905418
638.640905418
638.640905418
638.640905418
638.640905418
638.640905418
638.640905418
638.640905418
638.640905418
638.640905418
638.640905418
638.640905418
638.640905418
638.640905418
638.640905418
638.640905418
638.640905418
638.640905418
638.640905418
638.640905418
638.640905418
638.640905418
638.640905418
638.640905418
638.640905418
638.640905418
638.640905418
638.059896217
638.059896217
638.059896217
638.059896217
638.059896217
638.059896217
638.059896217
638.059896217
638.059896217
638.059896217
638.059896217
638.059896217
638.059896217
638.059896217
638.059896217
638.059896217
638.059896217
638.059896217
638.059896217
638.059896217
638.059896217
634.717486738
634.717486738
634.717486738
634.717486738
634.717486738
634.717486738
634.717486738
634.717486738
634.717486738
634.717486738
634.717486738
634.717486738
634.717486738
634.717486738
634.717486738
634.717486738
634.717486738
634.717486738
634.717486738
634.717486738
634.717486738
634.717486738
634.717486738
634.717486738
634.717486738
634.717486738
634.717486738
634.717486738
634.717486738
634.717486738
634.717486738
634.717486738
634.717486738
634.717486738
634.717486738
634.717486738
634.717486738
634.717486738
634.717486738
634.717486738
634.717486738
634.717486738
634.717486738
634.717486738
634.717486738
634.717486738
634.717486738
634.717486738
634.717486738
634.717486738
634.717486738
634.717486738
634.717486738
634.717486738
634.717486738
634.717486738
634.717486738
634.717486738
634.717486738
634.717486738
634.717486738
634.717486738
634.717486738
634.717486738
634.717486738
634.717486738
634.717486738
634.717486738
634.717486738
634.717486738
634.717486738
634.717486738
634.717486738
634.717486738
634.717486738
634.717486738
634.717486738
634.717486738
634.717486738
634.717486738
634.717486738
634.717486738
634.717486738
634.717486738
634.717486738
634.717486738
634.717486738
634.717486738
634.717486738
634.717486738
634.717486738
634.717486738
634.717486738
634.717486738
634.717486738
634.717486738
634.717486738
634.717486738
634.717486738
634.717486738
634.717486738
634.717486738
634.717486738
634.717486738
634.717486738
634.717486738
634.717486738
634.717486738
634.717486738
634.717486738
634.717486738
634.717486738
634.717486738
634.717486738
634.717486738
634.717486738
634.717486738
634.717486738
634.717486738
634.717486738
634.717486738
634.717486738
634.717486738
634.717486738
634.717486738
634.717486738
634.717486738
634.717486738
634.717486738
634.717486738
634.717486738
634.717486738
634.717486738
634.717486738
634.717486738
634.717486738
634.717486738
634.717486738
634.717486738
634.717486738
634.717486738
634.717486738
634.717486738
634.717486738
634.717486738
634.717486738
634.717486738
634.717486738
634.717486738
634.717486738
634.717486738
634.717486738
634.717486738
634.717486738
634.717486738
634.717486738
628.561670884
628.561670884
628.561670884
628.561670884
628.561670884
628.561670884
628.561670884
628.561670884
628.561670884
628.561670884
628.561670884
628.561670884
628.561670884
628.561670884
628.561670884
628.561670884
628.561670884
628.561670884
628.561670884
628.561670884
628.561670884
628.561670884
628.561670884
628.561670884
628.561670884
628.561670884
628.561670884
628.561670884
628.561670884
628.561670884
628.561670884
628.561670884
628.561670884
628.561670884
628.561670884
628.561670884
628.561670884
628.561670884
628.561670884
628.561670884
628.561670884
628.561670884
628.561670884
628.561670884
628.561670884
628.561670884
628.561670884
628.561670884
628.561670884
628.561670884
628.561670884
628.561670884
628.561670884
628.561670884
628.561670884
628.561670884
628.561670884
628.561670884
628.561670884
628.561670884
628.561670884
628.561670884
628.561670884
628.561670884
628.561670884
628.561670884
628.561670884
628.561670884
628.561670884
628.561670884
628.561670884
628.561670884
628.561670884
628.561670884
628.561670884
628.561670884
628.561670884
628.561670884
628.561670884
628.561670884
628.561670884
628.561670884
628.561670884
628.561670884
628.561670884
628.561670884
628.561670884
628.561670884
628.561670884
628.561670884
628.561670884
628.561670884
628.561670884
628.561670884
628.561670884
628.561670884
628.561670884
628.561670884
628.561670884
628.561670884
628.561670884
628.561670884
628.561670884
628.561670884
628.561670884
628.561670884
628.561670884
628.561670884
628.561670884
628.561670884
628.561670884
628.561670884
628.561670884
628.561670884
628.561670884
628.561670884
628.561670884
628.561670884
628.561670884
628.561670884
628.561670884
628.561670884
628.561670884
628.561670884
628.561670884
628.561670884
628.561670884
628.561670884
628.561670884
628.561670884
628.561670884
628.561670884
628.561670884
628.561670884
628.561670884
628.561670884
628.561670884
628.561670884
628.561670884
628.561670884
628.561670884
628.561670884
628.561670884
628.561670884
628.561670884
628.561670884
628.561670884
628.561670884
628.561670884
628.561670884
628.561670884
628.561670884
628.561670884
628.561670884
628.561670884
628.561670884
628.561670884
628.561670884
628.561670884
628.561670884
628.561670884
628.561670884
628.561670884
628.561670884
628.561670884
628.561670884
628.561670884
628.561670884
628.561670884
628.561670884
628.561670884
628.561670884
628.561670884
628.561670884
628.561670884
628.561670884
628.561670884
628.561670884
628.561670884
628.561670884
628.561670884
628.561670884
628.561670884
628.561670884
628.561670884
628.561670884
628.561670884
628.561670884
628.561670884
628.561670884
628.561670884
628.561670884
628.561670884
628.561670884
628.561670884
628.561670884
628.561670884
628.561670884
628.561670884
628.561670884
628.561670884
628.561670884
628.561670884
628.561670884
628.561670884
628.561670884
628.561670884
628.561670884
628.561670884
628.561670884
628.561670884
628.561670884
628.561670884
628.561670884
628.561670884
628.561670884
628.561670884
628.561670884
628.561670884
628.561670884
628.561670884
628.561670884
628.561670884
628.561670884
628.561670884
628.561670884
628.561670884
628.561670884
628.561670884
628.561670884
628.561670884
628.561670884
628.561670884
628.561670884
628.561670884
628.561670884
628.561670884
628.561670884
628.561670884
628.561670884
628.561670884
628.561670884
628.561670884
628.561670884
628.561670884
628.561670884
628.561670884
628.561670884
628.561670884
628.561670884
628.561670884
628.561670884
628.561670884
628.561670884
628.561670884
628.561670884
628.561670884
628.561670884
628.561670884
628.561670884
628.561670884
628.561670884
628.561670884
628.561670884
628.561670884
628.561670884
628.561670884
628.561670884
628.561670884
628.561670884
628.561670884
628.561670884
628.561670884
628.561670884
628.561670884
628.561670884
628.561670884
628.561670884
628.561670884
628.561670884
628.561670884
628.561670884
628.561670884
628.561670884
628.561670884
628.561670884
628.561670884
628.561670884
628.561670884
628.561670884
628.561670884
628.561670884
628.561670884
628.561670884
628.561670884
628.561670884
628.561670884
628.561670884
628.561670884
628.561670884
628.561670884
628.561670884
628.561670884
628.561670884
628.561670884
628.561670884
628.561670884
628.561670884
628.561670884
628.561670884
628.561670884
628.561670884
628.561670884
628.561670884
628.561670884
628.561670884
628.561670884
628.561670884
628.561670884
628.561670884
628.561670884
628.561670884
628.561670884
628.561670884
628.561670884
628.561670884
628.561670884
628.561670884
628.561670884
628.561670884
628.561670884
628.561670884
628.561670884
628.561670884
628.561670884
628.561670884
628.561670884
628.561670884
628.561670884
628.561670884
628.561670884
628.561670884
628.561670884
628.561670884
628.561670884
628.561670884
628.561670884
628.561670884
628.561670884
628.561670884
628.561670884
628.561670884
628.561670884
628.561670884
628.561670884
628.561670884
628.561670884
628.561670884
628.561670884
628.561670884
628.561670884
628.561670884
628.561670884
628.561670884
628.561670884
628.561670884
628.561670884
628.561670884
628.561670884
628.561670884
628.561670884
628.561670884
628.561670884
628.561670884
628.561670884
628.561670884
628.561670884
628.561670884
628.561670884
628.561670884
628.561670884
628.561670884
628.561670884
628.561670884
628.561670884
628.561670884
628.561670884
628.561670884
628.561670884
628.561670884
628.561670884
628.561670884
628.561670884
628.561670884
628.561670884
628.561670884
628.561670884
628.561670884
628.561670884
628.561670884
628.561670884
628.561670884
628.561670884
628.561670884
628.561670884
628.561670884
628.561670884
628.561670884
628.561670884
628.561670884
628.561670884
628.561670884
628.561670884
628.561670884
628.561670884
628.561670884
628.561670884
628.561670884
628.561670884
628.561670884
628.561670884
628.561670884
628.561670884
628.561670884
628.561670884
628.561670884
628.561670884
628.561670884
628.561670884
628.561670884
628.561670884
628.561670884
628.561670884
628.561670884
628.561670884
628.561670884
628.561670884
628.561670884
628.561670884
628.561670884
628.561670884
628.561670884
628.561670884
628.561670884
628.561670884
628.561670884
628.561670884
628.561670884
628.561670884
628.561670884
628.561670884
628.561670884
628.561670884
628.561670884
628.561670884
628.561670884
628.561670884
628.561670884
628.561670884
628.561670884
628.561670884
628.561670884
628.561670884
628.561670884
628.561670884
628.561670884
628.561670884
628.561670884
628.561670884
628.561670884
628.561670884
628.561670884
628.561670884
628.561670884
628.561670884
628.561670884
628.561670884
628.561670884
628.561670884
628.561670884
628.561670884
628.561670884
628.561670884
628.561670884
628.561670884
628.561670884
628.561670884
628.561670884
628.561670884
628.561670884
628.561670884
628.561670884
628.561670884
628.561670884
628.561670884
628.561670884
628.561670884
628.561670884
628.561670884
628.561670884
628.561670884
628.561670884
628.561670884
628.561670884
628.561670884
628.561670884
628.561670884
628.561670884
628.561670884
628.561670884
628.561670884
628.561670884
628.561670884
628.561670884
628.561670884
628.561670884
628.561670884
628.561670884
628.561670884
628.561670884
628.561670884
628.561670884
628.561670884
628.561670884
628.561670884
628.561670884
628.561670884
628.561670884
628.561670884
628.561670884
628.561670884
628.561670884
628.561670884
628.561670884
628.561670884
628.561670884
628.561670884
628.561670884
628.561670884
628.561670884
628.561670884
628.561670884
628.561670884
628.561670884
628.561670884
628.561670884
628.561670884
628.561670884
628.561670884
628.561670884
628.561670884
628.561670884
628.561670884
628.561670884
628.561670884
628.561670884
628.561670884
628.561670884
628.561670884
628.561670884
628.561670884
628.561670884
628.561670884
628.561670884
628.561670884
628.561670884
628.561670884
628.561670884
628.561670884
628.561670884
628.561670884
628.561670884
628.561670884
628.561670884
628.561670884
628.561670884
628.561670884
628.561670884
628.561670884
628.561670884
628.561670884
628.561670884
628.561670884
628.561670884
628.561670884
628.561670884
628.561670884
628.561670884
628.561670884
628.561670884
628.561670884
628.561670884
628.561670884
628.561670884
628.561670884
628.561670884
628.561670884
628.561670884
628.561670884
628.561670884
628.561670884
628.561670884
628.561670884
628.561670884
628.561670884
628.561670884
628.561670884
628.561670884
628.561670884
628.561670884
628.561670884
628.561670884
628.561670884
628.561670884
628.561670884
628.561670884
628.561670884
628.561670884
628.561670884
628.561670884
628.561670884
628.561670884
628.561670884
628.561670884
628.561670884
628.561670884
628.561670884
628.561670884
628.561670884
628.561670884
628.561670884
628.561670884
628.561670884
628.561670884
628.561670884
628.561670884
628.561670884
628.561670884
628.561670884
628.561670884
628.561670884
628.561670884
628.561670884
628.561670884
628.561670884
628.561670884
628.561670884
628.561670884
628.561670884
628.561670884
628.561670884
628.561670884
628.561670884
628.561670884
628.561670884
628.561670884
628.561670884
628.561670884
628.561670884
628.561670884
628.561670884
628.561670884
628.561670884
628.561670884
628.561670884
628.561670884
628.561670884
628.561670884
628.561670884
628.561670884
628.561670884
628.561670884
628.561670884
628.561670884
628.561670884
628.561670884
628.561670884
628.561670884
628.561670884
628.561670884
628.561670884
628.561670884
628.561670884
628.561670884
628.561670884
628.561670884
628.561670884
628.561670884
628.561670884
628.561670884
628.561670884
628.561670884
628.561670884
628.561670884
628.561670884
628.561670884
628.561670884
628.561670884
628.561670884
628.561670884
628.561670884
628.561670884
628.561670884
628.561670884
628.561670884
628.561670884
628.561670884
628.561670884
628.561670884
628.561670884
628.561670884
628.561670884
628.561670884
628.561670884
628.561670884
628.561670884
628.561670884
628.561670884
628.561670884
628.561670884
628.561670884
628.561670884
628.561670884
628.561670884
628.561670884
628.561670884
628.561670884
628.561670884
628.561670884
628.561670884
628.561670884
628.561670884
628.561670884
628.561670884
628.561670884
628.561670884
628.561670884
628.561670884
628.561670884
628.561670884
628.561670884
628.561670884
628.561670884
628.561670884
628.561670884
628.561670884
628.561670884
628.561670884
628.561670884
628.561670884
628.561670884
628.561670884
628.561670884
628.561670884
628.561670884
628.561670884
628.561670884
628.561670884
628.561670884
628.561670884
628.561670884
628.561670884
628.561670884
628.561670884
628.561670884
628.561670884
628.561670884
628.561670884
628.561670884
628.561670884
628.561670884
628.561670884
628.561670884
628.561670884
628.561670884
628.561670884
628.561670884
628.561670884
628.561670884
628.561670884
628.561670884
628.561670884
628.561670884
628.561670884
628.561670884
628.561670884
628.561670884
628.561670884
628.561670884
628.561670884
628.561670884
628.561670884
628.561670884
628.561670884
628.561670884
628.561670884
628.561670884
628.561670884
628.561670884
628.561670884
628.561670884
628.561670884
628.561670884
628.561670884
628.561670884
628.561670884
628.561670884
628.561670884
628.561670884
628.561670884
628.561670884
628.561670884
628.561670884
628.561670884
628.561670884
628.561670884
628.561670884
628.561670884
628.561670884
628.561670884
628.561670884
628.561670884
628.561670884
628.561670884
628.561670884
628.561670884
628.561670884
628.561670884
628.561670884
628.561670884
628.561670884
628.561670884
628.561670884
628.561670884
628.561670884
628.561670884
628.561670884
628.561670884
628.561670884
628.561670884
628.561670884
628.561670884
628.561670884
628.561670884
628.561670884
628.561670884
628.561670884
628.561670884
628.561670884
628.561670884
628.561670884
628.561670884
628.561670884
628.561670884
628.561670884
628.561670884
628.561670884
628.561670884
628.561670884
628.561670884
628.561670884
628.561670884
628.561670884
628.561670884
628.561670884
628.561670884
628.561670884
628.561670884
628.561670884
628.561670884
628.561670884
628.561670884
628.561670884
628.561670884
628.561670884
628.561670884
628.561670884
628.561670884
628.561670884
628.561670884
628.561670884
628.561670884
628.561670884
628.561670884
628.561670884
628.561670884
628.561670884
628.561670884
628.561670884
628.561670884
628.561670884
628.561670884
628.561670884
628.561670884
628.561670884
628.561670884
628.561670884
628.561670884
628.561670884
628.561670884
628.561670884
628.561670884
628.561670884
628.561670884
628.561670884
628.561670884
628.561670884
628.561670884
628.561670884
628.561670884
628.561670884
628.561670884
628.561670884
628.561670884
628.561670884
628.561670884
628.561670884
628.561670884
628.561670884
628.561670884
628.561670884
628.561670884
628.561670884
628.561670884
628.561670884
628.561670884
628.561670884
628.561670884
628.561670884
628.561670884
628.561670884
628.561670884
628.561670884
628.561670884
628.561670884
628.561670884
628.561670884
628.561670884
628.561670884
628.561670884
628.561670884
628.561670884
628.561670884
628.561670884
628.561670884
628.561670884
628.561670884
628.561670884
628.561670884
628.561670884
628.561670884
628.561670884
628.561670884
628.561670884
628.561670884
628.561670884
628.561670884
628.561670884
628.561670884
628.561670884
628.561670884
628.561670884
628.561670884
628.561670884
628.561670884
628.561670884
628.561670884
628.561670884
628.561670884
628.561670884
628.561670884
628.561670884
628.561670884
628.561670884
628.561670884
628.561670884
628.561670884
628.561670884
628.561670884
628.561670884
628.561670884
628.561670884
628.561670884
628.561670884
628.561670884
628.561670884
628.561670884
628.561670884
628.561670884
628.561670884
628.561670884
628.561670884
628.561670884
628.561670884
628.561670884
628.561670884
628.561670884
628.561670884
628.561670884
628.561670884
628.561670884
628.561670884
628.561670884
628.561670884
628.561670884
628.561670884
628.561670884
628.561670884
628.561670884
628.561670884
628.561670884
628.561670884
628.561670884
628.561670884
628.561670884
628.561670884
628.561670884
628.561670884
628.561670884
628.561670884
628.561670884
628.561670884
628.561670884
628.561670884
628.561670884
628.561670884
628.561670884
628.561670884
628.561670884
628.561670884
628.561670884
628.561670884
628.561670884
628.561670884
628.561670884
628.561670884
628.561670884
628.561670884
628.561670884
628.561670884
628.561670884
628.561670884
628.561670884
628.561670884
628.561670884
628.561670884
628.561670884
628.561670884
628.561670884
628.561670884
628.561670884
628.561670884
628.561670884
628.561670884
628.561670884
628.561670884
628.561670884
628.561670884
628.561670884
628.561670884
628.561670884
628.561670884
628.561670884
628.561670884
628.561670884
628.561670884
628.561670884
628.561670884
628.561670884
628.561670884
628.561670884
628.561670884
628.561670884
628.561670884
628.561670884
628.561670884
628.561670884
628.561670884
628.561670884
628.561670884
628.561670884
628.561670884
628.561670884
628.561670884
628.561670884
628.561670884
628.561670884
628.561670884
628.561670884
628.561670884
628.561670884
628.561670884
628.561670884
628.561670884
628.561670884
628.561670884
628.561670884
628.561670884
628.561670884
628.561670884
628.561670884
628.561670884
628.561670884
628.561670884
628.561670884
628.561670884
628.561670884
628.561670884
628.561670884
628.561670884
628.561670884
628.561670884
628.561670884
628.561670884
628.561670884
628.561670884
628.561670884
628.561670884
628.561670884
628.561670884
628.561670884
628.561670884
628.561670884
628.561670884
628.561670884
628.561670884
628.561670884
628.561670884
628.561670884
628.561670884
628.561670884
628.561670884
628.561670884
628.561670884
628.561670884
628.561670884
628.561670884
628.561670884
628.561670884
628.561670884
628.561670884
628.561670884
628.561670884
628.561670884
628.561670884
628.561670884
628.561670884
628.561670884
628.561670884
628.561670884
628.561670884
628.561670884
628.561670884
628.561670884
628.561670884
628.561670884
628.561670884
628.561670884
628.561670884
628.561670884
628.561670884
628.561670884
628.561670884
628.561670884
628.561670884
628.561670884
628.561670884
628.561670884
628.561670884
628.561670884
628.561670884
628.561670884
628.561670884
628.561670884
628.561670884
628.561670884
628.561670884
628.561670884
628.561670884
628.561670884
628.561670884
628.561670884
628.561670884
628.561670884
628.561670884
628.561670884
628.561670884
628.561670884
628.561670884
628.561670884
628.561670884
628.561670884
628.561670884
628.561670884
628.561670884
628.561670884
628.561670884
628.561670884
628.561670884
628.561670884
628.561670884
628.561670884
628.561670884
628.561670884
628.561670884
628.561670884
628.561670884
628.561670884
628.561670884
628.561670884
628.561670884
628.561670884
628.561670884
628.561670884
628.561670884
628.561670884
628.561670884
628.561670884
628.561670884
628.561670884
628.561670884
628.561670884
628.561670884
628.561670884
628.561670884
628.561670884
628.561670884
628.561670884
628.561670884
628.561670884
628.561670884
628.561670884
628.561670884
628.561670884
628.561670884
628.561670884
628.561670884
628.561670884
628.561670884
628.561670884
628.561670884
628.561670884
628.561670884
628.561670884
628.561670884
628.561670884
628.561670884
628.561670884
628.561670884
628.561670884
628.561670884
628.561670884
628.561670884
628.561670884
628.561670884
628.561670884
628.561670884
628.561670884
628.561670884
628.561670884
628.561670884
628.561670884
628.561670884
628.561670884
628.561670884
628.561670884
628.561670884
628.561670884
628.561670884
628.561670884
628.561670884
628.561670884
628.561670884
628.561670884
628.561670884
628.561670884
628.561670884
628.561670884
628.561670884
628.561670884
628.561670884
628.561670884
628.561670884
628.561670884
628.561670884
628.561670884
628.561670884
628.561670884
628.561670884
628.561670884
628.561670884
628.561670884
628.561670884
628.561670884
628.561670884
628.561670884
628.561670884
628.561670884
628.561670884
628.561670884
628.561670884
628.561670884
628.561670884
628.561670884
628.561670884
628.561670884
628.561670884
628.561670884
628.561670884
628.561670884
628.561670884
628.561670884
628.561670884
628.561670884
628.561670884
628.561670884
628.561670884
628.561670884
628.561670884
628.561670884
628.561670884
628.561670884
628.561670884
628.561670884
628.561670884
628.561670884
628.561670884
628.561670884
628.561670884
628.561670884
628.561670884
628.561670884
628.561670884
628.561670884
628.561670884
628.561670884
628.561670884
628.561670884
628.561670884
628.561670884
628.561670884
628.561670884
628.561670884
628.561670884
628.561670884
628.561670884
628.561670884
628.561670884
628.561670884
628.561670884
628.561670884
628.561670884
628.561670884
628.561670884
628.561670884
628.561670884
628.561670884
628.561670884
628.561670884
628.561670884
628.561670884
628.561670884
628.561670884
628.561670884
628.561670884
628.561670884
628.561670884
628.561670884
628.561670884
628.561670884
628.561670884
628.561670884
628.561670884
628.561670884
628.561670884
628.561670884
628.561670884
628.561670884
628.561670884
628.561670884
628.561670884
628.561670884
628.561670884
628.561670884
628.561670884
628.561670884
628.561670884
628.561670884
628.561670884
628.561670884
628.561670884
628.561670884
628.561670884
628.561670884
628.561670884
628.561670884
628.561670884
628.561670884
628.561670884
628.561670884
628.561670884
628.561670884
628.561670884
628.561670884
628.561670884
628.561670884
628.561670884
628.561670884
628.561670884
628.561670884
628.561670884
628.561670884
628.561670884
628.561670884
628.561670884
628.561670884
628.561670884
628.561670884
628.561670884
628.561670884
628.561670884
628.561670884
628.561670884
628.561670884
628.561670884
628.561670884
628.561670884
628.561670884
628.561670884
628.561670884
628.561670884
628.561670884
628.561670884
628.561670884
628.561670884
628.561670884
628.561670884
628.561670884
628.561670884
628.561670884
628.561670884
628.561670884
628.561670884
628.561670884
628.561670884
628.561670884
628.561670884
628.561670884
628.561670884
628.561670884
628.561670884
628.561670884
628.561670884
628.561670884
628.561670884
628.561670884
628.561670884
628.561670884
628.561670884
628.561670884
628.561670884
628.561670884
628.561670884
628.561670884
628.561670884
628.561670884
628.561670884
628.561670884
628.561670884
628.561670884
628.561670884
628.561670884
628.561670884
628.561670884
628.561670884
628.561670884
628.561670884
628.561670884
628.561670884
628.561670884
628.561670884
628.561670884
628.561670884
628.561670884
628.561670884
628.561670884
628.561670884
628.561670884
628.561670884
628.561670884
628.561670884
628.561670884
628.561670884
628.561670884
628.561670884
628.561670884
628.561670884
628.561670884
628.561670884
628.561670884
628.561670884
628.561670884
628.561670884
628.561670884
628.561670884
628.561670884
628.561670884
628.561670884
628.561670884
628.561670884
628.561670884
628.561670884
628.561670884
628.561670884
628.561670884
628.561670884
628.561670884
628.561670884
628.561670884
628.561670884
628.561670884
628.561670884
628.561670884
628.561670884
628.561670884
628.561670884
628.561670884
628.561670884
628.561670884
628.561670884
628.561670884
628.561670884
628.561670884
628.561670884
628.561670884
628.561670884
628.561670884
628.561670884
628.561670884
628.561670884
628.561670884
628.561670884
628.561670884
628.561670884
628.561670884
628.561670884
628.561670884
628.561670884
628.561670884
628.561670884
628.561670884
628.561670884
628.561670884
628.561670884
628.561670884
628.561670884
628.561670884
628.561670884
628.561670884
628.561670884
628.561670884
628.561670884
628.561670884
628.561670884
628.561670884
628.561670884
628.561670884
628.561670884
628.561670884
628.561670884
628.561670884
628.561670884
628.561670884
628.561670884
628.561670884
628.561670884
628.561670884
628.561670884
628.561670884
628.561670884
628.561670884
628.561670884
628.561670884
628.561670884
628.561670884
628.561670884
628.561670884
628.561670884
628.561670884
628.561670884
628.561670884
628.561670884
628.561670884
628.561670884
628.561670884
628.561670884
628.561670884
628.561670884
628.561670884
628.561670884
628.561670884
628.561670884
628.561670884
628.561670884
628.561670884
628.561670884
628.561670884
628.561670884
628.561670884
628.561670884
628.561670884
628.561670884
628.561670884
628.561670884
628.561670884
628.561670884
628.561670884
628.561670884
628.561670884
628.561670884
628.561670884
628.561670884
628.561670884
628.561670884
628.561670884
628.561670884
628.561670884
628.561670884
628.561670884
628.561670884
628.561670884
628.561670884
628.561670884
628.561670884
628.561670884
628.561670884
628.561670884
628.561670884
628.561670884
628.561670884
628.561670884
628.561670884
628.561670884
628.561670884
628.561670884
628.561670884
628.561670884
628.561670884
628.561670884
628.561670884
628.561670884
628.561670884
628.561670884
628.561670884
628.561670884
628.561670884
628.561670884
628.561670884
628.561670884
628.561670884
628.561670884
628.561670884
628.561670884
628.561670884
628.561670884
628.561670884
628.561670884
628.561670884
628.561670884
628.561670884
628.561670884
628.561670884
628.561670884
628.561670884
628.561670884
628.561670884
628.561670884
628.561670884
628.561670884
628.561670884
628.561670884
628.561670884
628.561670884
628.561670884
628.561670884
628.561670884
628.561670884
628.561670884
628.561670884
628.561670884
628.561670884
628.561670884
628.561670884
628.561670884
628.561670884
628.561670884
628.561670884
628.561670884
628.561670884
628.561670884
628.561670884
628.561670884
628.561670884
628.561670884
628.561670884
628.561670884
628.561670884
628.561670884
628.561670884
628.561670884
628.561670884
628.561670884
628.561670884
628.561670884
628.561670884
628.561670884
628.561670884
628.561670884
628.561670884
628.561670884
628.561670884
628.561670884
628.561670884
628.561670884
628.561670884
628.561670884
628.561670884
628.561670884
628.561670884
628.561670884
628.561670884
628.561670884
628.561670884
628.561670884
628.561670884
628.561670884
628.561670884
628.561670884
628.561670884
628.561670884
628.561670884
628.561670884
628.561670884
628.561670884
628.561670884
628.561670884
628.561670884
628.561670884
628.561670884
628.561670884
628.561670884
628.561670884
628.561670884
628.561670884
628.561670884
628.561670884
628.561670884
628.561670884
628.561670884
628.561670884
628.561670884
628.561670884
628.561670884
628.561670884
628.561670884
628.561670884
628.561670884
628.561670884
628.561670884
628.561670884
628.561670884
628.561670884
628.561670884
628.561670884
628.561670884
628.561670884
628.561670884
628.561670884
628.561670884
628.561670884
628.561670884
628.561670884
628.561670884
628.561670884
628.561670884
628.561670884
628.561670884
628.561670884
628.561670884
628.561670884
628.561670884
628.561670884
628.561670884
628.561670884
628.561670884
628.561670884
628.561670884
628.561670884
628.561670884
628.561670884
628.561670884
628.561670884
628.561670884
628.561670884
628.561670884
628.561670884
628.561670884
628.561670884
628.561670884
628.561670884
628.561670884
628.561670884
628.561670884
628.561670884
628.561670884
628.561670884
628.561670884
628.561670884
628.561670884
628.561670884
628.561670884
628.561670884
628.561670884
628.561670884
628.561670884
628.561670884
628.561670884
628.561670884
628.561670884
628.561670884
628.561670884
628.561670884
628.561670884
628.561670884
628.561670884
628.561670884
628.561670884
628.561670884
628.561670884
628.561670884
628.561670884
628.561670884
628.561670884
628.561670884
628.561670884
628.561670884
628.561670884
628.561670884
628.561670884
628.561670884
628.561670884
628.561670884
628.561670884
628.561670884
628.561670884
628.561670884
628.561670884
628.561670884
628.561670884
628.561670884
628.561670884
628.561670884
628.561670884
628.561670884
628.561670884
628.561670884
628.561670884
628.561670884
628.561670884
628.561670884
628.561670884
628.561670884
628.561670884
628.561670884
628.561670884
628.561670884
628.561670884
628.561670884
628.561670884
628.561670884
628.561670884
628.561670884
628.561670884
628.561670884
628.561670884
628.561670884
628.561670884
628.561670884
628.561670884
628.561670884
628.561670884
628.561670884
628.561670884
628.561670884
628.561670884
628.561670884
628.561670884
628.561670884
628.561670884
628.561670884
628.561670884
628.561670884
628.561670884
628.561670884
628.561670884
628.561670884
628.561670884
628.561670884
628.561670884
628.561670884
628.561670884
628.561670884
628.561670884
628.561670884
628.561670884
628.561670884
628.561670884
628.561670884
628.561670884
628.561670884
628.561670884
628.561670884
628.561670884
628.561670884
628.561670884
628.561670884
628.561670884
628.561670884
628.561670884
628.561670884
628.561670884
628.561670884
628.561670884
628.561670884
628.561670884
628.561670884
628.561670884
628.561670884
628.561670884
628.561670884
628.561670884
628.561670884
628.561670884
628.561670884
628.561670884
628.561670884
628.561670884
628.561670884
628.561670884
628.561670884
628.561670884
628.561670884
628.561670884
628.561670884
628.561670884
628.561670884
628.561670884
628.561670884
628.561670884
628.561670884
628.561670884
628.561670884
628.561670884
628.561670884
628.561670884
628.561670884
628.561670884
628.561670884
628.561670884
628.561670884
628.561670884
628.561670884
628.561670884
628.561670884
628.561670884
628.561670884
628.561670884
628.561670884
628.561670884
628.561670884
628.561670884
628.561670884
628.561670884
628.561670884
628.561670884
628.561670884
628.561670884
628.561670884
628.561670884
628.561670884
628.561670884
628.561670884
628.561670884
628.561670884
628.561670884
628.561670884
628.561670884
628.561670884
628.561670884
628.561670884
628.561670884
628.561670884
628.561670884
628.561670884
628.561670884
628.561670884
628.561670884
628.561670884
628.561670884
628.561670884
628.561670884
628.561670884
628.561670884
628.561670884
628.561670884
628.561670884
628.561670884
628.561670884
628.561670884
628.561670884
628.561670884
628.561670884
628.561670884
628.561670884
628.561670884
628.561670884
628.561670884
628.561670884
628.561670884
628.561670884
628.561670884
628.561670884
628.561670884
628.561670884
628.561670884
628.561670884
628.561670884
628.561670884
628.561670884
628.561670884
628.561670884
628.561670884
628.561670884
628.561670884
628.561670884
628.561670884
628.561670884
628.561670884
628.561670884
628.561670884
628.561670884
628.561670884
628.561670884
628.561670884
628.561670884
628.561670884
628.561670884
628.561670884
628.561670884
628.561670884
628.561670884
628.561670884
628.561670884
628.561670884
628.561670884
628.561670884
628.561670884
628.561670884
628.561670884
628.561670884
628.561670884
628.561670884
628.561670884
628.561670884
628.561670884
628.561670884
628.561670884
628.561670884
628.561670884
628.561670884
628.561670884
628.561670884
628.561670884
628.561670884
628.561670884
628.561670884
628.561670884
628.561670884
628.561670884
628.561670884
628.561670884
628.561670884
628.561670884
628.561670884
628.561670884
628.561670884
628.561670884
628.561670884
628.561670884
628.561670884
628.561670884
628.561670884
628.561670884
628.561670884
628.561670884
628.561670884
628.561670884
628.561670884
628.561670884
628.561670884
628.561670884
628.561670884
628.561670884
628.561670884
628.561670884
628.561670884
628.561670884
628.561670884
628.561670884
628.561670884
628.561670884
628.561670884
628.561670884
628.561670884
628.561670884
628.561670884
628.561670884
628.561670884
628.561670884
628.561670884
628.561670884
628.561670884
628.561670884
628.561670884
628.561670884
628.561670884
628.561670884
628.561670884
628.561670884
628.561670884
628.561670884
628.561670884
628.561670884
628.561670884
628.561670884
628.561670884
628.561670884
628.561670884
628.561670884
628.561670884
628.561670884
628.561670884
628.561670884
628.561670884
628.561670884
628.561670884
628.561670884
628.561670884
628.561670884
628.561670884
628.561670884
628.561670884
628.561670884
628.561670884
628.561670884
628.561670884
628.561670884
628.561670884
628.561670884
628.561670884
628.561670884
628.561670884
628.561670884
628.561670884
628.561670884
628.561670884
628.561670884
628.561670884
628.561670884
628.561670884
628.561670884
628.561670884
628.561670884
628.561670884
628.561670884
628.561670884
628.561670884
628.561670884
628.561670884
628.561670884
628.561670884
628.561670884
628.561670884
628.561670884
628.561670884
628.561670884
628.561670884
628.561670884
628.561670884
628.561670884
628.561670884
628.561670884
628.561670884
628.561670884
628.561670884
628.561670884
628.561670884
628.561670884
628.561670884
628.561670884
628.561670884
628.561670884
628.561670884
628.561670884
628.561670884
628.561670884
628.561670884
628.561670884
628.561670884
628.561670884
628.561670884
628.561670884
628.561670884
628.561670884
628.561670884
628.561670884
628.561670884
628.561670884
628.561670884
628.561670884
628.561670884
628.561670884
628.561670884
628.561670884
628.561670884
628.561670884
628.561670884
628.561670884
628.561670884
628.561670884
628.561670884
628.561670884
628.561670884
628.561670884
628.561670884
628.561670884
628.561670884
628.561670884
628.561670884
628.561670884
628.561670884
628.561670884
628.561670884
628.561670884
628.561670884
628.561670884
628.561670884
628.561670884
628.561670884
628.561670884
628.561670884
628.561670884
628.561670884
628.561670884
628.561670884
628.561670884
628.561670884
628.561670884
628.561670884
628.561670884
628.561670884
628.561670884
628.561670884
628.561670884
628.561670884
628.561670884
628.561670884
628.561670884
628.561670884
628.561670884
628.561670884
628.561670884
628.561670884
628.561670884
628.561670884
628.561670884
628.561670884
628.561670884
628.561670884
628.561670884
628.561670884
628.561670884
628.561670884
628.561670884
628.561670884
628.561670884
628.561670884
628.561670884
628.561670884
628.561670884
628.561670884
628.561670884
628.561670884
628.561670884
628.561670884
628.561670884
628.561670884
628.561670884
628.561670884
628.561670884
628.561670884
628.561670884
628.561670884
628.561670884
628.561670884
628.561670884
628.561670884
628.561670884
628.561670884
628.561670884
628.561670884
628.561670884
628.561670884
628.561670884
628.561670884
628.561670884
628.561670884
628.561670884
628.561670884
628.561670884
628.561670884
628.561670884
628.561670884
628.561670884
628.561670884
628.561670884
628.561670884
628.561670884
628.561670884
628.561670884
628.561670884
628.561670884
628.561670884
628.561670884
628.561670884
628.561670884
628.561670884
628.561670884
628.561670884
628.561670884
628.561670884
628.561670884
628.561670884
628.561670884
628.561670884
628.561670884
628.561670884
628.561670884
628.561670884
628.561670884
628.561670884
628.561670884
628.561670884
628.561670884
628.561670884
628.561670884
628.561670884
628.561670884
628.561670884
628.561670884
628.561670884
628.561670884
628.561670884
628.561670884
628.561670884
628.561670884
628.561670884
628.561670884
628.561670884
628.561670884
628.561670884
628.561670884
628.561670884
628.561670884
628.561670884
628.561670884
628.561670884
628.561670884
628.561670884
628.561670884
628.561670884
628.561670884
628.561670884
628.561670884
628.561670884
628.561670884
628.561670884
628.561670884
628.561670884
628.561670884
628.561670884
628.561670884
628.561670884
628.561670884
628.561670884
628.561670884
628.561670884
628.561670884
628.561670884
628.561670884
628.561670884
628.561670884
628.561670884
628.561670884
628.561670884
628.561670884
628.561670884
628.561670884
628.561670884
628.561670884
628.561670884
628.561670884
628.561670884
628.561670884
628.561670884
628.561670884
628.561670884
628.561670884
628.561670884
628.561670884
628.561670884
628.561670884
628.561670884
628.561670884
628.561670884
628.561670884
628.561670884
628.561670884
628.561670884
628.561670884
628.561670884
628.561670884
628.561670884
628.561670884
628.561670884
628.561670884
628.561670884
628.561670884
628.561670884
628.561670884
628.561670884
628.561670884
628.561670884
628.561670884
628.561670884
628.561670884
628.561670884
628.561670884
628.561670884
628.561670884
628.561670884
628.561670884
628.561670884
628.561670884
628.561670884
628.561670884
628.561670884
628.561670884
628.561670884
628.561670884
628.561670884
628.561670884
628.561670884
628.561670884
628.561670884
628.561670884
628.561670884
628.561670884
628.561670884
628.561670884
628.561670884
628.561670884
628.561670884
628.561670884
628.561670884
628.561670884
628.561670884
628.561670884
628.561670884
628.561670884
628.561670884
628.561670884
628.561670884
628.561670884
628.561670884
628.561670884
628.561670884
628.561670884
628.561670884
628.561670884
628.561670884
628.561670884
628.561670884
628.561670884
628.561670884
628.561670884
628.561670884
628.561670884
628.561670884
628.561670884
628.561670884
628.561670884
628.561670884
628.561670884
628.561670884
628.561670884
628.561670884
628.561670884
628.561670884
628.561670884
628.561670884
628.561670884
628.561670884
628.561670884
628.561670884
628.561670884
628.561670884
628.561670884
628.561670884
628.561670884
628.561670884
628.561670884
628.561670884
628.561670884
628.561670884
628.561670884
628.561670884
628.561670884
628.561670884
628.561670884
628.561670884
628.561670884
628.561670884
628.561670884
628.561670884
628.561670884
628.561670884
628.561670884
628.561670884
628.561670884
628.561670884
628.561670884
628.561670884
628.561670884
628.561670884
628.561670884
628.561670884
628.561670884
628.561670884
628.561670884
628.561670884
628.561670884
628.561670884
628.561670884
628.561670884
628.561670884
628.561670884
628.561670884
628.561670884
628.561670884
628.561670884
628.561670884
628.561670884
628.561670884
628.561670884
628.561670884
628.561670884
628.561670884
628.561670884
628.561670884
628.561670884
628.561670884
628.561670884
628.561670884
628.561670884
628.561670884
628.561670884
628.561670884
628.561670884
628.561670884
628.561670884
628.561670884
628.561670884
628.561670884
628.561670884
628.561670884
628.561670884
628.561670884
628.561670884
628.561670884
628.561670884
628.561670884
628.561670884
628.561670884
628.561670884
628.561670884
628.561670884
628.561670884
628.561670884
628.561670884
628.561670884
628.561670884
628.561670884
628.561670884
628.561670884
628.561670884
628.561670884
628.561670884
628.561670884
628.561670884
628.561670884
628.561670884
628.561670884
628.561670884
628.561670884
628.561670884
628.561670884
628.561670884
628.561670884
628.561670884
628.561670884
628.561670884
628.561670884
628.561670884
628.561670884
628.561670884
628.561670884
628.561670884
628.561670884
628.561670884
628.561670884
628.561670884
628.561670884
628.561670884
628.561670884
628.561670884
628.561670884
628.561670884
628.561670884
628.561670884
628.561670884
628.561670884
628.561670884
628.561670884
628.561670884
628.561670884
628.561670884
628.561670884
628.561670884
628.561670884
628.561670884
628.561670884
628.561670884
628.561670884
628.561670884
628.561670884
628.561670884
628.561670884
628.561670884
628.561670884
628.561670884
628.561670884
628.561670884
628.561670884
628.561670884
628.561670884
628.561670884
628.561670884
628.561670884
628.561670884
628.561670884
628.561670884
628.561670884
628.561670884
628.561670884
628.561670884
628.561670884
628.561670884
628.561670884
628.561670884
628.561670884
628.561670884
628.561670884
628.561670884
628.561670884
628.561670884
628.561670884
628.561670884
628.561670884
628.561670884
628.561670884
628.561670884
628.561670884
628.561670884
628.561670884
628.561670884
628.561670884
628.561670884
628.561670884
628.561670884
628.561670884
628.561670884
628.561670884
628.561670884
628.561670884
628.561670884
628.561670884
628.561670884
628.561670884
628.561670884
628.561670884
628.561670884
628.561670884
628.561670884
628.561670884
628.561670884
628.561670884
628.561670884
628.561670884
628.561670884
628.561670884
628.561670884
628.561670884
628.561670884
628.561670884
628.561670884
628.561670884
628.561670884
628.561670884
628.561670884
628.561670884
628.561670884
628.561670884
628.561670884
628.561670884
628.561670884
628.561670884
628.561670884
628.561670884
628.561670884
628.561670884
628.561670884
628.561670884
628.561670884
628.561670884
628.561670884
628.561670884
628.561670884
628.561670884
628.561670884
628.561670884
628.561670884
628.561670884
628.561670884
628.561670884
628.561670884
628.561670884
628.561670884
628.561670884
628.561670884
628.561670884
628.561670884
628.561670884
628.561670884
628.561670884
628.561670884
628.561670884
628.561670884
628.561670884
628.561670884
628.561670884
628.561670884
628.561670884
628.561670884
628.561670884
628.561670884
628.561670884
628.561670884
628.561670884
628.561670884
628.561670884
628.561670884
628.561670884
628.561670884
628.561670884
628.561670884
628.561670884
628.561670884
628.561670884
628.561670884
628.561670884
628.561670884
628.561670884
628.561670884
628.561670884
628.561670884
628.561670884
628.561670884
628.561670884
628.561670884
628.561670884
628.561670884
628.561670884
628.561670884
628.561670884
628.561670884
628.561670884
628.561670884
628.561670884
628.561670884
628.561670884
628.561670884
628.561670884
628.561670884
628.561670884
628.561670884
628.561670884
628.561670884
628.561670884
628.561670884
628.561670884
628.561670884
628.561670884
628.561670884
628.561670884
628.561670884
628.561670884
628.561670884
628.561670884
628.561670884
628.561670884
628.561670884
628.561670884
628.561670884
628.561670884
628.561670884
628.561670884
628.561670884
628.561670884
628.561670884
628.561670884
628.561670884
628.561670884
628.561670884
628.561670884
628.561670884
628.561670884
628.561670884
628.561670884
628.561670884
628.561670884
628.561670884
628.561670884
628.561670884
628.561670884
628.561670884
628.561670884
628.561670884
628.561670884
628.561670884
628.561670884
628.561670884
628.561670884
628.561670884
628.561670884
628.561670884
628.561670884
628.561670884
628.561670884
628.561670884
628.561670884
628.561670884
628.561670884
628.561670884
628.561670884
628.561670884
628.561670884
628.561670884
628.561670884
628.561670884
628.561670884
628.561670884
628.561670884
628.561670884
628.561670884
628.561670884
628.561670884
628.561670884
628.561670884
628.561670884
628.561670884
628.561670884
628.561670884
628.561670884
628.561670884
628.561670884
628.561670884
628.561670884
628.561670884
628.561670884
628.561670884
628.561670884
628.561670884
628.561670884
628.561670884
628.561670884
628.561670884
628.561670884
628.561670884
628.561670884
628.561670884
628.561670884
628.561670884
628.561670884
628.561670884
628.561670884
628.561670884
628.561670884
628.561670884
628.561670884
628.561670884
628.561670884
628.561670884
628.561670884
628.561670884
628.561670884
628.561670884
628.561670884
628.561670884
628.561670884
628.561670884
628.561670884
628.561670884
628.561670884
628.561670884
628.561670884
628.561670884
628.561670884
628.561670884
628.561670884
628.561670884
628.561670884
628.561670884
628.561670884
628.561670884
628.561670884
628.561670884
628.561670884
628.561670884
628.561670884
628.561670884
628.561670884
628.561670884
628.561670884
628.561670884
628.561670884
628.561670884
628.561670884
628.561670884
628.561670884
628.561670884
628.561670884
628.561670884
628.561670884
628.561670884
628.561670884
628.561670884
628.561670884
628.561670884
628.561670884
628.561670884
628.561670884
628.561670884
628.561670884
628.561670884
628.561670884
628.561670884
628.561670884
628.561670884
628.561670884
628.561670884
628.561670884
628.561670884
628.561670884
628.561670884
628.561670884
628.561670884
628.561670884
628.561670884
628.561670884
628.561670884
628.561670884
628.561670884
628.561670884
628.561670884
628.561670884
628.561670884
628.561670884
628.561670884
628.561670884
628.561670884
628.561670884
628.561670884
628.561670884
628.561670884
628.561670884
628.561670884
628.561670884
628.561670884
628.561670884
628.561670884
628.561670884
628.561670884
628.561670884
628.561670884
628.561670884
628.561670884
628.561670884
628.561670884
628.561670884
628.561670884
628.561670884
628.561670884
628.561670884
628.561670884
628.561670884
628.561670884
628.561670884
628.561670884
628.561670884
628.561670884
628.561670884
628.561670884
628.561670884
628.561670884
628.561670884
628.561670884
628.561670884
628.561670884
628.561670884
628.561670884
628.561670884
628.561670884
628.561670884
628.561670884
628.561670884
628.561670884
628.561670884
628.561670884
628.561670884
628.561670884
628.561670884
628.561670884
628.561670884
628.561670884
628.561670884
628.561670884
628.561670884
628.561670884
628.561670884
628.561670884
628.561670884
628.561670884
628.561670884
628.561670884
628.561670884
628.561670884
628.561670884
628.561670884
628.561670884
628.561670884
628.561670884
628.561670884
628.561670884
628.561670884
628.561670884
628.561670884
628.561670884
628.561670884
628.561670884
628.561670884
628.561670884
628.561670884
628.561670884
628.561670884
628.561670884
628.561670884
628.561670884
628.561670884
628.561670884
628.561670884
628.561670884
628.561670884
628.561670884
628.561670884
628.561670884
628.561670884
628.561670884
628.561670884
628.561670884
628.561670884
628.561670884
628.561670884
628.561670884
628.561670884
628.561670884
628.561670884
628.561670884
628.561670884
628.561670884
628.561670884
628.561670884
628.561670884
628.561670884
628.561670884
628.561670884
628.561670884
628.561670884
628.561670884
628.561670884
628.561670884
628.561670884
628.561670884
628.561670884
628.561670884
628.561670884
628.561670884
628.561670884
628.561670884
628.561670884
628.561670884
628.561670884
628.561670884
628.561670884
628.561670884
628.561670884
628.561670884
628.561670884
628.561670884
628.561670884
628.561670884
628.561670884
628.561670884
628.561670884
628.561670884
628.561670884
628.561670884
628.561670884
628.561670884
628.561670884
628.561670884
628.561670884
628.561670884
628.561670884
628.561670884
628.561670884
628.561670884
628.561670884
628.561670884
628.561670884
628.561670884
628.561670884
628.561670884
628.561670884
628.561670884
628.561670884
628.561670884
628.561670884
628.561670884
628.561670884
628.561670884
628.561670884
628.561670884
628.561670884
628.561670884
628.561670884
628.561670884
628.561670884
628.561670884
628.561670884
628.561670884
628.561670884
628.561670884
628.561670884
628.561670884
628.561670884
628.561670884
628.561670884
628.561670884
628.561670884
628.561670884
628.561670884
628.561670884
628.561670884
628.561670884
628.561670884
628.561670884
628.561670884
628.561670884
628.561670884
628.561670884
628.561670884
628.561670884
628.561670884
628.561670884
628.561670884
628.561670884
628.561670884
628.561670884
628.561670884
628.561670884
628.561670884
628.561670884
628.561670884
628.561670884
628.561670884
628.561670884
628.561670884
628.561670884
628.561670884
628.561670884
628.561670884
628.561670884
628.561670884
628.561670884
628.561670884
628.561670884
628.561670884
628.561670884
628.561670884
628.561670884
628.561670884
628.561670884
628.561670884
628.561670884
628.561670884
628.561670884
628.561670884
628.561670884
628.561670884
628.561670884
628.561670884
628.561670884
628.561670884
628.561670884
628.561670884
628.561670884
628.561670884
628.561670884
628.561670884
628.561670884
628.561670884
628.561670884
628.561670884
628.561670884
628.561670884
628.561670884
628.561670884
628.561670884
628.561670884
628.561670884
628.561670884
628.561670884
628.561670884
628.561670884
628.561670884
628.561670884
628.561670884
628.561670884
628.561670884
628.561670884
628.561670884
628.561670884
628.561670884
628.561670884
628.561670884
628.561670884
628.561670884
628.561670884
628.561670884
628.561670884
628.561670884
628.561670884
628.561670884
628.561670884
628.561670884
628.561670884
628.561670884
628.561670884
628.561670884
628.561670884
628.561670884
628.561670884
628.561670884
628.561670884
628.561670884
628.561670884
628.561670884
628.561670884
628.561670884
628.561670884
628.561670884
628.561670884
628.561670884
628.561670884
628.561670884
628.561670884
628.561670884
628.561670884
628.561670884
628.561670884
628.561670884
628.561670884
628.561670884
628.561670884
628.561670884
628.561670884
628.561670884
628.561670884
628.561670884
628.561670884
628.561670884
628.561670884
628.561670884
628.561670884
628.561670884
628.561670884
628.561670884
628.561670884
628.561670884
628.561670884
628.561670884
628.561670884
628.561670884
628.561670884
628.561670884
628.561670884
628.561670884
628.561670884
628.561670884
628.561670884
628.561670884
628.561670884
628.561670884
628.561670884
628.561670884
628.561670884
628.561670884
628.561670884
628.561670884
628.561670884
628.561670884
628.561670884
628.561670884
628.561670884
628.561670884
628.561670884
628.561670884
628.561670884
628.561670884
628.561670884
628.561670884
628.561670884
628.561670884
628.561670884
628.561670884
628.561670884
628.561670884
628.561670884
628.561670884
628.561670884
628.561670884
628.561670884
628.561670884
628.561670884
628.561670884
628.561670884
628.561670884
628.561670884
628.561670884
628.561670884
628.561670884
628.561670884
628.561670884
628.561670884
628.561670884
628.561670884
628.561670884
628.561670884
628.561670884
628.561670884
628.561670884
628.561670884
628.561670884
628.561670884
628.561670884
628.561670884
628.561670884
628.561670884
628.561670884
628.561670884
628.561670884
628.561670884
628.561670884
628.561670884
628.561670884
628.561670884
628.561670884
628.561670884
628.561670884
628.561670884
628.561670884
628.561670884
628.561670884
628.561670884
628.561670884
628.561670884
628.561670884
628.561670884
628.561670884
628.561670884
628.561670884
628.561670884
628.561670884
628.561670884
628.561670884
628.561670884
628.561670884
628.561670884
628.561670884
628.561670884
628.561670884
628.561670884
628.561670884
628.561670884
628.561670884
628.561670884
628.561670884
628.561670884
628.561670884
628.561670884
628.561670884
628.561670884
628.561670884
628.561670884
628.561670884
628.561670884
628.561670884
628.561670884
628.561670884
628.561670884
628.561670884
628.561670884
628.561670884
628.561670884
628.561670884
628.561670884
628.561670884
628.561670884
628.561670884
628.561670884
628.561670884
628.561670884
628.561670884
628.561670884
628.561670884
628.561670884
628.561670884
628.561670884
628.561670884
628.561670884
628.561670884
628.561670884
628.561670884
628.561670884
628.561670884
628.561670884
628.561670884
628.561670884
628.561670884
628.561670884
628.561670884
628.561670884
628.561670884
628.561670884
628.561670884
628.561670884
628.561670884
628.561670884
628.561670884
628.561670884
628.561670884
628.561670884
628.561670884
628.561670884
628.561670884
628.561670884
628.561670884
628.561670884
628.561670884
628.561670884
628.561670884
628.561670884
628.561670884
628.561670884
628.561670884
628.561670884
628.561670884
628.561670884
628.561670884
628.561670884
628.561670884
628.561670884
628.561670884
628.561670884
628.561670884
628.561670884
628.561670884
628.561670884
628.561670884
628.561670884
628.561670884
628.561670884
628.561670884
628.561670884
628.561670884
628.561670884
628.561670884
628.561670884
628.561670884
628.561670884
628.561670884
628.561670884
628.561670884
628.561670884
