1747.04892141
1611.47044351
1542.97911689
1501.90507123
1460.43102959
1385.12679241
1354.2461879
1357.61178134
1357.13136944
1325.19146861
1275.05815216
1256.98683382
1247.27244293
1236.14156072
1246.95027828
1258.95134124
1256.50117096
1263.38235153
1260.13878898
1220.60917121
1190.8905246
1181.11452959
1179.31945584
1162.83218106
1176.20005165
1174.40858968
1172.24996396
1150.86960104
1134.04811453
1131.21156262
1131.21156262
1142.09284697
1114.68615476
1112.82665616
1111.91821388
1130.66087424
1120.68534561
1116.79406356
1078.51506455
1070.08653882
1052.55344043
1053.7722973
1045.94760432
1051.37612883
1028.56799489
1028.56799489
1020.57011826
1016.69281801
1017.08689554
994.014205634
982.467066318
978.233339925
987.043661679
974.988113788
976.121862891
966.491222508
979.653222024
943.919210488
941.752500205
937.578710513
951.165449595
951.165449595
959.454237341
949.75754996
948.499368982
947.196214198
947.196214198
947.920860914
952.094650606
947.721385517
908.410871592
908.410871592
887.913550598
861.429230232
843.098366426
868.562979158
876.901094505
887.585614753
887.357884406
887.25220162
896.32155821
895.605796422
895.605796422
901.743019912
875.914272034
855.178444827
865.208357864
848.388654801
839.01562003
839.01562003
839.01562003
856.371870457
854.232270089
854.265435608
854.265435608
854.265435608
852.332744242
822.919536421
809.472985235
807.262334582
807.262334582
807.262334582
807.262334582
804.087379546
804.087379546
804.087379546
807.060957888
807.060957888
807.060957888
807.060957888
813.795247133
813.795247133
809.720803537
815.124886052
801.776643256
801.776643256
801.776643256
801.776643256
801.776643256
795.530535017
791.79414702
791.79414702
787.348600836
787.348600836
787.348600836
787.348600836
787.348600836
787.348600836
787.348600836
787.348600836
774.252275045
774.252275045
774.252275045
768.341162289
758.243099953
758.243099953
758.393858171
758.393858171
758.393858171
758.393858171
758.393858171
758.393858171
758.393858171
758.393858171
758.393858171
758.393858171
758.393858171
757.818490375
757.818490375
757.818490375
757.818490375
757.818490375
757.818490375
757.818490375
757.818490375
757.818490375
757.818490375
757.818490375
757.818490375
757.818490375
757.818490375
757.818490375
757.818490375
757.818490375
757.818490375
757.818490375
757.818490375
757.818490375
757.818490375
735.377307013
735.377307013
735.377307013
735.377307013
735.377307013
735.377307013
735.377307013
735.377307013
734.568390035
734.021695088
734.021695088
734.021695088
734.021695088
724.679576516
724.679576516
724.679576516
724.679576516
715.318967769
715.318967769
715.318967769
715.318967769
715.318967769
715.318967769
715.168209552
715.168209552
715.168209552
715.168209552
715.168209552
715.168209552
715.168209552
715.168209552
715.168209552
715.168209552
715.168209552
709.752315628
709.333211599
709.333211599
696.799523869
696.799523869
696.799523869
696.799523869
694.05454612
694.05454612
694.05454612
694.05454612
694.05454612
694.05454612
694.05454612
694.05454612
694.05454612
694.05454612
694.05454612
694.05454612
694.05454612
694.05454612
694.05454612
694.05454612
694.05454612
694.05454612
694.05454612
694.05454612
694.05454612
694.05454612
694.05454612
694.05454612
694.05454612
694.05454612
694.05454612
694.05454612
694.05454612
694.05454612
694.05454612
693.071721945
693.071721945
693.071721945
693.071721945
693.071721945
693.071721945
693.071721945
693.071721945
693.071721945
693.071721945
693.071721945
693.071721945
693.071721945
693.071721945
693.071721945
693.071721945
693.071721945
693.071721945
693.071721945
693.071721945
693.071721945
693.071721945
693.071721945
692.468724005
692.468724005
692.468724005
692.468724005
692.468724005
692.468724005
692.468724005
692.468724005
692.468724005
692.468724005
692.468724005
692.468724005
692.468724005
692.468724005
692.468724005
692.468724005
692.468724005
692.468724005
692.468724005
692.468724005
692.468724005
692.468724005
692.468724005
692.468724005
692.468724005
692.468724005
692.468724005
692.468724005
692.468724005
692.468724005
689.588141702
689.588141702
689.588141702
689.588141702
689.588141702
683.326181436
683.326181436
683.326181436
683.326181436
683.326181436
683.326181436
683.326181436
683.326181436
680.652306668
680.652306668
680.652306668
680.652306668
680.652306668
675.012323514
675.012323514
675.012323514
675.012323514
675.012323514
675.012323514
675.012323514
675.012323514
668.860672281
668.860672281
668.860672281
668.860672281
668.860672281
668.860672281
668.860672281
668.860672281
668.860672281
668.860672281
668.860672281
668.860672281
668.860672281
668.860672281
668.860672281
668.860672281
668.860672281
668.860672281
668.860672281
666.817943878
666.817943878
666.817943878
666.817943878
666.817943878
666.817943878
666.817943878
666.817943878
666.817943878
666.817943878
666.817943878
666.817943878
666.817943878
666.817943878
666.817943878
666.817943878
666.817943878
666.817943878
666.817943878
662.788255781
662.788255781
662.788255781
662.788255781
662.788255781
662.788255781
662.788255781
662.788255781
662.788255781
662.788255781
662.788255781
662.788255781
662.788255781
662.788255781
662.788255781
662.788255781
662.788255781
662.788255781
662.788255781
662.788255781
662.788255781
662.788255781
662.788255781
662.788255781
662.788255781
662.788255781
662.788255781
662.788255781
662.788255781
662.788255781
662.788255781
662.788255781
662.788255781
662.788255781
662.788255781
662.788255781
662.788255781
662.788255781
662.788255781
662.788255781
662.788255781
662.788255781
660.839315486
658.944836205
658.944836205
658.944836205
658.944836205
658.944836205
658.944836205
658.944836205
658.944836205
658.944836205
658.944836205
658.944836205
658.944836205
658.944836205
658.944836205
658.944836205
658.944836205
658.944836205
658.944836205
658.944836205
658.944836205
658.944836205
658.944836205
652.11185536
652.11185536
652.11185536
652.11185536
652.11185536
652.11185536
652.11185536
652.11185536
652.11185536
652.11185536
652.11185536
652.11185536
652.11185536
652.11185536
652.11185536
652.11185536
652.11185536
652.11185536
652.11185536
652.11185536
652.11185536
652.11185536
652.11185536
652.11185536
652.11185536
652.11185536
652.11185536
652.11185536
652.11185536
652.11185536
652.11185536
652.11185536
652.11185536
652.11185536
652.11185536
652.11185536
652.11185536
652.11185536
652.11185536
652.11185536
652.11185536
638.151709164
634.466049041
634.466049041
634.466049041
634.466049041
634.466049041
634.466049041
634.466049041
634.466049041
634.466049041
634.466049041
634.466049041
623.94943902
623.94943902
623.94943902
623.94943902
623.94943902
623.94943902
623.94943902
623.94943902
623.94943902
623.94943902
623.94943902
623.94943902
623.94943902
623.94943902
623.94943902
615.427078154
615.427078154
615.427078154
615.427078154
615.427078154
615.427078154
615.427078154
615.427078154
615.427078154
615.427078154
615.427078154
615.427078154
615.427078154
615.427078154
615.427078154
615.427078154
615.427078154
615.427078154
615.427078154
615.427078154
615.427078154
615.427078154
615.427078154
614.819720222
614.819720222
614.819720222
614.819720222
613.394340587
613.394340587
613.394340587
613.394340587
613.394340587
613.394340587
613.394340587
613.394340587
613.394340587
613.394340587
613.394340587
613.394340587
613.394340587
613.394340587
613.394340587
613.394340587
613.394340587
613.394340587
613.394340587
613.394340587
613.394340587
613.394340587
613.394340587
613.394340587
613.394340587
613.394340587
613.394340587
613.394340587
613.394340587
613.394340587
613.394340587
613.394340587
613.020360991
613.020360991
613.020360991
613.020360991
613.020360991
613.020360991
613.020360991
613.020360991
613.020360991
613.020360991
613.020360991
609.970712976
609.970712976
609.970712976
609.970712976
600.657734832
600.657734832
600.657734832
600.657734832
600.657734832
600.657734832
600.657734832
600.657734832
600.657734832
600.657734832
600.657734832
600.657734832
600.657734832
600.657734832
600.657734832
600.657734832
600.657734832
600.657734832
600.657734832
600.657734832
600.657734832
600.657734832
600.657734832
600.657734832
600.657734832
600.657734832
600.657734832
600.657734832
600.657734832
600.657734832
600.657734832
600.657734832
600.523790622
600.523790622
600.523790622
600.523790622
600.523790622
600.523790622
600.523790622
600.523790622
600.523790622
600.523790622
600.523790622
600.523790622
600.523790622
600.523790622
600.523790622
600.523790622
600.523790622
600.523790622
600.523790622
600.523790622
600.523790622
600.523790622
600.523790622
600.523790622
600.523790622
600.523790622
600.523790622
600.523790622
594.045812745
594.045812745
594.045812745
594.045812745
594.045812745
594.045812745
594.045812745
594.045812745
594.045812745
593.957399239
593.957399239
593.957399239
593.957399239
593.957399239
593.957399239
593.957399239
593.957399239
593.957399239
593.957399239
593.957399239
593.957399239
593.957399239
593.957399239
593.957399239
593.957399239
593.957399239
593.957399239
593.957399239
593.957399239
593.957399239
593.957399239
593.957399239
593.957399239
593.957399239
593.957399239
593.957399239
593.957399239
593.957399239
593.957399239
593.957399239
593.957399239
593.957399239
593.957399239
593.957399239
593.957399239
593.957399239
593.957399239
593.957399239
593.957399239
593.957399239
593.957399239
593.957399239
593.957399239
593.957399239
593.957399239
593.957399239
593.957399239
593.957399239
593.957399239
593.957399239
593.957399239
593.957399239
593.957399239
593.957399239
593.957399239
593.957399239
593.957399239
593.957399239
593.957399239
593.957399239
593.957399239
593.957399239
593.957399239
593.957399239
593.957399239
593.957399239
593.957399239
593.957399239
593.957399239
593.957399239
593.957399239
593.957399239
593.957399239
593.957399239
593.957399239
593.957399239
593.957399239
593.957399239
593.957399239
593.957399239
593.957399239
593.957399239
593.957399239
593.957399239
593.957399239
593.957399239
593.957399239
593.957399239
593.957399239
593.957399239
593.957399239
593.957399239
593.957399239
593.957399239
593.957399239
593.957399239
593.957399239
593.957399239
593.957399239
593.957399239
593.957399239
593.957399239
593.957399239
593.957399239
593.957399239
593.957399239
593.957399239
593.957399239
593.957399239
593.957399239
593.957399239
593.957399239
593.957399239
593.957399239
593.957399239
593.957399239
593.957399239
593.957399239
593.957399239
593.957399239
593.957399239
593.092026455
593.092026455
593.092026455
593.092026455
593.092026455
593.092026455
593.092026455
593.092026455
593.092026455
593.092026455
593.092026455
593.092026455
593.092026455
593.092026455
593.092026455
593.092026455
593.092026455
593.092026455
589.507749094
589.507749094
589.507749094
589.507749094
589.507749094
589.507749094
589.507749094
589.507749094
589.507749094
589.507749094
589.507749094
589.507749094
589.507749094
589.507749094
589.507749094
589.507749094
589.507749094
589.507749094
589.507749094
589.507749094
589.507749094
589.507749094
589.507749094
589.507749094
589.507749094
589.507749094
589.507749094
589.507749094
589.507749094
589.507749094
589.507749094
589.507749094
589.507749094
589.507749094
589.507749094
589.507749094
589.507749094
589.507749094
589.507749094
589.507749094
589.507749094
589.507749094
589.507749094
589.507749094
589.507749094
589.507749094
589.507749094
589.507749094
589.507749094
589.507749094
589.507749094
589.507749094
589.507749094
589.507749094
589.507749094
589.507749094
589.507749094
589.507749094
589.507749094
589.507749094
589.507749094
589.507749094
589.507749094
589.507749094
589.507749094
589.507749094
589.507749094
589.507749094
589.507749094
589.507749094
589.507749094
589.507749094
589.507749094
589.507749094
589.507749094
589.507749094
589.507749094
589.507749094
589.507749094
589.507749094
589.507749094
589.507749094
589.507749094
589.507749094
589.507749094
589.507749094
589.507749094
589.507749094
589.507749094
589.507749094
589.507749094
589.507749094
589.507749094
589.507749094
589.507749094
589.507749094
589.507749094
589.507749094
589.507749094
589.507749094
589.507749094
589.507749094
589.507749094
589.507749094
589.507749094
589.507749094
589.507749094
589.507749094
589.507749094
589.507749094
589.507749094
589.507749094
589.507749094
589.507749094
589.507749094
589.507749094
589.507749094
589.507749094
589.507749094
589.507749094
589.507749094
589.507749094
589.507749094
589.507749094
589.507749094
589.507749094
589.507749094
589.507749094
589.507749094
589.507749094
589.507749094
589.507749094
589.507749094
589.507749094
589.507749094
589.507749094
589.507749094
589.507749094
589.507749094
589.507749094
589.507749094
589.507749094
589.507749094
589.507749094
589.507749094
589.507749094
589.507749094
589.507749094
589.507749094
589.507749094
589.507749094
589.507749094
589.507749094
589.507749094
589.507749094
589.507749094
589.507749094
589.507749094
589.507749094
589.507749094
589.507749094
589.507749094
589.507749094
589.507749094
589.507749094
589.507749094
589.507749094
589.507749094
589.507749094
589.507749094
589.507749094
589.507749094
589.507749094
589.507749094
589.507749094
589.507749094
589.507749094
589.507749094
589.507749094
589.507749094
589.507749094
589.507749094
589.507749094
589.507749094
589.507749094
589.507749094
589.507749094
589.507749094
589.507749094
589.507749094
589.507749094
589.507749094
589.507749094
589.507749094
589.507749094
589.507749094
589.507749094
589.507749094
589.507749094
589.507749094
589.507749094
589.507749094
589.507749094
589.507749094
589.507749094
589.507749094
589.507749094
589.507749094
589.507749094
589.507749094
589.507749094
589.507749094
589.507749094
589.507749094
589.507749094
589.507749094
589.507749094
589.507749094
589.507749094
589.507749094
589.507749094
589.507749094
589.507749094
589.507749094
589.507749094
589.507749094
589.507749094
589.507749094
589.507749094
589.507749094
589.507749094
589.507749094
589.507749094
589.507749094
589.507749094
589.507749094
589.507749094
589.507749094
589.507749094
589.507749094
589.507749094
589.507749094
589.507749094
589.507749094
587.022112232
587.022112232
587.022112232
587.022112232
587.022112232
587.022112232
587.022112232
587.022112232
587.022112232
587.022112232
587.022112232
587.022112232
587.022112232
587.022112232
587.022112232
587.022112232
587.022112232
587.022112232
587.022112232
587.022112232
587.022112232
587.022112232
587.022112232
587.022112232
587.022112232
587.022112232
587.022112232
587.022112232
587.022112232
587.022112232
587.022112232
587.022112232
587.022112232
587.022112232
587.022112232
587.022112232
587.022112232
587.022112232
587.022112232
587.022112232
587.022112232
587.022112232
587.022112232
587.022112232
587.022112232
587.022112232
587.022112232
587.022112232
587.022112232
587.022112232
587.022112232
587.022112232
587.022112232
587.022112232
587.022112232
587.022112232
587.022112232
587.022112232
587.022112232
587.022112232
587.022112232
587.022112232
587.022112232
587.022112232
587.022112232
587.022112232
587.022112232
587.022112232
587.022112232
587.022112232
587.022112232
587.022112232
587.022112232
587.022112232
587.022112232
587.022112232
587.022112232
587.022112232
587.022112232
587.022112232
587.022112232
587.022112232
587.022112232
587.022112232
587.022112232
587.022112232
587.022112232
587.022112232
587.022112232
587.022112232
587.022112232
587.022112232
587.022112232
587.022112232
587.022112232
587.022112232
587.022112232
587.022112232
587.022112232
581.121737383
581.121737383
581.121737383
581.121737383
581.121737383
581.121737383
581.121737383
581.121737383
581.121737383
581.121737383
581.121737383
581.121737383
581.121737383
581.121737383
581.121737383
581.121737383
581.121737383
581.121737383
581.121737383
581.121737383
581.121737383
581.121737383
581.121737383
581.121737383
581.121737383
581.121737383
581.121737383
581.121737383
581.121737383
581.121737383
581.121737383
581.121737383
581.121737383
581.121737383
581.121737383
581.121737383
581.121737383
581.121737383
581.121737383
581.121737383
581.121737383
581.121737383
581.121737383
581.121737383
581.121737383
581.121737383
581.121737383
581.121737383
581.121737383
581.121737383
581.121737383
581.121737383
581.121737383
581.121737383
581.121737383
581.121737383
581.121737383
581.121737383
581.121737383
581.121737383
581.121737383
581.121737383
581.121737383
581.121737383
581.121737383
581.121737383
581.121737383
581.121737383
581.121737383
581.121737383
581.121737383
581.121737383
581.121737383
581.121737383
581.121737383
581.121737383
581.121737383
581.121737383
581.121737383
581.121737383
581.121737383
581.121737383
581.121737383
581.121737383
581.121737383
581.121737383
581.121737383
581.121737383
581.121737383
581.121737383
581.121737383
581.121737383
581.121737383
581.121737383
581.121737383
581.121737383
581.121737383
581.121737383
581.121737383
581.121737383
581.121737383
581.121737383
581.121737383
581.121737383
581.121737383
581.121737383
581.121737383
581.121737383
581.121737383
581.121737383
581.121737383
581.121737383
581.121737383
581.121737383
581.121737383
581.121737383
581.121737383
581.121737383
581.121737383
581.121737383
581.121737383
581.121737383
581.121737383
581.121737383
581.121737383
581.121737383
581.121737383
581.121737383
581.121737383
581.121737383
581.121737383
581.121737383
581.121737383
581.121737383
581.121737383
581.121737383
581.121737383
581.121737383
581.121737383
581.121737383
581.121737383
581.121737383
581.121737383
581.121737383
581.121737383
581.121737383
581.121737383
581.121737383
581.121737383
581.121737383
581.121737383
581.121737383
581.121737383
581.121737383
581.121737383
581.121737383
581.121737383
581.121737383
581.121737383
581.121737383
581.121737383
581.121737383
581.121737383
581.121737383
581.121737383
581.121737383
581.121737383
581.121737383
581.121737383
581.121737383
581.121737383
581.121737383
581.121737383
581.121737383
581.121737383
581.121737383
581.121737383
581.121737383
581.121737383
581.121737383
581.121737383
581.121737383
581.121737383
581.121737383
581.121737383
581.121737383
581.121737383
581.121737383
581.121737383
581.121737383
581.121737383
581.121737383
581.121737383
581.121737383
581.121737383
581.121737383
581.121737383
581.121737383
581.121737383
581.121737383
581.121737383
581.121737383
581.121737383
581.121737383
581.121737383
581.121737383
581.121737383
581.121737383
581.121737383
581.121737383
581.121737383
581.121737383
581.121737383
581.121737383
581.121737383
581.121737383
581.121737383
581.121737383
581.121737383
581.121737383
581.121737383
581.121737383
581.121737383
581.121737383
581.121737383
581.121737383
581.121737383
581.121737383
581.121737383
581.121737383
581.121737383
581.121737383
581.121737383
581.121737383
581.121737383
581.121737383
581.121737383
581.121737383
581.121737383
581.121737383
581.121737383
581.121737383
581.121737383
581.121737383
581.121737383
581.121737383
581.121737383
581.121737383
581.121737383
581.121737383
581.121737383
581.121737383
581.121737383
581.121737383
581.121737383
581.121737383
581.121737383
581.121737383
581.121737383
581.121737383
581.121737383
581.121737383
581.121737383
581.121737383
581.121737383
581.121737383
581.121737383
581.121737383
581.121737383
581.121737383
581.121737383
581.121737383
581.121737383
581.121737383
581.121737383
579.476241151
579.476241151
579.476241151
579.476241151
579.476241151
579.476241151
579.476241151
579.476241151
579.476241151
579.476241151
579.476241151
579.476241151
579.476241151
579.476241151
579.476241151
579.476241151
579.476241151
579.476241151
579.476241151
579.476241151
579.476241151
579.476241151
579.476241151
579.476241151
579.476241151
579.476241151
579.476241151
579.476241151
579.476241151
579.476241151
579.476241151
579.476241151
579.476241151
579.476241151
579.476241151
579.476241151
579.476241151
579.476241151
579.476241151
579.476241151
579.476241151
579.476241151
579.476241151
579.476241151
579.476241151
579.476241151
579.476241151
579.476241151
579.476241151
579.476241151
579.476241151
579.476241151
579.476241151
579.476241151
579.476241151
579.476241151
579.476241151
579.476241151
579.476241151
579.476241151
579.476241151
579.476241151
579.476241151
579.476241151
579.476241151
579.476241151
579.476241151
579.476241151
579.476241151
579.476241151
579.476241151
579.476241151
579.476241151
579.476241151
579.476241151
579.476241151
579.476241151
579.476241151
579.476241151
579.476241151
579.476241151
579.476241151
579.476241151
579.476241151
579.476241151
579.476241151
579.476241151
579.476241151
579.476241151
579.476241151
579.476241151
579.476241151
579.476241151
579.476241151
579.476241151
579.476241151
579.476241151
579.476241151
579.476241151
579.476241151
579.476241151
579.476241151
579.476241151
579.476241151
579.476241151
579.476241151
579.476241151
579.476241151
579.476241151
579.476241151
579.476241151
579.476241151
579.476241151
579.476241151
579.476241151
579.476241151
579.476241151
579.476241151
579.476241151
579.476241151
579.476241151
579.476241151
579.476241151
579.476241151
579.476241151
579.476241151
579.476241151
579.476241151
579.476241151
579.476241151
579.476241151
579.476241151
579.476241151
579.476241151
579.476241151
579.476241151
579.476241151
579.476241151
579.476241151
579.476241151
579.476241151
579.476241151
579.476241151
579.476241151
579.476241151
579.476241151
579.476241151
579.476241151
579.476241151
579.476241151
579.476241151
579.476241151
579.476241151
579.476241151
579.476241151
579.476241151
579.476241151
579.476241151
579.476241151
579.476241151
579.476241151
579.476241151
579.476241151
579.476241151
579.476241151
579.476241151
579.476241151
579.476241151
579.476241151
579.476241151
579.476241151
579.476241151
579.476241151
579.476241151
579.476241151
579.476241151
579.476241151
579.476241151
579.476241151
579.476241151
579.476241151
575.470962375
575.470962375
575.470962375
575.470962375
575.470962375
575.470962375
575.470962375
575.470962375
575.470962375
575.470962375
575.470962375
575.470962375
575.470962375
575.470962375
575.470962375
575.470962375
575.470962375
575.470962375
575.470962375
575.470962375
575.270600097
575.270600097
575.270600097
575.270600097
574.341460328
574.341460328
574.341460328
574.341460328
574.341460328
574.341460328
574.341460328
574.341460328
574.341460328
574.341460328
574.341460328
574.341460328
574.341460328
574.341460328
574.341460328
574.341460328
574.341460328
574.341460328
574.341460328
574.341460328
574.341460328
574.341460328
574.341460328
574.341460328
574.341460328
574.341460328
574.341460328
574.341460328
574.341460328
574.341460328
574.341460328
574.341460328
574.341460328
574.341460328
574.341460328
574.341460328
574.341460328
574.341460328
574.341460328
574.341460328
574.341460328
574.341460328
574.341460328
574.341460328
574.341460328
574.341460328
574.341460328
574.341460328
574.341460328
574.341460328
574.341460328
574.341460328
574.341460328
574.341460328
574.341460328
574.341460328
574.341460328
574.341460328
574.341460328
574.341460328
574.341460328
574.341460328
574.341460328
574.341460328
574.341460328
574.341460328
574.341460328
574.341460328
574.341460328
574.341460328
574.341460328
574.341460328
574.341460328
574.341460328
574.341460328
574.341460328
574.341460328
574.341460328
574.341460328
574.341460328
574.341460328
574.341460328
574.341460328
574.341460328
574.341460328
574.341460328
574.341460328
574.341460328
574.341460328
574.341460328
574.341460328
574.341460328
574.341460328
574.341460328
574.341460328
574.341460328
574.341460328
574.341460328
574.341460328
574.341460328
574.341460328
574.341460328
574.341460328
574.341460328
574.341460328
574.341460328
574.341460328
574.341460328
574.341460328
574.341460328
574.341460328
574.341460328
574.341460328
574.341460328
574.341460328
574.341460328
574.341460328
574.341460328
574.341460328
574.341460328
574.341460328
574.341460328
574.341460328
574.341460328
574.341460328
574.341460328
574.341460328
574.341460328
574.341460328
574.341460328
574.341460328
574.341460328
574.341460328
574.341460328
574.341460328
574.341460328
574.341460328
574.341460328
574.341460328
574.341460328
574.341460328
574.341460328
574.341460328
574.341460328
574.341460328
574.341460328
574.341460328
574.341460328
574.341460328
574.341460328
574.341460328
574.341460328
574.341460328
574.341460328
574.341460328
574.341460328
574.341460328
574.341460328
574.341460328
574.341460328
574.341460328
574.341460328
574.341460328
574.341460328
574.341460328
574.341460328
574.341460328
574.341460328
574.341460328
574.341460328
574.341460328
574.341460328
574.341460328
574.341460328
574.341460328
574.341460328
574.341460328
574.341460328
574.341460328
574.341460328
574.341460328
574.341460328
574.341460328
574.341460328
574.341460328
574.341460328
574.341460328
574.341460328
574.341460328
574.341460328
574.341460328
574.341460328
574.341460328
574.341460328
574.341460328
574.341460328
574.341460328
574.341460328
574.341460328
574.341460328
574.341460328
574.341460328
574.341460328
574.341460328
574.341460328
574.341460328
574.341460328
574.341460328
574.341460328
574.341460328
574.341460328
574.341460328
574.341460328
574.341460328
574.341460328
574.341460328
574.341460328
574.341460328
574.341460328
574.341460328
574.341460328
574.341460328
574.341460328
574.341460328
574.341460328
574.341460328
574.341460328
574.341460328
574.341460328
574.341460328
574.341460328
574.341460328
574.341460328
574.341460328
574.341460328
574.341460328
574.341460328
574.341460328
574.341460328
574.341460328
574.341460328
574.341460328
574.341460328
574.341460328
574.341460328
574.341460328
574.341460328
574.341460328
574.341460328
574.341460328
574.341460328
574.341460328
574.341460328
574.341460328
574.341460328
574.341460328
574.341460328
574.341460328
574.341460328
574.341460328
574.341460328
574.341460328
574.341460328
574.341460328
574.341460328
574.341460328
574.341460328
574.341460328
574.341460328
574.341460328
574.341460328
574.341460328
574.341460328
574.341460328
574.341460328
574.341460328
574.341460328
574.341460328
574.341460328
574.341460328
574.341460328
574.341460328
574.341460328
574.341460328
574.341460328
574.341460328
574.341460328
574.341460328
574.341460328
574.341460328
574.341460328
574.341460328
574.341460328
574.341460328
574.341460328
574.341460328
574.341460328
574.341460328
574.341460328
574.341460328
574.341460328
574.341460328
574.341460328
574.341460328
574.341460328
574.341460328
574.341460328
574.341460328
574.341460328
574.341460328
574.341460328
574.341460328
574.341460328
574.341460328
574.341460328
574.341460328
574.341460328
574.341460328
574.341460328
574.341460328
574.341460328
574.341460328
574.341460328
574.341460328
574.341460328
574.341460328
574.341460328
574.341460328
574.341460328
574.341460328
574.341460328
574.341460328
574.341460328
574.341460328
574.341460328
574.341460328
574.341460328
574.341460328
574.341460328
574.341460328
574.341460328
574.341460328
574.341460328
574.341460328
574.341460328
574.341460328
574.341460328
574.341460328
574.341460328
574.341460328
574.341460328
574.341460328
574.341460328
574.341460328
574.341460328
574.341460328
574.341460328
574.341460328
574.341460328
574.341460328
574.341460328
574.341460328
574.341460328
574.341460328
574.341460328
574.341460328
574.341460328
574.341460328
574.341460328
574.341460328
574.341460328
574.341460328
574.341460328
574.341460328
574.341460328
574.341460328
574.341460328
574.341460328
574.341460328
574.341460328
574.341460328
574.341460328
574.341460328
574.341460328
574.341460328
574.341460328
574.341460328
574.341460328
574.341460328
574.341460328
574.341460328
574.341460328
574.341460328
574.341460328
574.341460328
574.341460328
574.341460328
574.341460328
574.341460328
574.341460328
574.341460328
574.341460328
574.341460328
574.341460328
574.341460328
574.341460328
574.341460328
574.341460328
574.341460328
574.341460328
574.341460328
574.341460328
574.341460328
574.341460328
574.341460328
574.341460328
574.341460328
574.341460328
574.341460328
574.341460328
574.341460328
574.341460328
574.341460328
574.341460328
574.341460328
574.341460328
574.341460328
574.341460328
574.341460328
574.341460328
574.341460328
574.341460328
574.341460328
574.341460328
574.341460328
574.341460328
574.341460328
574.341460328
574.341460328
574.341460328
574.341460328
574.341460328
574.341460328
574.341460328
574.341460328
574.341460328
574.341460328
574.341460328
574.341460328
574.341460328
574.341460328
574.341460328
574.341460328
574.341460328
574.341460328
574.341460328
574.341460328
574.341460328
574.341460328
574.341460328
574.341460328
574.341460328
574.341460328
574.341460328
574.341460328
574.341460328
574.341460328
574.341460328
574.341460328
574.341460328
574.341460328
574.341460328
574.341460328
574.341460328
574.341460328
574.341460328
574.341460328
574.341460328
574.341460328
574.341460328
574.341460328
574.341460328
574.341460328
574.341460328
574.341460328
574.341460328
574.341460328
574.341460328
574.341460328
574.341460328
574.341460328
574.341460328
574.341460328
574.341460328
574.341460328
574.341460328
574.341460328
574.341460328
574.341460328
574.341460328
574.341460328
574.341460328
574.341460328
574.341460328
574.341460328
574.341460328
574.341460328
574.341460328
574.341460328
574.341460328
574.341460328
574.341460328
574.341460328
574.341460328
574.341460328
574.341460328
574.341460328
574.341460328
574.341460328
574.341460328
574.341460328
574.341460328
574.341460328
574.341460328
574.341460328
574.341460328
574.341460328
574.341460328
574.341460328
574.341460328
574.341460328
574.341460328
574.341460328
574.341460328
574.341460328
574.341460328
574.341460328
574.341460328
574.341460328
574.341460328
574.341460328
574.341460328
574.341460328
574.341460328
574.341460328
574.341460328
574.341460328
574.341460328
574.341460328
574.341460328
574.341460328
574.341460328
574.341460328
574.341460328
574.341460328
574.341460328
574.341460328
574.341460328
574.341460328
574.341460328
574.341460328
574.341460328
574.341460328
574.341460328
574.341460328
574.341460328
574.341460328
574.341460328
574.341460328
574.341460328
574.341460328
574.341460328
574.341460328
574.341460328
574.341460328
574.341460328
574.341460328
574.341460328
574.310079564
574.310079564
574.310079564
574.310079564
574.310079564
574.310079564
574.310079564
574.310079564
574.310079564
574.310079564
574.310079564
574.310079564
574.310079564
574.310079564
574.310079564
574.310079564
574.310079564
574.310079564
574.310079564
574.310079564
574.310079564
574.310079564
574.310079564
574.310079564
574.310079564
574.310079564
574.310079564
574.310079564
574.310079564
574.310079564
574.310079564
574.310079564
574.310079564
574.310079564
574.310079564
574.310079564
574.310079564
574.310079564
574.310079564
574.310079564
574.310079564
574.310079564
574.310079564
574.310079564
574.310079564
574.310079564
574.310079564
574.310079564
574.310079564
574.310079564
574.310079564
574.310079564
574.310079564
574.310079564
574.310079564
574.310079564
574.310079564
574.310079564
574.310079564
574.310079564
574.310079564
574.310079564
574.310079564
574.310079564
574.310079564
574.310079564
574.310079564
574.310079564
574.310079564
574.310079564
574.310079564
574.310079564
574.310079564
574.310079564
574.310079564
574.310079564
574.310079564
574.310079564
574.310079564
574.310079564
574.310079564
574.310079564
574.310079564
574.310079564
574.310079564
574.310079564
574.310079564
574.310079564
574.310079564
574.310079564
574.310079564
574.310079564
574.310079564
574.310079564
574.310079564
574.310079564
574.310079564
574.310079564
574.310079564
574.310079564
574.310079564
574.310079564
574.310079564
574.310079564
574.310079564
574.310079564
574.310079564
574.310079564
574.310079564
574.310079564
574.310079564
574.310079564
574.310079564
574.310079564
574.310079564
574.310079564
574.310079564
574.310079564
574.310079564
574.310079564
574.310079564
574.310079564
574.310079564
574.310079564
574.310079564
574.310079564
574.310079564
574.310079564
574.310079564
574.310079564
574.310079564
574.310079564
574.310079564
574.310079564
574.310079564
574.310079564
574.310079564
573.93547552
573.93547552
573.93547552
573.93547552
573.93547552
573.93547552
573.93547552
573.93547552
573.93547552
573.93547552
573.93547552
573.93547552
573.93547552
573.93547552
573.93547552
573.93547552
573.93547552
573.93547552
573.93547552
573.93547552
573.93547552
573.93547552
573.93547552
573.93547552
573.93547552
573.93547552
573.93547552
573.93547552
573.93547552
573.93547552
573.93547552
570.905014046
570.905014046
570.905014046
570.905014046
570.905014046
570.905014046
570.905014046
570.905014046
570.905014046
570.905014046
570.905014046
570.905014046
570.905014046
570.905014046
570.905014046
570.905014046
570.905014046
570.905014046
570.905014046
570.905014046
570.905014046
570.905014046
570.905014046
570.905014046
570.905014046
570.905014046
570.905014046
570.905014046
570.905014046
570.905014046
570.905014046
570.905014046
570.905014046
570.905014046
570.905014046
570.905014046
570.905014046
570.905014046
570.905014046
570.905014046
570.905014046
570.905014046
570.905014046
570.905014046
570.905014046
570.905014046
570.905014046
570.905014046
570.905014046
570.905014046
570.905014046
570.905014046
570.905014046
570.905014046
570.905014046
570.905014046
569.922497462
569.922497462
569.922497462
569.922497462
569.922497462
569.922497462
569.922497462
569.922497462
569.922497462
569.922497462
569.922497462
569.922497462
569.922497462
569.922497462
569.922497462
569.922497462
569.922497462
569.922497462
569.922497462
569.922497462
569.922497462
569.922497462
569.922497462
569.922497462
565.470699258
565.470699258
565.470699258
565.470699258
565.470699258
565.470699258
565.470699258
565.470699258
565.470699258
565.470699258
565.470699258
565.470699258
565.470699258
565.470699258
565.470699258
565.470699258
565.470699258
565.470699258
565.470699258
565.470699258
565.470699258
565.470699258
565.470699258
565.470699258
565.470699258
565.470699258
565.470699258
565.470699258
565.470699258
564.210710838
564.210710838
564.210710838
564.210710838
564.210710838
564.210710838
564.210710838
564.210710838
564.210710838
564.210710838
561.351667142
561.351667142
561.351667142
561.351667142
561.351667142
558.032380272
558.032380272
558.032380272
558.032380272
558.032380272
558.032380272
558.032380272
558.032380272
558.032380272
558.032380272
558.032380272
558.032380272
558.032380272
558.032380272
558.032380272
558.032380272
558.032380272
558.032380272
556.662146782
556.662146782
556.662146782
556.662146782
556.662146782
556.662146782
556.662146782
556.662146782
556.662146782
556.662146782
556.662146782
556.662146782
556.662146782
556.662146782
556.662146782
556.662146782
556.662146782
556.662146782
556.662146782
556.662146782
556.662146782
556.662146782
556.662146782
556.662146782
556.662146782
556.662146782
556.662146782
556.662146782
556.662146782
556.662146782
556.662146782
556.662146782
556.662146782
556.662146782
556.662146782
556.662146782
556.662146782
556.662146782
556.662146782
556.662146782
556.662146782
556.662146782
556.662146782
556.662146782
556.662146782
556.662146782
556.662146782
556.662146782
556.662146782
556.662146782
556.662146782
556.662146782
556.662146782
556.662146782
556.662146782
556.662146782
553.888518013
553.888518013
553.888518013
553.888518013
553.888518013
553.888518013
553.888518013
553.888518013
553.888518013
553.888518013
553.888518013
553.888518013
553.888518013
553.888518013
553.888518013
553.888518013
553.888518013
553.888518013
553.888518013
553.888518013
553.888518013
553.888518013
553.888518013
553.888518013
553.888518013
553.888518013
553.888518013
553.888518013
553.888518013
553.888518013
553.888518013
553.888518013
553.888518013
553.888518013
553.888518013
553.888518013
553.888518013
553.888518013
553.888518013
553.888518013
553.888518013
553.888518013
553.888518013
553.888518013
553.888518013
553.888518013
553.888518013
553.888518013
553.888518013
553.888518013
553.888518013
553.888518013
553.888518013
553.888518013
553.888518013
553.888518013
553.888518013
553.888518013
553.888518013
553.888518013
553.888518013
553.888518013
553.888518013
553.888518013
553.888518013
553.888518013
553.888518013
553.888518013
553.888518013
553.888518013
553.888518013
553.888518013
553.888518013
553.888518013
553.888518013
553.888518013
553.888518013
553.888518013
553.888518013
553.888518013
553.888518013
553.888518013
553.888518013
553.888518013
553.888518013
553.888518013
553.888518013
553.888518013
553.888518013
553.888518013
553.888518013
553.888518013
553.888518013
553.888518013
553.888518013
553.888518013
553.888518013
553.888518013
553.888518013
553.888518013
553.888518013
553.888518013
553.888518013
553.888518013
553.888518013
553.888518013
553.888518013
553.888518013
553.888518013
553.888518013
553.888518013
553.888518013
553.888518013
553.888518013
553.888518013
553.888518013
553.888518013
553.888518013
553.888518013
553.888518013
553.888518013
553.888518013
553.888518013
553.888518013
553.888518013
553.888518013
553.888518013
553.888518013
553.888518013
553.888518013
553.888518013
553.888518013
553.888518013
553.888518013
553.888518013
553.888518013
553.888518013
553.888518013
553.888518013
553.888518013
553.888518013
553.888518013
553.888518013
553.888518013
553.888518013
553.888518013
553.888518013
553.888518013
553.888518013
553.888518013
553.888518013
553.888518013
553.888518013
553.888518013
553.888518013
553.888518013
553.888518013
553.888518013
553.888518013
553.888518013
553.888518013
553.888518013
553.888518013
553.888518013
553.888518013
553.888518013
553.888518013
553.888518013
553.888518013
553.888518013
553.888518013
553.888518013
553.888518013
553.888518013
553.888518013
553.888518013
553.888518013
553.888518013
553.888518013
553.888518013
553.888518013
553.888518013
553.888518013
553.888518013
553.888518013
553.888518013
553.888518013
553.888518013
553.888518013
553.888518013
553.888518013
553.888518013
553.888518013
553.888518013
553.888518013
553.888518013
553.888518013
553.888518013
553.888518013
553.888518013
553.888518013
553.888518013
553.888518013
553.888518013
553.661095977
548.730973625
548.730973625
548.730973625
548.730973625
548.730973625
548.730973625
548.730973625
548.730973625
548.730973625
548.730973625
548.730973625
548.730973625
548.730973625
548.730973625
548.730973625
548.730973625
548.730973625
548.730973625
548.730973625
548.730973625
548.730973625
548.730973625
548.730973625
548.730973625
548.730973625
548.730973625
548.730973625
548.730973625
548.730973625
548.730973625
548.730973625
548.730973625
548.730973625
548.730973625
548.730973625
548.730973625
548.730973625
548.730973625
548.730973625
548.730973625
548.730973625
548.730973625
548.730973625
548.730973625
548.730973625
548.730973625
548.730973625
548.730973625
548.730973625
548.730973625
548.730973625
548.730973625
548.730973625
548.730973625
548.730973625
548.730973625
548.730973625
548.730973625
548.730973625
548.730973625
548.730973625
548.730973625
548.730973625
548.730973625
548.730973625
548.730973625
548.730973625
548.730973625
548.730973625
548.730973625
548.730973625
548.730973625
548.730973625
548.730973625
548.730973625
548.730973625
548.730973625
548.730973625
548.730973625
548.730973625
548.730973625
548.730973625
548.730973625
548.730973625
548.730973625
548.730973625
548.730973625
548.730973625
548.730973625
548.730973625
548.730973625
548.730973625
548.730973625
548.730973625
548.730973625
548.730973625
548.730973625
548.730973625
548.730973625
548.730973625
548.730973625
548.730973625
548.730973625
548.730973625
548.730973625
548.730973625
548.730973625
548.730973625
548.730973625
548.730973625
548.730973625
548.730973625
548.730973625
548.730973625
548.730973625
548.730973625
548.730973625
548.730973625
548.730973625
548.730973625
548.730973625
548.730973625
548.730973625
548.730973625
548.730973625
548.730973625
548.730973625
548.730973625
548.730973625
548.730973625
548.730973625
548.730973625
548.730973625
548.730973625
548.730973625
548.730973625
548.730973625
548.730973625
548.730973625
548.730973625
548.730973625
548.730973625
548.730973625
548.730973625
548.730973625
548.730973625
548.730973625
548.730973625
548.730973625
548.730973625
548.730973625
548.730973625
548.730973625
548.730973625
548.730973625
548.730973625
548.730973625
548.730973625
548.730973625
548.730973625
548.730973625
548.730973625
548.730973625
548.730973625
548.730973625
548.730973625
548.730973625
548.730973625
548.730973625
548.730973625
548.730973625
548.730973625
548.730973625
548.730973625
548.730973625
548.730973625
548.730973625
548.730973625
548.730973625
548.730973625
548.730973625
548.730973625
548.730973625
548.730973625
548.730973625
548.730973625
548.730973625
548.730973625
548.730973625
548.730973625
548.730973625
548.730973625
548.730973625
548.730973625
548.730973625
548.730973625
548.730973625
548.730973625
548.730973625
548.730973625
548.730973625
548.730973625
548.730973625
548.730973625
548.730973625
548.730973625
548.730973625
548.730973625
548.730973625
548.730973625
548.730973625
548.730973625
548.730973625
548.730973625
548.730973625
548.730973625
548.730973625
548.730973625
548.730973625
548.730973625
548.730973625
548.730973625
548.730973625
548.730973625
548.730973625
548.730973625
548.730973625
548.730973625
548.730973625
548.730973625
548.730973625
548.730973625
548.730973625
548.730973625
548.730973625
548.730973625
548.730973625
548.730973625
548.730973625
548.730973625
548.730973625
548.730973625
548.730973625
548.730973625
548.730973625
548.730973625
548.730973625
548.730973625
548.730973625
548.730973625
548.730973625
548.730973625
548.730973625
548.730973625
548.730973625
548.730973625
548.730973625
548.730973625
548.730973625
548.730973625
548.730973625
548.730973625
548.730973625
548.730973625
548.730973625
548.730973625
548.730973625
548.730973625
548.730973625
548.730973625
548.730973625
548.730973625
548.730973625
548.730973625
548.730973625
548.730973625
548.730973625
548.730973625
548.730973625
548.730973625
548.730973625
548.730973625
548.730973625
548.730973625
548.730973625
548.730973625
548.730973625
548.730973625
548.730973625
548.730973625
548.730973625
548.730973625
548.730973625
548.730973625
548.730973625
548.730973625
548.730973625
548.730973625
548.730973625
548.730973625
548.730973625
548.730973625
548.730973625
548.730973625
548.730973625
548.730973625
548.730973625
548.730973625
548.730973625
548.730973625
548.730973625
548.730973625
548.730973625
548.730973625
548.730973625
548.730973625
548.730973625
548.730973625
548.730973625
548.730973625
548.730973625
548.730973625
548.730973625
548.730973625
548.730973625
548.730973625
548.730973625
548.730973625
548.730973625
548.730973625
548.730973625
548.730973625
548.730973625
548.730973625
548.730973625
548.730973625
548.730973625
548.730973625
548.730973625
548.730973625
548.730973625
548.730973625
548.730973625
548.730973625
548.730973625
548.730973625
548.730973625
548.730973625
548.730973625
548.730973625
548.730973625
548.730973625
548.730973625
548.730973625
548.730973625
548.730973625
548.730973625
548.730973625
548.730973625
548.730973625
548.730973625
548.730973625
548.730973625
548.730973625
548.730973625
548.730973625
548.730973625
548.730973625
548.730973625
548.730973625
548.730973625
548.730973625
548.730973625
548.730973625
548.730973625
548.730973625
548.730973625
548.730973625
548.730973625
548.730973625
548.730973625
548.730973625
548.730973625
548.730973625
548.730973625
548.730973625
548.730973625
548.730973625
548.730973625
548.730973625
548.730973625
548.730973625
548.730973625
548.730973625
548.730973625
548.730973625
548.730973625
548.730973625
548.730973625
548.730973625
548.730973625
548.730973625
548.730973625
548.730973625
548.730973625
548.730973625
548.730973625
548.730973625
548.730973625
548.730973625
548.730973625
548.730973625
548.730973625
548.730973625
548.730973625
548.730973625
548.730973625
548.730973625
548.730973625
548.730973625
548.730973625
548.730973625
548.730973625
548.730973625
548.730973625
548.730973625
548.730973625
548.730973625
548.730973625
548.730973625
548.730973625
548.730973625
548.730973625
548.730973625
548.730973625
548.730973625
548.730973625
548.730973625
548.730973625
548.730973625
548.730973625
548.730973625
548.730973625
548.730973625
548.730973625
548.730973625
548.730973625
548.730973625
548.730973625
548.730973625
548.730973625
548.730973625
548.730973625
548.730973625
548.730973625
548.730973625
548.730973625
548.730973625
548.730973625
548.730973625
548.730973625
548.730973625
548.730973625
548.730973625
548.730973625
548.730973625
548.730973625
548.730973625
548.730973625
548.730973625
548.730973625
548.730973625
548.730973625
548.730973625
548.730973625
548.730973625
548.730973625
548.730973625
548.730973625
548.730973625
548.730973625
548.730973625
548.730973625
548.730973625
548.730973625
548.730973625
548.730973625
548.730973625
548.730973625
548.730973625
548.730973625
548.730973625
548.730973625
548.730973625
548.730973625
548.730973625
548.730973625
548.730973625
548.730973625
548.730973625
548.730973625
548.730973625
548.730973625
548.730973625
548.730973625
548.730973625
548.730973625
548.730973625
548.730973625
548.730973625
548.730973625
548.730973625
548.730973625
548.730973625
548.730973625
548.730973625
548.730973625
548.730973625
548.730973625
548.730973625
548.730973625
548.730973625
548.730973625
548.730973625
548.730973625
548.730973625
548.730973625
548.730973625
548.730973625
548.730973625
548.730973625
548.730973625
548.730973625
548.730973625
548.730973625
548.730973625
548.730973625
548.730973625
548.730973625
548.730973625
548.730973625
548.730973625
548.730973625
548.730973625
548.730973625
548.730973625
548.730973625
548.730973625
548.730973625
548.730973625
548.730973625
548.730973625
548.730973625
548.730973625
548.730973625
548.730973625
548.730973625
548.730973625
548.730973625
548.730973625
548.730973625
548.730973625
548.730973625
548.730973625
548.730973625
548.730973625
548.730973625
548.730973625
548.730973625
548.730973625
548.730973625
548.730973625
548.730973625
548.730973625
548.730973625
548.730973625
548.730973625
548.730973625
548.730973625
548.730973625
548.730973625
548.730973625
548.730973625
548.730973625
548.730973625
548.730973625
548.730973625
548.730973625
548.730973625
548.730973625
548.730973625
548.730973625
548.730973625
548.730973625
548.730973625
548.730973625
548.730973625
548.730973625
548.730973625
548.730973625
548.730973625
548.730973625
548.730973625
548.730973625
548.730973625
548.730973625
548.730973625
548.730973625
548.730973625
548.730973625
548.730973625
548.730973625
548.730973625
548.730973625
548.730973625
548.730973625
548.730973625
548.730973625
548.730973625
548.730973625
548.730973625
548.730973625
548.730973625
548.730973625
548.730973625
548.730973625
548.730973625
548.730973625
548.730973625
548.730973625
548.730973625
548.730973625
548.730973625
548.730973625
548.730973625
548.730973625
548.730973625
548.730973625
548.730973625
548.730973625
548.730973625
548.730973625
548.730973625
548.730973625
548.730973625
548.730973625
548.730973625
548.730973625
548.730973625
548.730973625
548.730973625
548.730973625
548.730973625
548.730973625
548.730973625
548.730973625
548.730973625
548.730973625
548.730973625
548.730973625
548.730973625
548.730973625
548.730973625
548.730973625
548.730973625
548.730973625
548.730973625
548.730973625
548.730973625
548.730973625
548.730973625
548.730973625
548.730973625
548.730973625
548.730973625
548.730973625
548.730973625
548.730973625
548.730973625
548.730973625
548.730973625
548.730973625
548.730973625
548.730973625
548.730973625
548.730973625
548.730973625
548.730973625
548.730973625
548.730973625
548.730973625
548.730973625
548.730973625
548.730973625
548.730973625
548.730973625
548.730973625
548.730973625
548.730973625
548.730973625
548.730973625
548.730973625
548.730973625
548.730973625
548.730973625
548.730973625
548.730973625
548.730973625
548.730973625
548.730973625
548.730973625
548.730973625
548.730973625
548.730973625
548.730973625
548.730973625
548.730973625
548.730973625
548.730973625
548.730973625
548.730973625
548.730973625
548.730973625
548.730973625
548.730973625
548.730973625
548.730973625
548.730973625
548.730973625
548.730973625
548.730973625
548.730973625
548.730973625
548.730973625
548.730973625
548.730973625
548.730973625
548.730973625
548.730973625
548.730973625
548.730973625
548.730973625
548.730973625
548.730973625
548.730973625
548.730973625
548.730973625
548.730973625
548.730973625
548.730973625
548.730973625
548.730973625
548.730973625
548.730973625
548.730973625
548.730973625
548.730973625
548.730973625
548.730973625
548.730973625
548.730973625
548.730973625
548.730973625
548.730973625
548.730973625
548.730973625
548.730973625
548.730973625
548.730973625
548.730973625
548.730973625
548.730973625
548.730973625
548.730973625
548.730973625
548.730973625
548.730973625
548.730973625
548.730973625
548.730973625
548.730973625
548.730973625
548.730973625
548.730973625
548.730973625
548.730973625
548.730973625
548.730973625
548.730973625
548.730973625
548.730973625
548.730973625
548.730973625
548.730973625
548.730973625
548.730973625
548.730973625
548.730973625
548.730973625
548.730973625
548.730973625
548.730973625
548.730973625
548.730973625
548.730973625
548.730973625
548.730973625
548.730973625
548.730973625
548.730973625
548.730973625
548.730973625
548.730973625
548.730973625
548.730973625
548.730973625
548.730973625
548.730973625
548.730973625
548.730973625
548.730973625
548.730973625
548.730973625
548.730973625
548.730973625
548.730973625
548.730973625
548.730973625
548.730973625
548.730973625
548.730973625
548.730973625
548.730973625
548.730973625
548.730973625
548.730973625
548.730973625
548.730973625
548.730973625
548.730973625
548.730973625
548.730973625
548.730973625
548.730973625
548.730973625
548.730973625
548.730973625
548.730973625
548.730973625
548.730973625
548.730973625
548.730973625
548.730973625
548.730973625
548.730973625
548.730973625
548.730973625
548.730973625
548.730973625
548.730973625
548.730973625
548.730973625
548.730973625
548.730973625
548.730973625
548.730973625
548.730973625
548.730973625
548.730973625
548.730973625
548.730973625
548.730973625
548.730973625
548.730973625
548.730973625
548.730973625
548.730973625
548.730973625
548.730973625
548.730973625
548.730973625
548.730973625
548.730973625
548.730973625
548.730973625
548.730973625
548.730973625
548.730973625
548.730973625
548.730973625
548.730973625
548.730973625
548.730973625
548.730973625
548.730973625
548.730973625
548.730973625
548.730973625
548.730973625
548.730973625
548.730973625
548.730973625
548.730973625
548.730973625
548.730973625
548.730973625
548.730973625
548.730973625
548.730973625
548.730973625
548.730973625
548.730973625
548.730973625
548.730973625
548.730973625
548.730973625
548.730973625
548.730973625
548.730973625
548.730973625
548.730973625
548.730973625
548.730973625
548.730973625
548.730973625
548.730973625
548.730973625
548.730973625
548.730973625
548.730973625
548.730973625
548.730973625
548.730973625
548.730973625
548.730973625
548.730973625
548.730973625
548.730973625
548.730973625
548.730973625
548.730973625
548.730973625
548.730973625
548.730973625
548.730973625
548.730973625
548.730973625
548.730973625
548.730973625
548.730973625
548.730973625
548.730973625
548.730973625
548.730973625
548.730973625
548.730973625
548.730973625
548.730973625
548.730973625
548.730973625
548.730973625
548.730973625
548.730973625
548.730973625
548.730973625
548.730973625
548.730973625
548.730973625
548.730973625
548.730973625
548.730973625
548.730973625
548.730973625
548.730973625
548.730973625
548.730973625
548.730973625
548.730973625
548.730973625
548.730973625
548.730973625
548.730973625
548.730973625
548.730973625
548.730973625
548.730973625
548.730973625
548.730973625
548.730973625
548.730973625
548.730973625
548.730973625
548.730973625
548.730973625
548.730973625
548.730973625
548.730973625
548.730973625
548.730973625
548.730973625
548.730973625
548.730973625
548.730973625
548.730973625
548.730973625
548.730973625
548.730973625
548.730973625
548.730973625
548.730973625
548.730973625
548.730973625
548.730973625
548.730973625
548.730973625
548.730973625
548.730973625
548.730973625
548.730973625
548.730973625
548.730973625
548.730973625
548.730973625
548.730973625
548.730973625
548.730973625
548.730973625
548.730973625
548.730973625
548.730973625
548.730973625
548.730973625
548.730973625
548.730973625
548.730973625
548.730973625
548.730973625
548.730973625
548.730973625
548.730973625
548.730973625
548.730973625
548.730973625
548.730973625
548.730973625
548.730973625
548.730973625
548.730973625
548.730973625
548.730973625
548.730973625
548.730973625
548.730973625
548.730973625
548.730973625
548.730973625
548.730973625
548.730973625
548.730973625
548.730973625
548.730973625
548.730973625
548.730973625
548.730973625
548.730973625
548.730973625
548.730973625
548.730973625
548.730973625
548.730973625
548.730973625
548.730973625
548.730973625
548.730973625
548.730973625
548.730973625
548.730973625
548.730973625
548.730973625
548.730973625
548.730973625
548.730973625
548.730973625
548.730973625
548.730973625
548.730973625
548.730973625
548.730973625
548.730973625
548.730973625
548.730973625
548.730973625
548.730973625
548.730973625
548.730973625
548.730973625
548.730973625
548.730973625
548.730973625
548.730973625
548.730973625
548.730973625
548.730973625
548.730973625
548.730973625
548.730973625
548.730973625
548.730973625
548.730973625
548.730973625
548.730973625
548.730973625
548.730973625
548.730973625
548.730973625
548.730973625
548.730973625
548.730973625
548.730973625
548.730973625
548.730973625
548.730973625
548.730973625
548.730973625
548.730973625
548.730973625
548.730973625
548.730973625
548.730973625
548.730973625
548.730973625
548.730973625
548.730973625
548.730973625
548.730973625
548.730973625
548.730973625
548.730973625
548.730973625
548.730973625
548.730973625
548.730973625
548.730973625
548.730973625
548.730973625
548.730973625
548.730973625
548.730973625
548.730973625
548.730973625
548.730973625
548.730973625
548.730973625
548.730973625
548.730973625
548.730973625
548.730973625
548.730973625
548.730973625
548.730973625
548.730973625
548.730973625
548.730973625
548.730973625
548.730973625
548.730973625
548.730973625
548.730973625
548.730973625
548.730973625
548.730973625
548.730973625
548.730973625
548.730973625
548.730973625
548.730973625
548.730973625
548.730973625
548.730973625
548.730973625
548.730973625
548.730973625
548.730973625
548.730973625
548.730973625
548.730973625
548.730973625
548.730973625
548.730973625
548.730973625
548.730973625
548.730973625
548.730973625
548.730973625
548.730973625
548.730973625
548.730973625
548.730973625
548.730973625
548.730973625
548.730973625
548.730973625
548.730973625
548.730973625
548.730973625
548.730973625
548.730973625
548.730973625
548.730973625
548.730973625
548.730973625
548.730973625
548.730973625
548.730973625
548.730973625
548.730973625
548.730973625
548.730973625
548.730973625
548.730973625
548.730973625
548.730973625
548.730973625
548.730973625
548.730973625
548.730973625
548.730973625
548.730973625
548.730973625
548.730973625
548.730973625
548.730973625
548.730973625
548.730973625
548.730973625
548.730973625
548.730973625
548.730973625
548.730973625
548.730973625
548.730973625
548.730973625
548.730973625
548.730973625
548.730973625
548.730973625
548.730973625
548.730973625
548.730973625
548.730973625
548.730973625
548.730973625
548.730973625
548.730973625
548.730973625
548.730973625
548.730973625
548.730973625
548.730973625
548.730973625
548.730973625
548.730973625
548.730973625
548.730973625
548.730973625
548.730973625
548.730973625
548.730973625
548.730973625
548.730973625
548.730973625
548.730973625
548.730973625
548.730973625
548.730973625
548.730973625
548.730973625
548.730973625
548.730973625
548.730973625
548.730973625
548.730973625
548.730973625
548.730973625
548.730973625
548.730973625
548.730973625
548.730973625
548.730973625
548.730973625
548.730973625
548.730973625
548.730973625
548.730973625
548.730973625
548.730973625
548.730973625
548.730973625
548.730973625
548.730973625
548.730973625
548.730973625
548.730973625
548.730973625
548.730973625
548.730973625
548.730973625
548.730973625
548.730973625
548.730973625
548.730973625
548.730973625
548.730973625
548.730973625
548.730973625
548.730973625
548.730973625
548.730973625
548.730973625
548.730973625
548.730973625
548.730973625
548.730973625
548.730973625
548.730973625
548.730973625
548.730973625
548.730973625
548.730973625
548.730973625
548.730973625
548.730973625
548.730973625
548.730973625
548.730973625
548.730973625
548.730973625
548.730973625
548.730973625
548.730973625
548.730973625
548.730973625
548.730973625
548.730973625
548.730973625
548.730973625
548.730973625
548.730973625
548.730973625
548.730973625
548.730973625
548.730973625
548.730973625
548.730973625
548.730973625
548.730973625
548.730973625
548.730973625
548.730973625
548.730973625
548.730973625
548.730973625
548.730973625
548.730973625
548.730973625
548.730973625
548.730973625
548.730973625
548.730973625
548.730973625
548.730973625
548.730973625
548.730973625
548.730973625
548.730973625
548.730973625
548.730973625
548.730973625
548.730973625
548.730973625
548.730973625
548.730973625
548.730973625
548.730973625
548.730973625
548.730973625
548.730973625
548.730973625
548.730973625
548.730973625
548.730973625
548.730973625
548.730973625
548.730973625
548.730973625
548.730973625
548.730973625
548.730973625
548.730973625
548.730973625
548.730973625
548.730973625
548.730973625
548.730973625
548.730973625
548.730973625
548.730973625
548.730973625
548.730973625
548.730973625
548.730973625
548.730973625
548.730973625
548.730973625
548.730973625
548.730973625
548.730973625
548.730973625
548.730973625
548.730973625
548.730973625
548.730973625
548.730973625
548.730973625
548.730973625
548.730973625
548.730973625
548.730973625
548.730973625
548.730973625
548.730973625
548.730973625
548.730973625
548.730973625
548.730973625
548.730973625
548.730973625
548.730973625
548.730973625
548.730973625
548.730973625
548.730973625
548.730973625
548.730973625
548.730973625
548.730973625
548.730973625
548.730973625
548.730973625
548.730973625
548.730973625
548.730973625
548.730973625
548.730973625
548.730973625
548.730973625
548.730973625
548.730973625
548.730973625
548.730973625
548.730973625
548.730973625
548.730973625
548.730973625
548.730973625
548.730973625
548.730973625
548.730973625
548.730973625
548.730973625
548.730973625
548.730973625
548.730973625
548.730973625
548.730973625
548.730973625
548.730973625
548.730973625
548.730973625
548.730973625
548.730973625
548.730973625
548.730973625
548.730973625
548.730973625
548.730973625
548.730973625
548.730973625
548.730973625
548.730973625
548.730973625
548.730973625
548.730973625
548.730973625
548.730973625
548.730973625
548.730973625
548.730973625
548.730973625
548.730973625
548.730973625
548.730973625
548.730973625
548.730973625
548.730973625
548.730973625
548.730973625
548.730973625
548.730973625
548.730973625
548.730973625
548.730973625
548.730973625
548.730973625
548.730973625
548.730973625
548.730973625
548.730973625
548.730973625
548.730973625
548.730973625
548.730973625
548.730973625
548.730973625
548.730973625
548.730973625
548.730973625
548.730973625
548.730973625
548.730973625
548.730973625
548.730973625
548.730973625
548.730973625
548.730973625
548.730973625
548.730973625
548.730973625
548.730973625
548.730973625
548.730973625
548.730973625
548.730973625
548.730973625
548.730973625
548.730973625
548.730973625
548.730973625
548.730973625
548.730973625
548.730973625
548.730973625
548.730973625
548.730973625
548.730973625
548.730973625
548.730973625
548.730973625
548.730973625
548.730973625
548.730973625
548.730973625
548.730973625
548.730973625
548.730973625
548.730973625
548.730973625
548.730973625
548.730973625
548.730973625
548.730973625
548.730973625
548.730973625
548.730973625
548.730973625
548.730973625
548.730973625
548.730973625
548.730973625
548.730973625
548.730973625
548.730973625
548.730973625
548.730973625
548.730973625
548.730973625
548.730973625
548.730973625
548.730973625
548.730973625
548.730973625
548.730973625
548.730973625
548.730973625
548.730973625
548.730973625
548.730973625
548.730973625
548.730973625
548.730973625
548.730973625
548.730973625
548.730973625
548.730973625
548.730973625
548.730973625
548.730973625
548.730973625
548.730973625
548.730973625
548.730973625
548.730973625
548.730973625
548.730973625
548.730973625
548.730973625
548.730973625
548.730973625
548.730973625
548.730973625
548.730973625
548.730973625
548.730973625
548.730973625
548.730973625
548.730973625
548.730973625
548.730973625
548.730973625
548.730973625
548.730973625
548.730973625
548.730973625
548.730973625
548.730973625
548.730973625
548.730973625
548.730973625
548.730973625
548.730973625
548.730973625
548.730973625
548.730973625
548.730973625
548.730973625
548.730973625
548.730973625
548.730973625
548.730973625
548.730973625
548.730973625
548.730973625
548.730973625
548.730973625
548.730973625
548.730973625
548.730973625
548.730973625
548.730973625
548.730973625
548.730973625
548.730973625
548.730973625
548.730973625
548.730973625
548.730973625
548.730973625
548.730973625
548.730973625
548.730973625
548.730973625
548.730973625
548.730973625
548.730973625
548.730973625
548.730973625
548.730973625
548.730973625
548.730973625
548.730973625
548.730973625
548.730973625
548.730973625
548.730973625
548.730973625
548.730973625
548.730973625
548.730973625
548.730973625
548.730973625
548.730973625
548.730973625
548.730973625
548.730973625
548.730973625
548.730973625
548.730973625
548.730973625
548.730973625
548.730973625
548.730973625
548.730973625
548.730973625
548.730973625
548.730973625
548.730973625
548.730973625
548.730973625
548.730973625
548.730973625
548.730973625
548.730973625
548.730973625
548.730973625
548.730973625
548.730973625
548.730973625
548.730973625
548.730973625
548.730973625
548.730973625
548.730973625
548.730973625
548.730973625
548.730973625
548.730973625
548.730973625
548.730973625
548.730973625
548.730973625
548.730973625
548.730973625
548.730973625
548.730973625
548.730973625
548.730973625
548.730973625
548.730973625
548.730973625
548.730973625
548.730973625
548.730973625
548.730973625
548.730973625
548.730973625
548.730973625
548.730973625
548.730973625
548.730973625
548.730973625
548.730973625
548.730973625
548.730973625
548.730973625
548.730973625
548.730973625
548.730973625
548.730973625
548.730973625
548.730973625
548.730973625
548.730973625
548.730973625
548.730973625
548.730973625
548.730973625
548.730973625
548.730973625
548.730973625
548.730973625
548.730973625
548.730973625
548.730973625
548.730973625
548.730973625
548.730973625
548.730973625
548.730973625
548.730973625
548.730973625
548.730973625
548.730973625
548.730973625
548.730973625
548.730973625
548.730973625
548.730973625
548.730973625
548.730973625
548.730973625
548.730973625
548.730973625
548.730973625
548.730973625
548.730973625
548.730973625
548.730973625
548.730973625
548.730973625
548.730973625
548.730973625
548.730973625
548.730973625
548.730973625
548.730973625
548.730973625
548.730973625
548.730973625
548.730973625
548.730973625
548.730973625
548.730973625
548.730973625
548.730973625
548.730973625
548.730973625
548.730973625
548.730973625
548.730973625
548.730973625
548.730973625
548.730973625
548.730973625
548.730973625
548.730973625
548.730973625
548.730973625
548.730973625
548.730973625
548.730973625
548.730973625
548.730973625
548.730973625
548.730973625
548.730973625
548.730973625
548.730973625
548.730973625
548.730973625
548.730973625
548.730973625
548.730973625
548.730973625
548.730973625
548.730973625
548.730973625
548.730973625
548.730973625
548.730973625
548.730973625
548.730973625
548.730973625
548.730973625
548.730973625
548.730973625
548.730973625
548.730973625
548.730973625
548.730973625
548.730973625
548.730973625
548.730973625
548.730973625
548.730973625
548.730973625
548.730973625
548.730973625
548.730973625
548.730973625
548.730973625
548.730973625
548.730973625
548.730973625
548.730973625
548.730973625
548.730973625
548.730973625
548.730973625
548.730973625
548.730973625
548.730973625
548.730973625
548.730973625
548.730973625
548.730973625
548.730973625
548.730973625
548.730973625
548.730973625
548.730973625
548.730973625
548.730973625
548.730973625
548.730973625
548.730973625
548.730973625
548.730973625
548.730973625
548.730973625
548.730973625
548.730973625
548.730973625
548.730973625
548.730973625
548.730973625
548.730973625
548.730973625
548.730973625
548.730973625
548.730973625
548.730973625
548.730973625
548.730973625
548.730973625
548.730973625
548.730973625
548.730973625
548.730973625
548.730973625
548.730973625
548.730973625
548.730973625
548.730973625
548.730973625
548.730973625
548.730973625
548.730973625
548.730973625
548.730973625
548.730973625
548.730973625
548.730973625
548.730973625
548.730973625
548.730973625
548.730973625
548.730973625
548.730973625
548.730973625
548.730973625
548.730973625
548.730973625
548.730973625
548.730973625
548.730973625
548.730973625
548.730973625
548.730973625
548.730973625
548.730973625
548.730973625
548.730973625
548.730973625
548.730973625
548.730973625
548.730973625
548.730973625
548.730973625
548.730973625
548.730973625
548.730973625
548.730973625
548.730973625
548.730973625
548.730973625
548.730973625
548.730973625
548.730973625
548.730973625
548.730973625
548.730973625
548.730973625
548.730973625
548.730973625
548.730973625
548.730973625
548.730973625
548.730973625
548.730973625
548.730973625
548.730973625
548.730973625
548.730973625
548.730973625
548.730973625
548.730973625
548.730973625
548.730973625
548.730973625
548.730973625
548.730973625
548.730973625
548.730973625
548.730973625
548.730973625
548.730973625
548.730973625
548.730973625
548.730973625
548.730973625
548.730973625
548.730973625
548.730973625
548.730973625
548.730973625
548.730973625
548.730973625
548.730973625
548.730973625
548.730973625
548.730973625
548.730973625
548.730973625
548.730973625
548.730973625
548.730973625
548.730973625
548.730973625
548.730973625
548.730973625
548.730973625
548.730973625
548.730973625
548.730973625
548.730973625
548.730973625
548.730973625
548.730973625
548.730973625
548.730973625
548.730973625
548.730973625
548.730973625
548.730973625
548.730973625
548.730973625
548.730973625
548.730973625
548.730973625
548.730973625
548.730973625
548.730973625
548.730973625
548.730973625
548.730973625
548.730973625
548.730973625
548.730973625
548.730973625
548.730973625
548.730973625
548.730973625
548.730973625
548.730973625
548.730973625
548.730973625
548.730973625
548.730973625
548.730973625
548.730973625
548.730973625
548.730973625
548.730973625
548.730973625
548.730973625
548.730973625
548.730973625
548.730973625
548.730973625
548.730973625
548.730973625
548.730973625
548.730973625
548.730973625
548.730973625
548.730973625
548.730973625
548.730973625
548.730973625
548.730973625
548.730973625
548.730973625
548.730973625
548.730973625
548.730973625
548.730973625
548.730973625
548.730973625
548.730973625
548.730973625
548.730973625
548.730973625
548.730973625
548.730973625
548.730973625
548.730973625
548.730973625
548.730973625
548.730973625
548.730973625
548.730973625
548.730973625
548.730973625
548.730973625
548.730973625
548.730973625
548.730973625
548.730973625
548.730973625
548.730973625
548.730973625
548.730973625
548.730973625
548.730973625
548.730973625
548.730973625
548.730973625
548.730973625
548.730973625
548.730973625
548.730973625
548.730973625
548.730973625
548.730973625
548.730973625
548.730973625
548.730973625
548.730973625
548.730973625
548.730973625
548.730973625
548.730973625
548.730973625
548.730973625
548.730973625
548.730973625
548.730973625
548.730973625
548.730973625
548.730973625
548.730973625
548.730973625
548.730973625
548.730973625
548.730973625
548.730973625
548.730973625
548.730973625
548.730973625
548.730973625
548.730973625
548.730973625
548.730973625
548.730973625
548.730973625
548.730973625
548.730973625
548.730973625
548.730973625
548.730973625
548.730973625
548.730973625
548.730973625
548.730973625
548.730973625
548.730973625
548.730973625
548.730973625
548.730973625
548.730973625
548.730973625
548.730973625
548.730973625
548.730973625
548.730973625
548.730973625
548.730973625
548.730973625
548.730973625
548.730973625
548.730973625
548.730973625
548.730973625
548.730973625
548.730973625
548.730973625
548.730973625
548.730973625
548.730973625
548.730973625
548.730973625
548.730973625
548.730973625
548.730973625
548.730973625
548.730973625
548.730973625
548.730973625
548.730973625
548.730973625
548.730973625
548.730973625
548.730973625
548.730973625
548.730973625
548.730973625
548.730973625
548.730973625
548.730973625
548.730973625
548.730973625
548.730973625
548.730973625
548.730973625
548.730973625
548.730973625
548.730973625
548.730973625
548.730973625
548.730973625
548.730973625
548.730973625
548.730973625
548.730973625
548.730973625
548.730973625
548.730973625
548.730973625
548.730973625
548.730973625
548.730973625
548.730973625
548.730973625
548.730973625
548.730973625
548.730973625
548.730973625
548.730973625
548.730973625
548.730973625
548.730973625
548.730973625
548.730973625
548.730973625
548.730973625
548.730973625
548.730973625
548.730973625
548.730973625
548.730973625
548.730973625
548.730973625
548.730973625
548.730973625
