1687.24648468
1614.93390433
1594.6901846
1582.63144893
1563.03548116
1514.08227773
1521.68844289
1515.60175158
1507.36481655
1486.02556264
1420.92229998
1372.8005481
1318.18280655
1277.58603372
1284.74818466
1259.7009999
1232.31322913
1243.08037651
1214.76980721
1141.51940863
1126.00932881
1123.99176688
1130.42561867
1149.87501388
1142.34817844
1130.02749157
1128.31492413
1146.90847571
1133.49716443
1143.9988352
1135.34334574
1144.70876849
1135.33103999
1096.37591636
1088.80405134
1083.69427261
1067.45556077
1046.08269124
1021.37331082
1027.13739104
1002.3806882
997.323365316
1008.83463871
1019.55027089
1019.55027089
1021.45499062
1032.29389408
1010.985768
1007.68976302
1012.79526514
978.053902954
1015.08229941
1068.68401607
1054.59328134
1054.60097056
1045.781106
1065.54063998
1059.788201
1046.56641344
1050.21346734
1048.86226679
1045.1486354
1054.34352452
1063.28866417
1080.949703
1078.44364516
1065.38335892
1067.25901002
1073.85372359
1065.47809693
1079.18016701
1085.44742194
1069.37426624
1084.13388258
1072.54910853
1026.6095708
994.279690998
999.474937391
984.715321054
983.693548521
956.600993077
956.600993077
956.600993077
972.188539713
976.306052735
961.656205244
961.656205244
958.17754049
960.033631966
951.264091372
956.185248851
955.472906548
954.799255928
936.600149171
918.629718175
918.629718175
921.885337447
916.133194374
911.96588312
913.416100721
917.947044101
917.947044101
904.472969274
904.472969274
896.576769998
898.632541552
898.632541552
899.08269841
898.632541552
898.632541552
882.308024251
857.442063281
857.442063281
857.442063281
857.442063281
857.442063281
857.442063281
862.096008825
858.977301084
858.977301084
858.531650149
851.009141803
830.034779861
830.871747039
830.871747039
830.945934596
812.437810531
812.437810531
812.437810531
811.497970179
811.497970179
803.064153879
803.064153879
803.064153879
799.64566826
799.64566826
799.64566826
799.64566826
799.64566826
799.64566826
799.64566826
799.64566826
799.272403997
796.990157442
793.815334148
793.815334148
780.47275172
780.47275172
780.47275172
777.133278431
777.133278431
763.606610704
763.606610704
763.606610704
763.721067808
749.277851402
749.277851402
749.277851402
749.277851402
749.277851402
749.277851402
749.277851402
749.277851402
749.277851402
749.277851402
739.105033556
732.539290933
732.539290933
732.539290933
732.539290933
732.539290933
732.539290933
732.539290933
732.539290933
732.539290933
732.539290933
732.539290933
727.261058609
727.261058609
727.261058609
727.261058609
727.261058609
727.261058609
727.261058609
724.695482186
724.695482186
724.695482186
724.695482186
724.695482186
724.695482186
724.695482186
724.695482186
724.695482186
724.695482186
724.695482186
724.695482186
724.695482186
712.075152189
712.075152189
712.075152189
712.075152189
712.075152189
701.940700036
701.940700036
701.940700036
701.940700036
701.940700036
701.940700036
701.940700036
701.940700036
701.940700036
701.940700036
701.940700036
701.940700036
701.940700036
701.940700036
701.940700036
701.940700036
701.940700036
701.940700036
701.940700036
701.940700036
701.940700036
701.940700036
701.940700036
701.940700036
701.940700036
701.940700036
701.940700036
701.940700036
701.940700036
701.940700036
701.940700036
701.940700036
701.940700036
701.940700036
701.940700036
701.940700036
701.940700036
695.842852919
695.842852919
695.842852919
695.842852919
695.842852919
695.842852919
695.842852919
695.842852919
695.307245399
692.24414539
692.24414539
692.24414539
691.644220047
691.644220047
691.644220047
691.644220047
691.644220047
691.644220047
691.644220047
691.644220047
691.644220047
691.644220047
691.644220047
691.644220047
691.644220047
691.644220047
683.556210938
683.556210938
683.556210938
683.556210938
683.556210938
683.556210938
683.556210938
683.556210938
683.556210938
683.556210938
683.556210938
683.556210938
683.556210938
683.556210938
683.556210938
683.556210938
683.556210938
683.556210938
682.05074964
682.05074964
682.05074964
682.05074964
682.05074964
682.05074964
682.05074964
682.05074964
682.05074964
682.05074964
682.05074964
682.05074964
682.05074964
682.05074964
682.05074964
682.05074964
682.05074964
682.05074964
682.05074964
682.05074964
682.05074964
682.05074964
682.05074964
682.05074964
682.05074964
682.05074964
682.05074964
682.05074964
682.05074964
682.05074964
682.05074964
682.05074964
682.05074964
682.05074964
676.416071426
676.416071426
676.416071426
665.210367719
665.210367719
665.210367719
665.210367719
665.210367719
665.210367719
665.210367719
665.210367719
665.210367719
665.210367719
665.210367719
665.210367719
665.210367719
665.210367719
665.210367719
665.210367719
665.210367719
665.210367719
665.210367719
664.377021702
664.377021702
664.377021702
664.377021702
664.377021702
664.377021702
664.377021702
664.377021702
664.377021702
664.377021702
664.377021702
664.377021702
664.377021702
664.377021702
664.377021702
664.377021702
664.377021702
664.377021702
664.377021702
664.377021702
664.377021702
664.377021702
664.377021702
664.377021702
664.377021702
664.377021702
664.377021702
664.377021702
664.377021702
664.377021702
664.377021702
664.377021702
664.377021702
664.377021702
664.377021702
664.377021702
664.377021702
664.377021702
664.377021702
664.377021702
664.377021702
664.377021702
664.377021702
664.377021702
664.377021702
664.377021702
664.377021702
664.377021702
664.377021702
664.377021702
664.377021702
664.377021702
664.377021702
664.377021702
659.45673936
659.45673936
659.45673936
659.45673936
659.45673936
659.45673936
659.45673936
659.45673936
659.45673936
659.45673936
659.45673936
659.45673936
659.45673936
659.45673936
659.45673936
659.45673936
659.45673936
659.45673936
659.45673936
659.45673936
659.45673936
659.45673936
659.45673936
659.45673936
659.45673936
659.45673936
659.45673936
659.45673936
659.45673936
659.45673936
659.45673936
659.45673936
659.45673936
659.45673936
659.45673936
659.45673936
659.45673936
659.45673936
659.45673936
659.45673936
659.45673936
650.279213842
650.279213842
650.279213842
650.279213842
650.279213842
650.279213842
650.279213842
650.279213842
650.279213842
650.279213842
650.279213842
650.279213842
650.279213842
650.279213842
650.279213842
650.279213842
650.279213842
650.279213842
650.279213842
650.279213842
650.279213842
650.279213842
650.279213842
650.279213842
650.279213842
650.279213842
650.279213842
650.279213842
650.279213842
650.279213842
650.279213842
650.279213842
650.279213842
650.279213842
650.279213842
650.279213842
650.279213842
650.279213842
650.279213842
640.428684571
640.428684571
640.428684571
640.428684571
640.428684571
640.428684571
640.428684571
640.428684571
640.428684571
640.428684571
640.428684571
640.428684571
640.428684571
640.428684571
640.428684571
640.428684571
640.428684571
640.428684571
640.428684571
640.428684571
640.428684571
640.428684571
640.428684571
640.428684571
640.428684571
640.428684571
640.428684571
640.428684571
640.428684571
640.428684571
640.428684571
640.428684571
640.428684571
640.428684571
640.428684571
627.828339945
627.828339945
627.828339945
627.828339945
627.828339945
627.828339945
627.828339945
627.828339945
627.828339945
627.828339945
627.828339945
627.828339945
627.828339945
627.828339945
627.828339945
627.828339945
627.828339945
627.828339945
627.828339945
627.828339945
627.828339945
627.828339945
627.828339945
627.828339945
627.828339945
627.828339945
627.828339945
627.828339945
627.828339945
627.828339945
627.828339945
627.828339945
627.828339945
627.828339945
627.828339945
627.828339945
627.828339945
627.828339945
627.828339945
627.828339945
627.828339945
627.828339945
627.828339945
627.828339945
627.828339945
627.828339945
627.828339945
627.828339945
627.828339945
627.828339945
627.828339945
627.828339945
627.828339945
627.828339945
627.828339945
627.828339945
627.828339945
627.828339945
627.828339945
627.828339945
627.828339945
627.828339945
627.828339945
627.828339945
627.828339945
627.828339945
627.828339945
627.828339945
627.828339945
627.828339945
627.828339945
627.828339945
627.828339945
627.828339945
627.828339945
627.828339945
627.828339945
627.828339945
627.828339945
627.828339945
627.828339945
627.828339945
627.828339945
627.828339945
627.828339945
627.828339945
627.828339945
627.828339945
627.828339945
627.828339945
627.828339945
627.828339945
627.828339945
627.828339945
627.828339945
627.828339945
627.828339945
627.828339945
627.828339945
627.828339945
627.828339945
627.828339945
627.828339945
627.828339945
627.828339945
627.828339945
627.828339945
627.828339945
627.828339945
627.828339945
627.828339945
627.828339945
627.828339945
627.828339945
627.828339945
627.828339945
627.828339945
627.828339945
627.828339945
627.828339945
627.828339945
627.828339945
627.828339945
627.828339945
627.828339945
627.828339945
627.828339945
627.828339945
627.828339945
627.828339945
627.828339945
627.828339945
627.828339945
627.828339945
627.828339945
627.828339945
627.828339945
627.828339945
627.828339945
627.828339945
627.828339945
627.828339945
627.828339945
627.828339945
627.828339945
627.828339945
627.828339945
627.828339945
627.828339945
627.828339945
627.828339945
627.828339945
627.828339945
627.828339945
627.828339945
627.828339945
627.828339945
627.828339945
627.828339945
627.828339945
627.828339945
627.828339945
627.828339945
627.828339945
627.828339945
627.828339945
627.828339945
627.828339945
627.828339945
627.828339945
627.828339945
627.828339945
627.828339945
627.828339945
627.828339945
627.828339945
627.828339945
627.828339945
627.828339945
627.828339945
627.828339945
627.828339945
627.828339945
627.828339945
627.828339945
627.828339945
627.828339945
627.828339945
627.828339945
627.828339945
627.828339945
627.828339945
627.828339945
627.828339945
627.828339945
627.828339945
627.828339945
627.828339945
627.828339945
627.828339945
627.828339945
627.828339945
627.828339945
627.828339945
627.828339945
627.828339945
627.828339945
627.828339945
627.828339945
627.828339945
627.828339945
627.828339945
627.828339945
627.828339945
627.828339945
627.828339945
627.828339945
627.828339945
627.828339945
627.828339945
627.828339945
627.828339945
627.828339945
627.828339945
627.828339945
627.828339945
627.828339945
627.828339945
627.828339945
627.828339945
627.828339945
627.828339945
627.828339945
627.828339945
627.828339945
627.828339945
627.828339945
627.828339945
627.828339945
627.828339945
627.828339945
627.828339945
627.828339945
627.828339945
627.828339945
627.828339945
627.828339945
627.828339945
627.828339945
627.828339945
627.828339945
627.828339945
626.833047587
626.833047587
626.833047587
626.833047587
626.833047587
626.833047587
626.833047587
626.833047587
626.833047587
626.833047587
626.833047587
626.833047587
626.833047587
626.833047587
626.833047587
626.833047587
626.833047587
626.833047587
626.833047587
626.833047587
626.833047587
626.833047587
626.833047587
626.833047587
626.833047587
626.833047587
626.833047587
626.833047587
626.833047587
626.833047587
626.833047587
626.833047587
626.833047587
626.833047587
626.833047587
626.833047587
626.833047587
626.833047587
626.833047587
626.833047587
626.833047587
626.833047587
626.833047587
626.833047587
626.833047587
626.833047587
626.833047587
626.833047587
626.833047587
626.833047587
626.833047587
626.833047587
626.833047587
626.833047587
626.833047587
626.833047587
626.833047587
626.833047587
626.833047587
626.833047587
626.833047587
626.833047587
626.833047587
626.833047587
626.833047587
626.833047587
626.833047587
626.833047587
626.833047587
626.833047587
626.833047587
626.833047587
626.833047587
626.833047587
626.833047587
626.833047587
626.833047587
626.833047587
626.833047587
626.833047587
626.833047587
626.833047587
626.833047587
626.833047587
626.833047587
626.833047587
626.833047587
626.833047587
626.833047587
626.833047587
626.833047587
626.833047587
626.833047587
626.833047587
626.833047587
626.833047587
626.833047587
626.833047587
626.833047587
626.833047587
626.833047587
626.833047587
626.833047587
626.833047587
626.833047587
626.833047587
626.833047587
626.833047587
626.833047587
626.833047587
626.833047587
626.833047587
626.833047587
626.833047587
626.833047587
626.833047587
626.833047587
626.833047587
626.833047587
626.833047587
626.833047587
626.833047587
626.833047587
626.833047587
626.833047587
626.833047587
626.833047587
626.833047587
626.833047587
626.833047587
626.833047587
626.833047587
626.833047587
626.833047587
626.833047587
626.833047587
626.833047587
626.833047587
626.833047587
621.541631444
621.541631444
621.541631444
621.541631444
621.541631444
621.541631444
621.541631444
621.541631444
621.541631444
621.541631444
621.541631444
621.541631444
621.541631444
621.541631444
621.541631444
621.541631444
621.541631444
621.541631444
621.541631444
621.541631444
621.541631444
621.541631444
621.541631444
621.541631444
621.541631444
621.541631444
621.541631444
621.541631444
621.541631444
621.541631444
621.541631444
621.541631444
621.541631444
621.541631444
621.541631444
621.541631444
621.541631444
621.541631444
621.541631444
621.541631444
621.541631444
621.541631444
621.541631444
621.541631444
621.541631444
621.541631444
621.541631444
621.541631444
621.541631444
621.541631444
621.541631444
621.541631444
621.541631444
621.541631444
621.541631444
621.541631444
621.541631444
621.541631444
621.541631444
621.541631444
621.541631444
621.541631444
621.541631444
621.541631444
621.541631444
621.541631444
621.541631444
621.541631444
621.541631444
621.541631444
621.541631444
621.541631444
621.541631444
621.541631444
621.541631444
621.541631444
621.541631444
621.541631444
621.541631444
621.541631444
621.541631444
621.541631444
621.541631444
621.541631444
621.541631444
621.541631444
621.541631444
621.541631444
621.541631444
621.541631444
621.541631444
621.541631444
621.541631444
621.541631444
621.541631444
621.541631444
621.541631444
621.541631444
621.541631444
621.541631444
621.541631444
621.541631444
621.541631444
621.541631444
621.541631444
621.541631444
621.541631444
621.541631444
621.541631444
621.541631444
621.541631444
621.541631444
621.541631444
621.541631444
621.541631444
621.541631444
621.541631444
621.541631444
621.541631444
621.541631444
621.541631444
621.541631444
621.541631444
621.541631444
621.541631444
621.541631444
621.541631444
621.541631444
621.541631444
621.541631444
621.541631444
621.541631444
621.541631444
621.541631444
621.541631444
621.541631444
621.541631444
621.541631444
621.541631444
621.541631444
621.541631444
621.541631444
621.541631444
621.541631444
621.541631444
621.541631444
621.541631444
621.541631444
621.541631444
621.541631444
621.541631444
621.541631444
621.541631444
621.541631444
621.541631444
621.541631444
621.541631444
621.541631444
621.541631444
621.541631444
621.541631444
621.541631444
621.541631444
621.541631444
621.541631444
621.541631444
621.541631444
621.541631444
621.541631444
621.541631444
621.541631444
621.541631444
621.541631444
621.541631444
621.541631444
621.541631444
621.541631444
621.541631444
621.541631444
621.541631444
621.541631444
621.541631444
621.541631444
621.541631444
621.541631444
621.541631444
621.541631444
621.541631444
621.541631444
621.541631444
621.541631444
621.541631444
621.541631444
621.541631444
621.541631444
621.541631444
621.541631444
621.541631444
621.541631444
621.541631444
621.541631444
621.541631444
621.541631444
621.541631444
621.541631444
621.541631444
621.541631444
621.541631444
621.541631444
621.541631444
621.541631444
621.541631444
621.541631444
621.541631444
621.541631444
621.541631444
621.541631444
621.541631444
621.541631444
621.541631444
621.541631444
621.541631444
621.541631444
621.541631444
621.541631444
621.541631444
621.541631444
621.541631444
621.541631444
621.541631444
621.541631444
621.541631444
621.541631444
621.541631444
621.541631444
621.541631444
621.541631444
621.541631444
621.541631444
621.541631444
621.541631444
621.541631444
621.541631444
621.541631444
621.541631444
621.541631444
621.541631444
621.541631444
621.541631444
621.541631444
621.541631444
621.541631444
621.541631444
621.541631444
621.541631444
621.541631444
621.541631444
621.541631444
621.541631444
621.541631444
621.541631444
621.541631444
621.541631444
621.541631444
621.541631444
621.541631444
621.541631444
621.541631444
621.541631444
621.541631444
621.541631444
621.541631444
621.541631444
621.541631444
621.541631444
621.541631444
621.541631444
621.541631444
621.541631444
621.541631444
621.541631444
621.541631444
621.541631444
621.541631444
621.541631444
621.541631444
621.541631444
621.541631444
621.541631444
621.541631444
621.541631444
621.541631444
621.541631444
621.541631444
621.541631444
621.541631444
621.541631444
621.541631444
621.541631444
621.541631444
621.541631444
621.541631444
621.541631444
621.541631444
621.541631444
621.541631444
621.541631444
621.541631444
621.541631444
621.541631444
621.541631444
621.541631444
621.541631444
621.541631444
621.541631444
621.541631444
621.541631444
621.541631444
621.541631444
621.541631444
621.541631444
621.541631444
621.541631444
621.541631444
621.541631444
621.541631444
621.541631444
621.541631444
621.541631444
621.541631444
621.541631444
621.541631444
621.541631444
621.541631444
621.541631444
621.541631444
621.541631444
621.541631444
621.541631444
621.541631444
621.541631444
621.541631444
621.541631444
621.541631444
621.541631444
621.541631444
621.541631444
621.541631444
621.541631444
621.541631444
621.541631444
621.541631444
621.541631444
621.541631444
621.541631444
621.541631444
621.541631444
621.541631444
618.399317115
618.399317115
618.399317115
618.399317115
618.399317115
618.399317115
618.399317115
618.399317115
618.399317115
618.399317115
618.399317115
618.399317115
618.399317115
618.399317115
618.399317115
618.399317115
618.399317115
618.399317115
618.399317115
618.399317115
618.399317115
618.399317115
618.399317115
618.399317115
618.399317115
618.399317115
618.399317115
618.399317115
618.399317115
618.399317115
618.399317115
618.399317115
618.399317115
618.399317115
618.399317115
618.399317115
618.399317115
618.399317115
618.399317115
618.399317115
618.399317115
618.399317115
618.399317115
618.399317115
618.399317115
618.399317115
618.399317115
618.399317115
618.399317115
618.399317115
618.399317115
618.399317115
618.399317115
618.399317115
618.399317115
618.399317115
618.399317115
618.399317115
618.399317115
618.399317115
618.399317115
618.399317115
618.399317115
618.399317115
618.399317115
618.399317115
618.399317115
618.399317115
618.399317115
618.399317115
618.399317115
618.399317115
618.399317115
618.399317115
618.399317115
618.399317115
618.399317115
618.399317115
618.399317115
618.399317115
618.399317115
618.399317115
618.399317115
618.399317115
618.399317115
618.399317115
618.399317115
618.399317115
618.399317115
618.399317115
618.399317115
618.399317115
618.399317115
618.399317115
618.399317115
618.399317115
618.399317115
618.399317115
618.399317115
618.399317115
618.399317115
618.399317115
618.399317115
618.399317115
618.399317115
618.399317115
618.399317115
618.399317115
618.399317115
618.399317115
618.399317115
618.399317115
618.399317115
618.399317115
618.399317115
618.399317115
618.399317115
618.399317115
618.399317115
618.399317115
618.399317115
618.399317115
618.399317115
618.399317115
618.399317115
618.399317115
618.399317115
618.399317115
618.399317115
618.399317115
618.399317115
618.399317115
618.399317115
618.399317115
618.399317115
618.399317115
618.399317115
618.399317115
618.399317115
618.399317115
618.399317115
618.399317115
618.399317115
618.399317115
618.399317115
618.399317115
618.399317115
618.399317115
618.399317115
618.399317115
618.399317115
618.399317115
618.399317115
618.399317115
618.399317115
618.399317115
618.399317115
618.399317115
618.399317115
618.399317115
618.399317115
618.399317115
618.399317115
618.399317115
618.399317115
618.399317115
618.399317115
618.399317115
618.399317115
618.399317115
618.399317115
618.399317115
618.399317115
618.399317115
618.399317115
618.399317115
618.399317115
618.399317115
618.399317115
618.399317115
618.399317115
618.399317115
618.399317115
618.399317115
618.399317115
618.399317115
618.399317115
618.399317115
618.399317115
618.399317115
618.399317115
618.399317115
618.399317115
618.399317115
618.399317115
617.387527735
617.387527735
617.387527735
617.387527735
617.387527735
617.387527735
617.387527735
617.387527735
617.387527735
617.387527735
617.387527735
617.387527735
617.387527735
617.387527735
617.387527735
617.387527735
617.387527735
617.387527735
617.387527735
617.387527735
617.387527735
617.387527735
617.387527735
617.387527735
617.387527735
617.387527735
617.387527735
617.387527735
617.387527735
617.387527735
617.387527735
617.387527735
617.387527735
617.387527735
617.387527735
617.387527735
617.387527735
617.387527735
617.387527735
617.387527735
617.387527735
617.387527735
617.387527735
617.387527735
617.387527735
617.387527735
617.387527735
617.387527735
617.387527735
617.387527735
617.387527735
617.387527735
617.387527735
617.387527735
617.387527735
617.387527735
617.387527735
617.387527735
617.387527735
617.387527735
617.387527735
617.387527735
617.387527735
617.387527735
617.387527735
617.387527735
617.387527735
617.387527735
617.387527735
617.387527735
617.387527735
617.387527735
617.387527735
617.387527735
617.387527735
617.387527735
617.387527735
617.387527735
617.387527735
617.387527735
617.387527735
617.387527735
617.387527735
617.387527735
617.387527735
617.387527735
617.387527735
617.387527735
617.387527735
617.387527735
617.387527735
617.387527735
617.387527735
617.387527735
617.387527735
617.387527735
617.387527735
617.387527735
617.387527735
617.387527735
617.387527735
617.387527735
617.387527735
617.387527735
617.387527735
617.387527735
617.387527735
617.387527735
617.387527735
617.387527735
617.387527735
617.387527735
617.387527735
617.387527735
617.387527735
617.387527735
617.387527735
617.387527735
617.387527735
617.387527735
617.387527735
617.387527735
617.387527735
617.387527735
617.387527735
617.387527735
617.387527735
617.387527735
617.387527735
617.387527735
617.387527735
617.387527735
617.387527735
617.387527735
617.387527735
617.387527735
617.387527735
617.387527735
617.387527735
617.387527735
617.387527735
617.387527735
617.387527735
617.387527735
617.387527735
617.387527735
617.387527735
617.387527735
617.387527735
617.387527735
617.387527735
617.387527735
617.387527735
617.387527735
617.387527735
617.387527735
617.387527735
617.387527735
617.387527735
617.387527735
617.387527735
617.387527735
617.387527735
617.387527735
617.387527735
617.387527735
617.387527735
617.387527735
617.387527735
617.387527735
617.387527735
617.387527735
617.387527735
617.387527735
617.387527735
616.580836669
616.580836669
616.580836669
616.580836669
616.580836669
616.580836669
616.580836669
616.580836669
616.580836669
616.580836669
616.580836669
616.580836669
616.580836669
616.580836669
616.580836669
616.580836669
616.580836669
616.580836669
616.580836669
616.580836669
616.580836669
616.580836669
616.580836669
616.580836669
616.580836669
613.591582726
613.591582726
613.591582726
613.591582726
613.591582726
613.591582726
613.591582726
613.591582726
613.591582726
613.591582726
613.591582726
613.591582726
613.591582726
613.591582726
613.591582726
613.591582726
613.591582726
613.591582726
613.591582726
613.591582726
613.591582726
613.591582726
613.591582726
613.591582726
613.591582726
613.591582726
613.591582726
613.591582726
613.591582726
613.591582726
613.591582726
613.591582726
611.035607131
611.035607131
611.035607131
611.035607131
611.035607131
611.035607131
611.035607131
611.035607131
611.035607131
611.035607131
611.035607131
611.035607131
611.035607131
611.035607131
611.035607131
611.035607131
611.035607131
611.035607131
611.035607131
611.035607131
611.035607131
611.035607131
611.035607131
611.035607131
611.035607131
611.035607131
611.035607131
611.035607131
611.035607131
611.035607131
611.035607131
611.035607131
611.035607131
611.035607131
611.035607131
611.035607131
611.035607131
611.035607131
611.035607131
611.035607131
611.035607131
611.035607131
611.035607131
611.035607131
611.035607131
611.035607131
611.035607131
611.035607131
611.035607131
611.035607131
611.035607131
611.035607131
611.035607131
609.648858105
609.648858105
607.896226008
607.896226008
607.896226008
607.896226008
607.896226008
607.896226008
607.896226008
607.896226008
607.896226008
607.896226008
607.896226008
607.896226008
607.896226008
607.896226008
607.896226008
607.896226008
607.896226008
607.896226008
607.896226008
607.896226008
607.896226008
607.896226008
607.896226008
607.896226008
607.896226008
607.896226008
607.896226008
607.896226008
607.896226008
607.896226008
607.896226008
607.896226008
607.896226008
607.896226008
607.896226008
607.896226008
607.896226008
607.896226008
607.896226008
607.896226008
607.896226008
607.896226008
607.896226008
607.896226008
607.896226008
607.896226008
607.896226008
607.896226008
607.896226008
607.896226008
607.896226008
607.896226008
607.896226008
607.896226008
607.896226008
607.896226008
607.896226008
607.896226008
607.896226008
607.896226008
607.896226008
607.896226008
607.896226008
607.896226008
607.896226008
607.896226008
607.896226008
607.896226008
607.896226008
607.896226008
607.896226008
607.896226008
607.896226008
607.896226008
607.896226008
607.896226008
607.896226008
607.896226008
607.896226008
607.896226008
607.896226008
607.896226008
607.896226008
607.896226008
607.896226008
607.896226008
607.896226008
607.896226008
607.896226008
607.896226008
607.896226008
607.896226008
607.896226008
607.896226008
607.896226008
607.896226008
607.896226008
607.896226008
607.896226008
607.896226008
607.896226008
607.896226008
607.896226008
607.896226008
607.896226008
607.896226008
607.896226008
607.896226008
607.896226008
607.896226008
607.896226008
607.896226008
607.896226008
607.896226008
607.896226008
607.896226008
607.896226008
607.896226008
607.896226008
607.896226008
607.896226008
607.896226008
607.896226008
607.896226008
607.896226008
607.896226008
607.896226008
607.896226008
607.896226008
607.896226008
607.896226008
607.896226008
607.896226008
607.896226008
607.896226008
607.896226008
607.896226008
607.896226008
607.896226008
607.896226008
607.896226008
607.896226008
607.896226008
607.896226008
607.896226008
607.896226008
607.896226008
607.896226008
607.896226008
607.896226008
607.896226008
607.896226008
607.896226008
607.896226008
607.896226008
607.896226008
607.896226008
607.896226008
607.896226008
607.896226008
607.896226008
607.896226008
607.896226008
607.896226008
607.896226008
607.896226008
607.896226008
607.896226008
607.896226008
607.896226008
607.896226008
607.896226008
607.896226008
607.896226008
607.896226008
607.896226008
607.896226008
607.896226008
607.896226008
607.896226008
607.896226008
607.896226008
607.896226008
607.896226008
607.896226008
607.896226008
607.896226008
607.896226008
607.896226008
607.896226008
607.896226008
607.896226008
607.896226008
607.896226008
607.896226008
607.896226008
607.896226008
607.896226008
607.896226008
607.896226008
607.896226008
607.896226008
607.896226008
607.896226008
607.896226008
607.896226008
607.896226008
607.896226008
607.896226008
607.896226008
607.896226008
607.896226008
607.896226008
607.896226008
607.896226008
607.896226008
607.896226008
607.896226008
607.896226008
607.896226008
607.896226008
607.896226008
607.896226008
607.896226008
607.896226008
607.896226008
607.896226008
607.896226008
607.896226008
607.896226008
607.896226008
607.896226008
607.896226008
607.896226008
607.896226008
607.896226008
607.896226008
607.896226008
607.896226008
607.896226008
607.896226008
607.896226008
607.896226008
605.74534397
605.74534397
605.74534397
605.74534397
605.74534397
605.74534397
605.74534397
605.74534397
605.74534397
605.74534397
605.74534397
605.74534397
605.74534397
605.74534397
605.74534397
605.74534397
605.74534397
605.74534397
605.74534397
605.74534397
605.74534397
605.74534397
605.74534397
605.74534397
605.74534397
605.74534397
605.74534397
605.74534397
605.74534397
605.74534397
605.74534397
605.74534397
605.74534397
605.74534397
605.74534397
605.74534397
605.74534397
605.74534397
605.74534397
605.74534397
605.74534397
605.74534397
605.74534397
605.74534397
605.74534397
605.74534397
605.74534397
605.74534397
605.74534397
605.74534397
605.74534397
605.74534397
605.74534397
605.74534397
605.74534397
605.74534397
605.74534397
605.74534397
605.74534397
605.74534397
605.74534397
605.74534397
605.74534397
605.74534397
605.74534397
605.74534397
605.74534397
605.74534397
605.74534397
605.74534397
605.74534397
605.74534397
605.74534397
605.74534397
605.74534397
605.74534397
605.74534397
605.74534397
605.74534397
605.74534397
605.74534397
605.74534397
605.74534397
605.74534397
605.74534397
605.74534397
605.74534397
605.74534397
605.74534397
605.74534397
605.74534397
605.74534397
605.74534397
605.74534397
605.74534397
605.74534397
605.74534397
605.74534397
605.74534397
605.74534397
605.74534397
605.74534397
605.74534397
605.74534397
605.74534397
605.74534397
605.74534397
605.74534397
605.74534397
605.74534397
605.74534397
605.74534397
605.74534397
605.74534397
605.74534397
605.74534397
605.74534397
605.74534397
605.74534397
605.74534397
605.74534397
605.74534397
605.74534397
605.74534397
605.74534397
605.74534397
605.74534397
605.74534397
605.74534397
605.74534397
605.74534397
605.74534397
605.74534397
605.74534397
605.74534397
605.74534397
605.74534397
605.74534397
605.74534397
605.74534397
605.74534397
605.74534397
605.74534397
605.74534397
605.74534397
605.74534397
605.74534397
605.74534397
605.74534397
605.74534397
605.74534397
605.74534397
605.74534397
605.74534397
605.74534397
605.74534397
605.74534397
605.74534397
605.74534397
605.74534397
605.74534397
605.74534397
605.74534397
605.74534397
605.74534397
605.74534397
605.74534397
605.74534397
605.74534397
605.74534397
605.74534397
605.74534397
605.74534397
605.74534397
605.74534397
605.74534397
605.74534397
605.74534397
605.74534397
605.74534397
605.74534397
605.74534397
605.74534397
605.74534397
605.74534397
605.74534397
605.74534397
605.74534397
605.74534397
605.74534397
605.74534397
605.74534397
605.74534397
605.74534397
605.74534397
605.74534397
605.74534397
605.74534397
605.74534397
605.74534397
605.74534397
605.74534397
605.74534397
605.74534397
605.74534397
605.74534397
605.74534397
605.74534397
605.74534397
605.74534397
605.74534397
605.74534397
605.74534397
605.74534397
605.74534397
605.74534397
605.74534397
605.74534397
605.74534397
605.74534397
605.74534397
605.74534397
605.74534397
605.74534397
605.74534397
605.74534397
605.74534397
605.74534397
605.74534397
605.74534397
605.74534397
605.74534397
605.74534397
605.74534397
605.74534397
605.74534397
605.74534397
605.74534397
605.74534397
605.74534397
605.74534397
605.74534397
605.74534397
605.74534397
605.74534397
605.74534397
605.74534397
605.74534397
605.74534397
605.74534397
605.74534397
605.74534397
605.74534397
605.74534397
605.74534397
605.74534397
605.74534397
605.74534397
605.74534397
605.74534397
605.74534397
605.74534397
605.74534397
605.74534397
605.74534397
605.74534397
605.74534397
605.74534397
605.74534397
605.74534397
605.74534397
605.74534397
605.74534397
605.74534397
605.74534397
605.74534397
605.74534397
605.74534397
605.74534397
605.74534397
605.74534397
605.74534397
605.74534397
605.74534397
605.74534397
605.74534397
605.74534397
605.74534397
605.74534397
605.74534397
605.74534397
605.74534397
605.74534397
605.74534397
605.74534397
605.74534397
605.74534397
605.74534397
605.74534397
605.74534397
605.74534397
605.74534397
605.74534397
605.74534397
605.74534397
605.74534397
605.74534397
605.74534397
605.74534397
605.74534397
605.74534397
605.74534397
605.74534397
605.74534397
605.74534397
605.74534397
605.74534397
605.74534397
605.74534397
605.74534397
605.74534397
605.74534397
605.74534397
605.74534397
605.74534397
605.74534397
605.74534397
605.74534397
605.74534397
605.74534397
605.74534397
605.74534397
605.74534397
605.74534397
605.74534397
605.74534397
605.74534397
605.74534397
605.74534397
605.74534397
605.74534397
605.74534397
605.74534397
605.74534397
605.74534397
605.74534397
605.74534397
605.74534397
605.74534397
605.74534397
605.74534397
605.74534397
605.74534397
605.74534397
605.74534397
605.74534397
605.74534397
605.74534397
605.74534397
605.74534397
605.74534397
605.74534397
605.74534397
605.74534397
605.74534397
605.74534397
605.74534397
605.74534397
605.74534397
605.74534397
605.74534397
605.74534397
605.74534397
605.74534397
605.74534397
605.74534397
605.74534397
605.74534397
605.74534397
605.74534397
605.74534397
605.74534397
605.74534397
605.74534397
605.74534397
605.74534397
605.74534397
605.74534397
605.74534397
605.74534397
605.74534397
605.74534397
605.74534397
605.74534397
605.74534397
605.74534397
605.74534397
605.74534397
605.74534397
605.74534397
605.74534397
605.74534397
605.74534397
605.74534397
605.74534397
605.74534397
605.74534397
605.74534397
605.74534397
605.74534397
605.74534397
605.74534397
605.74534397
605.74534397
605.74534397
605.74534397
605.74534397
605.74534397
605.74534397
605.74534397
605.74534397
605.74534397
605.74534397
605.74534397
605.74534397
605.74534397
605.74534397
605.74534397
605.74534397
605.74534397
605.74534397
605.74534397
605.74534397
605.74534397
605.74534397
605.74534397
605.74534397
605.74534397
605.74534397
605.74534397
605.74534397
605.74534397
605.74534397
605.74534397
605.74534397
605.74534397
605.74534397
605.74534397
605.74534397
605.74534397
605.74534397
605.74534397
605.74534397
605.74534397
605.74534397
605.74534397
605.74534397
605.74534397
605.74534397
605.74534397
605.74534397
605.74534397
605.74534397
605.74534397
605.74534397
605.74534397
605.74534397
605.74534397
605.74534397
605.74534397
605.74534397
605.74534397
605.74534397
605.74534397
605.74534397
605.74534397
605.74534397
605.74534397
605.74534397
605.74534397
605.74534397
605.74534397
605.74534397
605.74534397
605.74534397
605.74534397
605.74534397
605.74534397
605.74534397
605.74534397
605.74534397
605.74534397
605.74534397
605.74534397
605.74534397
605.74534397
605.74534397
605.74534397
605.74534397
605.74534397
605.74534397
605.74534397
605.74534397
605.74534397
605.74534397
605.74534397
605.74534397
605.74534397
605.74534397
605.74534397
605.74534397
605.74534397
605.74534397
605.74534397
605.74534397
605.74534397
605.74534397
605.74534397
605.74534397
605.74534397
605.74534397
605.74534397
605.74534397
605.74534397
605.74534397
605.74534397
605.74534397
605.74534397
605.74534397
605.74534397
605.74534397
605.74534397
605.74534397
605.74534397
605.74534397
605.74534397
605.74534397
605.74534397
605.74534397
605.74534397
605.74534397
605.74534397
605.74534397
605.74534397
605.74534397
605.74534397
605.74534397
605.74534397
605.74534397
605.74534397
605.74534397
605.74534397
605.74534397
605.74534397
605.74534397
605.74534397
605.74534397
605.74534397
605.74534397
605.74534397
605.74534397
605.74534397
605.74534397
605.74534397
605.74534397
605.74534397
605.74534397
605.74534397
605.74534397
605.74534397
605.74534397
605.74534397
605.74534397
605.74534397
605.74534397
605.74534397
605.74534397
605.74534397
605.74534397
605.74534397
605.74534397
605.74534397
605.74534397
605.74534397
605.74534397
605.74534397
605.74534397
605.74534397
605.74534397
605.74534397
605.74534397
605.74534397
605.74534397
605.74534397
605.74534397
605.74534397
605.74534397
605.74534397
605.74534397
605.74534397
605.74534397
605.74534397
605.74534397
605.74534397
605.74534397
605.74534397
605.74534397
605.74534397
605.74534397
605.74534397
605.74534397
605.74534397
605.74534397
605.74534397
605.74534397
605.74534397
605.74534397
605.74534397
605.74534397
605.74534397
605.74534397
605.74534397
605.74534397
605.74534397
605.74534397
605.74534397
605.74534397
605.74534397
605.74534397
605.74534397
605.74534397
605.74534397
605.74534397
605.74534397
605.74534397
605.74534397
605.74534397
605.74534397
605.74534397
605.74534397
605.74534397
605.74534397
605.74534397
605.74534397
605.74534397
605.74534397
605.74534397
605.74534397
605.74534397
605.74534397
605.74534397
605.74534397
605.74534397
605.74534397
605.74534397
605.74534397
605.74534397
605.74534397
605.74534397
605.74534397
605.74534397
605.74534397
605.74534397
605.74534397
605.74534397
605.74534397
605.74534397
605.74534397
605.74534397
605.74534397
605.74534397
605.74534397
605.74534397
605.74534397
605.74534397
605.74534397
605.74534397
605.74534397
605.74534397
605.74534397
605.74534397
605.74534397
605.74534397
605.74534397
605.74534397
605.74534397
605.74534397
605.74534397
605.74534397
605.74534397
605.74534397
605.74534397
605.74534397
605.74534397
605.74534397
605.74534397
605.74534397
605.74534397
605.74534397
605.74534397
605.74534397
605.74534397
605.74534397
605.74534397
605.74534397
605.74534397
605.74534397
605.74534397
605.74534397
605.74534397
605.74534397
605.74534397
605.74534397
605.74534397
605.74534397
605.74534397
605.74534397
605.74534397
605.74534397
605.74534397
605.74534397
605.74534397
605.74534397
605.74534397
605.74534397
605.74534397
605.74534397
605.74534397
605.74534397
605.74534397
605.74534397
605.74534397
605.74534397
605.74534397
605.74534397
605.74534397
605.74534397
605.74534397
605.74534397
605.74534397
605.74534397
605.74534397
605.74534397
605.74534397
605.74534397
605.74534397
605.74534397
605.74534397
605.74534397
605.74534397
605.74534397
605.74534397
605.74534397
605.74534397
605.74534397
605.74534397
605.74534397
605.74534397
605.74534397
605.74534397
605.74534397
605.74534397
605.74534397
605.74534397
605.74534397
605.74534397
605.74534397
605.74534397
605.74534397
605.74534397
605.74534397
605.74534397
605.74534397
605.74534397
605.74534397
605.74534397
605.74534397
605.74534397
605.74534397
605.74534397
605.74534397
605.74534397
605.74534397
605.74534397
605.74534397
605.74534397
605.74534397
605.74534397
605.74534397
605.74534397
605.74534397
605.74534397
605.74534397
605.74534397
605.74534397
605.74534397
605.74534397
605.74534397
605.74534397
605.74534397
605.74534397
605.74534397
605.74534397
605.74534397
605.74534397
605.74534397
605.74534397
605.74534397
605.74534397
605.74534397
605.74534397
605.74534397
605.74534397
605.74534397
605.74534397
605.74534397
605.74534397
605.74534397
605.74534397
605.74534397
605.74534397
605.74534397
605.74534397
605.74534397
605.74534397
605.74534397
605.74534397
605.74534397
605.74534397
605.74534397
605.74534397
605.74534397
605.74534397
605.74534397
605.74534397
605.74534397
605.74534397
605.74534397
605.74534397
605.74534397
605.74534397
605.74534397
605.74534397
605.74534397
605.74534397
605.74534397
605.74534397
605.74534397
605.74534397
605.74534397
605.74534397
605.74534397
605.74534397
605.74534397
605.74534397
605.74534397
605.74534397
605.74534397
605.74534397
605.74534397
605.74534397
605.74534397
605.74534397
605.74534397
605.74534397
605.74534397
605.74534397
605.74534397
605.74534397
605.74534397
605.74534397
605.74534397
605.74534397
605.74534397
605.74534397
605.74534397
605.74534397
605.74534397
605.74534397
605.74534397
605.74534397
605.74534397
605.74534397
605.74534397
605.74534397
605.74534397
605.74534397
605.74534397
605.74534397
605.74534397
605.74534397
605.74534397
605.74534397
605.74534397
605.74534397
605.74534397
605.74534397
605.74534397
605.74534397
605.74534397
605.74534397
605.74534397
605.74534397
605.74534397
605.74534397
605.74534397
605.74534397
605.74534397
605.74534397
605.74534397
605.74534397
605.74534397
605.74534397
605.74534397
605.74534397
605.74534397
605.74534397
605.74534397
605.74534397
605.74534397
605.74534397
605.74534397
605.74534397
605.74534397
605.74534397
605.74534397
605.74534397
605.74534397
605.74534397
605.74534397
605.74534397
605.74534397
605.74534397
605.74534397
605.74534397
605.74534397
605.74534397
605.74534397
605.74534397
605.74534397
605.74534397
605.74534397
605.74534397
605.74534397
605.74534397
605.74534397
605.74534397
605.74534397
605.74534397
605.74534397
605.74534397
605.74534397
605.74534397
605.74534397
605.74534397
605.74534397
605.74534397
605.74534397
605.74534397
605.74534397
605.74534397
605.74534397
605.74534397
605.74534397
605.74534397
605.74534397
605.74534397
605.74534397
605.74534397
605.74534397
605.74534397
605.74534397
605.74534397
605.74534397
605.74534397
605.74534397
605.74534397
605.74534397
605.74534397
605.74534397
605.74534397
605.74534397
605.74534397
605.74534397
605.74534397
605.74534397
605.74534397
605.74534397
605.74534397
605.74534397
605.74534397
605.74534397
605.74534397
605.74534397
605.74534397
605.74534397
605.74534397
605.74534397
605.74534397
605.74534397
605.74534397
605.74534397
605.74534397
605.74534397
605.74534397
605.74534397
605.74534397
605.74534397
605.74534397
605.74534397
605.74534397
605.74534397
605.74534397
605.74534397
605.74534397
605.74534397
605.74534397
605.74534397
605.74534397
605.74534397
605.74534397
605.74534397
605.74534397
605.74534397
605.74534397
605.74534397
605.74534397
605.74534397
605.74534397
605.74534397
605.74534397
605.74534397
605.74534397
605.74534397
605.74534397
605.74534397
605.74534397
605.74534397
605.74534397
605.74534397
605.74534397
605.74534397
605.74534397
605.74534397
605.74534397
605.74534397
605.74534397
605.74534397
605.74534397
605.74534397
605.74534397
605.74534397
605.74534397
605.74534397
605.74534397
605.74534397
605.74534397
605.74534397
605.74534397
605.74534397
605.74534397
605.74534397
605.74534397
605.74534397
605.74534397
605.74534397
605.74534397
605.74534397
605.74534397
605.74534397
605.74534397
605.74534397
605.74534397
605.74534397
605.74534397
605.74534397
605.74534397
605.74534397
605.74534397
605.74534397
605.74534397
605.74534397
605.74534397
605.74534397
605.74534397
605.74534397
605.74534397
605.74534397
605.74534397
605.74534397
605.74534397
605.74534397
605.74534397
605.74534397
605.74534397
605.74534397
605.74534397
605.74534397
605.74534397
605.74534397
605.74534397
605.74534397
605.74534397
605.74534397
605.74534397
605.74534397
605.74534397
605.74534397
605.74534397
605.74534397
605.74534397
605.74534397
605.74534397
605.74534397
605.74534397
605.74534397
605.74534397
605.74534397
605.74534397
605.74534397
605.74534397
605.74534397
605.74534397
605.74534397
605.74534397
605.74534397
605.74534397
605.74534397
605.74534397
605.74534397
605.74534397
605.74534397
605.74534397
605.74534397
605.74534397
605.74534397
605.74534397
605.74534397
605.74534397
605.74534397
605.74534397
605.74534397
605.74534397
605.74534397
605.74534397
605.74534397
605.74534397
605.74534397
605.74534397
605.74534397
605.74534397
605.74534397
605.74534397
605.74534397
605.74534397
605.74534397
605.74534397
605.74534397
605.74534397
605.74534397
605.74534397
605.74534397
605.74534397
605.74534397
605.74534397
605.74534397
605.74534397
605.74534397
605.74534397
605.74534397
605.74534397
605.74534397
605.74534397
605.74534397
605.74534397
605.74534397
605.74534397
605.74534397
605.74534397
605.74534397
605.74534397
605.74534397
605.74534397
605.74534397
605.74534397
605.74534397
605.74534397
605.74534397
605.74534397
605.74534397
605.74534397
605.74534397
605.74534397
605.74534397
605.74534397
605.74534397
605.74534397
605.74534397
605.74534397
605.74534397
605.74534397
605.74534397
605.74534397
605.74534397
605.74534397
605.74534397
605.74534397
605.74534397
605.74534397
605.74534397
605.74534397
605.74534397
605.74534397
605.74534397
605.74534397
605.74534397
605.74534397
605.74534397
605.74534397
605.74534397
605.74534397
605.74534397
605.74534397
605.74534397
605.74534397
605.74534397
605.74534397
605.74534397
605.74534397
605.74534397
605.74534397
605.74534397
605.74534397
605.74534397
605.74534397
605.74534397
605.74534397
605.74534397
605.74534397
605.74534397
605.74534397
605.74534397
605.74534397
605.74534397
605.74534397
605.74534397
605.74534397
605.74534397
605.74534397
605.74534397
605.74534397
605.74534397
605.74534397
605.74534397
605.74534397
605.74534397
605.74534397
605.74534397
605.74534397
605.74534397
605.74534397
605.74534397
605.74534397
605.74534397
605.74534397
605.74534397
605.74534397
605.74534397
605.74534397
605.74534397
605.74534397
605.74534397
605.74534397
605.74534397
605.74534397
605.74534397
605.74534397
605.74534397
605.74534397
605.74534397
605.74534397
605.74534397
605.74534397
605.74534397
605.74534397
605.74534397
605.74534397
605.74534397
605.74534397
605.74534397
605.74534397
605.74534397
605.74534397
605.74534397
605.74534397
605.74534397
605.74534397
605.74534397
605.74534397
605.74534397
605.74534397
605.74534397
605.74534397
605.74534397
605.74534397
605.74534397
605.74534397
605.74534397
605.74534397
605.74534397
605.74534397
605.74534397
605.74534397
605.74534397
605.74534397
605.74534397
605.74534397
605.74534397
605.74534397
605.74534397
605.74534397
605.74534397
605.74534397
605.74534397
605.74534397
605.74534397
605.74534397
605.74534397
605.74534397
605.74534397
605.74534397
605.74534397
605.74534397
605.74534397
605.74534397
605.74534397
605.74534397
605.74534397
605.74534397
605.74534397
605.74534397
605.74534397
605.74534397
605.74534397
605.74534397
605.74534397
605.74534397
605.74534397
605.74534397
605.74534397
605.74534397
605.74534397
605.74534397
605.74534397
605.74534397
605.74534397
605.74534397
605.74534397
605.74534397
605.74534397
605.74534397
605.74534397
605.74534397
605.74534397
605.74534397
605.74534397
605.74534397
605.74534397
605.74534397
605.74534397
605.74534397
605.74534397
605.74534397
605.74534397
605.74534397
605.74534397
605.74534397
605.74534397
605.74534397
605.74534397
605.74534397
605.74534397
605.74534397
605.74534397
605.74534397
605.74534397
605.74534397
605.74534397
605.74534397
605.74534397
605.74534397
605.74534397
605.74534397
605.74534397
605.74534397
605.74534397
605.74534397
605.74534397
605.74534397
605.74534397
605.74534397
605.74534397
605.74534397
605.74534397
605.74534397
605.74534397
605.74534397
605.74534397
605.74534397
605.74534397
605.74534397
605.74534397
605.74534397
605.74534397
605.74534397
605.74534397
605.74534397
605.74534397
605.74534397
605.74534397
605.74534397
605.74534397
605.74534397
605.74534397
605.74534397
605.74534397
605.74534397
605.74534397
605.74534397
605.74534397
605.74534397
605.74534397
605.74534397
605.74534397
605.74534397
605.74534397
605.74534397
605.74534397
605.74534397
605.74534397
605.74534397
605.74534397
605.74534397
605.74534397
605.74534397
605.74534397
605.74534397
605.74534397
605.74534397
605.74534397
605.74534397
605.74534397
605.74534397
605.74534397
605.74534397
605.74534397
605.74534397
605.74534397
605.74534397
605.74534397
605.74534397
605.74534397
605.74534397
605.74534397
605.74534397
605.74534397
605.74534397
605.74534397
605.74534397
605.74534397
605.74534397
605.74534397
605.74534397
605.74534397
605.74534397
605.74534397
605.74534397
605.74534397
605.74534397
605.74534397
605.74534397
605.74534397
605.74534397
605.74534397
605.74534397
605.74534397
605.74534397
605.74534397
605.74534397
605.74534397
605.74534397
605.74534397
605.74534397
605.74534397
605.74534397
605.74534397
605.74534397
605.74534397
605.74534397
605.74534397
605.74534397
605.74534397
605.74534397
605.74534397
605.74534397
605.74534397
605.74534397
605.74534397
605.74534397
605.74534397
605.74534397
605.74534397
605.74534397
605.74534397
605.74534397
605.74534397
605.74534397
605.74534397
605.74534397
605.74534397
605.74534397
605.74534397
605.74534397
605.74534397
605.74534397
605.74534397
605.74534397
605.74534397
605.74534397
605.74534397
605.74534397
605.74534397
605.74534397
605.74534397
605.74534397
605.74534397
605.74534397
605.74534397
605.74534397
605.74534397
605.74534397
605.74534397
605.74534397
605.74534397
605.74534397
605.74534397
605.74534397
605.74534397
605.74534397
605.74534397
605.74534397
605.74534397
605.74534397
605.74534397
605.74534397
605.74534397
605.74534397
605.74534397
605.74534397
605.74534397
605.74534397
605.74534397
605.74534397
605.74534397
605.74534397
605.74534397
605.74534397
605.74534397
605.74534397
605.74534397
605.74534397
605.74534397
605.74534397
605.74534397
605.74534397
605.74534397
605.74534397
605.74534397
605.74534397
605.74534397
605.74534397
605.74534397
605.74534397
605.74534397
605.74534397
605.74534397
605.74534397
605.74534397
605.74534397
605.74534397
605.74534397
605.74534397
605.74534397
605.74534397
605.74534397
605.74534397
605.74534397
605.74534397
605.74534397
605.74534397
605.74534397
605.74534397
605.74534397
605.74534397
605.74534397
605.74534397
605.74534397
605.74534397
605.74534397
605.74534397
605.74534397
605.74534397
605.74534397
605.74534397
605.74534397
605.74534397
605.74534397
605.74534397
605.74534397
605.74534397
605.74534397
605.74534397
605.74534397
605.74534397
605.74534397
605.74534397
605.74534397
605.74534397
605.74534397
605.74534397
605.74534397
605.74534397
605.74534397
605.74534397
605.74534397
605.74534397
605.74534397
605.74534397
605.74534397
605.74534397
605.74534397
605.74534397
605.74534397
605.74534397
605.74534397
605.74534397
605.74534397
605.74534397
605.74534397
605.74534397
605.74534397
605.74534397
605.74534397
605.74534397
605.74534397
605.74534397
605.74534397
605.74534397
605.74534397
605.74534397
605.74534397
605.74534397
605.74534397
605.74534397
605.74534397
605.74534397
605.74534397
605.74534397
605.74534397
605.74534397
605.74534397
605.74534397
605.74534397
605.74534397
605.74534397
605.74534397
605.74534397
605.74534397
605.74534397
605.74534397
605.74534397
605.74534397
605.74534397
605.74534397
605.74534397
605.74534397
605.74534397
605.74534397
605.74534397
605.74534397
605.74534397
605.74534397
605.74534397
605.74534397
605.74534397
605.74534397
605.74534397
605.74534397
605.74534397
605.74534397
605.74534397
605.74534397
605.74534397
605.74534397
605.74534397
605.74534397
605.74534397
605.74534397
605.74534397
605.74534397
605.74534397
605.74534397
605.74534397
605.74534397
605.74534397
605.74534397
605.74534397
605.74534397
605.74534397
605.74534397
605.74534397
605.74534397
605.74534397
605.74534397
605.74534397
605.74534397
605.74534397
605.74534397
605.74534397
605.74534397
605.74534397
605.74534397
605.74534397
605.74534397
605.74534397
605.74534397
605.74534397
605.74534397
605.74534397
605.74534397
605.74534397
605.74534397
605.74534397
605.74534397
605.74534397
605.74534397
605.74534397
605.74534397
605.74534397
605.74534397
605.74534397
605.74534397
605.74534397
605.74534397
605.74534397
605.74534397
605.74534397
605.74534397
605.74534397
605.74534397
605.74534397
605.74534397
605.74534397
605.74534397
605.74534397
605.74534397
605.74534397
605.74534397
605.74534397
605.74534397
605.74534397
605.74534397
605.74534397
605.74534397
605.74534397
605.74534397
605.74534397
605.74534397
605.74534397
605.74534397
605.74534397
605.74534397
605.74534397
605.74534397
605.74534397
605.74534397
605.74534397
605.74534397
605.74534397
605.74534397
605.74534397
605.74534397
605.74534397
605.74534397
605.74534397
605.74534397
605.74534397
605.74534397
605.74534397
605.74534397
605.74534397
605.74534397
605.74534397
605.74534397
605.74534397
605.74534397
605.74534397
605.74534397
605.74534397
605.74534397
605.74534397
605.74534397
605.74534397
605.74534397
605.74534397
605.74534397
605.74534397
605.74534397
605.74534397
605.74534397
605.74534397
605.74534397
605.74534397
605.74534397
605.74534397
605.74534397
605.74534397
605.74534397
605.74534397
605.74534397
605.74534397
605.74534397
605.74534397
605.74534397
605.74534397
605.74534397
605.74534397
605.74534397
605.74534397
605.74534397
605.74534397
605.74534397
605.74534397
605.74534397
605.74534397
605.74534397
605.74534397
605.74534397
605.74534397
605.74534397
605.74534397
605.74534397
605.74534397
605.74534397
605.74534397
605.74534397
605.74534397
605.74534397
605.74534397
605.74534397
605.74534397
605.74534397
605.74534397
605.74534397
605.74534397
605.74534397
605.74534397
605.74534397
605.74534397
605.74534397
605.74534397
605.74534397
605.74534397
605.74534397
605.74534397
605.74534397
605.74534397
605.74534397
605.74534397
605.74534397
605.74534397
605.74534397
605.74534397
605.74534397
605.74534397
605.74534397
605.74534397
605.74534397
605.74534397
605.74534397
605.74534397
605.74534397
605.74534397
605.74534397
605.74534397
605.74534397
605.74534397
605.74534397
605.74534397
605.74534397
605.74534397
605.74534397
605.74534397
605.74534397
605.74534397
605.74534397
605.74534397
605.74534397
605.74534397
605.74534397
605.74534397
605.74534397
605.74534397
605.74534397
605.74534397
605.74534397
605.74534397
605.74534397
605.74534397
605.74534397
605.74534397
605.74534397
605.74534397
605.74534397
605.74534397
605.74534397
605.74534397
605.74534397
605.74534397
605.74534397
605.74534397
605.74534397
605.74534397
605.74534397
605.74534397
605.74534397
605.74534397
605.74534397
605.74534397
605.74534397
605.74534397
605.74534397
605.74534397
605.74534397
605.74534397
605.74534397
605.74534397
605.74534397
605.74534397
605.74534397
605.74534397
605.74534397
605.74534397
605.74534397
605.74534397
605.74534397
605.74534397
605.74534397
605.74534397
605.74534397
605.74534397
605.74534397
605.74534397
605.74534397
605.74534397
605.74534397
605.74534397
605.74534397
605.74534397
605.74534397
605.74534397
605.74534397
605.74534397
605.74534397
605.74534397
605.74534397
605.74534397
605.74534397
605.74534397
605.74534397
605.74534397
605.74534397
605.74534397
605.74534397
605.74534397
605.74534397
605.74534397
605.74534397
605.74534397
605.74534397
605.74534397
605.74534397
605.74534397
605.74534397
605.74534397
605.74534397
605.74534397
605.74534397
605.74534397
605.74534397
605.74534397
605.74534397
605.74534397
605.74534397
605.74534397
605.74534397
605.74534397
605.74534397
605.74534397
605.74534397
605.74534397
605.74534397
605.74534397
605.74534397
605.74534397
605.74534397
605.74534397
605.74534397
605.74534397
605.74534397
605.74534397
605.74534397
605.74534397
605.74534397
605.74534397
605.74534397
605.74534397
605.74534397
605.74534397
605.74534397
605.74534397
605.74534397
605.74534397
605.74534397
605.74534397
605.74534397
605.74534397
605.74534397
605.74534397
605.74534397
605.74534397
605.74534397
605.74534397
605.74534397
605.74534397
605.74534397
605.74534397
605.74534397
605.74534397
605.74534397
605.74534397
605.74534397
605.74534397
605.74534397
605.74534397
605.74534397
605.74534397
605.74534397
605.74534397
605.74534397
605.74534397
605.74534397
605.74534397
605.74534397
605.74534397
605.74534397
605.74534397
605.74534397
605.74534397
605.74534397
605.74534397
605.74534397
605.74534397
605.74534397
605.74534397
605.74534397
605.74534397
605.74534397
605.74534397
605.74534397
605.74534397
605.74534397
605.74534397
605.74534397
605.74534397
605.74534397
605.74534397
605.74534397
605.74534397
605.74534397
605.74534397
605.74534397
605.74534397
605.74534397
605.74534397
605.74534397
605.74534397
605.74534397
605.74534397
605.74534397
605.74534397
605.74534397
605.74534397
605.74534397
605.74534397
605.74534397
605.74534397
605.74534397
605.74534397
605.74534397
605.74534397
605.74534397
605.74534397
605.74534397
605.74534397
605.74534397
605.74534397
605.74534397
605.74534397
605.74534397
605.74534397
605.74534397
605.74534397
605.74534397
605.74534397
605.74534397
605.74534397
605.74534397
605.74534397
605.74534397
605.74534397
605.74534397
605.74534397
605.74534397
605.74534397
605.74534397
605.74534397
605.74534397
605.74534397
605.74534397
605.74534397
605.74534397
605.74534397
605.74534397
605.74534397
605.74534397
605.74534397
605.74534397
605.74534397
605.74534397
605.74534397
605.74534397
605.74534397
605.74534397
605.74534397
605.74534397
605.74534397
605.74534397
605.74534397
605.74534397
605.74534397
605.74534397
605.74534397
605.74534397
605.74534397
605.74534397
605.74534397
605.74534397
605.74534397
605.74534397
605.74534397
605.74534397
605.74534397
605.74534397
605.74534397
605.74534397
605.74534397
605.74534397
605.74534397
605.74534397
605.74534397
605.74534397
605.74534397
605.74534397
605.74534397
605.74534397
605.74534397
605.74534397
605.74534397
605.74534397
605.74534397
605.74534397
605.74534397
605.74534397
605.74534397
605.74534397
605.74534397
605.74534397
605.74534397
605.74534397
605.74534397
605.74534397
605.74534397
605.74534397
605.74534397
605.74534397
605.74534397
605.74534397
605.74534397
605.74534397
605.74534397
605.74534397
605.74534397
605.74534397
605.74534397
605.74534397
605.74534397
605.74534397
605.74534397
605.74534397
605.74534397
605.74534397
605.74534397
605.74534397
605.74534397
605.74534397
605.74534397
605.74534397
605.74534397
605.74534397
605.74534397
605.74534397
605.74534397
605.74534397
605.74534397
605.74534397
605.74534397
605.74534397
605.74534397
605.74534397
605.74534397
605.74534397
605.74534397
605.74534397
605.74534397
605.74534397
605.74534397
605.74534397
605.74534397
605.74534397
605.74534397
605.74534397
605.74534397
605.74534397
605.74534397
605.74534397
605.74534397
605.74534397
605.74534397
605.74534397
605.74534397
605.74534397
605.74534397
605.74534397
605.74534397
605.74534397
605.74534397
605.74534397
605.74534397
605.74534397
605.74534397
605.74534397
605.74534397
605.74534397
605.74534397
605.74534397
605.74534397
605.74534397
605.74534397
605.74534397
605.74534397
605.74534397
605.74534397
605.74534397
605.74534397
605.74534397
605.74534397
605.74534397
605.74534397
605.74534397
605.74534397
605.74534397
605.74534397
605.74534397
605.74534397
605.74534397
605.74534397
605.74534397
605.74534397
605.74534397
605.74534397
605.74534397
605.74534397
605.74534397
605.74534397
605.74534397
605.74534397
605.74534397
605.74534397
605.74534397
605.74534397
605.74534397
605.74534397
605.74534397
605.74534397
605.74534397
605.74534397
605.74534397
605.74534397
605.74534397
605.74534397
605.74534397
605.74534397
605.74534397
605.74534397
605.74534397
605.74534397
605.74534397
605.74534397
605.74534397
605.74534397
605.74534397
605.74534397
605.74534397
605.74534397
605.74534397
605.74534397
605.74534397
605.74534397
605.74534397
605.74534397
605.74534397
605.74534397
605.74534397
605.74534397
605.74534397
605.74534397
605.74534397
605.74534397
605.74534397
605.74534397
605.74534397
605.74534397
605.74534397
605.74534397
605.74534397
605.74534397
605.74534397
605.74534397
605.74534397
605.74534397
605.74534397
605.74534397
605.74534397
605.74534397
605.74534397
605.74534397
605.74534397
605.74534397
605.74534397
605.74534397
605.74534397
605.74534397
605.74534397
605.74534397
605.74534397
605.74534397
605.74534397
605.74534397
605.74534397
605.74534397
605.74534397
605.74534397
605.74534397
605.74534397
605.74534397
605.74534397
605.74534397
605.74534397
605.74534397
605.74534397
605.74534397
605.74534397
605.74534397
605.74534397
605.74534397
605.74534397
605.74534397
605.74534397
605.74534397
605.74534397
605.74534397
605.74534397
605.74534397
605.74534397
605.74534397
605.74534397
605.74534397
605.74534397
605.74534397
605.74534397
605.74534397
605.74534397
605.74534397
605.74534397
605.74534397
605.74534397
605.74534397
605.74534397
605.74534397
605.74534397
605.74534397
605.74534397
605.74534397
605.74534397
605.74534397
605.74534397
605.74534397
605.74534397
605.74534397
605.74534397
605.74534397
605.74534397
605.74534397
605.74534397
605.74534397
605.74534397
605.74534397
605.74534397
605.74534397
605.74534397
605.74534397
605.74534397
605.74534397
605.74534397
605.74534397
605.74534397
605.74534397
605.74534397
605.74534397
605.74534397
605.74534397
605.74534397
605.74534397
605.74534397
605.74534397
605.74534397
605.74534397
605.74534397
605.74534397
605.74534397
605.74534397
605.74534397
605.74534397
605.74534397
605.74534397
605.74534397
605.74534397
605.74534397
605.74534397
605.74534397
605.74534397
605.74534397
605.74534397
605.74534397
605.74534397
605.74534397
605.74534397
605.74534397
605.74534397
605.74534397
605.74534397
605.74534397
605.74534397
605.74534397
605.74534397
605.74534397
605.74534397
605.74534397
605.74534397
605.74534397
605.74534397
605.74534397
605.74534397
605.74534397
605.74534397
605.74534397
605.74534397
605.74534397
605.74534397
605.74534397
605.74534397
605.74534397
605.74534397
605.74534397
605.74534397
605.74534397
605.74534397
605.74534397
605.74534397
605.74534397
605.74534397
605.74534397
605.74534397
605.74534397
605.74534397
605.74534397
605.74534397
605.74534397
605.74534397
605.74534397
605.74534397
605.74534397
605.74534397
605.74534397
605.74534397
605.74534397
605.74534397
605.74534397
605.74534397
605.74534397
605.74534397
605.74534397
605.74534397
605.74534397
605.74534397
605.74534397
605.74534397
605.74534397
605.74534397
605.74534397
605.74534397
605.74534397
605.74534397
605.74534397
605.74534397
605.74534397
605.74534397
605.74534397
605.74534397
605.74534397
605.74534397
605.74534397
605.74534397
605.74534397
605.74534397
605.74534397
605.74534397
605.74534397
605.74534397
605.74534397
605.74534397
605.74534397
605.74534397
605.74534397
605.74534397
605.74534397
605.74534397
605.74534397
605.74534397
605.74534397
605.74534397
605.74534397
605.74534397
605.74534397
605.74534397
605.74534397
605.74534397
605.74534397
605.74534397
605.74534397
605.74534397
605.74534397
605.74534397
605.74534397
605.74534397
605.74534397
605.74534397
605.74534397
605.74534397
605.74534397
605.74534397
605.74534397
605.74534397
605.74534397
605.74534397
605.74534397
605.74534397
605.74534397
605.74534397
605.74534397
605.74534397
605.74534397
605.74534397
605.74534397
605.74534397
605.74534397
605.74534397
605.74534397
605.74534397
605.74534397
605.74534397
605.74534397
605.74534397
605.74534397
605.74534397
605.74534397
605.74534397
605.74534397
605.74534397
605.74534397
605.74534397
605.74534397
605.74534397
605.74534397
605.74534397
605.74534397
605.74534397
605.74534397
605.74534397
605.74534397
605.74534397
605.74534397
605.74534397
605.74534397
605.74534397
605.74534397
605.74534397
605.74534397
605.74534397
605.74534397
605.74534397
605.74534397
605.74534397
605.74534397
605.74534397
605.74534397
605.74534397
605.74534397
605.74534397
605.74534397
605.74534397
605.74534397
605.74534397
605.74534397
605.74534397
605.74534397
605.74534397
605.74534397
605.74534397
605.74534397
605.74534397
605.74534397
605.74534397
605.74534397
605.74534397
605.74534397
605.74534397
605.74534397
605.74534397
605.74534397
605.74534397
605.74534397
605.74534397
605.74534397
605.74534397
605.74534397
605.74534397
605.74534397
605.74534397
605.74534397
605.74534397
605.74534397
605.74534397
605.74534397
605.74534397
605.74534397
605.74534397
605.74534397
605.74534397
605.74534397
605.74534397
605.74534397
605.74534397
605.74534397
605.74534397
605.74534397
605.74534397
605.74534397
605.74534397
605.74534397
605.74534397
605.74534397
605.74534397
605.74534397
605.74534397
605.74534397
605.74534397
605.74534397
605.74534397
605.74534397
605.74534397
605.74534397
605.74534397
605.74534397
605.74534397
605.74534397
605.74534397
605.74534397
605.74534397
605.74534397
605.74534397
605.74534397
605.74534397
605.74534397
605.74534397
605.74534397
605.74534397
605.74534397
605.74534397
605.74534397
605.74534397
605.74534397
605.74534397
605.74534397
605.74534397
605.74534397
605.74534397
605.74534397
605.74534397
605.74534397
605.74534397
605.74534397
605.74534397
605.74534397
605.74534397
605.74534397
605.74534397
605.74534397
605.74534397
605.74534397
605.74534397
605.74534397
605.74534397
605.74534397
605.74534397
605.74534397
605.74534397
605.74534397
605.74534397
605.74534397
605.74534397
605.74534397
605.74534397
605.74534397
605.74534397
605.74534397
605.74534397
605.74534397
605.74534397
605.74534397
605.74534397
605.74534397
605.74534397
605.74534397
605.74534397
605.74534397
605.74534397
605.74534397
605.74534397
605.74534397
605.74534397
605.74534397
605.74534397
605.74534397
605.74534397
605.74534397
605.74534397
605.74534397
605.74534397
605.74534397
605.74534397
605.74534397
605.74534397
605.74534397
605.74534397
605.74534397
605.74534397
605.74534397
605.74534397
605.74534397
605.74534397
605.74534397
605.74534397
605.74534397
605.74534397
605.74534397
605.74534397
605.74534397
605.74534397
605.74534397
605.74534397
605.74534397
605.74534397
605.74534397
605.74534397
605.74534397
605.74534397
605.74534397
605.74534397
605.74534397
605.74534397
605.74534397
605.74534397
605.74534397
605.74534397
605.74534397
605.74534397
605.74534397
605.74534397
605.74534397
605.74534397
605.74534397
605.74534397
605.74534397
605.74534397
605.74534397
605.74534397
605.74534397
605.74534397
605.74534397
605.74534397
605.74534397
605.74534397
605.74534397
605.74534397
605.74534397
605.74534397
605.74534397
605.74534397
605.74534397
605.74534397
605.74534397
605.74534397
605.74534397
605.74534397
605.74534397
605.74534397
605.74534397
605.74534397
605.74534397
605.74534397
605.74534397
605.74534397
605.74534397
605.74534397
605.74534397
605.74534397
605.74534397
605.74534397
605.74534397
605.74534397
605.74534397
605.74534397
605.74534397
605.74534397
605.74534397
605.74534397
605.74534397
605.74534397
605.74534397
605.74534397
605.74534397
605.74534397
605.74534397
605.74534397
605.74534397
605.74534397
605.74534397
605.74534397
605.74534397
605.74534397
605.74534397
605.74534397
605.74534397
605.74534397
605.74534397
605.74534397
605.74534397
605.74534397
605.74534397
605.74534397
605.74534397
605.74534397
605.74534397
605.74534397
605.74534397
605.74534397
605.74534397
605.74534397
605.74534397
605.74534397
605.74534397
605.74534397
605.74534397
605.74534397
605.74534397
605.74534397
605.74534397
605.74534397
605.74534397
605.74534397
605.74534397
605.74534397
605.74534397
605.74534397
605.74534397
605.74534397
605.74534397
605.74534397
605.74534397
605.74534397
605.74534397
605.74534397
605.74534397
605.74534397
605.74534397
605.74534397
605.74534397
605.74534397
605.74534397
605.74534397
605.74534397
605.74534397
605.74534397
605.74534397
605.74534397
605.74534397
605.74534397
605.74534397
605.74534397
605.74534397
605.74534397
605.74534397
605.74534397
605.74534397
605.74534397
605.74534397
605.74534397
605.74534397
605.74534397
605.74534397
605.74534397
605.74534397
605.74534397
605.74534397
605.74534397
605.74534397
605.74534397
605.74534397
605.74534397
605.74534397
605.74534397
605.74534397
605.74534397
605.74534397
605.74534397
605.74534397
605.74534397
605.74534397
605.74534397
605.74534397
605.74534397
605.74534397
605.74534397
605.74534397
605.74534397
605.74534397
605.74534397
605.74534397
605.74534397
605.74534397
605.74534397
605.74534397
605.74534397
605.74534397
605.74534397
605.74534397
605.74534397
605.74534397
605.74534397
605.74534397
605.74534397
605.74534397
605.74534397
605.74534397
605.74534397
605.74534397
605.74534397
605.74534397
605.74534397
605.74534397
605.74534397
605.74534397
605.74534397
605.74534397
605.74534397
605.74534397
