1499.4374236
1456.6883129
1376.55224676
1308.67610044
1309.08362094
1297.60681085
1189.17049345
1174.3221233
1176.95260987
1144.19581194
1132.51260031
1136.2872198
1138.54422291
1154.40065004
1146.06364402
1142.66964343
1143.64747797
1151.77416886
1135.47674435
1127.96349036
1160.92755036
1164.45013704
1158.23831383
1146.52441877
1125.96492564
1134.84646532
1136.99252202
1129.31231279
1123.92316068
1120.51507633
1097.70154921
1102.33586331
1089.39002158
1116.07883754
1111.57231377
1108.85187258
1087.99715619
1106.41347216
1097.42561554
1085.05675897
1073.10382473
1038.07038217
1044.36086142
1072.17417826
1059.77845987
1059.77845987
1063.17773421
1053.71967362
1048.24324815
1024.69778496
1001.66838449
1001.66838449
993.191765096
974.847190793
977.784186757
953.212611641
953.071770893
943.043088108
968.046778446
944.813185759
948.900862174
943.180024803
942.880110717
938.044864821
921.324714597
906.759841675
889.484693097
889.484693097
873.145082622
884.950764206
881.227511356
877.853080415
877.853080415
876.495820193
873.104468695
890.751518651
890.137559411
903.891738573
899.12638364
899.12638364
899.12638364
892.658903178
894.787293734
897.342349593
873.043424865
870.828634327
886.108495444
881.341197776
896.749358068
869.861931757
868.58408769
868.58408769
868.58408769
868.58408769
881.585137259
881.585137259
864.640980406
864.640980406
848.186819086
848.186819086
848.186819086
848.186819086
862.080731113
863.72144544
863.72144544
861.457624867
866.745808238
866.745808238
865.028303281
863.802158861
859.857575591
859.857575591
859.857575591
859.857575591
849.432734078
849.432734078
849.197883328
849.197883328
842.483944133
844.375940438
844.375940438
837.977394203
837.977394203
837.977394203
837.977394203
837.977394203
835.274703169
835.274703169
831.828651403
831.828651403
831.828651403
831.828651403
831.828651403
831.828651403
831.828651403
831.828651403
829.448828753
829.448828753
787.377896016
787.377896016
787.377896016
787.377896016
787.377896016
787.377896016
785.663271839
785.663271839
770.750704376
770.750704376
770.750704376
770.750704376
758.258250181
758.258250181
758.258250181
758.493100932
752.541496947
752.541496947
752.541496947
752.541496947
752.541496947
745.48368831
737.689587439
737.689587439
737.689587439
737.689587439
714.208308023
714.208308023
714.208308023
714.208308023
714.208308023
714.208308023
714.208308023
710.655469712
710.655469712
710.655469712
710.655469712
710.655469712
706.636319829
706.636319829
701.5065408
701.5065408
701.5065408
698.819414447
698.819414447
698.819414447
698.819414447
698.819414447
698.819414447
698.819414447
698.819414447
698.819414447
698.819414447
698.819414447
698.819414447
698.819414447
698.819414447
698.819414447
698.819414447
698.819414447
697.883619782
697.883619782
697.883619782
696.535869755
696.535869755
694.065263738
694.065263738
694.065263738
694.065263738
694.065263738
688.850435672
688.850435672
688.850435672
688.850435672
688.850435672
688.850435672
688.850435672
688.850435672
688.850435672
688.850435672
688.850435672
688.850435672
688.850435672
688.850435672
688.850435672
688.850435672
688.850435672
688.850435672
686.463131122
686.463131122
681.874372213
681.874372213
651.724069786
651.724069786
651.724069786
651.724069786
651.724069786
651.724069786
651.724069786
651.724069786
651.724069786
651.724069786
651.724069786
646.742289065
646.742289065
646.742289065
646.742289065
646.742289065
646.742289065
646.742289065
646.742289065
638.826847619
638.826847619
638.826847619
638.826847619
638.826847619
638.826847619
638.826847619
638.826847619
638.826847619
638.826847619
638.826847619
638.826847619
638.826847619
638.826847619
633.552997258
629.808586351
629.808586351
629.808586351
629.808586351
629.808586351
629.808586351
628.049518451
628.049518451
628.049518451
628.049518451
624.049138608
624.049138608
624.049138608
624.049138608
624.049138608
624.049138608
624.049138608
624.049138608
624.049138608
624.049138608
624.049138608
624.049138608
624.049138608
624.049138608
624.049138608
624.049138608
624.049138608
624.049138608
624.049138608
624.049138608
624.049138608
624.049138608
624.049138608
624.049138608
624.049138608
624.049138608
624.049138608
624.049138608
624.049138608
624.049138608
620.113265553
620.113265553
620.113265553
620.113265553
620.113265553
620.113265553
620.113265553
620.113265553
620.113265553
620.113265553
620.113265553
620.113265553
620.113265553
620.113265553
620.113265553
620.113265553
620.113265553
620.113265553
620.113265553
620.113265553
620.113265553
620.113265553
620.113265553
620.113265553
620.113265553
620.113265553
620.113265553
617.682402692
617.682402692
617.682402692
617.682402692
617.682402692
617.682402692
616.892617833
616.892617833
616.892617833
616.892617833
616.892617833
616.892617833
616.892617833
616.892617833
616.892617833
616.892617833
616.892617833
616.892617833
609.627508185
609.627508185
609.627508185
609.627508185
609.627508185
609.627508185
609.627508185
609.627508185
609.627508185
609.627508185
609.627508185
609.627508185
609.627508185
609.627508185
609.627508185
609.627508185
609.627508185
609.627508185
609.627508185
608.151232002
608.151232002
608.151232002
608.151232002
608.151232002
608.151232002
608.151232002
608.151232002
608.151232002
608.151232002
608.151232002
608.151232002
608.151232002
608.151232002
608.151232002
608.151232002
608.151232002
608.151232002
608.151232002
608.151232002
608.151232002
603.777542668
603.777542668
603.777542668
603.777542668
603.777542668
603.777542668
603.777542668
603.777542668
603.777542668
603.777542668
603.777542668
603.777542668
603.777542668
603.777542668
603.777542668
603.777542668
603.777542668
603.777542668
603.777542668
603.777542668
603.777542668
603.777542668
603.777542668
603.132614047
603.132614047
603.132614047
603.132614047
603.132614047
603.132614047
603.132614047
603.132614047
603.132614047
603.132614047
603.132614047
603.132614047
603.132614047
603.132614047
600.610171809
600.610171809
600.610171809
600.610171809
600.610171809
600.610171809
600.610171809
600.610171809
600.610171809
600.610171809
600.610171809
600.610171809
600.610171809
600.610171809
600.610171809
600.610171809
600.610171809
600.610171809
600.610171809
600.610171809
600.610171809
600.610171809
600.610171809
600.610171809
600.610171809
600.610171809
600.610171809
600.610171809
600.610171809
600.610171809
600.610171809
600.610171809
600.610171809
600.610171809
600.610171809
600.610171809
600.610171809
593.716709011
593.716709011
593.716709011
593.716709011
593.716709011
593.716709011
593.716709011
593.716709011
593.716709011
593.716709011
593.716709011
593.716709011
593.716709011
593.716709011
593.716709011
593.716709011
593.716709011
593.716709011
593.716709011
593.716709011
593.716709011
593.716709011
593.716709011
593.716709011
584.466480267
584.466480267
584.466480267
584.466480267
584.466480267
584.466480267
584.466480267
584.466480267
584.466480267
584.466480267
579.710314048
579.710314048
579.710314048
576.284588126
576.284588126
576.284588126
576.284588126
576.284588126
573.294532989
573.294532989
573.294532989
573.294532989
573.294532989
573.294532989
573.294532989
573.294532989
573.294532989
573.294532989
573.294532989
573.294532989
573.294532989
573.294532989
573.294532989
573.294532989
573.294532989
573.294532989
573.294532989
573.294532989
573.294532989
573.294532989
573.294532989
573.294532989
573.294532989
573.294532989
573.294532989
573.294532989
573.294532989
573.294532989
573.294532989
573.294532989
573.294532989
573.294532989
573.294532989
573.294532989
573.294532989
573.294532989
573.294532989
573.294532989
573.294532989
573.294532989
573.294532989
573.294532989
573.294532989
573.294532989
573.294532989
573.294532989
573.294532989
573.294532989
573.294532989
573.294532989
573.294532989
573.294532989
573.294532989
573.294532989
573.294532989
573.294532989
573.294532989
573.294532989
573.294532989
573.294532989
573.294532989
573.294532989
573.294532989
573.294532989
573.294532989
573.294532989
573.294532989
573.294532989
573.294532989
573.294532989
573.294532989
573.294532989
573.294532989
573.294532989
573.294532989
573.294532989
573.294532989
573.294532989
573.294532989
573.294532989
573.294532989
573.294532989
573.294532989
573.294532989
573.294532989
573.294532989
573.294532989
573.294532989
573.294532989
573.294532989
573.294532989
573.294532989
573.294532989
573.294532989
573.294532989
573.294532989
573.294532989
573.294532989
573.294532989
573.294532989
573.294532989
573.294532989
573.294532989
573.294532989
573.294532989
573.294532989
573.294532989
573.294532989
573.294532989
573.294532989
573.294532989
573.294532989
573.294532989
573.294532989
573.294532989
573.294532989
573.294532989
573.294532989
573.294532989
573.294532989
573.294532989
573.294532989
573.294532989
573.294532989
573.294532989
573.294532989
573.294532989
573.294532989
573.294532989
573.294532989
573.294532989
573.294532989
573.294532989
573.294532989
573.294532989
573.294532989
573.294532989
573.294532989
573.294532989
573.294532989
573.294532989
573.294532989
573.294532989
572.444986836
572.444986836
572.444986836
572.444986836
572.444986836
572.444986836
572.444986836
572.444986836
572.444986836
572.444986836
572.444986836
572.444986836
572.444986836
572.444986836
572.444986836
572.444986836
572.444986836
572.444986836
572.444986836
572.444986836
572.444986836
572.444986836
572.444986836
572.444986836
568.283149504
565.236789604
565.236789604
565.236789604
565.236789604
565.236789604
565.236789604
565.236789604
565.236789604
565.236789604
565.236789604
565.236789604
565.236789604
565.236789604
565.236789604
565.236789604
565.236789604
565.236789604
565.236789604
565.236789604
565.236789604
565.236789604
565.236789604
565.236789604
565.236789604
565.236789604
565.236789604
565.236789604
565.236789604
565.236789604
565.236789604
565.236789604
565.236789604
565.236789604
565.236789604
565.236789604
565.236789604
565.236789604
565.236789604
565.236789604
565.236789604
565.236789604
565.236789604
565.236789604
565.236789604
565.236789604
565.236789604
565.236789604
565.236789604
565.236789604
565.236789604
565.236789604
565.236789604
565.236789604
565.236789604
565.236789604
565.236789604
565.236789604
565.236789604
565.236789604
565.236789604
565.236789604
565.236789604
565.236789604
565.236789604
565.236789604
565.236789604
565.236789604
565.236789604
565.236789604
565.236789604
565.236789604
565.236789604
565.236789604
563.577998524
563.577998524
563.577998524
563.577998524
563.577998524
563.577998524
563.577998524
563.577998524
563.577998524
563.577998524
563.577998524
563.577998524
563.577998524
563.577998524
563.577998524
563.577998524
563.577998524
563.577998524
563.577998524
563.577998524
563.577998524
563.577998524
563.577998524
563.577998524
563.577998524
563.577998524
563.577998524
563.577998524
563.577998524
563.577998524
563.577998524
563.577998524
563.577998524
563.577998524
563.577998524
563.577998524
563.577998524
563.577998524
563.577998524
563.577998524
563.577998524
563.577998524
563.577998524
563.577998524
563.577998524
563.577998524
563.577998524
563.577998524
563.577998524
563.577998524
563.577998524
563.577998524
563.577998524
563.577998524
563.577998524
563.577998524
563.577998524
563.577998524
563.577998524
563.577998524
563.577998524
563.577998524
563.577998524
563.577998524
563.577998524
563.577998524
563.577998524
563.577998524
563.577998524
563.577998524
563.577998524
563.577998524
563.577998524
563.577998524
563.577998524
563.577998524
563.577998524
563.577998524
563.577998524
563.577998524
563.577998524
563.577998524
563.577998524
563.577998524
563.577998524
563.577998524
563.577998524
563.577998524
563.577998524
563.577998524
563.577998524
563.577998524
563.577998524
563.577998524
563.577998524
563.577998524
563.577998524
563.577998524
563.577998524
563.577998524
563.577998524
563.577998524
563.577998524
563.577998524
563.577998524
563.577998524
563.577998524
563.577998524
563.577998524
563.577998524
563.577998524
563.577998524
563.577998524
563.577998524
563.577998524
563.577998524
563.577998524
563.577998524
563.577998524
563.577998524
563.577998524
563.577998524
563.577998524
563.577998524
563.577998524
563.577998524
563.577998524
563.577998524
563.577998524
563.577998524
563.577998524
563.577998524
563.577998524
563.577998524
563.577998524
563.577998524
563.577998524
563.577998524
563.577998524
563.577998524
563.577998524
563.577998524
563.577998524
563.577998524
563.577998524
563.577998524
563.577998524
563.577998524
563.577998524
563.577998524
563.577998524
563.577998524
563.577998524
563.577998524
563.577998524
563.577998524
563.577998524
563.577998524
563.577998524
562.357058594
562.357058594
562.357058594
562.357058594
562.357058594
562.357058594
562.357058594
562.357058594
562.357058594
562.357058594
562.357058594
562.357058594
562.357058594
562.357058594
562.357058594
562.357058594
562.357058594
562.357058594
562.357058594
562.357058594
562.357058594
562.357058594
562.357058594
562.357058594
562.357058594
562.357058594
562.357058594
562.357058594
562.357058594
562.357058594
562.357058594
562.357058594
562.357058594
562.357058594
562.357058594
562.357058594
562.357058594
562.357058594
562.357058594
562.357058594
562.357058594
562.357058594
562.357058594
562.357058594
562.357058594
562.357058594
562.357058594
562.357058594
562.357058594
562.357058594
562.357058594
562.357058594
562.357058594
562.357058594
562.357058594
562.357058594
562.357058594
562.357058594
562.357058594
562.357058594
562.357058594
562.357058594
562.357058594
562.357058594
562.357058594
562.357058594
562.357058594
562.357058594
562.357058594
562.357058594
562.357058594
562.357058594
562.357058594
562.357058594
562.357058594
562.357058594
562.357058594
562.357058594
562.357058594
562.357058594
562.357058594
562.357058594
562.357058594
562.357058594
562.357058594
562.357058594
562.357058594
562.357058594
562.357058594
562.357058594
562.357058594
562.357058594
562.357058594
562.357058594
562.357058594
562.357058594
562.357058594
557.229723344
557.229723344
557.229723344
557.229723344
557.229723344
557.229723344
557.229723344
557.229723344
557.229723344
557.229723344
557.229723344
557.229723344
557.229723344
553.997874253
553.997874253
553.997874253
553.997874253
553.997874253
553.997874253
553.997874253
553.997874253
553.997874253
553.997874253
553.997874253
553.997874253
553.997874253
553.997874253
553.997874253
553.997874253
553.997874253
553.997874253
553.997874253
553.997874253
553.997874253
553.997874253
553.997874253
553.997874253
553.997874253
553.997874253
553.997874253
553.997874253
553.997874253
553.997874253
553.997874253
553.997874253
553.997874253
553.997874253
553.997874253
553.997874253
553.997874253
553.997874253
553.997874253
553.997874253
553.997874253
553.997874253
553.997874253
553.997874253
553.997874253
553.997874253
553.997874253
553.997874253
553.997874253
553.997874253
553.997874253
553.997874253
553.997874253
553.997874253
553.997874253
553.997874253
553.997874253
553.997874253
553.997874253
553.997874253
553.997874253
553.997874253
553.997874253
553.997874253
553.997874253
553.997874253
553.997874253
553.997874253
553.997874253
553.997874253
553.997874253
553.997874253
553.997874253
553.997874253
553.997874253
553.997874253
553.997874253
553.997874253
553.997874253
553.997874253
553.997874253
553.997874253
553.997874253
553.997874253
553.997874253
553.997874253
553.997874253
553.997874253
553.997874253
553.997874253
553.997874253
553.997874253
553.997874253
553.997874253
553.997874253
553.997874253
553.997874253
553.997874253
553.997874253
553.997874253
553.997874253
553.997874253
553.997874253
553.997874253
553.997874253
553.997874253
553.997874253
553.997874253
553.997874253
553.997874253
553.997874253
553.997874253
553.997874253
553.997874253
553.997874253
553.997874253
553.997874253
553.997874253
553.997874253
553.997874253
553.997874253
553.997874253
553.997874253
553.997874253
553.997874253
553.997874253
553.997874253
553.997874253
553.997874253
553.997874253
553.997874253
553.997874253
553.997874253
553.997874253
553.997874253
553.997874253
553.997874253
553.997874253
553.997874253
553.997874253
553.997874253
553.997874253
553.997874253
553.997874253
553.997874253
553.997874253
553.997874253
553.997874253
553.997874253
553.997874253
553.997874253
553.997874253
553.997874253
553.997874253
553.997874253
553.997874253
553.997874253
553.997874253
553.997874253
553.997874253
553.997874253
553.997874253
553.997874253
553.997874253
553.997874253
553.997874253
553.997874253
553.997874253
553.997874253
553.997874253
553.997874253
553.997874253
553.997874253
553.997874253
553.997874253
553.997874253
553.997874253
553.997874253
553.997874253
553.997874253
553.997874253
553.997874253
553.997874253
553.997874253
553.997874253
553.997874253
553.997874253
553.997874253
553.997874253
553.997874253
553.997874253
553.997874253
553.997874253
553.997874253
553.997874253
553.997874253
553.997874253
553.997874253
553.997874253
553.997874253
553.997874253
553.997874253
553.997874253
553.997874253
553.997874253
553.997874253
553.997874253
553.997874253
553.997874253
553.997874253
553.997874253
553.997874253
553.997874253
553.997874253
553.997874253
553.997874253
553.997874253
553.997874253
553.997874253
553.997874253
553.997874253
553.997874253
553.997874253
553.997874253
553.997874253
553.997874253
553.997874253
553.997874253
553.997874253
553.997874253
553.997874253
553.997874253
553.997874253
553.997874253
553.997874253
553.997874253
553.997874253
553.997874253
553.997874253
553.997874253
553.997874253
553.997874253
553.997874253
553.997874253
553.997874253
553.997874253
553.997874253
553.997874253
553.997874253
553.997874253
553.997874253
553.997874253
553.997874253
553.997874253
553.997874253
553.997874253
553.997874253
553.997874253
553.997874253
553.997874253
553.997874253
553.997874253
553.997874253
553.997874253
553.997874253
553.997874253
553.997874253
553.997874253
553.997874253
553.997874253
553.997874253
553.997874253
553.997874253
553.997874253
553.997874253
553.997874253
553.997874253
553.997874253
553.997874253
553.997874253
553.997874253
553.997874253
553.997874253
553.997874253
553.997874253
553.997874253
553.997874253
553.997874253
553.997874253
553.997874253
553.997874253
553.997874253
553.997874253
553.997874253
553.997874253
553.997874253
553.997874253
553.997874253
553.997874253
553.997874253
553.997874253
553.997874253
553.997874253
553.997874253
553.997874253
553.997874253
553.997874253
553.997874253
553.997874253
553.997874253
553.997874253
553.997874253
553.997874253
553.997874253
553.997874253
553.997874253
553.997874253
553.997874253
553.997874253
553.997874253
553.997874253
553.997874253
553.997874253
553.997874253
553.997874253
553.997874253
553.997874253
553.997874253
553.997874253
553.997874253
553.997874253
553.997874253
553.997874253
553.997874253
553.997874253
553.997874253
553.997874253
553.997874253
553.997874253
553.997874253
553.997874253
553.997874253
553.997874253
553.997874253
553.997874253
553.997874253
553.997874253
553.997874253
553.997874253
553.997874253
553.997874253
553.997874253
553.997874253
553.997874253
553.997874253
553.997874253
553.997874253
553.997874253
553.997874253
553.997874253
553.997874253
553.997874253
553.997874253
553.997874253
553.997874253
553.997874253
553.997874253
553.997874253
553.514379852
553.514379852
553.514379852
553.514379852
553.514379852
553.514379852
553.514379852
553.514379852
553.514379852
553.514379852
553.514379852
553.514379852
553.514379852
553.514379852
553.514379852
553.514379852
553.514379852
553.514379852
553.514379852
553.514379852
553.514379852
553.514379852
553.514379852
553.514379852
553.514379852
553.514379852
553.514379852
553.514379852
553.514379852
553.514379852
553.514379852
553.514379852
553.514379852
553.514379852
553.514379852
553.514379852
553.514379852
553.514379852
553.514379852
553.514379852
553.514379852
553.514379852
553.514379852
553.514379852
553.514379852
553.514379852
553.514379852
553.514379852
553.514379852
553.514379852
553.514379852
553.514379852
553.514379852
553.514379852
553.514379852
553.514379852
553.514379852
553.514379852
553.514379852
553.514379852
553.514379852
553.514379852
553.514379852
553.514379852
553.514379852
553.514379852
553.514379852
553.514379852
553.514379852
553.514379852
553.514379852
553.514379852
553.514379852
553.514379852
553.514379852
553.514379852
553.514379852
553.514379852
553.514379852
553.514379852
553.514379852
553.514379852
553.514379852
553.514379852
553.514379852
553.514379852
553.514379852
553.514379852
553.514379852
553.514379852
553.514379852
553.514379852
553.514379852
553.514379852
553.514379852
553.514379852
553.514379852
553.514379852
553.514379852
553.514379852
553.514379852
553.514379852
553.514379852
553.514379852
553.514379852
553.514379852
553.514379852
553.514379852
553.514379852
553.514379852
553.514379852
553.514379852
553.514379852
553.514379852
553.514379852
553.514379852
553.514379852
553.514379852
553.514379852
553.514379852
553.514379852
553.514379852
553.514379852
553.514379852
553.514379852
553.514379852
553.514379852
553.514379852
553.514379852
553.514379852
553.514379852
553.514379852
553.514379852
553.514379852
553.514379852
553.514379852
553.514379852
553.514379852
553.514379852
553.514379852
553.514379852
553.514379852
553.514379852
553.514379852
553.514379852
553.514379852
553.514379852
553.514379852
553.514379852
553.514379852
553.514379852
553.514379852
553.514379852
553.514379852
553.514379852
553.514379852
553.514379852
553.514379852
553.514379852
553.514379852
553.514379852
553.514379852
553.514379852
553.514379852
553.514379852
553.514379852
553.514379852
553.514379852
553.514379852
553.514379852
553.514379852
553.514379852
553.514379852
553.514379852
553.514379852
553.514379852
553.514379852
553.514379852
553.514379852
553.514379852
553.514379852
553.514379852
553.514379852
553.514379852
553.514379852
553.514379852
553.514379852
553.514379852
553.514379852
553.514379852
553.514379852
553.514379852
553.514379852
553.514379852
553.514379852
553.514379852
553.514379852
553.514379852
553.514379852
553.514379852
553.514379852
553.514379852
553.514379852
553.514379852
553.514379852
553.514379852
553.514379852
553.514379852
553.514379852
553.514379852
553.514379852
553.514379852
553.514379852
553.514379852
553.514379852
553.514379852
553.514379852
553.514379852
553.514379852
553.514379852
553.514379852
553.514379852
553.514379852
553.514379852
553.514379852
553.514379852
553.514379852
553.514379852
553.514379852
553.514379852
553.514379852
553.514379852
553.514379852
553.514379852
553.514379852
553.514379852
553.514379852
553.514379852
553.514379852
553.514379852
553.514379852
553.514379852
553.514379852
553.514379852
553.514379852
553.514379852
553.514379852
553.514379852
553.514379852
553.514379852
553.514379852
553.514379852
553.514379852
553.514379852
553.514379852
553.514379852
553.514379852
553.514379852
553.514379852
553.514379852
553.514379852
553.514379852
553.514379852
553.514379852
553.514379852
553.514379852
553.514379852
553.514379852
553.514379852
553.514379852
553.514379852
553.514379852
553.514379852
553.514379852
553.514379852
553.514379852
553.514379852
553.514379852
553.514379852
553.514379852
553.514379852
553.514379852
553.514379852
553.514379852
553.514379852
553.514379852
553.514379852
553.514379852
553.514379852
553.514379852
553.514379852
553.514379852
553.514379852
553.514379852
553.514379852
553.514379852
553.514379852
553.514379852
553.514379852
553.514379852
553.514379852
553.514379852
553.514379852
553.514379852
553.514379852
553.514379852
553.514379852
553.514379852
553.514379852
553.514379852
553.514379852
553.514379852
553.514379852
553.514379852
553.514379852
553.514379852
553.514379852
553.514379852
553.514379852
553.514379852
553.514379852
553.514379852
553.514379852
553.514379852
553.514379852
553.514379852
553.514379852
553.514379852
553.514379852
553.514379852
553.514379852
553.514379852
553.514379852
553.514379852
553.514379852
553.514379852
553.514379852
553.514379852
553.514379852
553.514379852
553.514379852
553.514379852
553.514379852
553.514379852
553.514379852
553.514379852
553.514379852
553.514379852
553.514379852
553.514379852
553.514379852
553.514379852
553.514379852
553.514379852
553.514379852
553.514379852
553.514379852
553.514379852
553.514379852
553.514379852
553.514379852
553.514379852
553.514379852
553.514379852
553.514379852
553.514379852
553.514379852
553.514379852
553.514379852
553.514379852
553.514379852
553.514379852
553.514379852
553.514379852
553.514379852
553.514379852
553.514379852
553.514379852
553.514379852
553.514379852
553.514379852
553.514379852
553.514379852
553.514379852
553.514379852
553.514379852
553.514379852
553.514379852
553.514379852
553.514379852
553.514379852
553.514379852
553.514379852
553.514379852
553.514379852
553.514379852
553.514379852
553.514379852
553.514379852
553.514379852
553.514379852
553.514379852
553.514379852
553.514379852
553.514379852
553.514379852
553.514379852
553.514379852
553.514379852
553.514379852
553.514379852
553.514379852
553.514379852
553.514379852
553.514379852
553.514379852
553.514379852
553.514379852
553.514379852
553.514379852
553.514379852
553.514379852
553.514379852
553.514379852
553.514379852
553.514379852
553.514379852
553.514379852
553.514379852
553.514379852
553.514379852
553.514379852
553.514379852
553.514379852
553.514379852
553.514379852
553.514379852
553.514379852
553.514379852
553.514379852
553.514379852
553.514379852
553.514379852
553.514379852
553.514379852
553.514379852
553.514379852
553.514379852
553.514379852
553.514379852
553.514379852
553.514379852
553.514379852
553.514379852
553.514379852
553.514379852
553.514379852
553.514379852
553.514379852
553.514379852
553.514379852
553.514379852
553.514379852
553.514379852
553.514379852
553.514379852
553.514379852
553.514379852
553.514379852
553.514379852
553.514379852
553.514379852
553.514379852
553.514379852
553.514379852
553.514379852
553.514379852
553.514379852
553.514379852
553.514379852
553.514379852
553.514379852
553.514379852
553.514379852
553.514379852
553.514379852
553.514379852
553.514379852
553.514379852
553.514379852
553.514379852
553.514379852
553.514379852
553.514379852
553.514379852
553.514379852
553.514379852
553.514379852
553.514379852
553.514379852
553.514379852
553.514379852
553.514379852
553.514379852
553.514379852
553.514379852
553.514379852
553.514379852
553.514379852
553.514379852
553.514379852
553.514379852
553.514379852
553.514379852
553.514379852
553.514379852
553.514379852
553.514379852
553.514379852
553.514379852
553.514379852
553.514379852
553.514379852
553.514379852
553.514379852
553.514379852
553.514379852
553.514379852
553.514379852
553.514379852
553.514379852
553.514379852
553.514379852
553.514379852
553.514379852
553.514379852
553.514379852
553.514379852
553.514379852
553.514379852
553.514379852
553.514379852
553.514379852
553.514379852
553.514379852
553.514379852
553.514379852
553.514379852
553.514379852
553.514379852
553.514379852
553.514379852
553.514379852
553.514379852
553.514379852
553.514379852
553.514379852
553.514379852
553.514379852
553.514379852
553.514379852
553.514379852
553.514379852
553.514379852
553.514379852
553.514379852
553.514379852
553.514379852
553.514379852
553.514379852
553.514379852
553.514379852
553.514379852
553.514379852
553.514379852
553.514379852
553.514379852
553.514379852
553.514379852
553.514379852
553.514379852
553.514379852
553.514379852
553.514379852
553.514379852
553.514379852
553.514379852
553.514379852
553.514379852
553.514379852
553.514379852
553.514379852
553.514379852
553.514379852
553.514379852
553.514379852
553.514379852
553.514379852
553.514379852
553.514379852
553.514379852
553.514379852
553.514379852
553.514379852
553.514379852
553.514379852
553.514379852
553.514379852
553.514379852
553.514379852
553.514379852
553.514379852
553.514379852
553.514379852
553.514379852
553.514379852
553.514379852
553.514379852
553.514379852
553.514379852
553.514379852
553.514379852
553.514379852
553.514379852
553.514379852
553.514379852
553.514379852
553.514379852
553.514379852
553.514379852
553.514379852
553.514379852
553.514379852
553.514379852
553.514379852
553.514379852
553.514379852
553.514379852
553.514379852
553.514379852
553.514379852
553.514379852
553.514379852
553.514379852
553.514379852
553.514379852
553.514379852
553.514379852
553.514379852
553.514379852
553.514379852
553.514379852
553.514379852
553.514379852
553.514379852
553.514379852
553.514379852
553.514379852
553.514379852
553.514379852
553.514379852
553.514379852
553.514379852
553.514379852
553.514379852
553.514379852
553.514379852
553.514379852
553.514379852
553.514379852
553.514379852
553.514379852
553.514379852
553.514379852
553.514379852
553.514379852
553.514379852
553.514379852
553.514379852
553.514379852
553.514379852
553.514379852
553.514379852
553.514379852
553.514379852
553.514379852
553.514379852
553.514379852
553.514379852
553.514379852
553.514379852
553.514379852
553.514379852
553.514379852
553.514379852
553.514379852
553.514379852
553.514379852
553.514379852
553.514379852
553.514379852
553.514379852
553.514379852
553.514379852
553.514379852
553.514379852
553.514379852
553.514379852
553.514379852
553.514379852
553.514379852
553.514379852
553.514379852
553.514379852
553.514379852
553.514379852
553.514379852
553.514379852
553.514379852
553.514379852
553.514379852
553.514379852
553.514379852
553.514379852
553.514379852
553.514379852
553.514379852
553.514379852
553.514379852
553.514379852
553.514379852
553.514379852
553.514379852
553.514379852
553.514379852
553.514379852
553.514379852
553.514379852
553.514379852
553.514379852
553.514379852
553.514379852
553.514379852
553.514379852
553.514379852
553.514379852
553.514379852
553.514379852
553.514379852
553.514379852
553.514379852
553.514379852
553.514379852
553.514379852
553.514379852
553.514379852
553.514379852
553.514379852
553.514379852
553.514379852
553.514379852
553.514379852
553.514379852
553.514379852
553.514379852
553.514379852
553.514379852
553.514379852
553.514379852
553.514379852
553.514379852
553.514379852
553.514379852
553.514379852
553.514379852
553.514379852
553.514379852
553.514379852
553.514379852
553.514379852
553.514379852
553.514379852
553.514379852
553.514379852
553.514379852
553.514379852
553.514379852
553.514379852
553.514379852
553.514379852
553.514379852
553.514379852
553.514379852
553.514379852
553.514379852
553.514379852
553.514379852
553.514379852
553.514379852
553.514379852
553.514379852
553.514379852
553.514379852
553.514379852
553.514379852
553.514379852
553.514379852
553.514379852
553.514379852
553.514379852
553.514379852
553.514379852
553.514379852
553.514379852
553.514379852
553.514379852
553.514379852
553.514379852
553.514379852
553.514379852
553.514379852
553.514379852
553.514379852
553.514379852
553.514379852
553.514379852
553.514379852
553.514379852
553.514379852
553.514379852
553.514379852
553.514379852
553.514379852
553.514379852
553.514379852
553.514379852
553.514379852
553.514379852
553.514379852
553.514379852
553.514379852
553.514379852
553.514379852
553.514379852
553.514379852
553.514379852
553.514379852
553.514379852
553.514379852
553.514379852
553.514379852
553.514379852
553.514379852
553.514379852
553.514379852
553.514379852
553.514379852
553.514379852
553.514379852
553.514379852
553.514379852
553.514379852
553.514379852
553.514379852
553.514379852
553.514379852
553.514379852
553.514379852
553.514379852
553.514379852
553.514379852
553.514379852
553.514379852
553.514379852
553.514379852
553.514379852
553.514379852
553.514379852
553.514379852
553.514379852
553.514379852
553.514379852
553.514379852
553.514379852
553.514379852
553.514379852
553.514379852
553.514379852
553.514379852
553.514379852
553.514379852
553.514379852
553.514379852
553.514379852
553.514379852
553.514379852
553.514379852
553.514379852
553.514379852
553.514379852
553.514379852
553.514379852
553.514379852
553.514379852
553.514379852
553.514379852
553.514379852
553.514379852
553.514379852
553.514379852
553.514379852
553.514379852
553.514379852
553.514379852
553.514379852
553.514379852
553.514379852
553.514379852
553.514379852
553.514379852
553.514379852
553.514379852
553.514379852
553.514379852
553.514379852
553.514379852
553.514379852
553.514379852
553.514379852
553.514379852
553.514379852
553.514379852
553.514379852
553.514379852
553.514379852
553.514379852
553.514379852
553.514379852
553.514379852
553.514379852
553.514379852
553.514379852
553.514379852
553.514379852
553.514379852
553.514379852
553.514379852
553.514379852
553.514379852
553.514379852
553.514379852
553.514379852
553.514379852
553.514379852
553.514379852
553.514379852
553.514379852
553.514379852
553.514379852
553.514379852
553.514379852
553.514379852
553.514379852
553.514379852
553.514379852
553.514379852
553.514379852
553.514379852
553.514379852
553.514379852
553.514379852
553.514379852
553.514379852
553.514379852
553.514379852
553.514379852
553.514379852
553.514379852
553.514379852
553.514379852
553.514379852
553.514379852
553.514379852
553.514379852
553.514379852
553.514379852
553.514379852
553.514379852
553.514379852
553.514379852
553.514379852
553.514379852
553.514379852
553.514379852
553.514379852
553.514379852
553.514379852
553.514379852
553.514379852
553.514379852
553.514379852
553.514379852
553.514379852
553.514379852
553.514379852
553.514379852
553.514379852
553.514379852
553.514379852
553.514379852
553.514379852
553.514379852
553.514379852
553.514379852
553.514379852
553.514379852
553.514379852
553.514379852
553.514379852
553.514379852
553.514379852
553.514379852
553.514379852
553.514379852
553.514379852
553.514379852
553.514379852
553.514379852
553.514379852
553.514379852
553.514379852
553.514379852
553.514379852
553.514379852
553.514379852
553.514379852
553.514379852
553.514379852
553.514379852
553.514379852
553.514379852
553.514379852
553.514379852
553.514379852
553.514379852
553.514379852
553.514379852
553.514379852
553.514379852
553.514379852
553.514379852
553.514379852
553.514379852
553.514379852
553.514379852
553.514379852
553.514379852
553.514379852
553.514379852
553.514379852
553.514379852
553.514379852
553.514379852
553.514379852
553.514379852
553.514379852
553.514379852
553.514379852
553.514379852
553.514379852
553.514379852
553.514379852
553.514379852
553.514379852
553.514379852
553.514379852
553.514379852
553.514379852
553.514379852
553.514379852
553.514379852
553.514379852
553.514379852
553.514379852
553.514379852
553.514379852
553.514379852
553.514379852
553.514379852
553.514379852
553.514379852
553.514379852
553.514379852
553.514379852
553.514379852
553.514379852
553.514379852
553.514379852
553.514379852
553.514379852
553.514379852
553.514379852
553.514379852
553.514379852
553.514379852
553.514379852
553.514379852
553.514379852
553.514379852
553.514379852
553.514379852
553.514379852
553.514379852
553.514379852
553.514379852
553.514379852
553.514379852
553.514379852
553.514379852
553.514379852
553.514379852
553.514379852
553.514379852
553.514379852
553.514379852
553.514379852
553.514379852
553.514379852
553.514379852
553.514379852
553.514379852
553.514379852
553.514379852
553.514379852
553.514379852
553.514379852
553.514379852
553.514379852
553.514379852
553.514379852
553.514379852
553.514379852
553.514379852
553.514379852
553.514379852
553.514379852
553.514379852
553.514379852
553.514379852
553.514379852
553.514379852
553.514379852
553.514379852
553.514379852
553.514379852
553.514379852
553.514379852
553.514379852
553.514379852
553.514379852
553.514379852
553.514379852
553.514379852
553.514379852
553.514379852
553.514379852
553.514379852
553.514379852
553.514379852
553.514379852
553.514379852
553.514379852
553.514379852
553.514379852
553.514379852
553.514379852
553.514379852
553.514379852
553.514379852
553.514379852
553.514379852
553.514379852
553.514379852
553.514379852
553.514379852
553.514379852
553.514379852
553.514379852
553.514379852
553.514379852
553.514379852
553.514379852
553.514379852
553.514379852
553.514379852
553.514379852
553.514379852
553.514379852
553.514379852
553.514379852
553.514379852
553.514379852
553.514379852
553.514379852
553.514379852
553.514379852
553.514379852
553.514379852
553.514379852
553.514379852
553.514379852
553.514379852
553.514379852
553.514379852
553.514379852
553.514379852
553.514379852
553.514379852
553.514379852
553.514379852
553.514379852
553.514379852
553.514379852
553.514379852
553.514379852
553.514379852
553.514379852
553.514379852
553.514379852
553.514379852
553.514379852
553.514379852
553.514379852
553.514379852
553.514379852
553.514379852
553.514379852
553.514379852
553.514379852
553.514379852
553.514379852
553.514379852
553.514379852
553.514379852
553.514379852
553.514379852
553.514379852
553.514379852
553.514379852
553.514379852
553.514379852
553.514379852
553.514379852
553.514379852
553.514379852
553.514379852
553.514379852
553.514379852
553.514379852
553.514379852
553.514379852
553.514379852
553.514379852
553.514379852
553.514379852
553.514379852
553.514379852
553.514379852
553.514379852
553.514379852
553.514379852
553.514379852
553.514379852
553.514379852
553.514379852
553.514379852
553.514379852
553.514379852
553.514379852
553.514379852
553.514379852
553.514379852
553.514379852
553.514379852
553.514379852
553.514379852
553.514379852
553.514379852
553.514379852
553.514379852
553.514379852
553.514379852
553.514379852
553.514379852
553.514379852
553.514379852
553.514379852
553.514379852
553.514379852
553.514379852
553.514379852
553.514379852
553.514379852
553.514379852
553.514379852
553.514379852
553.514379852
553.514379852
553.514379852
553.514379852
553.514379852
553.514379852
553.514379852
553.514379852
553.514379852
553.514379852
553.514379852
553.514379852
553.514379852
553.514379852
553.514379852
553.514379852
553.514379852
553.514379852
553.514379852
553.514379852
553.514379852
553.514379852
553.514379852
553.514379852
553.514379852
553.514379852
553.514379852
553.514379852
553.514379852
553.514379852
553.514379852
553.514379852
553.514379852
553.514379852
553.514379852
553.514379852
553.514379852
553.514379852
553.514379852
553.514379852
553.514379852
553.514379852
553.514379852
553.514379852
553.514379852
553.514379852
553.514379852
553.514379852
553.514379852
553.514379852
553.514379852
553.514379852
553.514379852
553.514379852
553.514379852
553.514379852
553.514379852
553.514379852
553.514379852
553.514379852
553.514379852
553.514379852
553.514379852
553.514379852
553.514379852
553.514379852
553.514379852
553.514379852
553.514379852
553.514379852
553.514379852
553.514379852
553.514379852
553.514379852
553.514379852
553.514379852
553.514379852
553.514379852
553.514379852
553.514379852
553.514379852
553.514379852
553.514379852
553.514379852
553.514379852
553.514379852
553.514379852
553.514379852
553.514379852
553.514379852
553.514379852
553.514379852
553.514379852
553.514379852
553.514379852
553.514379852
553.514379852
553.514379852
553.514379852
553.514379852
553.514379852
553.514379852
553.514379852
553.514379852
553.514379852
553.514379852
553.514379852
553.514379852
553.514379852
553.514379852
553.514379852
553.514379852
553.514379852
553.514379852
553.514379852
553.514379852
553.514379852
553.514379852
553.514379852
553.514379852
553.514379852
553.514379852
553.514379852
553.514379852
553.514379852
553.514379852
553.514379852
553.514379852
553.514379852
553.514379852
553.514379852
553.514379852
553.514379852
553.514379852
553.514379852
553.514379852
553.514379852
553.514379852
553.514379852
553.514379852
553.514379852
553.514379852
553.514379852
553.514379852
553.514379852
553.514379852
553.514379852
553.514379852
553.514379852
553.514379852
553.514379852
553.514379852
553.514379852
553.514379852
553.514379852
553.514379852
553.514379852
553.514379852
553.514379852
553.514379852
553.514379852
553.514379852
553.514379852
553.514379852
553.514379852
553.514379852
553.514379852
553.514379852
553.514379852
553.514379852
553.514379852
553.514379852
553.514379852
553.514379852
553.514379852
553.514379852
553.514379852
553.514379852
553.514379852
553.514379852
553.514379852
553.514379852
553.514379852
553.514379852
553.514379852
553.514379852
553.514379852
553.514379852
553.514379852
553.514379852
553.514379852
553.514379852
553.514379852
553.514379852
553.514379852
553.514379852
553.514379852
553.514379852
553.514379852
553.514379852
553.514379852
553.514379852
553.514379852
553.514379852
553.514379852
553.514379852
553.514379852
553.514379852
553.514379852
553.514379852
553.514379852
553.514379852
553.514379852
553.514379852
553.514379852
553.514379852
553.514379852
553.514379852
553.514379852
553.514379852
553.514379852
553.514379852
553.514379852
553.514379852
553.514379852
553.514379852
553.514379852
553.514379852
553.514379852
553.514379852
553.514379852
553.514379852
553.514379852
553.514379852
553.514379852
553.514379852
553.514379852
553.514379852
553.514379852
553.514379852
553.514379852
553.514379852
553.514379852
553.514379852
553.514379852
553.514379852
553.514379852
553.514379852
553.514379852
553.514379852
553.514379852
553.514379852
553.514379852
553.514379852
553.514379852
553.514379852
553.514379852
553.514379852
553.514379852
553.514379852
553.514379852
553.514379852
553.514379852
553.514379852
553.514379852
553.514379852
553.514379852
553.514379852
553.514379852
553.514379852
553.514379852
553.514379852
553.514379852
553.514379852
553.514379852
553.514379852
553.514379852
553.514379852
553.514379852
553.514379852
553.514379852
553.514379852
553.514379852
553.514379852
553.514379852
553.514379852
553.514379852
553.514379852
553.514379852
553.514379852
553.514379852
553.514379852
553.514379852
553.514379852
553.514379852
553.514379852
553.514379852
553.514379852
553.514379852
553.514379852
553.514379852
553.514379852
553.514379852
553.514379852
553.514379852
553.514379852
553.514379852
553.514379852
553.514379852
553.514379852
553.514379852
553.514379852
553.514379852
553.514379852
553.514379852
553.514379852
553.514379852
553.514379852
553.514379852
553.514379852
553.514379852
553.514379852
553.514379852
553.514379852
553.514379852
553.514379852
553.514379852
553.514379852
553.514379852
553.514379852
553.514379852
553.514379852
553.514379852
553.514379852
553.514379852
553.514379852
553.514379852
553.514379852
553.514379852
553.514379852
553.514379852
553.514379852
553.514379852
553.514379852
553.514379852
553.514379852
553.514379852
553.514379852
553.514379852
553.514379852
553.514379852
553.514379852
553.514379852
553.514379852
553.514379852
553.514379852
553.514379852
553.514379852
553.514379852
553.514379852
553.514379852
553.514379852
553.514379852
553.514379852
553.514379852
553.514379852
553.514379852
553.514379852
553.514379852
553.514379852
553.514379852
553.514379852
553.514379852
553.514379852
553.514379852
553.514379852
553.514379852
553.514379852
553.514379852
553.514379852
553.514379852
553.514379852
553.514379852
553.514379852
553.514379852
553.514379852
553.514379852
553.514379852
553.514379852
553.514379852
553.514379852
553.514379852
553.514379852
553.514379852
553.514379852
553.514379852
553.514379852
553.514379852
553.514379852
553.514379852
553.514379852
553.514379852
553.514379852
553.514379852
553.514379852
553.514379852
553.514379852
553.514379852
553.514379852
553.514379852
553.514379852
553.514379852
553.514379852
553.514379852
553.514379852
553.514379852
553.514379852
553.514379852
553.514379852
553.514379852
553.514379852
553.514379852
553.514379852
553.514379852
553.514379852
553.514379852
553.514379852
553.514379852
553.514379852
553.514379852
553.514379852
553.514379852
553.514379852
553.514379852
553.514379852
553.514379852
553.514379852
553.514379852
553.514379852
553.514379852
553.514379852
553.514379852
553.514379852
553.514379852
553.514379852
553.514379852
553.514379852
553.514379852
553.514379852
553.514379852
553.514379852
553.514379852
553.514379852
553.514379852
553.514379852
553.514379852
553.514379852
553.514379852
553.514379852
553.514379852
553.514379852
553.514379852
553.514379852
553.514379852
553.514379852
553.514379852
553.514379852
553.514379852
553.514379852
553.514379852
553.514379852
553.514379852
553.514379852
553.514379852
553.514379852
553.514379852
553.514379852
553.514379852
553.514379852
553.514379852
553.514379852
553.514379852
553.514379852
553.514379852
553.514379852
553.514379852
553.514379852
553.514379852
553.514379852
553.514379852
553.514379852
553.514379852
553.514379852
553.514379852
553.514379852
553.514379852
553.514379852
553.514379852
553.514379852
553.514379852
553.514379852
553.514379852
553.514379852
553.514379852
553.514379852
553.514379852
553.514379852
553.514379852
553.514379852
553.514379852
553.514379852
553.514379852
553.514379852
553.514379852
553.514379852
553.514379852
553.514379852
553.514379852
553.514379852
553.514379852
553.514379852
553.514379852
553.514379852
553.514379852
553.514379852
553.514379852
553.514379852
553.514379852
553.514379852
553.514379852
553.514379852
553.514379852
553.514379852
553.514379852
553.514379852
553.514379852
553.514379852
553.514379852
553.514379852
553.514379852
553.514379852
553.514379852
553.514379852
553.514379852
553.514379852
553.514379852
553.514379852
553.514379852
553.514379852
553.514379852
553.514379852
553.514379852
553.514379852
553.514379852
553.514379852
553.514379852
553.514379852
553.514379852
553.514379852
553.514379852
553.514379852
553.514379852
553.514379852
553.514379852
553.514379852
553.514379852
553.514379852
553.514379852
553.514379852
553.514379852
553.514379852
553.514379852
553.514379852
553.514379852
553.514379852
553.514379852
553.514379852
553.514379852
553.514379852
553.514379852
553.514379852
553.514379852
553.514379852
553.514379852
553.514379852
553.514379852
553.514379852
553.514379852
553.514379852
553.514379852
553.514379852
553.514379852
553.514379852
553.514379852
553.514379852
553.514379852
553.514379852
553.514379852
553.514379852
553.514379852
553.514379852
553.514379852
553.514379852
553.514379852
553.514379852
553.514379852
553.514379852
553.514379852
553.514379852
553.514379852
553.514379852
553.514379852
553.514379852
553.514379852
553.514379852
553.514379852
553.514379852
553.514379852
553.514379852
553.514379852
553.514379852
553.514379852
553.514379852
553.514379852
553.514379852
553.514379852
553.514379852
553.514379852
553.514379852
553.514379852
553.514379852
553.514379852
553.514379852
553.514379852
553.514379852
553.514379852
553.514379852
553.514379852
553.514379852
553.514379852
553.514379852
553.514379852
553.514379852
553.514379852
553.514379852
553.514379852
553.514379852
553.514379852
553.514379852
553.514379852
553.514379852
553.514379852
553.514379852
553.514379852
553.514379852
553.514379852
553.514379852
553.514379852
553.514379852
553.514379852
553.514379852
553.514379852
553.514379852
553.514379852
553.514379852
553.514379852
553.514379852
553.514379852
553.514379852
553.514379852
553.514379852
553.514379852
553.514379852
553.514379852
553.514379852
553.514379852
553.514379852
553.514379852
553.514379852
553.514379852
553.514379852
553.514379852
553.514379852
553.514379852
553.514379852
553.514379852
553.514379852
553.514379852
553.514379852
553.514379852
553.514379852
553.514379852
553.514379852
553.514379852
553.514379852
553.514379852
553.514379852
553.514379852
553.514379852
553.514379852
553.514379852
553.514379852
553.514379852
553.514379852
553.514379852
553.514379852
553.514379852
553.514379852
553.514379852
553.514379852
553.514379852
553.514379852
553.514379852
553.514379852
553.514379852
553.514379852
553.514379852
553.514379852
553.514379852
553.514379852
553.514379852
553.514379852
553.514379852
553.514379852
553.514379852
553.514379852
553.514379852
553.514379852
553.514379852
553.514379852
553.514379852
553.514379852
553.514379852
553.514379852
553.514379852
553.514379852
553.514379852
553.514379852
553.514379852
553.514379852
553.514379852
553.514379852
553.514379852
553.514379852
553.514379852
553.514379852
553.514379852
553.514379852
553.514379852
553.514379852
553.514379852
553.514379852
553.514379852
553.514379852
553.514379852
553.514379852
553.514379852
553.514379852
553.514379852
553.514379852
553.514379852
553.514379852
553.514379852
553.514379852
553.514379852
553.514379852
553.514379852
553.514379852
553.514379852
553.514379852
553.514379852
553.514379852
553.514379852
553.514379852
553.514379852
553.514379852
553.514379852
553.514379852
553.514379852
553.514379852
553.514379852
553.514379852
553.514379852
553.514379852
553.514379852
553.514379852
553.514379852
553.514379852
553.514379852
553.514379852
553.514379852
553.514379852
553.514379852
553.514379852
553.514379852
553.514379852
553.514379852
553.514379852
553.514379852
553.514379852
553.514379852
553.514379852
553.514379852
553.514379852
553.514379852
553.514379852
553.514379852
553.514379852
553.514379852
553.514379852
553.514379852
553.514379852
553.514379852
553.514379852
553.514379852
553.514379852
553.514379852
553.514379852
553.514379852
553.514379852
553.514379852
553.514379852
553.514379852
553.514379852
553.514379852
553.514379852
553.514379852
553.514379852
553.514379852
553.514379852
553.514379852
553.514379852
553.514379852
553.514379852
553.514379852
553.514379852
553.514379852
553.514379852
553.514379852
553.514379852
553.514379852
553.514379852
553.514379852
553.514379852
553.514379852
553.514379852
553.514379852
553.514379852
553.514379852
553.514379852
553.514379852
553.514379852
553.514379852
553.514379852
553.514379852
553.514379852
553.514379852
553.514379852
553.514379852
553.514379852
553.514379852
553.514379852
553.514379852
553.514379852
553.514379852
553.514379852
553.514379852
553.514379852
553.514379852
553.514379852
553.514379852
553.514379852
553.514379852
553.514379852
553.514379852
553.514379852
553.514379852
553.514379852
553.514379852
553.514379852
553.514379852
553.514379852
553.514379852
553.514379852
553.514379852
553.514379852
553.514379852
553.514379852
553.514379852
553.514379852
553.514379852
553.514379852
553.514379852
553.514379852
553.514379852
553.514379852
553.514379852
553.514379852
553.514379852
553.514379852
553.514379852
553.514379852
553.514379852
553.514379852
553.514379852
553.514379852
553.514379852
553.514379852
553.514379852
553.514379852
553.514379852
553.514379852
553.514379852
553.514379852
553.514379852
553.514379852
553.514379852
553.514379852
553.514379852
553.514379852
553.514379852
553.514379852
553.514379852
553.514379852
553.514379852
553.514379852
553.514379852
553.514379852
553.514379852
553.514379852
553.514379852
553.514379852
553.514379852
553.514379852
553.514379852
553.514379852
553.514379852
553.514379852
553.514379852
553.514379852
553.514379852
553.514379852
553.514379852
553.514379852
553.514379852
553.514379852
553.514379852
553.514379852
553.514379852
553.514379852
553.514379852
553.514379852
553.514379852
553.514379852
553.514379852
553.514379852
553.514379852
553.514379852
553.514379852
553.514379852
553.514379852
553.514379852
553.514379852
553.514379852
553.514379852
553.514379852
553.514379852
553.514379852
553.514379852
553.514379852
553.514379852
553.514379852
553.514379852
553.514379852
553.514379852
553.514379852
553.514379852
553.514379852
553.514379852
553.514379852
553.514379852
553.514379852
553.514379852
553.514379852
553.514379852
553.514379852
553.514379852
553.514379852
553.514379852
553.514379852
553.514379852
553.514379852
553.514379852
553.514379852
553.514379852
553.514379852
553.514379852
553.514379852
553.514379852
553.514379852
553.514379852
553.514379852
553.514379852
553.514379852
553.514379852
553.514379852
553.514379852
553.514379852
553.514379852
553.514379852
553.514379852
553.514379852
553.514379852
553.514379852
553.514379852
553.514379852
553.514379852
553.514379852
553.514379852
553.514379852
553.514379852
553.514379852
553.514379852
553.514379852
553.514379852
553.514379852
553.514379852
553.514379852
553.514379852
553.514379852
553.514379852
553.514379852
553.514379852
553.514379852
553.514379852
553.514379852
553.514379852
553.514379852
553.514379852
553.514379852
553.514379852
553.514379852
553.514379852
553.514379852
553.514379852
553.514379852
553.514379852
553.514379852
553.514379852
553.514379852
553.514379852
553.514379852
553.514379852
553.514379852
553.514379852
553.514379852
553.514379852
553.514379852
553.514379852
553.514379852
553.514379852
553.514379852
553.514379852
553.514379852
553.514379852
553.514379852
553.514379852
553.514379852
553.514379852
553.514379852
553.514379852
553.514379852
553.514379852
553.514379852
553.514379852
553.514379852
553.514379852
553.514379852
553.514379852
553.514379852
553.514379852
553.514379852
553.514379852
553.514379852
553.514379852
553.514379852
553.514379852
553.514379852
553.514379852
553.514379852
553.514379852
553.514379852
553.514379852
553.514379852
553.514379852
553.514379852
553.514379852
553.514379852
553.514379852
553.514379852
553.514379852
553.514379852
553.514379852
553.514379852
553.514379852
553.514379852
553.514379852
553.514379852
553.514379852
553.514379852
553.514379852
553.514379852
553.514379852
553.514379852
553.514379852
553.514379852
553.514379852
553.514379852
553.514379852
553.514379852
553.514379852
553.514379852
553.514379852
553.514379852
553.514379852
553.514379852
553.514379852
553.514379852
553.514379852
553.514379852
553.514379852
553.514379852
553.514379852
553.514379852
553.514379852
553.514379852
553.514379852
553.514379852
553.514379852
553.514379852
553.514379852
553.514379852
553.514379852
553.514379852
553.514379852
553.514379852
553.514379852
553.514379852
553.514379852
553.514379852
553.514379852
553.514379852
553.514379852
553.514379852
553.514379852
553.514379852
553.514379852
553.514379852
553.514379852
553.514379852
553.514379852
553.514379852
553.514379852
553.514379852
553.514379852
553.514379852
553.514379852
553.514379852
553.514379852
553.514379852
553.514379852
553.514379852
553.514379852
553.514379852
553.514379852
553.514379852
553.514379852
553.514379852
553.514379852
553.514379852
553.514379852
553.514379852
553.514379852
553.514379852
553.514379852
553.514379852
553.514379852
553.514379852
553.514379852
553.514379852
553.514379852
553.514379852
553.514379852
553.514379852
553.514379852
553.514379852
553.514379852
553.514379852
553.514379852
553.514379852
553.514379852
553.514379852
553.514379852
553.514379852
553.514379852
553.514379852
553.514379852
553.514379852
553.514379852
553.514379852
553.514379852
553.514379852
553.514379852
553.514379852
553.514379852
553.514379852
553.514379852
553.514379852
553.514379852
553.514379852
553.514379852
553.514379852
553.514379852
553.514379852
553.514379852
553.514379852
553.514379852
553.514379852
553.514379852
553.514379852
553.514379852
553.514379852
553.514379852
553.514379852
553.514379852
553.514379852
553.514379852
553.514379852
553.514379852
553.514379852
553.514379852
553.514379852
553.514379852
553.514379852
553.514379852
553.514379852
553.514379852
553.514379852
553.514379852
553.514379852
553.514379852
553.514379852
553.514379852
553.514379852
553.514379852
553.514379852
553.514379852
553.514379852
553.514379852
553.514379852
553.514379852
553.514379852
553.514379852
553.514379852
553.514379852
553.514379852
553.514379852
553.514379852
553.514379852
553.514379852
553.514379852
553.514379852
553.514379852
553.514379852
553.514379852
553.514379852
553.514379852
553.514379852
553.514379852
553.514379852
553.514379852
553.514379852
553.514379852
553.514379852
553.514379852
553.514379852
553.514379852
553.514379852
553.514379852
553.514379852
553.514379852
553.514379852
553.514379852
553.514379852
553.514379852
553.514379852
553.514379852
553.514379852
553.514379852
553.514379852
553.514379852
553.514379852
553.514379852
553.514379852
553.514379852
553.514379852
553.514379852
553.514379852
553.514379852
553.514379852
553.514379852
553.514379852
553.514379852
553.514379852
553.514379852
553.514379852
553.514379852
553.514379852
553.514379852
553.514379852
553.514379852
553.514379852
553.514379852
553.514379852
553.514379852
553.514379852
553.514379852
553.514379852
553.514379852
553.514379852
553.514379852
553.514379852
553.514379852
553.514379852
553.514379852
553.514379852
553.514379852
553.514379852
553.514379852
553.514379852
553.514379852
553.514379852
553.514379852
553.514379852
553.514379852
553.514379852
553.514379852
553.514379852
553.514379852
553.514379852
553.514379852
553.514379852
553.514379852
553.514379852
553.514379852
553.514379852
553.514379852
553.514379852
553.514379852
553.514379852
553.514379852
553.514379852
553.514379852
553.514379852
553.514379852
553.514379852
553.514379852
553.514379852
553.514379852
553.514379852
553.514379852
553.514379852
553.514379852
553.514379852
553.514379852
553.514379852
553.514379852
553.514379852
553.514379852
553.514379852
553.514379852
553.514379852
553.514379852
553.514379852
553.514379852
553.514379852
553.514379852
553.514379852
553.514379852
553.514379852
553.514379852
553.514379852
553.514379852
553.514379852
553.514379852
553.514379852
553.514379852
553.514379852
553.514379852
553.514379852
553.514379852
553.514379852
553.514379852
553.514379852
553.514379852
553.514379852
553.514379852
553.514379852
553.514379852
553.514379852
553.514379852
553.514379852
553.514379852
553.514379852
553.514379852
553.514379852
553.514379852
553.514379852
553.514379852
553.514379852
553.514379852
553.514379852
553.514379852
553.514379852
553.514379852
553.514379852
553.514379852
553.514379852
553.514379852
553.514379852
553.514379852
553.514379852
553.514379852
553.514379852
553.514379852
553.514379852
553.514379852
553.514379852
553.514379852
553.514379852
553.514379852
553.514379852
553.514379852
553.514379852
553.514379852
553.514379852
553.514379852
553.514379852
553.514379852
553.514379852
553.514379852
553.514379852
553.514379852
553.514379852
553.514379852
553.514379852
553.514379852
553.514379852
553.514379852
553.514379852
553.514379852
553.514379852
553.514379852
553.514379852
553.514379852
553.514379852
553.514379852
553.514379852
553.514379852
553.514379852
553.514379852
553.514379852
553.514379852
553.514379852
553.514379852
553.514379852
553.514379852
553.514379852
553.514379852
553.514379852
553.514379852
553.514379852
553.514379852
553.514379852
553.514379852
553.514379852
553.514379852
553.514379852
553.514379852
553.514379852
553.514379852
553.514379852
553.514379852
553.514379852
553.514379852
553.514379852
553.514379852
553.514379852
553.514379852
553.514379852
553.514379852
553.514379852
553.514379852
553.514379852
553.514379852
553.514379852
553.514379852
553.514379852
553.514379852
553.514379852
553.514379852
553.514379852
553.514379852
553.514379852
553.514379852
553.514379852
553.514379852
553.514379852
553.514379852
553.514379852
553.514379852
553.514379852
553.514379852
553.514379852
553.514379852
553.514379852
553.514379852
553.514379852
553.514379852
553.514379852
553.514379852
553.514379852
553.514379852
553.514379852
553.514379852
553.514379852
553.514379852
553.514379852
553.514379852
553.514379852
553.514379852
553.514379852
553.514379852
553.514379852
553.514379852
553.514379852
553.514379852
553.514379852
553.514379852
553.514379852
553.514379852
553.514379852
553.514379852
553.514379852
553.514379852
553.514379852
553.514379852
553.514379852
553.514379852
553.514379852
553.514379852
553.514379852
553.514379852
553.514379852
553.514379852
553.514379852
553.514379852
553.514379852
553.514379852
553.514379852
553.514379852
553.514379852
553.514379852
553.514379852
553.514379852
553.514379852
553.514379852
553.514379852
553.514379852
553.514379852
553.514379852
553.514379852
553.514379852
553.514379852
553.514379852
553.514379852
553.514379852
553.514379852
553.514379852
553.514379852
553.514379852
553.514379852
553.514379852
553.514379852
553.514379852
553.514379852
553.514379852
553.514379852
553.514379852
553.514379852
553.514379852
553.514379852
553.514379852
553.514379852
553.514379852
553.514379852
553.514379852
553.514379852
553.514379852
553.514379852
553.514379852
553.514379852
553.514379852
553.514379852
553.514379852
553.514379852
553.514379852
553.514379852
553.514379852
553.514379852
553.514379852
553.514379852
553.514379852
553.514379852
553.514379852
553.514379852
553.514379852
553.514379852
553.514379852
553.514379852
553.514379852
553.514379852
553.514379852
553.514379852
553.514379852
553.514379852
553.514379852
553.514379852
553.514379852
553.514379852
553.514379852
553.514379852
553.514379852
553.514379852
553.514379852
553.514379852
553.514379852
553.514379852
553.514379852
553.514379852
553.514379852
553.514379852
553.514379852
553.514379852
553.514379852
553.514379852
553.514379852
553.514379852
553.514379852
553.514379852
553.514379852
553.514379852
553.514379852
553.514379852
553.514379852
553.514379852
553.514379852
553.514379852
553.514379852
553.514379852
553.514379852
553.514379852
553.514379852
553.514379852
553.514379852
553.514379852
553.514379852
553.514379852
553.514379852
553.514379852
553.514379852
553.514379852
553.514379852
553.514379852
553.514379852
553.514379852
553.514379852
553.514379852
553.514379852
553.514379852
553.514379852
553.514379852
553.514379852
553.514379852
553.514379852
553.514379852
553.514379852
553.514379852
553.514379852
553.514379852
553.514379852
553.514379852
553.514379852
553.514379852
553.514379852
553.514379852
553.514379852
553.514379852
553.514379852
553.514379852
553.514379852
553.514379852
553.514379852
553.514379852
553.514379852
553.514379852
553.514379852
553.514379852
553.514379852
553.514379852
553.514379852
553.514379852
553.514379852
553.514379852
553.514379852
553.514379852
553.514379852
553.514379852
553.514379852
553.514379852
553.514379852
553.514379852
553.514379852
553.514379852
553.514379852
553.514379852
553.514379852
553.514379852
553.514379852
553.514379852
553.514379852
553.514379852
553.514379852
553.514379852
553.514379852
553.514379852
553.514379852
553.514379852
553.514379852
553.514379852
553.514379852
553.514379852
553.514379852
553.514379852
553.514379852
553.514379852
553.514379852
553.514379852
553.514379852
553.514379852
553.514379852
553.514379852
553.514379852
553.514379852
553.514379852
553.514379852
553.514379852
553.514379852
553.514379852
553.514379852
553.514379852
553.514379852
553.514379852
553.514379852
553.514379852
553.514379852
553.514379852
553.514379852
553.514379852
553.514379852
553.514379852
553.514379852
553.514379852
553.514379852
553.514379852
553.514379852
553.514379852
553.514379852
553.514379852
553.514379852
553.514379852
553.514379852
553.514379852
553.514379852
553.514379852
553.514379852
553.514379852
553.514379852
553.514379852
553.514379852
553.514379852
553.514379852
553.514379852
553.514379852
553.514379852
553.514379852
553.514379852
553.514379852
553.514379852
553.514379852
553.514379852
553.514379852
553.514379852
553.514379852
553.514379852
553.514379852
553.514379852
553.514379852
553.514379852
553.514379852
553.514379852
553.514379852
553.514379852
553.514379852
553.514379852
553.514379852
553.514379852
553.514379852
553.514379852
553.514379852
553.514379852
553.514379852
553.514379852
553.514379852
553.514379852
553.514379852
553.514379852
553.514379852
553.514379852
553.514379852
553.514379852
553.514379852
553.514379852
553.514379852
553.514379852
553.514379852
553.514379852
553.514379852
553.514379852
553.514379852
553.514379852
553.514379852
553.514379852
553.514379852
553.514379852
553.514379852
553.514379852
553.514379852
553.514379852
553.514379852
553.514379852
553.514379852
553.514379852
553.514379852
553.514379852
553.514379852
553.514379852
553.514379852
553.514379852
553.514379852
553.514379852
553.514379852
553.514379852
553.514379852
553.514379852
553.514379852
553.514379852
553.514379852
553.514379852
553.514379852
553.514379852
553.514379852
553.514379852
553.514379852
553.514379852
553.514379852
553.514379852
553.514379852
553.514379852
553.514379852
553.514379852
553.514379852
553.514379852
553.514379852
553.514379852
553.514379852
553.514379852
553.514379852
553.514379852
553.514379852
553.514379852
553.514379852
553.514379852
553.514379852
553.514379852
553.514379852
553.514379852
553.514379852
553.514379852
553.514379852
553.514379852
553.514379852
553.514379852
553.514379852
553.514379852
553.514379852
553.514379852
553.514379852
553.514379852
553.514379852
553.514379852
553.514379852
553.514379852
553.514379852
553.514379852
553.514379852
553.514379852
553.514379852
553.514379852
553.514379852
553.514379852
553.514379852
553.514379852
553.514379852
553.514379852
553.514379852
553.514379852
553.514379852
553.514379852
553.514379852
553.514379852
553.514379852
553.514379852
553.514379852
553.514379852
553.514379852
553.514379852
553.514379852
553.514379852
553.514379852
553.514379852
553.514379852
553.514379852
553.514379852
553.514379852
553.514379852
553.514379852
553.514379852
553.514379852
553.514379852
553.514379852
553.514379852
553.514379852
553.514379852
553.514379852
553.514379852
553.514379852
553.514379852
553.514379852
553.514379852
553.514379852
553.514379852
553.514379852
553.514379852
553.514379852
553.514379852
553.514379852
553.514379852
553.514379852
553.514379852
553.514379852
553.514379852
553.514379852
553.514379852
553.514379852
553.514379852
553.514379852
553.514379852
553.514379852
553.514379852
553.514379852
553.514379852
553.514379852
553.514379852
553.514379852
553.514379852
553.514379852
553.514379852
553.514379852
553.514379852
553.514379852
553.514379852
553.514379852
553.514379852
553.514379852
553.514379852
553.514379852
553.514379852
553.514379852
553.514379852
553.514379852
553.514379852
553.514379852
553.514379852
553.514379852
553.514379852
553.514379852
553.514379852
553.514379852
553.514379852
553.514379852
553.514379852
553.514379852
553.514379852
553.514379852
553.514379852
553.514379852
553.514379852
553.514379852
553.514379852
553.514379852
553.514379852
553.514379852
553.514379852
553.514379852
553.514379852
553.514379852
553.514379852
553.514379852
553.514379852
553.514379852
553.514379852
553.514379852
553.514379852
553.514379852
553.514379852
553.514379852
553.514379852
553.514379852
553.514379852
553.514379852
553.514379852
553.514379852
553.514379852
553.514379852
553.514379852
553.514379852
553.514379852
553.514379852
553.514379852
553.514379852
553.514379852
553.514379852
553.514379852
553.514379852
553.514379852
553.514379852
553.514379852
553.514379852
553.514379852
553.514379852
553.514379852
553.514379852
553.514379852
553.514379852
553.514379852
553.514379852
553.514379852
553.514379852
553.514379852
553.514379852
553.514379852
553.514379852
553.514379852
553.514379852
553.514379852
553.514379852
553.514379852
553.514379852
553.514379852
553.514379852
553.514379852
553.514379852
553.514379852
553.514379852
553.514379852
553.514379852
553.514379852
553.514379852
553.514379852
553.514379852
553.514379852
553.514379852
553.514379852
553.514379852
553.514379852
553.514379852
553.514379852
553.514379852
553.514379852
553.514379852
553.514379852
553.514379852
553.514379852
553.514379852
553.514379852
553.514379852
553.514379852
553.514379852
553.514379852
553.514379852
553.514379852
553.514379852
553.514379852
553.514379852
553.514379852
553.514379852
553.514379852
553.514379852
553.514379852
553.514379852
553.514379852
553.514379852
553.514379852
553.514379852
553.514379852
553.514379852
553.514379852
553.514379852
553.514379852
553.514379852
553.514379852
553.514379852
553.514379852
553.514379852
553.514379852
553.514379852
553.514379852
553.514379852
553.514379852
553.514379852
553.514379852
553.514379852
553.514379852
553.514379852
553.514379852
553.514379852
553.514379852
553.514379852
553.514379852
553.514379852
553.514379852
553.514379852
553.514379852
553.514379852
553.514379852
553.514379852
553.514379852
553.514379852
553.514379852
553.514379852
553.514379852
553.514379852
553.514379852
553.514379852
553.514379852
553.514379852
553.514379852
553.514379852
553.514379852
553.514379852
553.514379852
553.514379852
553.514379852
553.514379852
553.514379852
553.514379852
553.514379852
553.514379852
553.514379852
553.514379852
553.514379852
553.514379852
553.514379852
553.514379852
553.514379852
553.514379852
553.514379852
553.514379852
553.514379852
553.514379852
553.514379852
553.514379852
553.514379852
553.514379852
553.514379852
553.514379852
553.514379852
553.514379852
553.514379852
553.514379852
553.514379852
553.514379852
553.514379852
553.514379852
553.514379852
553.514379852
553.514379852
553.514379852
553.514379852
553.514379852
553.514379852
553.514379852
553.514379852
553.514379852
553.514379852
553.514379852
553.514379852
553.514379852
553.514379852
553.514379852
553.514379852
553.514379852
553.514379852
553.514379852
553.514379852
553.514379852
553.514379852
553.514379852
553.514379852
553.514379852
553.514379852
553.514379852
553.514379852
553.514379852
553.514379852
553.514379852
553.514379852
553.514379852
553.514379852
553.514379852
553.514379852
553.514379852
553.514379852
553.514379852
553.514379852
553.514379852
553.514379852
553.514379852
553.514379852
553.514379852
553.514379852
553.514379852
553.514379852
553.514379852
553.514379852
553.514379852
553.514379852
553.514379852
553.514379852
553.514379852
553.514379852
553.514379852
553.514379852
553.514379852
553.514379852
553.514379852
553.514379852
553.514379852
553.514379852
553.514379852
553.514379852
553.514379852
553.514379852
553.514379852
553.514379852
553.514379852
553.514379852
553.514379852
553.514379852
553.514379852
553.514379852
553.514379852
553.514379852
553.514379852
553.514379852
553.514379852
553.514379852
553.514379852
553.514379852
553.514379852
553.514379852
553.514379852
553.514379852
553.514379852
553.514379852
553.514379852
553.514379852
553.514379852
