1608.02793703
1557.76452993
1535.9988332
1538.42546069
1526.82710192
1504.31821031
1480.67076024
1440.90548867
1398.21888729
1381.14937641
1362.19231659
1355.21751633
1336.66456165
1321.51369687
1298.80778635
1301.62348803
1276.63364646
1260.06990002
1244.47134827
1234.35857132
1228.94740894
1227.97244662
1191.22709184
1170.56146443
1174.38368679
1160.10981005
1185.5509852
1175.95330411
1153.69911748
1142.65083511
1142.65083511
1145.20734858
1133.92696439
1115.98911822
1124.2552971
1113.09505063
1091.38507949
1101.54966581
1064.87246569
1066.99096947
1075.28571144
1086.85757157
1063.45757266
1076.09090163
1067.46856751
1065.17779083
1060.18724223
1064.33043741
1059.35938419
1051.80812002
1035.93202025
1025.58419338
1037.10788089
1025.15236293
1040.66359589
1032.12817545
1052.15273186
1061.24300093
1049.95253587
1047.10484486
1054.42348682
1043.04098346
1038.85371238
1047.6703019
1056.76330486
1049.32299372
1058.63294293
1054.80713131
1047.76315134
1052.64705286
1051.59772167
1028.38035401
1017.09088522
1017.09088522
1020.58889465
1020.58889465
1026.91358393
1020.5543422
1032.57936063
1042.13963061
1024.11005134
1002.72998756
999.775299364
1004.47250069
988.433921789
988.433921789
995.312998182
992.512885021
1001.05702675
1001.3528877
965.449453467
965.449453467
969.342402406
969.342402406
969.342402406
969.342402406
969.342402406
969.342402406
969.342402406
969.342402406
967.041483855
973.279483608
973.279483608
973.279483608
973.279483608
967.200248535
959.783984687
957.438277817
947.444416813
947.444416813
932.210437124
924.236491972
922.378171383
922.378171383
922.378171383
922.378171383
916.014207954
916.014207954
917.939267397
917.389772555
917.389772555
906.773406243
906.793765748
896.04177321
896.04177321
896.04177321
896.04177321
896.04177321
887.605124933
885.579738234
885.579738234
855.896628583
832.579729184
832.579729184
823.035289199
821.487266617
806.899826537
806.899826537
806.899826537
797.318237944
797.318237944
797.318237944
797.318237944
797.318237944
783.45042465
783.45042465
782.658734967
779.287909386
779.287909386
779.287909386
779.287909386
767.534512979
766.109825531
755.298876193
755.298876193
755.298876193
753.591428485
753.591428485
753.591428485
728.593678911
728.593678911
709.797992701
706.548242002
706.548242002
706.548242002
706.548242002
706.548242002
694.75830289
694.75830289
686.573915598
686.573915598
686.573915598
685.109783468
685.109783468
678.376283918
678.376283918
678.376283918
678.376283918
678.40258827
678.40258827
678.40258827
678.40258827
678.40258827
678.40258827
678.40258827
678.40258827
678.40258827
678.40258827
678.40258827
678.40258827
678.40258827
678.40258827
677.280284322
668.153971939
662.03743232
662.03743232
662.03743232
662.03743232
661.221070287
653.315151398
653.315151398
653.315151398
633.601212418
633.601212418
629.595041318
629.595041318
629.595041318
629.595041318
629.595041318
629.595041318
629.595041318
629.595041318
629.595041318
629.595041318
628.378157137
628.378157137
628.378157137
628.378157137
628.378157137
628.378157137
628.378157137
628.378157137
628.378157137
628.378157137
628.378157137
628.378157137
628.378157137
628.378157137
628.378157137
628.378157137
628.378157137
628.378157137
628.378157137
628.378157137
628.378157137
628.378157137
628.378157137
628.378157137
628.378157137
619.749248252
619.749248252
619.749248252
619.749248252
619.749248252
619.749248252
619.749248252
619.749248252
619.749248252
619.749248252
619.749248252
619.749248252
619.749248252
619.749248252
619.749248252
619.749248252
619.749248252
619.749248252
605.180885678
605.180885678
603.083763857
603.083763857
603.083763857
603.083763857
603.083763857
603.083763857
603.083763857
603.083763857
603.083763857
603.083763857
603.083763857
603.083763857
603.083763857
603.083763857
603.083763857
603.083763857
603.083763857
603.083763857
603.083763857
603.083763857
603.083763857
603.083763857
603.083763857
603.083763857
603.083763857
603.083763857
600.171930631
600.171930631
600.171930631
600.171930631
600.171930631
600.171930631
600.171930631
600.171930631
600.171930631
600.171930631
600.171930631
600.171930631
600.171930631
600.171930631
600.171930631
600.171930631
600.171930631
600.171930631
600.171930631
600.171930631
600.171930631
600.171930631
600.171930631
600.171930631
600.171930631
600.171930631
599.306557847
599.306557847
599.306557847
599.306557847
597.382845697
597.382845697
597.382845697
597.382845697
597.382845697
597.382845697
597.382845697
597.382845697
597.382845697
597.382845697
597.382845697
597.382845697
597.382845697
597.382845697
597.382845697
597.382845697
597.382845697
597.382845697
597.382845697
597.382845697
597.382845697
597.382845697
597.382845697
597.382845697
597.382845697
597.382845697
597.382845697
597.382845697
597.382845697
597.382845697
597.382845697
597.382845697
597.382845697
597.382845697
597.382845697
597.382845697
597.382845697
597.382845697
597.382845697
597.382845697
597.382845697
597.382845697
597.382845697
597.382845697
597.382845697
585.028516192
585.028516192
585.028516192
585.028516192
585.028516192
585.028516192
585.028516192
585.028516192
585.028516192
585.028516192
585.028516192
585.028516192
585.028516192
585.028516192
579.576966709
579.576966709
579.576966709
579.576966709
579.576966709
579.576966709
579.576966709
579.576966709
579.576966709
579.576966709
579.576966709
579.576966709
579.576966709
579.576966709
579.576966709
579.576966709
579.576966709
579.576966709
579.576966709
579.576966709
579.576966709
579.576966709
579.576966709
579.576966709
579.576966709
579.576966709
579.576966709
579.576966709
579.576966709
579.576966709
579.576966709
579.576966709
579.576966709
579.576966709
579.576966709
579.576966709
579.576966709
579.576966709
579.576966709
579.576966709
579.576966709
579.576966709
579.576966709
572.441782045
572.441782045
554.03532865
554.03532865
554.03532865
554.03532865
554.03532865
554.03532865
554.03532865
554.03532865
554.03532865
554.03532865
554.03532865
554.03532865
554.03532865
554.03532865
554.03532865
554.03532865
554.03532865
554.03532865
554.03532865
554.03532865
554.03532865
554.03532865
554.03532865
554.03532865
554.03532865
554.03532865
554.03532865
554.03532865
550.181179388
550.181179388
550.181179388
550.181179388
550.181179388
550.181179388
550.181179388
550.181179388
550.181179388
550.181179388
550.181179388
550.181179388
550.181179388
550.181179388
550.181179388
550.181179388
550.181179388
550.181179388
550.181179388
550.181179388
550.181179388
550.181179388
550.181179388
550.181179388
550.181179388
550.181179388
550.181179388
550.181179388
550.181179388
550.181179388
550.181179388
550.181179388
550.181179388
550.181179388
550.181179388
550.181179388
550.181179388
550.181179388
550.181179388
550.181179388
550.181179388
550.181179388
550.181179388
550.181179388
550.181179388
550.181179388
550.181179388
550.181179388
550.181179388
550.181179388
550.181179388
550.181179388
550.181179388
550.181179388
550.181179388
550.181179388
550.181179388
550.181179388
549.364817356
549.364817356
549.364817356
549.364817356
549.364817356
549.364817356
549.364817356
549.364817356
549.364817356
549.364817356
549.364817356
549.364817356
542.461451827
542.461451827
542.461451827
542.461451827
542.461451827
542.461451827
542.461451827
542.461451827
542.461451827
542.461451827
542.461451827
542.461451827
542.461451827
542.461451827
542.461451827
542.461451827
542.461451827
542.461451827
542.461451827
542.461451827
542.461451827
542.461451827
542.461451827
542.461451827
542.461451827
542.461451827
542.461451827
542.461451827
542.461451827
542.461451827
542.461451827
542.461451827
542.461451827
542.461451827
542.461451827
542.461451827
542.461451827
542.461451827
542.461451827
542.461451827
542.461451827
542.461451827
542.461451827
542.461451827
542.461451827
542.461451827
542.461451827
542.461451827
542.461451827
542.461451827
542.461451827
542.461451827
542.461451827
542.461451827
542.461451827
542.461451827
542.461451827
542.461451827
542.461451827
542.461451827
542.461451827
542.461451827
542.461451827
542.461451827
542.461451827
542.461451827
542.461451827
542.461451827
542.461451827
542.461451827
542.461451827
542.461451827
542.461451827
542.461451827
542.461451827
542.461451827
542.461451827
542.461451827
542.461451827
542.461451827
542.461451827
542.461451827
542.461451827
542.461451827
542.461451827
542.461451827
542.461451827
542.461451827
542.461451827
542.461451827
542.461451827
542.461451827
542.461451827
542.461451827
542.461451827
542.461451827
542.461451827
541.096290926
541.096290926
541.096290926
541.096290926
541.096290926
541.096290926
541.096290926
541.039527588
541.039527588
541.039527588
541.039527588
541.039527588
541.039527588
541.039527588
541.039527588
541.039527588
541.039527588
541.039527588
541.039527588
541.039527588
541.039527588
541.039527588
541.039527588
541.039527588
541.039527588
541.039527588
541.039527588
541.039527588
541.039527588
541.039527588
541.039527588
541.039527588
541.039527588
541.039527588
541.039527588
541.039527588
541.039527588
541.039527588
541.039527588
541.039527588
541.039527588
541.039527588
541.039527588
541.039527588
541.039527588
541.039527588
541.039527588
541.039527588
541.039527588
541.039527588
541.039527588
541.039527588
541.039527588
541.039527588
541.039527588
541.039527588
541.039527588
541.039527588
541.039527588
541.039527588
541.039527588
541.039527588
541.039527588
541.039527588
541.039527588
541.039527588
541.039527588
541.039527588
541.039527588
541.039527588
541.039527588
541.039527588
541.039527588
541.039527588
541.039527588
541.039527588
541.039527588
541.039527588
541.039527588
541.039527588
541.039527588
541.039527588
541.039527588
541.039527588
541.039527588
541.039527588
541.039527588
541.039527588
541.039527588
541.039527588
541.039527588
537.899101598
537.899101598
537.899101598
537.899101598
537.899101598
537.899101598
537.899101598
537.899101598
537.899101598
537.899101598
537.899101598
537.899101598
537.899101598
537.899101598
537.899101598
537.899101598
537.899101598
537.899101598
537.899101598
537.899101598
537.899101598
537.899101598
537.899101598
537.899101598
537.899101598
537.899101598
537.899101598
537.899101598
537.899101598
537.899101598
537.899101598
537.899101598
537.899101598
537.899101598
537.899101598
537.899101598
537.899101598
537.899101598
537.899101598
537.899101598
537.899101598
537.899101598
537.899101598
537.899101598
537.899101598
537.899101598
537.899101598
537.899101598
537.899101598
537.899101598
537.899101598
537.899101598
537.899101598
537.899101598
537.899101598
537.899101598
537.899101598
537.899101598
537.899101598
537.899101598
521.779687364
521.779687364
521.779687364
521.779687364
521.779687364
521.779687364
521.779687364
521.779687364
521.779687364
521.779687364
521.779687364
521.779687364
521.779687364
519.156440124
519.156440124
519.156440124
519.156440124
519.156440124
519.156440124
519.156440124
519.156440124
519.156440124
519.156440124
519.156440124
519.156440124
519.156440124
519.156440124
519.156440124
519.156440124
519.156440124
519.156440124
519.156440124
519.156440124
519.156440124
519.156440124
519.156440124
519.156440124
519.156440124
519.156440124
519.156440124
519.156440124
519.156440124
519.156440124
519.156440124
519.156440124
519.156440124
519.156440124
519.156440124
519.156440124
519.156440124
519.156440124
519.156440124
519.156440124
519.156440124
519.156440124
519.156440124
519.156440124
519.156440124
519.156440124
519.156440124
519.156440124
519.156440124
519.156440124
519.156440124
519.156440124
519.156440124
519.156440124
519.156440124
519.156440124
519.156440124
519.156440124
519.156440124
519.156440124
519.156440124
519.156440124
519.156440124
519.156440124
519.156440124
519.156440124
519.156440124
519.156440124
519.156440124
519.156440124
519.156440124
519.156440124
519.156440124
519.156440124
519.156440124
519.156440124
519.156440124
519.156440124
519.156440124
519.156440124
519.156440124
519.156440124
519.156440124
519.156440124
519.156440124
519.156440124
519.156440124
519.156440124
519.156440124
519.156440124
519.156440124
519.156440124
519.156440124
519.156440124
519.156440124
519.156440124
519.156440124
519.156440124
519.156440124
519.156440124
519.156440124
519.156440124
519.156440124
519.156440124
519.156440124
519.156440124
519.156440124
519.156440124
519.156440124
519.156440124
519.156440124
519.156440124
519.156440124
519.156440124
519.156440124
519.156440124
519.156440124
519.156440124
519.156440124
519.156440124
519.156440124
519.156440124
519.156440124
519.156440124
519.156440124
519.156440124
519.156440124
519.156440124
519.156440124
519.156440124
519.156440124
519.156440124
519.156440124
519.156440124
519.156440124
519.156440124
519.156440124
519.156440124
519.156440124
519.156440124
519.156440124
519.156440124
519.156440124
519.156440124
519.156440124
519.156440124
519.156440124
519.156440124
519.156440124
519.156440124
519.156440124
519.156440124
519.156440124
519.156440124
519.156440124
519.156440124
519.156440124
519.156440124
519.156440124
519.156440124
519.156440124
519.156440124
519.156440124
519.156440124
519.156440124
519.156440124
519.156440124
519.156440124
519.156440124
519.156440124
519.156440124
519.156440124
519.156440124
519.156440124
519.156440124
519.156440124
519.156440124
519.156440124
519.156440124
519.156440124
519.156440124
519.156440124
519.156440124
519.156440124
519.156440124
519.156440124
519.156440124
519.156440124
519.156440124
519.156440124
519.156440124
519.156440124
519.156440124
519.156440124
519.156440124
519.156440124
519.156440124
519.156440124
519.156440124
519.156440124
519.156440124
519.156440124
519.156440124
519.156440124
519.156440124
519.156440124
519.156440124
519.156440124
519.156440124
519.156440124
519.156440124
519.156440124
519.156440124
519.156440124
519.156440124
519.156440124
519.156440124
519.156440124
519.156440124
519.156440124
519.156440124
519.156440124
519.156440124
519.156440124
519.156440124
519.156440124
519.156440124
519.156440124
519.156440124
519.156440124
519.156440124
519.156440124
519.156440124
519.156440124
519.156440124
519.156440124
519.156440124
519.156440124
519.156440124
519.156440124
519.156440124
519.156440124
519.156440124
519.156440124
519.156440124
519.156440124
519.156440124
519.156440124
519.156440124
519.156440124
519.156440124
519.156440124
519.156440124
519.156440124
519.156440124
519.156440124
519.156440124
519.156440124
519.156440124
519.156440124
519.156440124
519.156440124
519.156440124
519.156440124
519.156440124
519.156440124
519.156440124
519.156440124
519.156440124
519.156440124
519.156440124
519.156440124
519.156440124
519.156440124
519.156440124
519.156440124
519.156440124
519.156440124
519.156440124
519.156440124
519.156440124
519.156440124
519.156440124
519.156440124
519.156440124
519.156440124
519.156440124
519.156440124
519.156440124
519.156440124
519.156440124
519.156440124
519.156440124
519.156440124
519.156440124
519.156440124
519.156440124
519.156440124
519.156440124
519.156440124
519.156440124
519.156440124
519.156440124
519.156440124
519.156440124
519.156440124
519.156440124
519.156440124
519.156440124
519.156440124
519.156440124
519.156440124
519.156440124
519.156440124
519.156440124
519.156440124
519.156440124
519.156440124
519.156440124
519.156440124
519.156440124
519.156440124
519.156440124
519.156440124
519.156440124
519.156440124
519.156440124
519.156440124
519.156440124
519.156440124
519.156440124
519.156440124
519.156440124
519.156440124
519.156440124
519.156440124
519.156440124
519.156440124
519.156440124
519.156440124
519.156440124
519.156440124
519.156440124
519.156440124
519.156440124
519.156440124
519.156440124
519.156440124
519.156440124
519.156440124
519.156440124
519.156440124
519.156440124
519.156440124
519.156440124
519.156440124
519.156440124
519.156440124
519.156440124
519.156440124
519.156440124
519.156440124
519.156440124
519.156440124
519.156440124
519.156440124
519.156440124
519.156440124
519.156440124
519.156440124
519.156440124
519.156440124
519.156440124
519.156440124
519.156440124
519.156440124
519.156440124
519.156440124
519.156440124
519.156440124
519.156440124
519.156440124
519.156440124
519.156440124
519.156440124
519.156440124
519.156440124
519.156440124
519.156440124
519.156440124
519.156440124
519.156440124
519.156440124
519.156440124
519.156440124
519.156440124
519.156440124
519.156440124
519.156440124
519.156440124
519.156440124
519.156440124
519.156440124
519.156440124
519.156440124
519.156440124
519.156440124
519.156440124
519.156440124
519.156440124
519.156440124
519.156440124
519.156440124
519.156440124
519.156440124
519.156440124
519.156440124
519.156440124
519.156440124
519.156440124
519.156440124
519.156440124
519.156440124
519.156440124
519.156440124
519.156440124
519.156440124
519.156440124
519.156440124
519.156440124
519.156440124
519.156440124
519.156440124
519.156440124
519.156440124
519.156440124
519.156440124
519.156440124
519.156440124
519.156440124
519.156440124
519.156440124
519.156440124
519.156440124
519.156440124
519.156440124
519.156440124
519.156440124
519.156440124
519.156440124
519.156440124
519.156440124
519.156440124
519.156440124
519.156440124
519.156440124
519.156440124
519.156440124
519.156440124
519.156440124
519.156440124
519.156440124
519.156440124
519.156440124
519.156440124
519.156440124
519.156440124
519.156440124
519.156440124
519.156440124
519.156440124
519.156440124
519.156440124
519.156440124
519.156440124
519.156440124
519.156440124
519.156440124
519.156440124
519.156440124
519.156440124
519.156440124
519.156440124
519.156440124
519.156440124
519.156440124
519.156440124
519.156440124
519.156440124
519.156440124
519.156440124
519.156440124
519.156440124
519.156440124
519.156440124
519.156440124
519.156440124
519.156440124
519.156440124
519.156440124
519.156440124
519.156440124
519.156440124
519.156440124
519.156440124
519.156440124
519.156440124
519.156440124
519.156440124
519.156440124
519.156440124
519.156440124
519.156440124
519.156440124
519.156440124
519.156440124
519.156440124
519.156440124
519.156440124
519.156440124
519.156440124
519.156440124
519.156440124
519.156440124
519.156440124
519.156440124
519.156440124
519.156440124
519.156440124
519.156440124
519.156440124
519.156440124
519.156440124
519.156440124
519.156440124
519.156440124
519.156440124
519.156440124
519.156440124
519.156440124
519.156440124
519.156440124
519.156440124
519.156440124
519.156440124
519.156440124
519.156440124
519.156440124
519.156440124
519.156440124
519.156440124
519.156440124
519.156440124
519.156440124
519.156440124
519.156440124
519.156440124
519.156440124
519.156440124
519.156440124
519.156440124
519.156440124
519.156440124
519.156440124
519.156440124
519.156440124
519.156440124
519.156440124
519.156440124
519.156440124
519.156440124
519.156440124
519.156440124
519.156440124
519.156440124
519.156440124
519.156440124
519.156440124
519.156440124
519.156440124
519.156440124
519.156440124
519.156440124
519.156440124
519.156440124
519.156440124
519.156440124
519.156440124
519.156440124
519.156440124
519.156440124
519.156440124
519.156440124
519.156440124
519.156440124
519.156440124
519.156440124
519.156440124
519.156440124
519.156440124
519.156440124
519.156440124
519.156440124
519.156440124
519.156440124
519.156440124
519.156440124
519.156440124
519.156440124
519.156440124
519.156440124
519.156440124
519.156440124
519.156440124
519.156440124
519.156440124
519.156440124
519.156440124
519.156440124
519.156440124
519.156440124
519.156440124
519.156440124
519.156440124
519.156440124
519.156440124
519.156440124
519.156440124
519.156440124
519.156440124
519.156440124
519.156440124
519.156440124
519.156440124
519.156440124
519.156440124
519.156440124
519.156440124
519.156440124
519.156440124
519.156440124
519.156440124
519.156440124
519.156440124
519.156440124
519.156440124
519.156440124
519.156440124
519.156440124
519.156440124
519.156440124
519.156440124
519.156440124
519.156440124
519.156440124
519.156440124
519.156440124
519.156440124
519.156440124
519.156440124
519.156440124
519.156440124
519.156440124
519.156440124
519.156440124
519.156440124
519.156440124
519.156440124
519.156440124
519.156440124
519.156440124
519.156440124
519.156440124
519.156440124
519.156440124
519.156440124
519.156440124
519.156440124
519.156440124
519.156440124
519.156440124
519.156440124
519.156440124
519.156440124
519.156440124
519.156440124
519.156440124
519.156440124
519.156440124
519.156440124
519.156440124
519.156440124
519.156440124
519.156440124
519.156440124
519.156440124
519.156440124
519.156440124
519.156440124
519.156440124
519.156440124
519.156440124
519.156440124
519.156440124
519.156440124
519.156440124
519.156440124
519.156440124
519.156440124
519.156440124
519.156440124
519.156440124
519.156440124
519.156440124
519.156440124
519.156440124
519.156440124
519.156440124
519.156440124
519.156440124
519.156440124
519.156440124
519.156440124
519.156440124
519.156440124
519.156440124
519.156440124
519.156440124
519.156440124
519.156440124
519.156440124
519.156440124
519.156440124
519.156440124
519.156440124
519.156440124
519.156440124
519.156440124
519.156440124
519.156440124
519.156440124
519.156440124
519.156440124
519.156440124
519.156440124
519.156440124
519.156440124
519.156440124
519.156440124
519.156440124
519.156440124
519.156440124
519.156440124
519.156440124
519.156440124
519.156440124
519.156440124
519.156440124
519.156440124
519.156440124
519.156440124
519.156440124
519.156440124
519.156440124
519.156440124
519.156440124
519.156440124
519.156440124
519.156440124
519.156440124
519.156440124
519.156440124
519.156440124
519.156440124
519.156440124
519.156440124
519.156440124
519.156440124
519.156440124
519.156440124
519.156440124
519.156440124
519.156440124
519.156440124
519.156440124
519.156440124
519.156440124
519.156440124
519.156440124
519.156440124
519.156440124
519.156440124
519.156440124
519.156440124
519.156440124
519.156440124
519.156440124
519.156440124
519.156440124
519.156440124
519.156440124
519.156440124
519.156440124
519.156440124
519.156440124
519.156440124
519.156440124
519.156440124
519.156440124
519.156440124
519.156440124
519.156440124
519.156440124
519.156440124
519.156440124
519.156440124
519.156440124
519.156440124
519.156440124
519.156440124
519.156440124
519.156440124
519.156440124
519.156440124
519.156440124
519.156440124
519.156440124
519.156440124
519.156440124
519.156440124
519.156440124
519.156440124
519.156440124
519.156440124
519.156440124
519.156440124
519.156440124
519.156440124
519.156440124
519.156440124
519.156440124
519.156440124
519.156440124
519.156440124
519.156440124
519.156440124
519.156440124
519.156440124
519.156440124
519.156440124
519.156440124
519.156440124
519.156440124
519.156440124
519.156440124
519.156440124
519.156440124
519.156440124
519.156440124
519.156440124
519.156440124
519.156440124
519.156440124
519.156440124
519.156440124
519.156440124
519.156440124
519.156440124
519.156440124
519.156440124
519.156440124
519.156440124
519.156440124
519.156440124
519.156440124
519.156440124
519.156440124
519.156440124
519.156440124
519.156440124
519.156440124
519.156440124
519.156440124
519.156440124
519.156440124
519.156440124
519.156440124
519.156440124
519.156440124
519.156440124
519.156440124
519.156440124
519.156440124
519.156440124
519.156440124
519.156440124
519.156440124
519.156440124
519.156440124
519.156440124
519.156440124
519.156440124
519.156440124
519.156440124
519.156440124
519.156440124
519.156440124
519.156440124
519.156440124
519.156440124
519.156440124
519.156440124
519.156440124
519.156440124
519.156440124
519.156440124
519.156440124
519.156440124
519.156440124
519.156440124
519.156440124
519.156440124
519.156440124
519.156440124
519.156440124
519.156440124
519.156440124
519.156440124
519.156440124
519.156440124
519.156440124
519.156440124
519.156440124
519.156440124
519.156440124
519.156440124
519.156440124
519.156440124
519.156440124
519.156440124
519.156440124
519.156440124
519.156440124
519.156440124
519.156440124
519.156440124
519.156440124
519.156440124
519.156440124
519.156440124
519.156440124
519.156440124
519.156440124
519.156440124
519.156440124
519.156440124
519.156440124
519.156440124
519.156440124
519.156440124
519.156440124
519.156440124
519.156440124
519.156440124
519.156440124
519.156440124
519.156440124
519.156440124
519.156440124
519.156440124
519.156440124
519.156440124
519.156440124
519.156440124
519.156440124
519.156440124
519.156440124
519.156440124
519.156440124
519.156440124
519.156440124
519.156440124
519.156440124
519.156440124
519.156440124
519.156440124
519.156440124
519.156440124
519.156440124
519.156440124
519.156440124
519.156440124
519.156440124
519.156440124
519.156440124
519.156440124
519.156440124
519.156440124
519.156440124
519.156440124
519.156440124
519.156440124
519.156440124
519.156440124
519.156440124
519.156440124
519.156440124
519.156440124
519.156440124
519.156440124
519.156440124
519.156440124
519.156440124
519.156440124
519.156440124
519.156440124
519.156440124
519.156440124
519.156440124
519.156440124
519.156440124
519.156440124
519.156440124
519.156440124
519.156440124
519.156440124
519.156440124
519.156440124
519.156440124
519.156440124
519.156440124
519.156440124
519.156440124
519.156440124
519.156440124
519.156440124
519.156440124
519.156440124
519.156440124
519.156440124
519.156440124
519.156440124
519.156440124
519.156440124
519.156440124
519.156440124
519.156440124
519.156440124
519.156440124
519.156440124
519.156440124
519.156440124
519.156440124
519.156440124
519.156440124
519.156440124
519.156440124
519.156440124
519.156440124
519.156440124
519.156440124
519.156440124
519.156440124
519.156440124
519.156440124
519.156440124
519.156440124
519.156440124
519.156440124
519.156440124
519.156440124
519.156440124
519.156440124
519.156440124
519.156440124
519.156440124
519.156440124
519.156440124
519.156440124
519.156440124
519.156440124
519.156440124
519.156440124
519.156440124
519.156440124
519.156440124
519.156440124
519.156440124
519.156440124
519.156440124
519.156440124
519.156440124
519.156440124
519.156440124
519.156440124
519.156440124
519.156440124
519.156440124
519.156440124
519.156440124
519.156440124
519.156440124
519.156440124
519.156440124
519.156440124
519.156440124
519.156440124
519.156440124
519.156440124
519.156440124
519.156440124
519.156440124
519.156440124
519.156440124
519.156440124
519.156440124
519.156440124
519.156440124
519.156440124
519.156440124
519.156440124
519.156440124
519.156440124
519.156440124
519.156440124
519.156440124
519.156440124
519.156440124
519.156440124
519.156440124
519.156440124
519.156440124
519.156440124
519.156440124
519.156440124
519.156440124
519.156440124
519.156440124
519.156440124
519.156440124
519.156440124
519.156440124
519.156440124
519.156440124
519.156440124
519.156440124
519.156440124
519.156440124
519.156440124
519.156440124
519.156440124
519.156440124
519.156440124
519.156440124
519.156440124
519.156440124
519.156440124
519.156440124
519.156440124
519.156440124
519.156440124
519.156440124
519.156440124
519.156440124
519.156440124
519.156440124
519.156440124
519.156440124
519.156440124
519.156440124
519.156440124
519.156440124
519.156440124
519.156440124
519.156440124
519.156440124
519.156440124
519.156440124
519.156440124
519.156440124
519.156440124
519.156440124
519.156440124
519.156440124
519.156440124
519.156440124
519.156440124
519.156440124
519.156440124
519.156440124
519.156440124
519.156440124
519.156440124
519.156440124
519.156440124
519.156440124
519.156440124
519.156440124
519.156440124
519.156440124
519.156440124
519.156440124
519.156440124
519.156440124
519.156440124
519.156440124
519.156440124
519.156440124
519.156440124
519.156440124
519.156440124
519.156440124
519.156440124
519.156440124
519.156440124
519.156440124
519.156440124
519.156440124
519.156440124
519.156440124
519.156440124
519.156440124
519.156440124
519.156440124
519.156440124
519.156440124
519.156440124
519.156440124
519.156440124
519.156440124
519.156440124
519.156440124
519.156440124
519.156440124
519.156440124
519.156440124
519.156440124
519.156440124
519.156440124
519.156440124
519.156440124
519.156440124
519.156440124
519.156440124
519.156440124
519.156440124
519.156440124
519.156440124
519.156440124
519.156440124
519.156440124
519.156440124
519.156440124
519.156440124
519.156440124
519.156440124
519.156440124
519.156440124
519.156440124
519.156440124
519.156440124
519.156440124
519.156440124
519.156440124
519.156440124
519.156440124
519.156440124
519.156440124
519.156440124
519.156440124
519.156440124
519.156440124
519.156440124
519.156440124
519.156440124
519.156440124
519.156440124
519.156440124
519.156440124
519.156440124
519.156440124
519.156440124
519.156440124
519.156440124
519.156440124
519.156440124
519.156440124
519.156440124
519.156440124
519.156440124
519.156440124
519.156440124
519.156440124
519.156440124
519.156440124
519.156440124
519.156440124
519.156440124
519.156440124
519.156440124
519.156440124
519.156440124
519.156440124
519.156440124
519.156440124
519.156440124
519.156440124
519.156440124
519.156440124
519.156440124
519.156440124
519.156440124
519.156440124
519.156440124
519.156440124
519.156440124
519.156440124
519.156440124
519.156440124
519.156440124
519.156440124
519.156440124
519.156440124
519.156440124
519.156440124
519.156440124
519.156440124
519.156440124
519.156440124
519.156440124
519.156440124
519.156440124
519.156440124
519.156440124
519.156440124
519.156440124
519.156440124
519.156440124
519.156440124
519.156440124
519.156440124
519.156440124
519.156440124
519.156440124
519.156440124
519.156440124
519.156440124
519.156440124
519.156440124
519.156440124
519.156440124
519.156440124
519.156440124
519.156440124
519.156440124
519.156440124
519.156440124
519.156440124
519.156440124
519.156440124
519.156440124
519.156440124
519.156440124
519.156440124
519.156440124
519.156440124
519.156440124
519.156440124
519.156440124
519.156440124
519.156440124
519.156440124
519.156440124
519.156440124
519.156440124
519.156440124
519.156440124
519.156440124
519.156440124
519.156440124
519.156440124
519.156440124
519.156440124
519.156440124
519.156440124
519.156440124
519.156440124
519.156440124
519.156440124
519.156440124
519.156440124
519.156440124
519.156440124
519.156440124
519.156440124
519.156440124
519.156440124
519.156440124
519.156440124
519.156440124
519.156440124
519.156440124
519.156440124
519.156440124
519.156440124
519.156440124
519.156440124
519.156440124
519.156440124
519.156440124
519.156440124
519.156440124
519.156440124
519.156440124
519.156440124
519.156440124
519.156440124
519.156440124
519.156440124
519.156440124
519.156440124
519.156440124
519.156440124
519.156440124
519.156440124
519.156440124
519.156440124
519.156440124
519.156440124
519.156440124
519.156440124
519.156440124
519.156440124
519.156440124
519.156440124
519.156440124
519.156440124
519.156440124
519.156440124
519.156440124
519.156440124
519.156440124
519.156440124
519.156440124
519.156440124
519.156440124
519.156440124
519.156440124
519.156440124
519.156440124
519.156440124
519.156440124
519.156440124
519.156440124
519.156440124
519.156440124
519.156440124
519.156440124
519.156440124
519.156440124
519.156440124
519.156440124
519.156440124
519.156440124
519.156440124
519.156440124
519.156440124
519.156440124
519.156440124
519.156440124
519.156440124
519.156440124
519.156440124
519.156440124
519.156440124
519.156440124
519.156440124
519.156440124
519.156440124
519.156440124
519.156440124
519.156440124
519.156440124
519.156440124
519.156440124
519.156440124
519.156440124
519.156440124
519.156440124
519.156440124
519.156440124
519.156440124
519.156440124
519.156440124
519.156440124
519.156440124
519.156440124
519.156440124
519.156440124
519.156440124
519.156440124
519.156440124
519.156440124
519.156440124
519.156440124
519.156440124
519.156440124
519.156440124
519.156440124
519.156440124
519.156440124
519.156440124
519.156440124
519.156440124
519.156440124
519.156440124
519.156440124
519.156440124
519.156440124
519.156440124
519.156440124
519.156440124
519.156440124
519.156440124
519.156440124
519.156440124
519.156440124
519.156440124
519.156440124
519.156440124
519.156440124
519.156440124
519.156440124
519.156440124
519.156440124
519.156440124
519.156440124
519.156440124
519.156440124
519.156440124
519.156440124
519.156440124
519.156440124
519.156440124
519.156440124
519.156440124
519.156440124
519.156440124
519.156440124
519.156440124
519.156440124
519.156440124
519.156440124
519.156440124
519.156440124
519.156440124
519.156440124
519.156440124
519.156440124
519.156440124
519.156440124
519.156440124
519.156440124
519.156440124
519.156440124
519.156440124
519.156440124
519.156440124
519.156440124
519.156440124
519.156440124
519.156440124
519.156440124
519.156440124
519.156440124
519.156440124
519.156440124
519.156440124
519.156440124
519.156440124
519.156440124
519.156440124
519.156440124
519.156440124
519.156440124
519.156440124
519.156440124
519.156440124
519.156440124
519.156440124
519.156440124
519.156440124
519.156440124
519.156440124
519.156440124
519.156440124
519.156440124
519.156440124
519.156440124
519.156440124
519.156440124
519.156440124
519.156440124
519.156440124
519.156440124
519.156440124
519.156440124
519.156440124
519.156440124
519.156440124
519.156440124
519.156440124
519.156440124
519.156440124
519.156440124
519.156440124
519.156440124
519.156440124
519.156440124
519.156440124
519.156440124
519.156440124
519.156440124
519.156440124
519.156440124
519.156440124
519.156440124
519.156440124
519.156440124
519.156440124
519.156440124
519.156440124
519.156440124
519.156440124
519.156440124
519.156440124
519.156440124
519.156440124
519.156440124
519.156440124
519.156440124
519.156440124
519.156440124
519.156440124
519.156440124
519.156440124
519.156440124
519.156440124
519.156440124
519.156440124
519.156440124
519.156440124
519.156440124
519.156440124
519.156440124
519.156440124
519.156440124
519.156440124
519.156440124
519.156440124
519.156440124
519.156440124
519.156440124
519.156440124
519.156440124
519.156440124
519.156440124
519.156440124
519.156440124
519.156440124
519.156440124
519.156440124
519.156440124
519.156440124
519.156440124
519.156440124
519.156440124
519.156440124
519.156440124
519.156440124
519.156440124
519.156440124
519.156440124
519.156440124
519.156440124
519.156440124
519.156440124
519.156440124
519.156440124
519.156440124
519.156440124
519.156440124
519.156440124
519.156440124
519.156440124
519.156440124
519.156440124
519.156440124
519.156440124
519.156440124
519.156440124
519.156440124
519.156440124
519.156440124
519.156440124
519.156440124
519.156440124
519.156440124
519.156440124
519.156440124
519.156440124
519.156440124
519.156440124
519.156440124
519.156440124
519.156440124
519.156440124
519.156440124
519.156440124
519.156440124
519.156440124
519.156440124
519.156440124
519.156440124
519.156440124
519.156440124
519.156440124
519.156440124
519.156440124
519.156440124
519.156440124
519.156440124
519.156440124
519.156440124
519.156440124
519.156440124
519.156440124
519.156440124
519.156440124
519.156440124
519.156440124
519.156440124
519.156440124
519.156440124
519.156440124
519.156440124
519.156440124
519.156440124
519.156440124
519.156440124
519.156440124
519.156440124
519.156440124
519.156440124
519.156440124
519.156440124
519.156440124
519.156440124
519.156440124
519.156440124
519.156440124
519.156440124
519.156440124
519.156440124
519.156440124
519.156440124
519.156440124
519.156440124
519.156440124
519.156440124
519.156440124
519.156440124
519.156440124
519.156440124
519.156440124
519.156440124
519.156440124
519.156440124
519.156440124
519.156440124
519.156440124
519.156440124
519.156440124
519.156440124
519.156440124
519.156440124
519.156440124
519.156440124
519.156440124
519.156440124
519.156440124
519.156440124
519.156440124
519.156440124
519.156440124
519.156440124
519.156440124
519.156440124
519.156440124
519.156440124
519.156440124
519.156440124
519.156440124
519.156440124
519.156440124
519.156440124
519.156440124
519.156440124
519.156440124
519.156440124
519.156440124
519.156440124
519.156440124
519.156440124
519.156440124
519.156440124
519.156440124
519.156440124
519.156440124
519.156440124
519.156440124
519.156440124
519.156440124
519.156440124
519.156440124
519.156440124
519.156440124
519.156440124
519.156440124
519.156440124
519.156440124
519.156440124
519.156440124
519.156440124
519.156440124
519.156440124
519.156440124
519.156440124
519.156440124
519.156440124
519.156440124
519.156440124
519.156440124
519.156440124
519.156440124
519.156440124
519.156440124
519.156440124
519.156440124
519.156440124
519.156440124
519.156440124
519.156440124
519.156440124
519.156440124
519.156440124
519.156440124
519.156440124
519.156440124
519.156440124
519.156440124
519.156440124
519.156440124
519.156440124
519.156440124
519.156440124
519.156440124
519.156440124
519.156440124
519.156440124
519.156440124
519.156440124
519.156440124
519.156440124
519.156440124
519.156440124
519.156440124
519.156440124
519.156440124
519.156440124
519.156440124
519.156440124
519.156440124
519.156440124
519.156440124
519.156440124
519.156440124
519.156440124
519.156440124
519.156440124
519.156440124
519.156440124
519.156440124
519.156440124
519.156440124
519.156440124
519.156440124
519.156440124
519.156440124
519.156440124
519.156440124
519.156440124
519.156440124
519.156440124
519.156440124
519.156440124
519.156440124
519.156440124
519.156440124
519.156440124
519.156440124
519.156440124
519.156440124
519.156440124
519.156440124
519.156440124
519.156440124
519.156440124
519.156440124
519.156440124
519.156440124
519.156440124
519.156440124
519.156440124
519.156440124
519.156440124
519.156440124
519.156440124
519.156440124
519.156440124
519.156440124
519.156440124
519.156440124
519.156440124
519.156440124
519.156440124
519.156440124
519.156440124
519.156440124
519.156440124
519.156440124
519.156440124
519.156440124
519.156440124
519.156440124
519.156440124
519.156440124
519.156440124
519.156440124
519.156440124
519.156440124
519.156440124
519.156440124
519.156440124
519.156440124
519.156440124
519.156440124
519.156440124
519.156440124
519.156440124
519.156440124
519.156440124
519.156440124
519.156440124
519.156440124
519.156440124
519.156440124
519.156440124
519.156440124
519.156440124
519.156440124
519.156440124
519.156440124
519.156440124
519.156440124
519.156440124
519.156440124
519.156440124
519.156440124
519.156440124
519.156440124
519.156440124
519.156440124
519.156440124
519.156440124
519.156440124
519.156440124
519.156440124
519.156440124
519.156440124
519.156440124
519.156440124
519.156440124
519.156440124
519.156440124
519.156440124
519.156440124
519.156440124
519.156440124
519.156440124
519.156440124
519.156440124
519.156440124
519.156440124
519.156440124
519.156440124
519.156440124
519.156440124
519.156440124
519.156440124
519.156440124
519.156440124
519.156440124
519.156440124
519.156440124
519.156440124
519.156440124
519.156440124
519.156440124
519.156440124
519.156440124
519.156440124
519.156440124
519.156440124
519.156440124
519.156440124
519.156440124
519.156440124
519.156440124
519.156440124
519.156440124
519.156440124
519.156440124
519.156440124
519.156440124
519.156440124
519.156440124
519.156440124
519.156440124
519.156440124
519.156440124
519.156440124
519.156440124
519.156440124
519.156440124
519.156440124
519.156440124
519.156440124
519.156440124
519.156440124
519.156440124
519.156440124
519.156440124
519.156440124
519.156440124
519.156440124
519.156440124
519.156440124
519.156440124
519.156440124
519.156440124
519.156440124
519.156440124
519.156440124
519.156440124
519.156440124
519.156440124
519.156440124
519.156440124
519.156440124
519.156440124
519.156440124
519.156440124
519.156440124
519.156440124
519.156440124
519.156440124
519.156440124
519.156440124
519.156440124
519.156440124
519.156440124
519.156440124
519.156440124
519.156440124
519.156440124
519.156440124
519.156440124
519.156440124
519.156440124
519.156440124
519.156440124
519.156440124
519.156440124
519.156440124
519.156440124
519.156440124
519.156440124
519.156440124
519.156440124
519.156440124
519.156440124
519.156440124
519.156440124
519.156440124
519.156440124
519.156440124
519.156440124
519.156440124
519.156440124
519.156440124
519.156440124
519.156440124
519.156440124
519.156440124
519.156440124
519.156440124
519.156440124
519.156440124
519.156440124
519.156440124
519.156440124
519.156440124
519.156440124
519.156440124
519.156440124
519.156440124
519.156440124
519.156440124
519.156440124
519.156440124
519.156440124
519.156440124
519.156440124
519.156440124
519.156440124
519.156440124
519.156440124
519.156440124
519.156440124
519.156440124
519.156440124
519.156440124
519.156440124
519.156440124
519.156440124
519.156440124
519.156440124
519.156440124
519.156440124
519.156440124
519.156440124
519.156440124
519.156440124
519.156440124
519.156440124
519.156440124
519.156440124
519.156440124
519.156440124
519.156440124
519.156440124
519.156440124
519.156440124
519.156440124
519.156440124
519.156440124
519.156440124
519.156440124
519.156440124
519.156440124
519.156440124
519.156440124
519.156440124
519.156440124
519.156440124
519.156440124
519.156440124
519.156440124
519.156440124
519.156440124
519.156440124
519.156440124
519.156440124
519.156440124
519.156440124
519.156440124
519.156440124
519.156440124
519.156440124
519.156440124
519.156440124
519.156440124
519.156440124
519.156440124
519.156440124
519.156440124
519.156440124
519.156440124
519.156440124
519.156440124
519.156440124
519.156440124
519.156440124
519.156440124
519.156440124
519.156440124
519.156440124
519.156440124
519.156440124
519.156440124
519.156440124
519.156440124
519.156440124
519.156440124
519.156440124
519.156440124
519.156440124
519.156440124
519.156440124
519.156440124
519.156440124
519.156440124
519.156440124
519.156440124
519.156440124
519.156440124
519.156440124
519.156440124
519.156440124
519.156440124
519.156440124
519.156440124
519.156440124
519.156440124
519.156440124
519.156440124
519.156440124
519.156440124
519.156440124
519.156440124
519.156440124
519.156440124
519.156440124
519.156440124
519.156440124
519.156440124
519.156440124
519.156440124
519.156440124
519.156440124
519.156440124
519.156440124
519.156440124
519.156440124
519.156440124
519.156440124
519.156440124
519.156440124
519.156440124
519.156440124
519.156440124
519.156440124
519.156440124
519.156440124
519.156440124
519.156440124
519.156440124
519.156440124
519.156440124
519.156440124
519.156440124
519.156440124
519.156440124
519.156440124
519.156440124
519.156440124
519.156440124
519.156440124
519.156440124
519.156440124
519.156440124
519.156440124
519.156440124
519.156440124
519.156440124
519.156440124
519.156440124
519.156440124
519.156440124
519.156440124
519.156440124
519.156440124
519.156440124
519.156440124
519.156440124
519.156440124
519.156440124
519.156440124
519.156440124
519.156440124
519.156440124
519.156440124
519.156440124
519.156440124
519.156440124
519.156440124
519.156440124
519.156440124
519.156440124
519.156440124
519.156440124
519.156440124
519.156440124
519.156440124
519.156440124
519.156440124
519.156440124
519.156440124
519.156440124
519.156440124
519.156440124
519.156440124
519.156440124
519.156440124
519.156440124
519.156440124
519.156440124
519.156440124
519.156440124
519.156440124
519.156440124
519.156440124
519.156440124
519.156440124
519.156440124
519.156440124
519.156440124
519.156440124
519.156440124
519.156440124
519.156440124
519.156440124
519.156440124
519.156440124
519.156440124
519.156440124
519.156440124
519.156440124
519.156440124
519.156440124
519.156440124
519.156440124
519.156440124
519.156440124
519.156440124
519.156440124
519.156440124
519.156440124
519.156440124
519.156440124
519.156440124
519.156440124
519.156440124
519.156440124
519.156440124
519.156440124
519.156440124
519.156440124
519.156440124
519.156440124
519.156440124
519.156440124
519.156440124
519.156440124
519.156440124
519.156440124
519.156440124
519.156440124
519.156440124
519.156440124
519.156440124
519.156440124
519.156440124
519.156440124
519.156440124
519.156440124
519.156440124
519.156440124
519.156440124
519.156440124
519.156440124
519.156440124
519.156440124
519.156440124
519.156440124
519.156440124
519.156440124
519.156440124
519.156440124
519.156440124
519.156440124
519.156440124
519.156440124
519.156440124
519.156440124
519.156440124
519.156440124
519.156440124
519.156440124
519.156440124
519.156440124
519.156440124
519.156440124
519.156440124
519.156440124
519.156440124
519.156440124
519.156440124
519.156440124
519.156440124
519.156440124
519.156440124
519.156440124
519.156440124
519.156440124
519.156440124
519.156440124
519.156440124
519.156440124
519.156440124
519.156440124
519.156440124
519.156440124
519.156440124
519.156440124
519.156440124
519.156440124
519.156440124
519.156440124
519.156440124
519.156440124
519.156440124
519.156440124
519.156440124
519.156440124
519.156440124
519.156440124
519.156440124
519.156440124
519.156440124
519.156440124
519.156440124
519.156440124
519.156440124
519.156440124
519.156440124
519.156440124
519.156440124
519.156440124
519.156440124
519.156440124
519.156440124
519.156440124
519.156440124
519.156440124
519.156440124
519.156440124
519.156440124
519.156440124
519.156440124
519.156440124
519.156440124
519.156440124
519.156440124
519.156440124
519.156440124
519.156440124
519.156440124
519.156440124
519.156440124
519.156440124
519.156440124
519.156440124
519.156440124
519.156440124
519.156440124
519.156440124
519.156440124
519.156440124
519.156440124
519.156440124
519.156440124
519.156440124
519.156440124
519.156440124
519.156440124
519.156440124
519.156440124
519.156440124
519.156440124
519.156440124
519.156440124
519.156440124
519.156440124
519.156440124
519.156440124
519.156440124
519.156440124
519.156440124
519.156440124
519.156440124
519.156440124
519.156440124
519.156440124
519.156440124
519.156440124
519.156440124
519.156440124
519.156440124
519.156440124
519.156440124
519.156440124
519.156440124
519.156440124
519.156440124
519.156440124
519.156440124
519.156440124
519.156440124
519.156440124
519.156440124
519.156440124
519.156440124
519.156440124
519.156440124
519.156440124
519.156440124
519.156440124
519.156440124
519.156440124
519.156440124
519.156440124
519.156440124
519.156440124
519.156440124
519.156440124
519.156440124
519.156440124
519.156440124
519.156440124
519.156440124
519.156440124
519.156440124
519.156440124
519.156440124
519.156440124
519.156440124
519.156440124
519.156440124
519.156440124
519.156440124
519.156440124
519.156440124
519.156440124
519.156440124
519.156440124
519.156440124
519.156440124
519.156440124
519.156440124
519.156440124
519.156440124
519.156440124
519.156440124
519.156440124
519.156440124
519.156440124
519.156440124
519.156440124
519.156440124
519.156440124
519.156440124
519.156440124
519.156440124
519.156440124
519.156440124
519.156440124
519.156440124
519.156440124
519.156440124
519.156440124
519.156440124
519.156440124
519.156440124
519.156440124
519.156440124
519.156440124
519.156440124
519.156440124
519.156440124
519.156440124
519.156440124
519.156440124
519.156440124
519.156440124
519.156440124
519.156440124
519.156440124
519.156440124
519.156440124
519.156440124
519.156440124
519.156440124
519.156440124
519.156440124
519.156440124
519.156440124
519.156440124
519.156440124
519.156440124
519.156440124
519.156440124
519.156440124
519.156440124
519.156440124
519.156440124
519.156440124
519.156440124
519.156440124
519.156440124
519.156440124
519.156440124
519.156440124
519.156440124
519.156440124
519.156440124
519.156440124
519.156440124
519.156440124
519.156440124
519.156440124
519.156440124
519.156440124
519.156440124
519.156440124
519.156440124
519.156440124
519.156440124
519.156440124
519.156440124
519.156440124
519.156440124
519.156440124
519.156440124
519.156440124
519.156440124
519.156440124
519.156440124
519.156440124
519.156440124
519.156440124
519.156440124
519.156440124
519.156440124
519.156440124
519.156440124
519.156440124
519.156440124
519.156440124
519.156440124
519.156440124
519.156440124
519.156440124
519.156440124
519.156440124
519.156440124
519.156440124
519.156440124
519.156440124
519.156440124
519.156440124
519.156440124
519.156440124
519.156440124
519.156440124
519.156440124
519.156440124
519.156440124
519.156440124
519.156440124
519.156440124
519.156440124
519.156440124
519.156440124
519.156440124
519.156440124
519.156440124
519.156440124
519.156440124
519.156440124
519.156440124
519.156440124
519.156440124
519.156440124
519.156440124
519.156440124
519.156440124
519.156440124
519.156440124
519.156440124
519.156440124
519.156440124
519.156440124
519.156440124
519.156440124
519.156440124
519.156440124
519.156440124
519.156440124
519.156440124
519.156440124
519.156440124
519.156440124
519.156440124
519.156440124
519.156440124
519.156440124
519.156440124
519.156440124
519.156440124
519.156440124
519.156440124
519.156440124
519.156440124
519.156440124
519.156440124
519.156440124
519.156440124
519.156440124
519.156440124
519.156440124
519.156440124
519.156440124
519.156440124
519.156440124
519.156440124
519.156440124
519.156440124
519.156440124
519.156440124
519.156440124
519.156440124
519.156440124
519.156440124
519.156440124
519.156440124
519.156440124
519.156440124
519.156440124
519.156440124
519.156440124
519.156440124
519.156440124
519.156440124
519.156440124
519.156440124
519.156440124
519.156440124
519.156440124
519.156440124
519.156440124
519.156440124
519.156440124
519.156440124
519.156440124
519.156440124
519.156440124
519.156440124
519.156440124
519.156440124
519.156440124
519.156440124
519.156440124
519.156440124
519.156440124
519.156440124
519.156440124
519.156440124
519.156440124
519.156440124
519.156440124
519.156440124
519.156440124
519.156440124
519.156440124
519.156440124
519.156440124
519.156440124
519.156440124
519.156440124
519.156440124
519.156440124
519.156440124
519.156440124
519.156440124
519.156440124
519.156440124
519.156440124
519.156440124
519.156440124
519.156440124
519.156440124
519.156440124
519.156440124
519.156440124
519.156440124
519.156440124
519.156440124
519.156440124
519.156440124
519.156440124
519.156440124
519.156440124
519.156440124
519.156440124
519.156440124
519.156440124
519.156440124
519.156440124
519.156440124
519.156440124
519.156440124
519.156440124
519.156440124
519.156440124
519.156440124
519.156440124
519.156440124
519.156440124
519.156440124
519.156440124
519.156440124
519.156440124
519.156440124
519.156440124
519.156440124
519.156440124
519.156440124
519.156440124
519.156440124
519.156440124
519.156440124
519.156440124
519.156440124
519.156440124
519.156440124
519.156440124
519.156440124
519.156440124
519.156440124
519.156440124
519.156440124
519.156440124
519.156440124
519.156440124
519.156440124
519.156440124
519.156440124
519.156440124
519.156440124
519.156440124
519.156440124
519.156440124
519.156440124
519.156440124
519.156440124
519.156440124
519.156440124
519.156440124
519.156440124
519.156440124
519.156440124
519.156440124
519.156440124
519.156440124
519.156440124
519.156440124
519.156440124
519.156440124
519.156440124
519.156440124
519.156440124
519.156440124
519.156440124
519.156440124
519.156440124
519.156440124
519.156440124
519.156440124
519.156440124
519.156440124
519.156440124
519.156440124
519.156440124
519.156440124
519.156440124
519.156440124
519.156440124
519.156440124
519.156440124
519.156440124
519.156440124
519.156440124
519.156440124
519.156440124
519.156440124
519.156440124
519.156440124
519.156440124
519.156440124
519.156440124
519.156440124
519.156440124
519.156440124
519.156440124
519.156440124
519.156440124
519.156440124
519.156440124
519.156440124
519.156440124
519.156440124
519.156440124
519.156440124
519.156440124
519.156440124
519.156440124
519.156440124
519.156440124
519.156440124
519.156440124
519.156440124
519.156440124
519.156440124
519.156440124
519.156440124
519.156440124
519.156440124
519.156440124
519.156440124
519.156440124
519.156440124
519.156440124
519.156440124
519.156440124
519.156440124
519.156440124
519.156440124
519.156440124
519.156440124
519.156440124
519.156440124
519.156440124
519.156440124
519.156440124
519.156440124
519.156440124
519.156440124
519.156440124
519.156440124
519.156440124
519.156440124
519.156440124
519.156440124
519.156440124
519.156440124
519.156440124
519.156440124
519.156440124
519.156440124
519.156440124
519.156440124
519.156440124
519.156440124
519.156440124
519.156440124
519.156440124
519.156440124
519.156440124
519.156440124
519.156440124
519.156440124
519.156440124
519.156440124
519.156440124
519.156440124
519.156440124
519.156440124
519.156440124
519.156440124
519.156440124
519.156440124
519.156440124
519.156440124
519.156440124
519.156440124
519.156440124
519.156440124
519.156440124
519.156440124
519.156440124
519.156440124
519.156440124
519.156440124
519.156440124
519.156440124
519.156440124
519.156440124
519.156440124
519.156440124
519.156440124
519.156440124
519.156440124
519.156440124
519.156440124
519.156440124
519.156440124
519.156440124
519.156440124
519.156440124
519.156440124
519.156440124
519.156440124
519.156440124
519.156440124
519.156440124
519.156440124
519.156440124
519.156440124
519.156440124
519.156440124
519.156440124
519.156440124
519.156440124
519.156440124
519.156440124
519.156440124
519.156440124
519.156440124
519.156440124
519.156440124
519.156440124
519.156440124
519.156440124
519.156440124
519.156440124
519.156440124
519.156440124
519.156440124
519.156440124
519.156440124
519.156440124
519.156440124
519.156440124
519.156440124
519.156440124
519.156440124
519.156440124
519.156440124
519.156440124
519.156440124
519.156440124
519.156440124
519.156440124
519.156440124
519.156440124
519.156440124
519.156440124
519.156440124
519.156440124
519.156440124
519.156440124
519.156440124
519.156440124
519.156440124
519.156440124
519.156440124
519.156440124
519.156440124
519.156440124
519.156440124
519.156440124
519.156440124
519.156440124
519.156440124
519.156440124
519.156440124
519.156440124
519.156440124
519.156440124
519.156440124
519.156440124
519.156440124
519.156440124
519.156440124
519.156440124
519.156440124
519.156440124
519.156440124
519.156440124
519.156440124
519.156440124
519.156440124
519.156440124
519.156440124
519.156440124
519.156440124
519.156440124
519.156440124
519.156440124
519.156440124
519.156440124
519.156440124
519.156440124
519.156440124
519.156440124
519.156440124
519.156440124
519.156440124
519.156440124
519.156440124
519.156440124
519.156440124
519.156440124
519.156440124
519.156440124
519.156440124
519.156440124
519.156440124
519.156440124
519.156440124
519.156440124
519.156440124
519.156440124
519.156440124
519.156440124
519.156440124
519.156440124
519.156440124
519.156440124
519.156440124
519.156440124
519.156440124
519.156440124
519.156440124
519.156440124
519.156440124
519.156440124
519.156440124
519.156440124
519.156440124
519.156440124
519.156440124
519.156440124
519.156440124
519.156440124
519.156440124
519.156440124
519.156440124
519.156440124
519.156440124
519.156440124
519.156440124
519.156440124
519.156440124
519.156440124
519.156440124
519.156440124
519.156440124
519.156440124
519.156440124
519.156440124
519.156440124
519.156440124
519.156440124
519.156440124
519.156440124
519.156440124
519.156440124
519.156440124
519.156440124
519.156440124
519.156440124
519.156440124
519.156440124
519.156440124
519.156440124
519.156440124
519.156440124
519.156440124
519.156440124
519.156440124
519.156440124
519.156440124
519.156440124
519.156440124
519.156440124
519.156440124
519.156440124
519.156440124
519.156440124
519.156440124
519.156440124
519.156440124
519.156440124
519.156440124
519.156440124
519.156440124
519.156440124
519.156440124
519.156440124
519.156440124
519.156440124
519.156440124
519.156440124
519.156440124
519.156440124
519.156440124
519.156440124
519.156440124
519.156440124
519.156440124
519.156440124
519.156440124
519.156440124
519.156440124
519.156440124
519.156440124
519.156440124
519.156440124
519.156440124
519.156440124
519.156440124
519.156440124
519.156440124
519.156440124
519.156440124
519.156440124
519.156440124
519.156440124
519.156440124
519.156440124
519.156440124
519.156440124
519.156440124
519.156440124
519.156440124
519.156440124
519.156440124
519.156440124
519.156440124
519.156440124
519.156440124
519.156440124
519.156440124
519.156440124
519.156440124
519.156440124
519.156440124
519.156440124
519.156440124
519.156440124
519.156440124
519.156440124
519.156440124
519.156440124
519.156440124
519.156440124
519.156440124
519.156440124
519.156440124
519.156440124
519.156440124
519.156440124
519.156440124
519.156440124
519.156440124
519.156440124
519.156440124
519.156440124
519.156440124
519.156440124
519.156440124
519.156440124
519.156440124
519.156440124
519.156440124
519.156440124
519.156440124
519.156440124
519.156440124
519.156440124
519.156440124
519.156440124
519.156440124
519.156440124
519.156440124
519.156440124
519.156440124
519.156440124
519.156440124
519.156440124
519.156440124
519.156440124
519.156440124
519.156440124
519.156440124
519.156440124
519.156440124
519.156440124
519.156440124
519.156440124
519.156440124
519.156440124
519.156440124
519.156440124
519.156440124
519.156440124
519.156440124
519.156440124
519.156440124
519.156440124
519.156440124
519.156440124
519.156440124
519.156440124
519.156440124
519.156440124
519.156440124
519.156440124
519.156440124
519.156440124
519.156440124
519.156440124
519.156440124
519.156440124
519.156440124
519.156440124
519.156440124
519.156440124
519.156440124
519.156440124
519.156440124
519.156440124
519.156440124
519.156440124
519.156440124
519.156440124
519.156440124
519.156440124
519.156440124
519.156440124
519.156440124
519.156440124
519.156440124
519.156440124
519.156440124
519.156440124
519.156440124
519.156440124
519.156440124
519.156440124
519.156440124
519.156440124
519.156440124
519.156440124
519.156440124
519.156440124
519.156440124
519.156440124
519.156440124
519.156440124
519.156440124
519.156440124
519.156440124
519.156440124
519.156440124
519.156440124
519.156440124
519.156440124
519.156440124
519.156440124
519.156440124
519.156440124
519.156440124
519.156440124
519.156440124
519.156440124
519.156440124
519.156440124
519.156440124
519.156440124
519.156440124
519.156440124
519.156440124
519.156440124
519.156440124
519.156440124
519.156440124
519.156440124
519.156440124
519.156440124
519.156440124
519.156440124
519.156440124
519.156440124
519.156440124
519.156440124
519.156440124
519.156440124
519.156440124
519.156440124
519.156440124
519.156440124
519.156440124
519.156440124
519.156440124
519.156440124
519.156440124
519.156440124
519.156440124
519.156440124
519.156440124
519.156440124
519.156440124
519.156440124
519.156440124
519.156440124
519.156440124
519.156440124
519.156440124
519.156440124
519.156440124
519.156440124
519.156440124
519.156440124
519.156440124
519.156440124
519.156440124
519.156440124
519.156440124
519.156440124
519.156440124
519.156440124
519.156440124
519.156440124
519.156440124
519.156440124
519.156440124
519.156440124
519.156440124
519.156440124
519.156440124
519.156440124
519.156440124
519.156440124
519.156440124
519.156440124
519.156440124
519.156440124
519.156440124
519.156440124
519.156440124
519.156440124
519.156440124
519.156440124
519.156440124
519.156440124
519.156440124
519.156440124
519.156440124
519.156440124
519.156440124
519.156440124
519.156440124
519.156440124
519.156440124
519.156440124
519.156440124
519.156440124
519.156440124
519.156440124
519.156440124
519.156440124
519.156440124
519.156440124
519.156440124
519.156440124
519.156440124
519.156440124
519.156440124
519.156440124
519.156440124
519.156440124
519.156440124
519.156440124
519.156440124
519.156440124
519.156440124
519.156440124
519.156440124
519.156440124
519.156440124
519.156440124
519.156440124
519.156440124
519.156440124
519.156440124
519.156440124
519.156440124
519.156440124
519.156440124
519.156440124
519.156440124
519.156440124
519.156440124
519.156440124
519.156440124
519.156440124
519.156440124
519.156440124
519.156440124
519.156440124
519.156440124
519.156440124
519.156440124
519.156440124
519.156440124
519.156440124
519.156440124
519.156440124
519.156440124
519.156440124
519.156440124
519.156440124
519.156440124
519.156440124
519.156440124
519.156440124
519.156440124
519.156440124
519.156440124
519.156440124
519.156440124
519.156440124
519.156440124
519.156440124
519.156440124
519.156440124
519.156440124
519.156440124
519.156440124
519.156440124
519.156440124
519.156440124
519.156440124
519.156440124
519.156440124
519.156440124
519.156440124
519.156440124
519.156440124
519.156440124
519.156440124
519.156440124
519.156440124
519.156440124
519.156440124
519.156440124
519.156440124
519.156440124
519.156440124
519.156440124
519.156440124
519.156440124
519.156440124
519.156440124
519.156440124
519.156440124
519.156440124
519.156440124
519.156440124
519.156440124
519.156440124
519.156440124
519.156440124
519.156440124
519.156440124
519.156440124
519.156440124
519.156440124
519.156440124
519.156440124
519.156440124
519.156440124
519.156440124
519.156440124
519.156440124
519.156440124
519.156440124
519.156440124
519.156440124
519.156440124
519.156440124
519.156440124
519.156440124
519.156440124
519.156440124
519.156440124
519.156440124
519.156440124
519.156440124
519.156440124
519.156440124
519.156440124
519.156440124
519.156440124
519.156440124
519.156440124
519.156440124
519.156440124
519.156440124
519.156440124
519.156440124
519.156440124
519.156440124
519.156440124
519.156440124
519.156440124
519.156440124
519.156440124
519.156440124
519.156440124
519.156440124
519.156440124
519.156440124
519.156440124
519.156440124
519.156440124
519.156440124
519.156440124
519.156440124
519.156440124
519.156440124
519.156440124
519.156440124
519.156440124
519.156440124
519.156440124
519.156440124
519.156440124
519.156440124
519.156440124
519.156440124
519.156440124
519.156440124
519.156440124
519.156440124
519.156440124
519.156440124
519.156440124
519.156440124
519.156440124
519.156440124
519.156440124
519.156440124
519.156440124
519.156440124
519.156440124
519.156440124
519.156440124
519.156440124
519.156440124
519.156440124
519.156440124
519.156440124
519.156440124
519.156440124
519.156440124
519.156440124
519.156440124
519.156440124
519.156440124
519.156440124
519.156440124
519.156440124
519.156440124
519.156440124
519.156440124
519.156440124
519.156440124
519.156440124
519.156440124
519.156440124
519.156440124
519.156440124
519.156440124
519.156440124
519.156440124
519.156440124
519.156440124
519.156440124
519.156440124
519.156440124
519.156440124
519.156440124
519.156440124
519.156440124
519.156440124
519.156440124
519.156440124
519.156440124
519.156440124
519.156440124
519.156440124
519.156440124
519.156440124
519.156440124
519.156440124
519.156440124
519.156440124
519.156440124
519.156440124
519.156440124
519.156440124
519.156440124
519.156440124
519.156440124
519.156440124
519.156440124
519.156440124
519.156440124
519.156440124
519.156440124
519.156440124
519.156440124
519.156440124
519.156440124
519.156440124
519.156440124
519.156440124
519.156440124
519.156440124
519.156440124
519.156440124
519.156440124
519.156440124
519.156440124
519.156440124
519.156440124
519.156440124
519.156440124
519.156440124
519.156440124
519.156440124
519.156440124
519.156440124
519.156440124
519.156440124
519.156440124
519.156440124
519.156440124
519.156440124
519.156440124
519.156440124
519.156440124
519.156440124
519.156440124
519.156440124
519.156440124
519.156440124
519.156440124
519.156440124
519.156440124
519.156440124
519.156440124
519.156440124
519.156440124
519.156440124
519.156440124
519.156440124
519.156440124
519.156440124
519.156440124
519.156440124
519.156440124
519.156440124
519.156440124
519.156440124
519.156440124
519.156440124
519.156440124
519.156440124
519.156440124
519.156440124
519.156440124
519.156440124
519.156440124
519.156440124
519.156440124
519.156440124
519.156440124
519.156440124
519.156440124
519.156440124
519.156440124
519.156440124
519.156440124
519.156440124
519.156440124
519.156440124
519.156440124
519.156440124
519.156440124
519.156440124
519.156440124
519.156440124
519.156440124
519.156440124
519.156440124
519.156440124
519.156440124
519.156440124
519.156440124
519.156440124
519.156440124
519.156440124
519.156440124
519.156440124
519.156440124
519.156440124
519.156440124
519.156440124
519.156440124
519.156440124
519.156440124
519.156440124
519.156440124
519.156440124
519.156440124
519.156440124
519.156440124
519.156440124
519.156440124
519.156440124
519.156440124
519.156440124
519.156440124
519.156440124
519.156440124
519.156440124
519.156440124
519.156440124
519.156440124
519.156440124
519.156440124
519.156440124
519.156440124
519.156440124
519.156440124
519.156440124
519.156440124
519.156440124
519.156440124
519.156440124
519.156440124
519.156440124
519.156440124
519.156440124
519.156440124
519.156440124
519.156440124
519.156440124
519.156440124
519.156440124
519.156440124
519.156440124
519.156440124
519.156440124
519.156440124
519.156440124
519.156440124
519.156440124
519.156440124
519.156440124
519.156440124
519.156440124
519.156440124
519.156440124
519.156440124
519.156440124
519.156440124
519.156440124
519.156440124
519.156440124
519.156440124
519.156440124
519.156440124
519.156440124
519.156440124
519.156440124
519.156440124
519.156440124
519.156440124
519.156440124
519.156440124
519.156440124
519.156440124
519.156440124
519.156440124
519.156440124
519.156440124
519.156440124
519.156440124
519.156440124
519.156440124
519.156440124
519.156440124
519.156440124
519.156440124
519.156440124
519.156440124
519.156440124
519.156440124
519.156440124
519.156440124
519.156440124
519.156440124
519.156440124
519.156440124
519.156440124
519.156440124
519.156440124
519.156440124
519.156440124
519.156440124
519.156440124
519.156440124
519.156440124
519.156440124
519.156440124
519.156440124
519.156440124
519.156440124
519.156440124
519.156440124
519.156440124
519.156440124
519.156440124
519.156440124
519.156440124
519.156440124
519.156440124
519.156440124
519.156440124
519.156440124
519.156440124
519.156440124
519.156440124
519.156440124
519.156440124
519.156440124
519.156440124
519.156440124
519.156440124
519.156440124
519.156440124
519.156440124
519.156440124
519.156440124
519.156440124
519.156440124
519.156440124
519.156440124
519.156440124
519.156440124
519.156440124
519.156440124
519.156440124
519.156440124
519.156440124
519.156440124
519.156440124
519.156440124
519.156440124
519.156440124
519.156440124
519.156440124
519.156440124
519.156440124
519.156440124
519.156440124
519.156440124
519.156440124
519.156440124
519.156440124
519.156440124
519.156440124
519.156440124
519.156440124
519.156440124
519.156440124
519.156440124
519.156440124
519.156440124
519.156440124
519.156440124
519.156440124
519.156440124
519.156440124
519.156440124
519.156440124
519.156440124
519.156440124
519.156440124
519.156440124
519.156440124
519.156440124
519.156440124
519.156440124
519.156440124
519.156440124
519.156440124
519.156440124
519.156440124
519.156440124
519.156440124
519.156440124
519.156440124
519.156440124
519.156440124
519.156440124
519.156440124
519.156440124
519.156440124
519.156440124
519.156440124
519.156440124
519.156440124
519.156440124
519.156440124
519.156440124
519.156440124
519.156440124
519.156440124
519.156440124
519.156440124
519.156440124
519.156440124
519.156440124
519.156440124
519.156440124
519.156440124
519.156440124
519.156440124
519.156440124
519.156440124
519.156440124
519.156440124
519.156440124
519.156440124
519.156440124
519.156440124
519.156440124
519.156440124
519.156440124
519.156440124
519.156440124
519.156440124
519.156440124
519.156440124
519.156440124
519.156440124
519.156440124
519.156440124
519.156440124
519.156440124
519.156440124
519.156440124
519.156440124
519.156440124
519.156440124
519.156440124
519.156440124
519.156440124
519.156440124
519.156440124
519.156440124
519.156440124
519.156440124
519.156440124
519.156440124
519.156440124
519.156440124
519.156440124
519.156440124
519.156440124
519.156440124
519.156440124
519.156440124
519.156440124
519.156440124
519.156440124
519.156440124
519.156440124
519.156440124
519.156440124
519.156440124
519.156440124
519.156440124
519.156440124
519.156440124
519.156440124
519.156440124
519.156440124
519.156440124
519.156440124
519.156440124
519.156440124
519.156440124
519.156440124
519.156440124
519.156440124
519.156440124
519.156440124
519.156440124
519.156440124
519.156440124
519.156440124
519.156440124
519.156440124
519.156440124
519.156440124
519.156440124
519.156440124
519.156440124
519.156440124
519.156440124
519.156440124
519.156440124
519.156440124
519.156440124
519.156440124
519.156440124
519.156440124
519.156440124
519.156440124
519.156440124
519.156440124
519.156440124
519.156440124
519.156440124
519.156440124
519.156440124
519.156440124
519.156440124
519.156440124
519.156440124
519.156440124
519.156440124
519.156440124
519.156440124
519.156440124
519.156440124
519.156440124
519.156440124
519.156440124
519.156440124
519.156440124
519.156440124
519.156440124
519.156440124
519.156440124
519.156440124
519.156440124
519.156440124
519.156440124
519.156440124
519.156440124
519.156440124
519.156440124
519.156440124
519.156440124
519.156440124
519.156440124
519.156440124
519.156440124
519.156440124
519.156440124
519.156440124
519.156440124
519.156440124
519.156440124
519.156440124
519.156440124
519.156440124
519.156440124
519.156440124
519.156440124
519.156440124
519.156440124
519.156440124
519.156440124
519.156440124
519.156440124
519.156440124
519.156440124
519.156440124
519.156440124
519.156440124
519.156440124
