1511.66818636
1492.2281608
1453.39162576
1365.47897692
1329.41849709
1305.07184006
1301.72021021
1286.49391367
1283.18659803
1262.32409535
1219.49491745
1212.10882874
1177.9923074
1184.27887976
1170.39800221
1165.2284175
1172.38631539
1164.78719108
1205.51554015
1196.84665421
1170.24885248
1140.93797944
1137.2240018
1141.2284527
1138.02473335
1143.77923954
1139.87442494
1131.62944538
1115.31388258
1119.60948816
1104.97410971
1050.8457494
1034.6021744
1035.11982544
1037.84103956
1036.53854319
1059.85869036
1059.85869036
1043.93872289
1056.33701504
1034.99415826
1040.51262558
1039.16967011
1037.50826473
1045.76180673
1016.05894394
985.536278677
958.885252206
936.768619876
936.768619876
967.05800141
965.066180509
926.529575896
937.781916184
941.77142394
919.375763494
924.243498321
925.109883972
933.030544197
933.030544197
969.61549987
958.134555228
952.372311073
972.781816628
968.065573977
976.31535421
972.647126206
972.647126206
972.647126206
976.31535421
1000.01304014
1000.38928301
1000.01304014
970.672085813
948.971190049
963.70201952
960.331161243
958.059051248
947.803256758
947.803256758
947.803256758
959.250513908
953.376295493
918.684074219
918.684074219
930.029497146
930.029497146
940.745580403
904.762359268
904.762359268
914.590611441
918.501195118
919.647751339
919.647751339
919.647751339
925.021523467
918.908871386
896.229367779
896.229367779
899.769665774
890.494001935
886.444113485
886.444113485
870.312092581
864.915193841
858.59309926
859.762034336
850.317202843
850.317202843
850.317202843
850.317202843
850.317202843
850.317202843
842.13342846
842.13342846
842.13342846
828.288360853
828.288360853
829.209489818
829.209489818
819.653307626
804.467853231
804.467853231
804.467853231
804.467853231
797.736375104
797.736375104
797.736375104
793.111413983
781.49276495
781.49276495
781.49276495
776.201353885
776.201353885
776.201353885
776.201353885
776.201353885
776.201353885
776.201353885
776.201353885
766.657354392
766.657354392
745.691472565
745.691472565
745.691472565
745.691472565
741.369060285
741.369060285
741.369060285
741.369060285
741.369060285
741.369060285
741.903066254
741.903066254
741.903066254
735.073959917
730.30746995
730.30746995
730.30746995
726.743513404
726.743513404
715.193125189
715.193125189
715.193125189
715.193125189
712.3154493
696.92226732
696.92226732
696.92226732
696.92226732
696.92226732
694.23774209
694.23774209
694.23774209
694.23774209
694.23774209
694.23774209
694.23774209
694.23774209
694.23774209
694.23774209
694.23774209
694.23774209
682.287427325
682.287427325
682.287427325
682.287427325
682.287427325
682.287427325
682.287427325
682.287427325
682.287427325
682.287427325
682.287427325
672.061790726
672.061790726
672.061790726
672.061790726
672.061790726
672.061790726
672.061790726
672.061790726
672.061790726
672.061790726
672.061790726
672.061790726
672.061790726
671.006107637
671.006107637
671.006107637
671.006107637
671.006107637
671.006107637
669.065344079
669.065344079
669.065344079
666.792277056
666.792277056
666.792277056
666.792277056
666.792277056
666.792277056
666.792277056
666.792277056
666.792277056
658.427298413
658.427298413
658.427298413
658.427298413
658.427298413
658.427298413
658.427298413
658.427298413
657.867682515
657.867682515
657.867682515
657.867682515
657.867682515
657.867682515
657.867682515
657.867682515
657.867682515
657.867682515
657.867682515
657.867682515
657.867682515
657.867682515
657.867682515
657.867682515
657.867682515
657.867682515
657.867682515
657.867682515
657.867682515
657.867682515
656.659859151
656.659859151
641.746713723
641.746713723
641.746713723
641.746713723
636.192256651
636.192256651
636.192256651
636.192256651
636.192256651
636.192256651
636.192256651
636.192256651
636.192256651
636.192256651
636.192256651
636.192256651
636.192256651
636.192256651
636.192256651
636.192256651
636.192256651
627.116829839
627.116829839
627.116829839
627.116829839
627.116829839
627.116829839
627.116829839
619.313246291
615.118233684
615.118233684
615.118233684
614.487529025
614.487529025
614.459126593
614.459126593
614.459126593
612.073493937
612.073493937
612.073493937
612.073493937
612.073493937
612.073493937
612.073493937
612.073493937
612.073493937
612.073493937
612.073493937
612.073493937
602.229993236
602.229993236
602.229993236
602.229993236
602.229993236
602.229993236
602.229993236
602.229993236
602.229993236
602.229993236
602.229993236
602.229993236
602.229993236
602.229993236
602.229993236
601.012757943
601.012757943
601.012757943
601.012757943
601.012757943
601.012757943
601.012757943
601.012757943
601.012757943
601.012757943
601.012757943
601.012757943
601.012757943
601.012757943
601.012757943
601.012757943
601.012757943
601.012757943
601.012757943
601.012757943
601.012757943
601.012757943
601.012757943
601.012757943
601.012757943
601.012757943
601.012757943
587.079155681
587.079155681
587.079155681
587.079155681
587.079155681
587.079155681
587.079155681
587.079155681
587.079155681
587.079155681
587.079155681
587.079155681
587.079155681
587.079155681
587.079155681
587.079155681
587.079155681
587.079155681
587.079155681
587.079155681
581.685101476
581.685101476
581.685101476
577.484680101
577.484680101
577.484680101
577.484680101
577.484680101
577.484680101
577.484680101
577.484680101
577.484680101
577.484680101
577.484680101
577.484680101
577.484680101
577.484680101
577.484680101
577.484680101
577.484680101
577.484680101
577.484680101
577.484680101
577.484680101
577.484680101
577.484680101
577.484680101
577.484680101
577.484680101
577.484680101
577.484680101
577.484680101
577.484680101
577.484680101
577.484680101
577.484680101
577.484680101
577.484680101
577.484680101
577.484680101
577.484680101
577.484680101
577.484680101
577.484680101
577.484680101
577.484680101
577.484680101
577.484680101
577.484680101
577.484680101
577.484680101
577.484680101
577.484680101
577.484680101
577.484680101
577.484680101
577.484680101
577.484680101
577.484680101
577.484680101
577.484680101
577.484680101
577.484680101
577.484680101
577.484680101
577.484680101
577.484680101
575.183925905
575.183925905
575.183925905
575.183925905
575.183925905
572.535296697
566.548403999
566.548403999
566.548403999
566.548403999
566.548403999
566.548403999
566.548403999
566.548403999
566.548403999
566.548403999
566.548403999
566.548403999
566.548403999
566.548403999
566.548403999
566.548403999
566.548403999
566.548403999
566.548403999
566.548403999
566.548403999
566.548403999
566.548403999
566.548403999
566.548403999
566.548403999
566.548403999
566.548403999
566.548403999
566.548403999
566.548403999
566.548403999
566.548403999
566.548403999
566.548403999
566.548403999
566.548403999
566.548403999
566.548403999
566.548403999
566.548403999
566.548403999
566.548403999
566.548403999
566.548403999
566.548403999
566.548403999
566.548403999
566.548403999
566.548403999
566.548403999
566.548403999
566.548403999
566.548403999
566.548403999
566.548403999
566.548403999
566.548403999
566.548403999
566.548403999
566.548403999
566.548403999
566.548403999
566.548403999
566.548403999
566.548403999
566.548403999
566.548403999
566.548403999
566.548403999
566.548403999
566.548403999
566.548403999
566.548403999
566.548403999
566.548403999
566.548403999
566.548403999
566.548403999
566.548403999
566.548403999
566.548403999
566.548403999
566.548403999
566.548403999
566.548403999
566.548403999
566.548403999
566.548403999
566.548403999
566.548403999
566.548403999
566.548403999
566.548403999
566.548403999
566.548403999
566.548403999
566.548403999
566.548403999
566.548403999
566.548403999
566.548403999
566.548403999
566.548403999
566.548403999
566.548403999
566.548403999
566.548403999
566.548403999
566.548403999
566.548403999
566.548403999
566.548403999
566.548403999
566.548403999
566.548403999
566.548403999
566.548403999
566.548403999
566.548403999
566.548403999
566.548403999
566.548403999
566.548403999
566.548403999
566.548403999
566.548403999
563.488596391
563.488596391
563.488596391
563.488596391
563.488596391
563.488596391
563.488596391
560.85695042
560.85695042
560.85695042
560.85695042
560.85695042
560.85695042
560.85695042
560.85695042
560.85695042
560.85695042
560.85695042
560.85695042
560.85695042
560.85695042
560.85695042
560.85695042
560.85695042
560.85695042
560.85695042
560.85695042
560.85695042
560.85695042
560.85695042
560.85695042
560.85695042
560.85695042
560.85695042
560.85695042
560.85695042
560.85695042
560.85695042
560.85695042
560.85695042
556.436734471
556.436734471
556.436734471
556.436734471
556.436734471
556.436734471
556.436734471
556.436734471
556.436734471
556.436734471
556.436734471
556.436734471
556.436734471
556.436734471
556.436734471
556.436734471
556.436734471
556.436734471
556.436734471
556.436734471
556.436734471
556.436734471
556.436734471
556.436734471
556.436734471
556.436734471
556.436734471
556.436734471
556.436734471
556.436734471
556.436734471
556.436734471
556.436734471
556.436734471
556.436734471
556.436734471
556.436734471
556.436734471
556.436734471
556.436734471
556.436734471
556.436734471
556.436734471
556.436734471
556.436734471
556.436734471
556.436734471
556.436734471
556.436734471
556.436734471
556.436734471
556.436734471
556.436734471
556.436734471
556.436734471
556.436734471
556.436734471
556.436734471
556.436734471
556.436734471
556.436734471
556.436734471
556.436734471
556.436734471
556.436734471
556.436734471
556.436734471
556.436734471
556.436734471
556.436734471
556.436734471
556.436734471
556.436734471
556.436734471
556.436734471
556.436734471
556.436734471
556.436734471
556.436734471
556.436734471
556.436734471
556.436734471
556.436734471
556.436734471
556.436734471
556.436734471
556.436734471
556.436734471
556.436734471
556.436734471
556.436734471
556.436734471
556.436734471
556.436734471
556.436734471
556.436734471
556.436734471
556.436734471
556.436734471
556.436734471
556.436734471
556.436734471
556.436734471
556.436734471
556.436734471
556.436734471
556.436734471
556.436734471
556.436734471
556.436734471
556.436734471
556.436734471
556.436734471
556.436734471
556.436734471
556.436734471
556.436734471
556.436734471
556.436734471
556.436734471
556.436734471
556.436734471
556.436734471
556.436734471
556.436734471
556.436734471
556.436734471
556.436734471
556.436734471
556.436734471
556.436734471
556.436734471
556.436734471
556.436734471
556.436734471
556.436734471
556.436734471
556.436734471
556.436734471
556.436734471
556.436734471
556.436734471
556.436734471
556.436734471
556.436734471
556.436734471
556.436734471
556.436734471
556.436734471
556.436734471
556.436734471
556.436734471
556.436734471
556.436734471
556.436734471
556.436734471
556.436734471
556.436734471
556.436734471
556.436734471
556.436734471
556.436734471
556.436734471
556.436734471
556.436734471
556.436734471
556.436734471
556.436734471
556.436734471
556.436734471
556.436734471
556.436734471
556.436734471
556.436734471
556.436734471
556.436734471
556.436734471
556.436734471
556.436734471
556.436734471
556.436734471
556.436734471
556.436734471
556.436734471
556.436734471
556.436734471
556.436734471
556.436734471
556.436734471
556.436734471
556.436734471
556.436734471
556.436734471
556.436734471
556.436734471
556.436734471
556.436734471
556.436734471
556.436734471
556.436734471
556.436734471
553.345760198
553.345760198
553.345760198
553.345760198
553.345760198
553.345760198
553.345760198
553.345760198
553.345760198
553.345760198
553.345760198
553.345760198
553.345760198
553.345760198
553.345760198
553.345760198
553.345760198
553.345760198
553.345760198
553.345760198
553.345760198
553.345760198
553.345760198
553.345760198
553.345760198
553.345760198
553.345760198
553.345760198
553.345760198
553.345760198
553.345760198
553.345760198
553.345760198
553.345760198
553.345760198
553.345760198
553.345760198
553.345760198
553.345760198
553.345760198
553.345760198
553.345760198
553.345760198
553.345760198
553.345760198
553.345760198
553.345760198
553.345760198
553.345760198
553.345760198
553.345760198
553.345760198
553.345760198
553.345760198
553.345760198
553.345760198
553.345760198
553.345760198
553.345760198
553.345760198
553.345760198
553.345760198
553.345760198
553.345760198
553.345760198
553.345760198
553.345760198
553.345760198
553.345760198
553.345760198
553.345760198
553.345760198
553.345760198
553.345760198
553.345760198
553.345760198
553.345760198
553.345760198
553.345760198
553.345760198
553.345760198
553.345760198
553.345760198
553.345760198
553.345760198
553.345760198
553.345760198
553.345760198
553.345760198
553.345760198
553.345760198
553.345760198
553.345760198
553.345760198
553.345760198
553.345760198
553.345760198
553.345760198
553.345760198
553.345760198
553.345760198
553.345760198
553.345760198
553.345760198
553.345760198
553.345760198
553.345760198
553.345760198
553.345760198
553.345760198
553.345760198
553.345760198
553.345760198
553.345760198
553.345760198
553.345760198
553.345760198
553.345760198
553.345760198
553.345760198
553.345760198
553.345760198
553.345760198
553.345760198
553.345760198
553.345760198
553.345760198
553.345760198
553.345760198
553.345760198
553.345760198
553.345760198
553.345760198
553.345760198
553.345760198
553.345760198
553.345760198
553.345760198
553.345760198
553.345760198
553.345760198
553.345760198
553.345760198
553.345760198
553.345760198
553.345760198
553.345760198
553.345760198
553.345760198
553.345760198
553.345760198
553.345760198
553.345760198
553.345760198
553.345760198
553.345760198
553.345760198
553.345760198
553.345760198
553.345760198
553.345760198
553.345760198
553.345760198
553.345760198
553.345760198
553.345760198
553.345760198
553.345760198
553.345760198
553.345760198
553.345760198
553.345760198
553.345760198
553.345760198
553.345760198
553.345760198
553.345760198
553.345760198
553.345760198
553.345760198
553.345760198
553.345760198
553.345760198
553.345760198
553.345760198
553.345760198
553.345760198
553.345760198
553.345760198
553.345760198
553.345760198
553.345760198
553.345760198
553.345760198
553.345760198
553.345760198
553.345760198
553.345760198
553.345760198
553.345760198
553.345760198
553.345760198
553.345760198
553.345760198
553.345760198
553.345760198
553.345760198
553.345760198
553.345760198
553.345760198
553.345760198
553.345760198
553.345760198
553.345760198
553.345760198
553.345760198
553.345760198
553.345760198
553.345760198
553.345760198
553.345760198
553.345760198
553.345760198
553.345760198
553.345760198
553.345760198
553.345760198
553.345760198
553.345760198
553.345760198
553.345760198
553.345760198
553.345760198
553.345760198
553.345760198
553.345760198
553.345760198
553.345760198
553.345760198
553.345760198
553.345760198
553.345760198
553.345760198
553.345760198
553.345760198
553.345760198
553.345760198
553.345760198
553.345760198
553.345760198
553.345760198
553.345760198
553.345760198
553.345760198
553.345760198
553.345760198
553.345760198
553.345760198
553.345760198
553.345760198
553.345760198
553.345760198
553.345760198
553.345760198
553.345760198
553.345760198
553.345760198
553.345760198
553.345760198
553.345760198
553.345760198
553.345760198
553.345760198
553.345760198
553.345760198
553.345760198
553.345760198
553.345760198
553.345760198
553.345760198
553.345760198
553.345760198
553.345760198
553.345760198
553.345760198
553.345760198
553.345760198
553.345760198
553.345760198
553.345760198
553.345760198
553.345760198
553.345760198
553.345760198
553.345760198
553.345760198
553.345760198
553.345760198
553.345760198
553.345760198
553.345760198
553.345760198
553.345760198
553.345760198
553.345760198
553.345760198
553.345760198
553.345760198
553.345760198
553.345760198
553.345760198
553.345760198
553.345760198
553.345760198
553.345760198
553.345760198
553.345760198
553.345760198
553.345760198
553.345760198
553.345760198
553.345760198
553.345760198
553.345760198
553.345760198
553.345760198
553.345760198
553.345760198
553.345760198
553.345760198
553.345760198
553.345760198
553.345760198
553.345760198
553.345760198
553.345760198
553.345760198
553.345760198
553.345760198
553.345760198
553.345760198
553.345760198
553.345760198
553.345760198
553.345760198
553.345760198
553.345760198
553.345760198
553.345760198
553.345760198
553.345760198
553.345760198
553.345760198
553.345760198
553.345760198
553.345760198
553.345760198
553.345760198
553.345760198
553.345760198
553.345760198
553.345760198
553.345760198
553.345760198
553.345760198
553.345760198
553.345760198
553.345760198
553.345760198
553.345760198
553.345760198
553.345760198
553.345760198
553.345760198
553.345760198
553.345760198
553.345760198
553.345760198
553.345760198
553.345760198
553.345760198
553.345760198
553.345760198
553.345760198
553.345760198
553.345760198
553.345760198
553.345760198
553.345760198
553.345760198
553.345760198
553.345760198
553.345760198
553.345760198
553.345760198
553.345760198
553.345760198
553.345760198
553.345760198
553.345760198
553.345760198
553.345760198
553.345760198
553.345760198
553.345760198
553.345760198
553.345760198
553.345760198
553.345760198
553.345760198
553.345760198
553.345760198
553.345760198
553.345760198
553.345760198
553.345760198
553.345760198
553.345760198
553.345760198
553.345760198
553.345760198
553.345760198
553.345760198
553.345760198
553.345760198
553.345760198
553.345760198
553.345760198
553.345760198
553.345760198
553.345760198
553.345760198
553.345760198
553.345760198
553.345760198
553.345760198
553.345760198
553.345760198
553.345760198
553.345760198
553.345760198
553.345760198
553.345760198
553.345760198
553.345760198
553.345760198
553.345760198
553.345760198
553.345760198
553.345760198
553.345760198
553.345760198
553.345760198
553.345760198
553.345760198
553.345760198
553.345760198
553.345760198
553.345760198
553.345760198
553.345760198
553.345760198
553.345760198
553.345760198
553.345760198
553.345760198
553.345760198
553.345760198
553.345760198
553.345760198
553.345760198
553.345760198
553.345760198
553.345760198
553.345760198
553.345760198
553.345760198
553.345760198
553.345760198
553.345760198
553.345760198
553.345760198
553.345760198
553.345760198
553.345760198
553.345760198
553.345760198
553.345760198
553.345760198
553.345760198
553.345760198
553.345760198
553.345760198
553.345760198
553.345760198
553.345760198
553.345760198
553.345760198
553.345760198
553.345760198
553.345760198
553.345760198
553.345760198
553.345760198
553.345760198
553.345760198
553.345760198
553.345760198
553.345760198
553.345760198
553.345760198
553.345760198
553.345760198
553.345760198
553.345760198
553.345760198
553.345760198
553.345760198
553.345760198
553.345760198
553.345760198
553.345760198
553.345760198
553.345760198
553.345760198
553.345760198
553.345760198
553.345760198
553.345760198
553.345760198
553.345760198
553.345760198
553.345760198
553.345760198
553.345760198
553.345760198
553.345760198
553.345760198
553.345760198
553.345760198
553.345760198
553.345760198
553.345760198
553.345760198
553.345760198
553.345760198
553.345760198
553.345760198
553.345760198
553.345760198
553.345760198
553.345760198
553.345760198
553.345760198
553.345760198
553.345760198
553.345760198
553.345760198
553.345760198
553.345760198
553.345760198
553.345760198
553.345760198
553.345760198
553.345760198
553.345760198
553.345760198
553.345760198
553.345760198
553.345760198
553.345760198
553.345760198
553.345760198
553.345760198
553.345760198
553.345760198
553.345760198
553.345760198
553.345760198
553.345760198
553.345760198
553.345760198
553.345760198
553.345760198
553.345760198
553.345760198
553.345760198
553.345760198
553.345760198
553.345760198
553.345760198
553.345760198
553.345760198
553.345760198
553.345760198
553.345760198
553.345760198
553.345760198
553.345760198
553.345760198
553.345760198
553.345760198
553.345760198
553.345760198
553.345760198
553.345760198
553.345760198
553.345760198
553.345760198
553.345760198
553.345760198
553.345760198
553.345760198
553.345760198
553.345760198
553.345760198
553.345760198
553.345760198
553.345760198
553.345760198
553.345760198
553.345760198
553.345760198
553.345760198
553.345760198
553.345760198
553.345760198
553.345760198
553.345760198
553.345760198
553.345760198
553.345760198
553.345760198
553.345760198
553.345760198
553.345760198
553.345760198
553.345760198
553.345760198
553.345760198
553.345760198
553.345760198
553.345760198
553.345760198
553.345760198
553.345760198
553.345760198
553.345760198
553.345760198
553.345760198
553.345760198
553.345760198
553.345760198
553.345760198
553.345760198
553.345760198
553.345760198
553.345760198
553.345760198
553.345760198
553.345760198
553.345760198
553.345760198
553.345760198
553.345760198
553.345760198
553.345760198
553.345760198
553.345760198
553.345760198
553.345760198
553.345760198
553.345760198
553.345760198
553.345760198
553.345760198
553.345760198
553.345760198
553.345760198
553.345760198
553.345760198
553.345760198
553.345760198
553.345760198
553.345760198
553.345760198
553.345760198
553.345760198
553.345760198
553.345760198
553.345760198
553.345760198
553.345760198
553.345760198
553.345760198
553.345760198
553.345760198
553.345760198
553.345760198
553.345760198
553.345760198
553.345760198
553.345760198
553.345760198
553.345760198
553.345760198
553.345760198
553.345760198
553.345760198
553.345760198
553.345760198
553.345760198
553.345760198
553.345760198
553.345760198
553.345760198
553.345760198
553.345760198
553.345760198
553.345760198
553.345760198
553.345760198
553.345760198
553.345760198
553.345760198
553.345760198
553.345760198
553.345760198
553.345760198
553.345760198
553.345760198
553.345760198
553.345760198
553.345760198
553.345760198
553.345760198
553.345760198
553.345760198
553.345760198
553.345760198
553.345760198
553.345760198
553.345760198
553.345760198
553.345760198
553.345760198
553.345760198
553.345760198
553.345760198
553.345760198
553.345760198
553.345760198
553.345760198
553.345760198
553.345760198
553.345760198
553.345760198
553.345760198
553.345760198
553.345760198
553.345760198
553.345760198
553.345760198
553.345760198
553.345760198
553.345760198
553.345760198
553.345760198
553.345760198
553.345760198
553.345760198
553.345760198
553.345760198
553.345760198
553.345760198
553.345760198
553.345760198
553.345760198
553.345760198
553.345760198
553.345760198
553.345760198
553.345760198
553.345760198
553.345760198
553.345760198
553.345760198
553.345760198
553.345760198
553.345760198
553.345760198
553.345760198
553.345760198
553.345760198
553.345760198
553.345760198
553.345760198
553.345760198
553.345760198
553.345760198
553.345760198
553.345760198
553.345760198
553.345760198
553.345760198
553.345760198
553.345760198
553.345760198
553.345760198
553.345760198
553.345760198
553.345760198
553.345760198
553.345760198
553.345760198
553.345760198
553.345760198
553.345760198
553.345760198
553.345760198
553.345760198
553.345760198
553.345760198
553.345760198
553.345760198
553.345760198
553.345760198
553.345760198
553.345760198
553.345760198
553.345760198
553.345760198
553.345760198
553.345760198
553.345760198
553.345760198
553.345760198
553.345760198
553.345760198
553.345760198
553.345760198
553.345760198
553.345760198
553.345760198
553.345760198
553.345760198
553.345760198
553.345760198
553.345760198
553.345760198
553.345760198
553.345760198
553.345760198
553.345760198
553.345760198
553.345760198
553.345760198
553.345760198
553.345760198
553.345760198
553.345760198
553.345760198
553.345760198
553.345760198
553.345760198
553.345760198
553.345760198
553.345760198
553.345760198
553.345760198
553.345760198
553.345760198
553.345760198
553.345760198
553.345760198
553.345760198
553.345760198
553.345760198
553.345760198
553.345760198
553.345760198
553.345760198
553.345760198
553.345760198
553.345760198
553.345760198
553.345760198
553.345760198
553.345760198
553.345760198
553.345760198
553.345760198
553.345760198
553.345760198
553.345760198
553.345760198
553.345760198
553.345760198
553.345760198
553.345760198
553.345760198
553.345760198
553.345760198
553.345760198
553.345760198
553.345760198
553.345760198
553.345760198
553.345760198
553.345760198
553.345760198
553.345760198
553.345760198
553.345760198
553.345760198
553.345760198
553.345760198
553.345760198
553.345760198
553.345760198
553.345760198
553.345760198
553.345760198
553.345760198
553.345760198
553.345760198
553.345760198
553.345760198
553.345760198
553.345760198
553.345760198
553.345760198
553.345760198
553.345760198
553.345760198
553.345760198
553.345760198
553.345760198
553.345760198
553.345760198
553.345760198
553.345760198
553.345760198
553.345760198
553.345760198
553.345760198
553.345760198
553.345760198
553.345760198
553.345760198
553.345760198
553.345760198
553.345760198
553.345760198
553.345760198
553.345760198
553.345760198
553.345760198
553.345760198
553.345760198
553.345760198
553.345760198
553.345760198
553.345760198
553.345760198
553.345760198
553.345760198
553.345760198
553.345760198
553.345760198
553.345760198
553.345760198
553.345760198
553.345760198
553.345760198
553.345760198
553.345760198
553.345760198
553.345760198
553.345760198
553.345760198
553.345760198
553.345760198
553.345760198
553.345760198
553.345760198
553.345760198
553.345760198
553.345760198
553.345760198
553.345760198
553.345760198
553.345760198
553.345760198
553.345760198
553.345760198
553.345760198
553.345760198
553.345760198
553.345760198
553.345760198
553.345760198
553.345760198
553.345760198
553.345760198
553.345760198
553.345760198
553.345760198
553.345760198
553.345760198
553.345760198
553.345760198
553.345760198
553.345760198
553.345760198
553.345760198
553.345760198
553.345760198
553.345760198
553.345760198
553.345760198
553.345760198
553.345760198
553.345760198
553.345760198
553.345760198
553.345760198
553.345760198
553.345760198
553.345760198
553.345760198
553.345760198
553.345760198
553.345760198
553.345760198
553.345760198
553.345760198
553.345760198
553.345760198
553.345760198
553.345760198
553.345760198
553.345760198
553.345760198
553.345760198
553.345760198
553.345760198
553.345760198
553.345760198
553.345760198
553.345760198
553.345760198
553.345760198
553.345760198
553.345760198
553.345760198
553.345760198
553.345760198
553.345760198
553.345760198
553.345760198
553.345760198
553.345760198
553.345760198
553.345760198
553.345760198
553.345760198
553.345760198
553.345760198
553.345760198
553.345760198
553.345760198
553.345760198
553.345760198
553.345760198
553.345760198
553.345760198
553.345760198
553.345760198
553.345760198
553.345760198
553.345760198
553.345760198
553.345760198
553.345760198
553.345760198
553.345760198
553.345760198
553.345760198
553.345760198
553.345760198
553.345760198
553.345760198
553.345760198
553.345760198
553.345760198
553.345760198
553.345760198
553.345760198
553.345760198
553.345760198
553.345760198
553.345760198
553.345760198
553.345760198
553.345760198
553.345760198
553.345760198
553.345760198
553.345760198
553.345760198
553.345760198
553.345760198
553.345760198
553.345760198
553.345760198
553.345760198
553.345760198
553.345760198
553.345760198
553.345760198
553.345760198
553.345760198
553.345760198
553.345760198
553.345760198
553.345760198
553.345760198
553.345760198
553.345760198
553.345760198
553.345760198
553.345760198
553.345760198
553.345760198
553.345760198
553.345760198
553.345760198
553.345760198
553.345760198
553.345760198
553.345760198
553.345760198
553.345760198
553.345760198
553.345760198
553.345760198
553.345760198
553.345760198
553.345760198
553.345760198
553.345760198
553.345760198
553.345760198
553.345760198
553.345760198
553.345760198
553.345760198
553.345760198
553.345760198
553.345760198
553.345760198
553.345760198
553.345760198
553.345760198
553.345760198
553.345760198
553.345760198
553.345760198
553.345760198
553.345760198
553.345760198
553.345760198
553.345760198
553.345760198
553.345760198
553.345760198
553.345760198
553.345760198
553.345760198
553.345760198
553.345760198
553.345760198
553.345760198
553.345760198
553.345760198
553.345760198
553.345760198
553.345760198
553.345760198
553.345760198
553.345760198
553.345760198
553.345760198
553.345760198
553.345760198
553.345760198
553.345760198
553.345760198
553.345760198
553.345760198
553.345760198
553.345760198
553.345760198
553.345760198
553.345760198
553.345760198
553.345760198
553.345760198
553.345760198
553.345760198
553.345760198
553.345760198
553.345760198
553.345760198
553.345760198
553.345760198
553.345760198
553.345760198
553.345760198
553.345760198
553.345760198
553.345760198
553.345760198
553.345760198
553.345760198
553.345760198
553.345760198
553.345760198
553.345760198
553.345760198
553.345760198
553.345760198
553.345760198
553.345760198
553.345760198
553.345760198
553.345760198
553.345760198
553.345760198
553.345760198
553.345760198
553.345760198
553.345760198
553.345760198
553.345760198
553.345760198
553.345760198
553.345760198
553.345760198
553.345760198
553.345760198
553.345760198
553.345760198
553.345760198
553.345760198
553.345760198
553.345760198
553.345760198
553.345760198
553.345760198
553.345760198
553.345760198
553.345760198
553.345760198
553.345760198
553.345760198
553.345760198
553.345760198
553.345760198
553.345760198
553.345760198
553.345760198
553.345760198
553.345760198
553.345760198
553.345760198
553.345760198
553.345760198
553.345760198
553.345760198
553.345760198
553.345760198
553.345760198
553.345760198
553.345760198
553.345760198
553.345760198
553.345760198
553.345760198
553.345760198
553.345760198
553.345760198
553.345760198
553.345760198
553.345760198
553.345760198
553.345760198
553.345760198
553.345760198
553.345760198
553.345760198
553.345760198
553.345760198
553.345760198
553.345760198
553.345760198
553.345760198
553.345760198
553.345760198
553.345760198
553.345760198
553.345760198
553.345760198
553.345760198
553.345760198
553.345760198
553.345760198
553.345760198
553.345760198
553.345760198
553.345760198
553.345760198
553.345760198
553.345760198
553.345760198
553.345760198
553.345760198
553.345760198
553.345760198
553.345760198
553.345760198
553.345760198
553.345760198
553.345760198
553.345760198
553.345760198
553.345760198
553.345760198
553.345760198
553.345760198
553.345760198
553.345760198
553.345760198
553.345760198
553.345760198
553.345760198
553.345760198
553.345760198
553.345760198
553.345760198
553.345760198
553.345760198
553.345760198
553.345760198
553.345760198
553.345760198
553.345760198
553.345760198
553.345760198
553.345760198
553.345760198
553.345760198
553.345760198
553.345760198
553.345760198
553.345760198
553.345760198
553.345760198
553.345760198
553.345760198
553.345760198
553.345760198
553.345760198
553.345760198
553.345760198
553.345760198
553.345760198
553.345760198
553.345760198
553.345760198
553.345760198
553.345760198
553.345760198
553.345760198
553.345760198
553.345760198
553.345760198
553.345760198
553.345760198
553.345760198
553.345760198
553.345760198
553.345760198
553.345760198
553.345760198
553.345760198
553.345760198
553.345760198
553.345760198
553.345760198
553.345760198
553.345760198
553.345760198
553.345760198
553.345760198
553.345760198
553.345760198
553.345760198
553.345760198
553.345760198
553.345760198
553.345760198
553.345760198
553.345760198
553.345760198
553.345760198
553.345760198
553.345760198
553.345760198
553.345760198
553.345760198
553.345760198
553.345760198
553.345760198
553.345760198
553.345760198
553.345760198
553.345760198
553.345760198
553.345760198
553.345760198
553.345760198
553.345760198
553.345760198
553.345760198
553.345760198
553.345760198
553.345760198
553.345760198
553.345760198
553.345760198
553.345760198
553.345760198
553.345760198
553.345760198
553.345760198
553.345760198
553.345760198
553.345760198
553.345760198
553.345760198
553.345760198
553.345760198
553.345760198
553.345760198
553.345760198
553.345760198
553.345760198
553.345760198
553.345760198
553.345760198
553.345760198
553.345760198
553.345760198
553.345760198
553.345760198
553.345760198
553.345760198
553.345760198
553.345760198
553.345760198
553.345760198
553.345760198
553.345760198
553.345760198
553.345760198
553.345760198
553.345760198
553.345760198
553.345760198
553.345760198
553.345760198
553.345760198
553.345760198
553.345760198
553.345760198
553.345760198
553.345760198
553.345760198
553.345760198
553.345760198
553.345760198
553.345760198
553.345760198
553.345760198
553.345760198
553.345760198
553.345760198
553.345760198
553.345760198
553.345760198
553.345760198
553.345760198
553.345760198
553.345760198
553.345760198
553.345760198
553.345760198
553.345760198
553.345760198
553.345760198
553.345760198
553.345760198
553.345760198
553.345760198
553.345760198
553.345760198
553.345760198
553.345760198
553.345760198
553.345760198
553.345760198
553.345760198
553.345760198
553.345760198
553.345760198
553.345760198
553.345760198
553.345760198
553.345760198
553.345760198
553.345760198
553.345760198
553.345760198
553.345760198
553.345760198
553.345760198
553.345760198
553.345760198
553.345760198
553.345760198
553.345760198
553.345760198
553.345760198
553.345760198
553.345760198
553.345760198
553.345760198
553.345760198
553.345760198
553.345760198
553.345760198
553.345760198
553.345760198
553.345760198
553.345760198
553.345760198
553.345760198
553.345760198
553.345760198
553.345760198
553.345760198
553.345760198
553.345760198
553.345760198
553.345760198
553.345760198
553.345760198
553.345760198
553.345760198
553.345760198
553.345760198
553.345760198
553.345760198
553.345760198
553.345760198
553.345760198
553.345760198
553.345760198
553.345760198
553.345760198
553.345760198
553.345760198
553.345760198
553.345760198
553.345760198
553.345760198
553.345760198
553.345760198
553.345760198
553.345760198
553.345760198
553.345760198
553.345760198
553.345760198
553.345760198
553.345760198
553.345760198
553.345760198
553.345760198
553.345760198
553.345760198
553.345760198
553.345760198
553.345760198
553.345760198
553.345760198
553.345760198
553.345760198
553.345760198
553.345760198
553.345760198
553.345760198
553.345760198
553.345760198
553.345760198
553.345760198
553.345760198
553.345760198
553.345760198
553.345760198
553.345760198
553.345760198
553.345760198
553.345760198
553.345760198
553.345760198
553.345760198
553.345760198
553.345760198
553.345760198
553.345760198
553.345760198
553.345760198
553.345760198
553.345760198
553.345760198
553.345760198
553.345760198
553.345760198
553.345760198
553.345760198
553.345760198
553.345760198
553.345760198
553.345760198
553.345760198
553.345760198
553.345760198
553.345760198
553.345760198
553.345760198
553.345760198
553.345760198
553.345760198
553.345760198
553.345760198
553.345760198
553.345760198
553.345760198
553.345760198
553.345760198
553.345760198
553.345760198
553.345760198
553.345760198
553.345760198
553.345760198
553.345760198
553.345760198
553.345760198
553.345760198
553.345760198
553.345760198
553.345760198
553.345760198
553.345760198
553.345760198
553.345760198
553.345760198
553.345760198
553.345760198
553.345760198
553.345760198
553.345760198
553.345760198
553.345760198
553.345760198
553.345760198
553.345760198
553.345760198
553.345760198
553.345760198
553.345760198
553.345760198
553.345760198
553.345760198
553.345760198
553.345760198
553.345760198
553.345760198
553.345760198
553.345760198
553.345760198
553.345760198
553.345760198
553.345760198
553.345760198
553.345760198
553.345760198
553.345760198
553.345760198
553.345760198
553.345760198
553.345760198
553.345760198
553.345760198
553.345760198
553.345760198
553.345760198
553.345760198
553.345760198
553.345760198
553.345760198
553.345760198
553.345760198
553.345760198
553.345760198
553.345760198
553.345760198
553.345760198
553.345760198
553.345760198
553.345760198
553.345760198
553.345760198
553.345760198
553.345760198
553.345760198
553.345760198
553.345760198
553.345760198
553.345760198
553.345760198
553.345760198
553.345760198
553.345760198
553.345760198
553.345760198
553.345760198
553.345760198
553.345760198
553.345760198
553.345760198
553.345760198
553.345760198
553.345760198
553.345760198
553.345760198
553.345760198
553.345760198
553.345760198
553.345760198
553.345760198
553.345760198
553.345760198
553.345760198
553.345760198
553.345760198
553.345760198
553.345760198
553.345760198
553.345760198
553.345760198
553.345760198
553.345760198
553.345760198
553.345760198
553.345760198
553.345760198
553.345760198
553.345760198
553.345760198
553.345760198
553.345760198
553.345760198
553.345760198
553.345760198
553.345760198
553.345760198
553.345760198
553.345760198
553.345760198
553.345760198
553.345760198
553.345760198
553.345760198
553.345760198
553.345760198
553.345760198
553.345760198
553.345760198
553.345760198
553.345760198
553.345760198
553.345760198
553.345760198
553.345760198
553.345760198
553.345760198
553.345760198
553.345760198
553.345760198
553.345760198
553.345760198
553.345760198
553.345760198
553.345760198
553.345760198
553.345760198
553.345760198
553.345760198
553.345760198
553.345760198
553.345760198
553.345760198
553.345760198
553.345760198
553.345760198
553.345760198
553.345760198
553.345760198
553.345760198
553.345760198
553.345760198
553.345760198
553.345760198
553.345760198
553.345760198
553.345760198
553.345760198
553.345760198
553.345760198
553.345760198
553.345760198
553.345760198
553.345760198
553.345760198
553.345760198
553.345760198
553.345760198
553.345760198
553.345760198
553.345760198
553.345760198
553.345760198
553.345760198
553.345760198
553.345760198
553.345760198
553.345760198
553.345760198
553.345760198
553.345760198
553.345760198
553.345760198
553.345760198
553.345760198
553.345760198
553.345760198
553.345760198
553.345760198
553.345760198
553.345760198
553.345760198
553.345760198
553.345760198
553.345760198
553.345760198
553.345760198
553.345760198
553.345760198
553.345760198
553.345760198
553.345760198
553.345760198
553.345760198
553.345760198
553.345760198
553.345760198
553.345760198
553.345760198
553.345760198
553.345760198
553.345760198
553.345760198
553.345760198
553.345760198
553.345760198
553.345760198
553.345760198
553.345760198
553.345760198
553.345760198
553.345760198
553.345760198
553.345760198
553.345760198
553.345760198
553.345760198
553.345760198
553.345760198
553.345760198
553.345760198
553.345760198
553.345760198
553.345760198
553.345760198
553.345760198
553.345760198
553.345760198
553.345760198
553.345760198
553.345760198
553.345760198
553.345760198
553.345760198
553.345760198
553.345760198
553.345760198
553.345760198
553.345760198
553.345760198
553.345760198
553.345760198
553.345760198
553.345760198
553.345760198
553.345760198
553.345760198
553.345760198
553.345760198
553.345760198
553.345760198
553.345760198
553.345760198
553.345760198
553.345760198
553.345760198
553.345760198
553.345760198
553.345760198
553.345760198
553.345760198
553.345760198
553.345760198
553.345760198
553.345760198
553.345760198
553.345760198
553.345760198
553.345760198
553.345760198
553.345760198
553.345760198
553.345760198
553.345760198
553.345760198
553.345760198
553.345760198
553.345760198
553.345760198
553.345760198
553.345760198
553.345760198
553.345760198
553.345760198
553.345760198
553.345760198
553.345760198
553.345760198
553.345760198
553.345760198
553.345760198
553.345760198
553.345760198
553.345760198
553.345760198
553.345760198
553.345760198
553.345760198
553.345760198
553.345760198
553.345760198
553.345760198
553.345760198
553.345760198
553.345760198
553.345760198
553.345760198
553.345760198
553.345760198
553.345760198
553.345760198
553.345760198
553.345760198
553.345760198
553.345760198
553.345760198
553.345760198
553.345760198
553.345760198
553.345760198
553.345760198
553.345760198
553.345760198
553.345760198
553.345760198
553.345760198
553.345760198
553.345760198
553.345760198
553.345760198
553.345760198
553.345760198
553.345760198
553.345760198
553.345760198
553.345760198
553.345760198
553.345760198
553.345760198
553.345760198
553.345760198
553.345760198
553.345760198
553.345760198
553.345760198
553.345760198
553.345760198
553.345760198
553.345760198
553.345760198
553.345760198
553.345760198
553.345760198
553.345760198
553.345760198
553.345760198
553.345760198
553.345760198
553.345760198
553.345760198
553.345760198
553.345760198
553.345760198
553.345760198
553.345760198
553.345760198
553.345760198
553.345760198
553.345760198
553.345760198
553.345760198
553.345760198
553.345760198
553.345760198
553.345760198
553.345760198
553.345760198
553.345760198
553.345760198
553.345760198
553.345760198
553.345760198
553.345760198
553.345760198
553.345760198
553.345760198
553.345760198
553.345760198
553.345760198
553.345760198
553.345760198
553.345760198
553.345760198
553.345760198
553.345760198
553.345760198
553.345760198
553.345760198
553.345760198
553.345760198
553.345760198
553.345760198
553.345760198
553.345760198
553.345760198
553.345760198
553.345760198
553.345760198
553.345760198
553.345760198
553.345760198
553.345760198
553.345760198
553.345760198
553.345760198
553.345760198
553.345760198
553.345760198
553.345760198
553.345760198
553.345760198
553.345760198
553.345760198
553.345760198
553.345760198
553.345760198
553.345760198
553.345760198
553.345760198
553.345760198
553.345760198
553.345760198
553.345760198
553.345760198
553.345760198
553.345760198
553.345760198
553.345760198
553.345760198
553.345760198
553.345760198
553.345760198
553.345760198
553.345760198
553.345760198
553.345760198
553.345760198
553.345760198
553.345760198
553.345760198
553.345760198
553.345760198
553.345760198
553.345760198
553.345760198
553.345760198
553.345760198
553.345760198
553.345760198
553.345760198
553.345760198
553.345760198
553.345760198
553.345760198
553.345760198
553.345760198
553.345760198
553.345760198
553.345760198
553.345760198
553.345760198
553.345760198
553.345760198
553.345760198
553.345760198
553.345760198
553.345760198
553.345760198
553.345760198
553.345760198
553.345760198
553.345760198
553.345760198
553.345760198
553.345760198
553.345760198
553.345760198
553.345760198
553.345760198
553.345760198
553.345760198
553.345760198
553.345760198
553.345760198
553.345760198
553.345760198
553.345760198
553.345760198
553.345760198
553.345760198
553.345760198
553.345760198
553.345760198
553.345760198
553.345760198
553.345760198
553.345760198
553.345760198
553.345760198
553.345760198
553.345760198
553.345760198
553.345760198
553.345760198
553.345760198
553.345760198
553.345760198
553.345760198
553.345760198
553.345760198
553.345760198
553.345760198
553.345760198
553.345760198
553.345760198
553.345760198
553.345760198
553.345760198
553.345760198
553.345760198
553.345760198
553.345760198
553.345760198
553.345760198
553.345760198
553.345760198
553.345760198
553.345760198
553.345760198
553.345760198
553.345760198
553.345760198
553.345760198
553.345760198
553.345760198
553.345760198
553.345760198
553.345760198
553.345760198
553.345760198
553.345760198
553.345760198
553.345760198
553.345760198
553.345760198
553.345760198
553.345760198
553.345760198
553.345760198
553.345760198
553.345760198
553.345760198
553.345760198
553.345760198
553.345760198
553.345760198
553.345760198
553.345760198
553.345760198
553.345760198
553.345760198
553.345760198
553.345760198
553.345760198
553.345760198
553.345760198
553.345760198
553.345760198
553.345760198
553.345760198
553.345760198
553.345760198
553.345760198
553.345760198
553.345760198
553.345760198
553.345760198
553.345760198
553.345760198
553.345760198
553.345760198
553.345760198
553.345760198
553.345760198
553.345760198
553.345760198
553.345760198
553.345760198
553.345760198
553.345760198
553.345760198
553.345760198
553.345760198
553.345760198
553.345760198
553.345760198
553.345760198
553.345760198
553.345760198
553.345760198
553.345760198
553.345760198
553.345760198
553.345760198
553.345760198
553.345760198
553.345760198
553.345760198
553.345760198
553.345760198
553.345760198
553.345760198
553.345760198
553.345760198
553.345760198
553.345760198
553.345760198
553.345760198
553.345760198
553.345760198
553.345760198
553.345760198
553.345760198
553.345760198
553.345760198
553.345760198
553.345760198
553.345760198
553.345760198
553.345760198
553.345760198
553.345760198
553.345760198
553.345760198
553.345760198
553.345760198
553.345760198
553.345760198
553.345760198
553.345760198
553.345760198
553.345760198
553.345760198
553.345760198
553.345760198
553.345760198
553.345760198
553.345760198
553.345760198
553.345760198
553.345760198
553.345760198
553.345760198
553.345760198
553.345760198
553.345760198
553.345760198
553.345760198
553.345760198
553.345760198
553.345760198
553.345760198
553.345760198
553.345760198
553.345760198
553.345760198
553.345760198
553.345760198
553.345760198
553.345760198
553.345760198
553.345760198
553.345760198
553.345760198
553.345760198
553.345760198
553.345760198
553.345760198
553.345760198
553.345760198
553.345760198
553.345760198
553.345760198
553.345760198
553.345760198
553.345760198
553.345760198
553.345760198
553.345760198
553.345760198
553.345760198
553.345760198
553.345760198
553.345760198
553.345760198
553.345760198
553.345760198
553.345760198
553.345760198
553.345760198
553.345760198
553.345760198
553.345760198
553.345760198
553.345760198
553.345760198
553.345760198
553.345760198
553.345760198
553.345760198
553.345760198
553.345760198
553.345760198
553.345760198
553.345760198
553.345760198
553.345760198
553.345760198
553.345760198
553.345760198
553.345760198
553.345760198
553.345760198
553.345760198
553.345760198
553.345760198
553.345760198
553.345760198
553.345760198
553.345760198
553.345760198
553.345760198
553.345760198
553.345760198
553.345760198
553.345760198
553.345760198
553.345760198
553.345760198
553.345760198
553.345760198
553.345760198
553.345760198
553.345760198
553.345760198
553.345760198
553.345760198
553.345760198
553.345760198
553.345760198
553.345760198
553.345760198
553.345760198
553.345760198
553.345760198
553.345760198
553.345760198
553.345760198
553.345760198
553.345760198
553.345760198
553.345760198
553.345760198
553.345760198
553.345760198
553.345760198
553.345760198
553.345760198
553.345760198
553.345760198
553.345760198
553.345760198
553.345760198
553.345760198
553.345760198
553.345760198
553.345760198
553.345760198
553.345760198
553.345760198
553.345760198
553.345760198
553.345760198
553.345760198
553.345760198
553.345760198
553.345760198
553.345760198
553.345760198
553.345760198
553.345760198
553.345760198
553.345760198
553.345760198
553.345760198
553.345760198
553.345760198
553.345760198
553.345760198
553.345760198
553.345760198
553.345760198
553.345760198
553.345760198
553.345760198
553.345760198
553.345760198
553.345760198
553.345760198
553.345760198
553.345760198
553.345760198
553.345760198
553.345760198
553.345760198
553.345760198
553.345760198
553.345760198
553.345760198
553.345760198
553.345760198
553.345760198
553.345760198
553.345760198
553.345760198
553.345760198
553.345760198
553.345760198
553.345760198
553.345760198
553.345760198
553.345760198
553.345760198
553.345760198
553.345760198
553.345760198
553.345760198
553.345760198
553.345760198
553.345760198
553.345760198
553.345760198
553.345760198
553.345760198
553.345760198
553.345760198
553.345760198
553.345760198
553.345760198
553.345760198
553.345760198
553.345760198
553.345760198
553.345760198
553.345760198
553.345760198
553.345760198
553.345760198
553.345760198
553.345760198
553.345760198
553.345760198
553.345760198
553.345760198
553.345760198
553.345760198
553.345760198
553.345760198
553.345760198
553.345760198
553.345760198
553.345760198
553.345760198
553.345760198
553.345760198
553.345760198
553.345760198
553.345760198
553.345760198
553.345760198
553.345760198
553.345760198
553.345760198
553.345760198
553.345760198
553.345760198
553.345760198
553.345760198
553.345760198
553.345760198
553.345760198
553.345760198
553.345760198
553.345760198
553.345760198
553.345760198
553.345760198
553.345760198
553.345760198
553.345760198
553.345760198
553.345760198
553.345760198
553.345760198
553.345760198
553.345760198
553.345760198
553.345760198
553.345760198
553.345760198
553.345760198
553.345760198
553.345760198
553.345760198
553.345760198
553.345760198
553.345760198
553.345760198
553.345760198
553.345760198
553.345760198
553.345760198
553.345760198
553.345760198
553.345760198
553.345760198
553.345760198
553.345760198
553.345760198
553.345760198
553.345760198
553.345760198
553.345760198
553.345760198
553.345760198
553.345760198
553.345760198
553.345760198
553.345760198
553.345760198
553.345760198
553.345760198
553.345760198
553.345760198
553.345760198
553.345760198
553.345760198
553.345760198
553.345760198
553.345760198
553.345760198
553.345760198
553.345760198
553.345760198
553.345760198
553.345760198
553.345760198
553.345760198
553.345760198
553.345760198
553.345760198
553.345760198
553.345760198
553.345760198
553.345760198
553.345760198
553.345760198
553.345760198
553.345760198
553.345760198
553.345760198
553.345760198
553.345760198
553.345760198
553.345760198
553.345760198
553.345760198
553.345760198
553.345760198
553.345760198
553.345760198
553.345760198
553.345760198
553.345760198
553.345760198
553.345760198
553.345760198
553.345760198
553.345760198
553.345760198
553.345760198
553.345760198
553.345760198
553.345760198
553.345760198
553.345760198
553.345760198
553.345760198
553.345760198
553.345760198
553.345760198
553.345760198
553.345760198
553.345760198
553.345760198
553.345760198
553.345760198
553.345760198
553.345760198
553.345760198
553.345760198
553.345760198
553.345760198
553.345760198
553.345760198
553.345760198
553.345760198
553.345760198
553.345760198
553.345760198
553.345760198
553.345760198
553.345760198
553.345760198
553.345760198
553.345760198
553.345760198
553.345760198
553.345760198
553.345760198
553.345760198
553.345760198
553.345760198
553.345760198
553.345760198
553.345760198
553.345760198
553.345760198
553.345760198
553.345760198
553.345760198
553.345760198
553.345760198
553.345760198
553.345760198
553.345760198
553.345760198
553.345760198
553.345760198
553.345760198
553.345760198
553.345760198
553.345760198
553.345760198
553.345760198
553.345760198
553.345760198
553.345760198
553.345760198
553.345760198
553.345760198
553.345760198
553.345760198
553.345760198
553.345760198
553.345760198
553.345760198
553.345760198
553.345760198
553.345760198
553.345760198
553.345760198
553.345760198
553.345760198
553.345760198
553.345760198
553.345760198
553.345760198
553.345760198
553.345760198
553.345760198
553.345760198
553.345760198
553.345760198
553.345760198
553.345760198
553.345760198
553.345760198
553.345760198
553.345760198
553.345760198
553.345760198
553.345760198
553.345760198
553.345760198
553.345760198
553.345760198
553.345760198
553.345760198
553.345760198
553.345760198
553.345760198
553.345760198
553.345760198
553.345760198
553.345760198
553.345760198
553.345760198
553.345760198
553.345760198
553.345760198
553.345760198
553.345760198
553.345760198
553.345760198
553.345760198
553.345760198
553.345760198
553.345760198
553.345760198
553.345760198
553.345760198
553.345760198
553.345760198
553.345760198
553.345760198
553.345760198
553.345760198
553.345760198
553.345760198
553.345760198
553.345760198
553.345760198
553.345760198
553.345760198
553.345760198
553.345760198
553.345760198
553.345760198
553.345760198
553.345760198
553.345760198
553.345760198
553.345760198
553.345760198
553.345760198
553.345760198
553.345760198
553.345760198
553.345760198
553.345760198
553.345760198
553.345760198
553.345760198
553.345760198
553.345760198
553.345760198
553.345760198
553.345760198
553.345760198
553.345760198
553.345760198
553.345760198
553.345760198
553.345760198
553.345760198
553.345760198
553.345760198
553.345760198
553.345760198
553.345760198
553.345760198
553.345760198
553.345760198
553.345760198
553.345760198
553.345760198
553.345760198
553.345760198
553.345760198
553.345760198
553.345760198
553.345760198
553.345760198
553.345760198
553.345760198
553.345760198
553.345760198
553.345760198
553.345760198
553.345760198
553.345760198
553.345760198
553.345760198
553.345760198
553.345760198
553.345760198
553.345760198
553.345760198
553.345760198
553.345760198
553.345760198
553.345760198
553.345760198
553.345760198
553.345760198
553.345760198
553.345760198
553.345760198
553.345760198
553.345760198
553.345760198
553.345760198
553.345760198
553.345760198
553.345760198
553.345760198
553.345760198
553.345760198
553.345760198
553.345760198
553.345760198
553.345760198
553.345760198
553.345760198
553.345760198
553.345760198
553.345760198
553.345760198
553.345760198
553.345760198
553.345760198
553.345760198
553.345760198
553.345760198
553.345760198
553.345760198
553.345760198
553.345760198
553.345760198
553.345760198
553.345760198
553.345760198
553.345760198
553.345760198
553.345760198
553.345760198
553.345760198
553.345760198
553.345760198
553.345760198
553.345760198
553.345760198
553.345760198
553.345760198
553.345760198
553.345760198
553.345760198
553.345760198
553.345760198
553.345760198
553.345760198
553.345760198
553.345760198
553.345760198
553.345760198
553.345760198
553.345760198
553.345760198
553.345760198
553.345760198
553.345760198
553.345760198
553.345760198
553.345760198
553.345760198
553.345760198
553.345760198
553.345760198
553.345760198
553.345760198
553.345760198
553.345760198
553.345760198
553.345760198
553.345760198
553.345760198
553.345760198
553.345760198
553.345760198
553.345760198
553.345760198
553.345760198
553.345760198
553.345760198
553.345760198
553.345760198
553.345760198
553.345760198
553.345760198
553.345760198
553.345760198
553.345760198
553.345760198
553.345760198
553.345760198
553.345760198
553.345760198
553.345760198
553.345760198
553.345760198
553.345760198
553.345760198
553.345760198
553.345760198
553.345760198
553.345760198
553.345760198
553.345760198
553.345760198
553.345760198
553.345760198
553.345760198
553.345760198
553.345760198
553.345760198
553.345760198
553.345760198
553.345760198
553.345760198
553.345760198
553.345760198
553.345760198
553.345760198
553.345760198
553.345760198
553.345760198
553.345760198
553.345760198
553.345760198
553.345760198
553.345760198
553.345760198
553.345760198
553.345760198
553.345760198
553.345760198
553.345760198
553.345760198
553.345760198
553.345760198
553.345760198
553.345760198
553.345760198
553.345760198
553.345760198
553.345760198
553.345760198
553.345760198
553.345760198
553.345760198
553.345760198
553.345760198
553.345760198
553.345760198
553.345760198
553.345760198
553.345760198
553.345760198
553.345760198
553.345760198
553.345760198
553.345760198
553.345760198
553.345760198
553.345760198
553.345760198
553.345760198
553.345760198
553.345760198
553.345760198
553.345760198
553.345760198
553.345760198
553.345760198
553.345760198
553.345760198
553.345760198
553.345760198
553.345760198
553.345760198
553.345760198
553.345760198
553.345760198
553.345760198
553.345760198
553.345760198
553.345760198
553.345760198
553.345760198
553.345760198
553.345760198
553.345760198
553.345760198
553.345760198
553.345760198
553.345760198
553.345760198
553.345760198
553.345760198
553.345760198
553.345760198
553.345760198
553.345760198
553.345760198
553.345760198
553.345760198
553.345760198
553.345760198
553.345760198
553.345760198
553.345760198
553.345760198
553.345760198
553.345760198
553.345760198
553.345760198
553.345760198
553.345760198
553.345760198
553.345760198
553.345760198
553.345760198
553.345760198
553.345760198
553.345760198
553.345760198
553.345760198
553.345760198
553.345760198
553.345760198
553.345760198
553.345760198
553.345760198
553.345760198
553.345760198
553.345760198
553.345760198
553.345760198
553.345760198
553.345760198
553.345760198
553.345760198
553.345760198
553.345760198
553.345760198
553.345760198
553.345760198
553.345760198
553.345760198
553.345760198
553.345760198
553.345760198
553.345760198
553.345760198
553.345760198
553.345760198
553.345760198
553.345760198
553.345760198
553.345760198
553.345760198
553.345760198
553.345760198
553.345760198
553.345760198
553.345760198
553.345760198
553.345760198
553.345760198
553.345760198
553.345760198
553.345760198
553.345760198
553.345760198
553.345760198
553.345760198
553.345760198
553.345760198
553.345760198
553.345760198
553.345760198
553.345760198
553.345760198
553.345760198
553.345760198
553.345760198
553.345760198
553.345760198
553.345760198
553.345760198
553.345760198
553.345760198
553.345760198
553.345760198
553.345760198
553.345760198
553.345760198
553.345760198
553.345760198
553.345760198
553.345760198
553.345760198
553.345760198
553.345760198
553.345760198
553.345760198
553.345760198
553.345760198
553.345760198
553.345760198
553.345760198
553.345760198
553.345760198
553.345760198
553.345760198
553.345760198
553.345760198
553.345760198
553.345760198
553.345760198
553.345760198
553.345760198
553.345760198
553.345760198
553.345760198
553.345760198
553.345760198
553.345760198
553.345760198
553.345760198
553.345760198
553.345760198
553.345760198
553.345760198
553.345760198
553.345760198
553.345760198
553.345760198
553.345760198
553.345760198
553.345760198
553.345760198
553.345760198
553.345760198
553.345760198
553.345760198
553.345760198
553.345760198
553.345760198
553.345760198
553.345760198
553.345760198
553.345760198
553.345760198
553.345760198
553.345760198
553.345760198
553.345760198
553.345760198
553.345760198
553.345760198
553.345760198
553.345760198
553.345760198
553.345760198
553.345760198
553.345760198
553.345760198
553.345760198
553.345760198
553.345760198
553.345760198
553.345760198
553.345760198
553.345760198
553.345760198
553.345760198
553.345760198
553.345760198
553.345760198
553.345760198
553.345760198
553.345760198
553.345760198
553.345760198
553.345760198
553.345760198
553.345760198
553.345760198
553.345760198
553.345760198
553.345760198
553.345760198
553.345760198
553.345760198
553.345760198
553.345760198
553.345760198
553.345760198
553.345760198
553.345760198
553.345760198
553.345760198
553.345760198
553.345760198
553.345760198
553.345760198
553.345760198
553.345760198
553.345760198
553.345760198
553.345760198
553.345760198
553.345760198
553.345760198
553.345760198
553.345760198
553.345760198
553.345760198
553.345760198
553.345760198
553.345760198
553.345760198
553.345760198
553.345760198
553.345760198
553.345760198
553.345760198
553.345760198
553.345760198
553.345760198
553.345760198
553.345760198
553.345760198
553.345760198
553.345760198
553.345760198
553.345760198
553.345760198
553.345760198
553.345760198
553.345760198
553.345760198
553.345760198
553.345760198
553.345760198
553.345760198
553.345760198
553.345760198
553.345760198
553.345760198
553.345760198
553.345760198
553.345760198
553.345760198
553.345760198
553.345760198
553.345760198
553.345760198
553.345760198
553.345760198
553.345760198
553.345760198
553.345760198
553.345760198
553.345760198
553.345760198
553.345760198
553.345760198
553.345760198
553.345760198
553.345760198
553.345760198
553.345760198
553.345760198
553.345760198
553.345760198
553.345760198
553.345760198
553.345760198
553.345760198
553.345760198
553.345760198
553.345760198
553.345760198
553.345760198
553.345760198
553.345760198
553.345760198
553.345760198
553.345760198
553.345760198
553.345760198
553.345760198
553.345760198
553.345760198
553.345760198
553.345760198
553.345760198
553.345760198
553.345760198
553.345760198
553.345760198
553.345760198
553.345760198
553.345760198
553.345760198
553.345760198
553.345760198
553.345760198
553.345760198
553.345760198
553.345760198
553.345760198
553.345760198
553.345760198
553.345760198
553.345760198
553.345760198
553.345760198
553.345760198
553.345760198
553.345760198
553.345760198
553.345760198
553.345760198
553.345760198
553.345760198
553.345760198
553.345760198
553.345760198
553.345760198
553.345760198
553.345760198
553.345760198
553.345760198
553.345760198
553.345760198
553.345760198
553.345760198
553.345760198
553.345760198
553.345760198
553.345760198
553.345760198
553.345760198
553.345760198
553.345760198
553.345760198
553.345760198
553.345760198
553.345760198
553.345760198
553.345760198
553.345760198
553.345760198
553.345760198
553.345760198
553.345760198
553.345760198
553.345760198
553.345760198
553.345760198
553.345760198
553.345760198
553.345760198
553.345760198
553.345760198
553.345760198
553.345760198
553.345760198
553.345760198
553.345760198
553.345760198
553.345760198
553.345760198
553.345760198
553.345760198
553.345760198
553.345760198
553.345760198
553.345760198
553.345760198
553.345760198
553.345760198
553.345760198
553.345760198
553.345760198
553.345760198
553.345760198
553.345760198
553.345760198
553.345760198
553.345760198
553.345760198
553.345760198
553.345760198
553.345760198
553.345760198
553.345760198
553.345760198
553.345760198
553.345760198
553.345760198
553.345760198
553.345760198
553.345760198
553.345760198
553.345760198
553.345760198
553.345760198
553.345760198
553.345760198
553.345760198
553.345760198
553.345760198
553.345760198
553.345760198
553.345760198
553.345760198
553.345760198
553.345760198
553.345760198
553.345760198
553.345760198
553.345760198
553.345760198
553.345760198
553.345760198
553.345760198
553.345760198
553.345760198
553.345760198
553.345760198
553.345760198
553.345760198
553.345760198
553.345760198
553.345760198
553.345760198
553.345760198
553.345760198
553.345760198
553.345760198
553.345760198
553.345760198
553.345760198
553.345760198
553.345760198
553.345760198
553.345760198
553.345760198
553.345760198
553.345760198
553.345760198
553.345760198
553.345760198
553.345760198
553.345760198
553.345760198
553.345760198
553.345760198
553.345760198
553.345760198
553.345760198
553.345760198
553.345760198
553.345760198
553.345760198
553.345760198
553.345760198
553.345760198
553.345760198
553.345760198
553.345760198
553.345760198
553.345760198
553.345760198
553.345760198
553.345760198
553.345760198
553.345760198
553.345760198
553.345760198
553.345760198
553.345760198
553.345760198
553.345760198
553.345760198
553.345760198
553.345760198
553.345760198
553.345760198
553.345760198
553.345760198
553.345760198
553.345760198
553.345760198
553.345760198
553.345760198
553.345760198
553.345760198
553.345760198
553.345760198
553.345760198
553.345760198
553.345760198
553.345760198
553.345760198
553.345760198
553.345760198
553.345760198
553.345760198
553.345760198
553.345760198
553.345760198
553.345760198
553.345760198
553.345760198
553.345760198
553.345760198
553.345760198
553.345760198
553.345760198
553.345760198
553.345760198
553.345760198
553.345760198
553.345760198
553.345760198
553.345760198
553.345760198
553.345760198
553.345760198
553.345760198
553.345760198
553.345760198
553.345760198
553.345760198
553.345760198
553.345760198
553.345760198
553.345760198
553.345760198
553.345760198
553.345760198
553.345760198
553.345760198
553.345760198
553.345760198
553.345760198
553.345760198
553.345760198
553.345760198
553.345760198
553.345760198
553.345760198
553.345760198
553.345760198
553.345760198
553.345760198
553.345760198
553.345760198
553.345760198
553.345760198
553.345760198
553.345760198
553.345760198
553.345760198
553.345760198
553.345760198
553.345760198
553.345760198
553.345760198
553.345760198
553.345760198
553.345760198
553.345760198
553.345760198
553.345760198
553.345760198
553.345760198
553.345760198
553.345760198
553.345760198
553.345760198
553.345760198
553.345760198
553.345760198
553.345760198
553.345760198
553.345760198
553.345760198
553.345760198
553.345760198
553.345760198
553.345760198
553.345760198
553.345760198
553.345760198
553.345760198
553.345760198
553.345760198
553.345760198
553.345760198
553.345760198
553.345760198
553.345760198
553.345760198
553.345760198
553.345760198
553.345760198
553.345760198
553.345760198
553.345760198
553.345760198
553.345760198
553.345760198
553.345760198
553.345760198
553.345760198
553.345760198
553.345760198
553.345760198
553.345760198
553.345760198
553.345760198
553.345760198
553.345760198
553.345760198
553.345760198
553.345760198
553.345760198
553.345760198
553.345760198
553.345760198
553.345760198
553.345760198
553.345760198
553.345760198
553.345760198
553.345760198
553.345760198
553.345760198
553.345760198
553.345760198
553.345760198
553.345760198
553.345760198
553.345760198
553.345760198
553.345760198
553.345760198
553.345760198
553.345760198
553.345760198
553.345760198
553.345760198
553.345760198
553.345760198
553.345760198
553.345760198
553.345760198
553.345760198
553.345760198
553.345760198
553.345760198
553.345760198
553.345760198
553.345760198
553.345760198
553.345760198
553.345760198
553.345760198
553.345760198
553.345760198
553.345760198
553.345760198
553.345760198
553.345760198
553.345760198
553.345760198
553.345760198
553.345760198
553.345760198
553.345760198
553.345760198
553.345760198
553.345760198
553.345760198
553.345760198
553.345760198
553.345760198
553.345760198
553.345760198
553.345760198
553.345760198
553.345760198
553.345760198
553.345760198
553.345760198
553.345760198
553.345760198
553.345760198
553.345760198
553.345760198
553.345760198
553.345760198
553.345760198
553.345760198
553.345760198
553.345760198
553.345760198
553.345760198
553.345760198
553.345760198
553.345760198
553.345760198
553.345760198
553.345760198
553.345760198
553.345760198
553.345760198
553.345760198
553.345760198
553.345760198
553.345760198
553.345760198
553.345760198
553.345760198
553.345760198
553.345760198
553.345760198
553.345760198
553.345760198
553.345760198
553.345760198
553.345760198
553.345760198
553.345760198
553.345760198
553.345760198
553.345760198
553.345760198
553.345760198
553.345760198
553.345760198
553.345760198
553.345760198
553.345760198
553.345760198
553.345760198
553.345760198
553.345760198
553.345760198
553.345760198
553.345760198
553.345760198
553.345760198
553.345760198
553.345760198
553.345760198
553.345760198
553.345760198
553.345760198
553.345760198
553.345760198
553.345760198
553.345760198
553.345760198
553.345760198
553.345760198
553.345760198
553.345760198
553.345760198
553.345760198
553.345760198
553.345760198
553.345760198
553.345760198
553.345760198
553.345760198
553.345760198
553.345760198
553.345760198
553.345760198
553.345760198
553.345760198
553.345760198
553.345760198
553.345760198
553.345760198
553.345760198
553.345760198
553.345760198
553.345760198
553.345760198
553.345760198
553.345760198
553.345760198
553.345760198
553.345760198
553.345760198
553.345760198
553.345760198
553.345760198
553.345760198
553.345760198
553.345760198
553.345760198
553.345760198
553.345760198
553.345760198
553.345760198
553.345760198
553.345760198
553.345760198
553.345760198
553.345760198
553.345760198
553.345760198
553.345760198
553.345760198
553.345760198
553.345760198
553.345760198
553.345760198
553.345760198
553.345760198
553.345760198
553.345760198
553.345760198
553.345760198
553.345760198
553.345760198
553.345760198
553.345760198
553.345760198
553.345760198
553.345760198
553.345760198
553.345760198
553.345760198
553.345760198
553.345760198
553.345760198
553.345760198
553.345760198
553.345760198
553.345760198
553.345760198
553.345760198
553.345760198
553.345760198
553.345760198
553.345760198
553.345760198
553.345760198
553.345760198
553.345760198
553.345760198
553.345760198
553.345760198
553.345760198
553.345760198
553.345760198
553.345760198
553.345760198
553.345760198
553.345760198
553.345760198
553.345760198
553.345760198
553.345760198
553.345760198
553.345760198
553.345760198
553.345760198
553.345760198
553.345760198
553.345760198
553.345760198
553.345760198
553.345760198
553.345760198
553.345760198
553.345760198
553.345760198
553.345760198
553.345760198
553.345760198
553.345760198
553.345760198
553.345760198
553.345760198
553.345760198
553.345760198
553.345760198
553.345760198
553.345760198
553.345760198
553.345760198
553.345760198
553.345760198
553.345760198
553.345760198
553.345760198
553.345760198
553.345760198
553.345760198
553.345760198
553.345760198
553.345760198
553.345760198
553.345760198
553.345760198
553.345760198
553.345760198
553.345760198
553.345760198
553.345760198
553.345760198
553.345760198
553.345760198
553.345760198
553.345760198
553.345760198
553.345760198
553.345760198
553.345760198
553.345760198
553.345760198
553.345760198
553.345760198
553.345760198
553.345760198
553.345760198
553.345760198
553.345760198
553.345760198
553.345760198
553.345760198
553.345760198
553.345760198
553.345760198
553.345760198
553.345760198
553.345760198
553.345760198
553.345760198
553.345760198
553.345760198
553.345760198
553.345760198
553.345760198
553.345760198
553.345760198
553.345760198
553.345760198
553.345760198
553.345760198
553.345760198
553.345760198
553.345760198
553.345760198
553.345760198
553.345760198
553.345760198
553.345760198
553.345760198
553.345760198
553.345760198
553.345760198
553.345760198
553.345760198
553.345760198
553.345760198
553.345760198
553.345760198
553.345760198
553.345760198
553.345760198
553.345760198
553.345760198
553.345760198
553.345760198
553.345760198
553.345760198
553.345760198
553.345760198
553.345760198
553.345760198
553.345760198
553.345760198
553.345760198
553.345760198
553.345760198
553.345760198
553.345760198
553.345760198
553.345760198
553.345760198
553.345760198
553.345760198
553.345760198
553.345760198
553.345760198
553.345760198
553.345760198
553.345760198
553.345760198
553.345760198
553.345760198
553.345760198
553.345760198
553.345760198
553.345760198
553.345760198
553.345760198
553.345760198
553.345760198
553.345760198
553.345760198
553.345760198
553.345760198
553.345760198
553.345760198
553.345760198
553.345760198
553.345760198
553.345760198
553.345760198
553.345760198
553.345760198
553.345760198
553.345760198
553.345760198
553.345760198
553.345760198
553.345760198
553.345760198
553.345760198
553.345760198
553.345760198
553.345760198
553.345760198
553.345760198
553.345760198
553.345760198
553.345760198
553.345760198
553.345760198
553.345760198
553.345760198
553.345760198
553.345760198
553.345760198
553.345760198
553.345760198
553.345760198
553.345760198
553.345760198
553.345760198
553.345760198
553.345760198
553.345760198
553.345760198
553.345760198
553.345760198
553.345760198
553.345760198
553.345760198
553.345760198
553.345760198
553.345760198
553.345760198
