1652.89154958
1613.22140947
1526.93972617
1485.04368418
1451.23251166
1455.66145882
1411.45191544
1408.13503485
1393.74183398
1358.70640376
1361.50705871
1319.50406293
1313.82229399
1257.52649141
1237.48857643
1217.08645507
1172.42768266
1168.23767999
1153.37441401
1153.38620569
1139.67836955
1110.51083016
1108.62085119
1107.06416169
1087.22086646
1087.8348671
1060.04831118
1090.70239443
1097.73380856
1091.17631066
1076.1006017
1067.74126497
1067.41035972
1091.47849513
1084.61566445
1085.96685206
1091.0303819
1096.10678128
1095.36314754
1070.71142405
1069.91744469
1040.21138655
1027.20301124
1027.20301124
1032.81150209
1035.4819118
1007.35296659
975.434190291
975.434190291
973.202963907
960.865937233
943.225829034
936.668738295
934.03939601
929.518282798
934.48861126
938.545127413
914.175036389
918.019270975
918.019270975
909.916602108
914.012495564
900.812889702
910.296001904
910.122828131
897.184803717
884.663866871
872.842370719
866.560673554
869.338886807
869.338886807
885.494539168
869.241626962
865.29559546
852.488525027
860.312086727
843.517923772
837.798775073
864.186864506
883.297700311
883.297700311
883.691071681
883.691071681
851.922773411
894.697435523
888.610512248
888.610512248
865.654504938
860.565257133
875.376193933
875.376193933
865.643787708
860.526676318
853.275389692
848.872601784
850.698782741
837.018389084
849.382003978
849.382003978
844.325056696
835.887361286
835.887361286
828.643479957
847.496215229
823.753829259
823.753829259
823.753829259
823.753829259
823.753829259
817.237789193
817.237789193
817.237789193
814.862790421
815.262028008
815.262028008
815.262028008
815.262028008
815.262028008
815.262028008
815.262028008
791.824362385
791.824362385
787.346306125
787.346306125
775.042920789
775.042920789
775.042920789
775.042920789
771.351718996
771.351718996
771.351718996
771.351718996
770.054046044
768.310784123
768.310784123
768.310784123
768.310784123
760.428487463
751.814891206
751.814891206
750.080586164
744.396107704
744.396107704
744.396107704
744.396107704
744.396107704
744.396107704
744.396107704
740.344363335
740.344363335
736.235169577
735.474338487
735.474338487
735.474338487
735.474338487
735.474338487
735.474338487
735.474338487
735.474338487
735.474338487
735.474338487
735.474338487
735.474338487
721.11712463
721.11712463
721.11712463
721.11712463
721.11712463
721.11712463
721.11712463
721.11712463
721.11712463
721.11712463
721.11712463
721.11712463
721.11712463
721.11712463
712.501134762
712.501134762
712.501134762
712.501134762
712.501134762
712.501134762
712.501134762
712.501134762
712.501134762
712.501134762
712.501134762
712.501134762
712.501134762
712.501134762
712.501134762
712.501134762
712.501134762
712.501134762
712.501134762
705.699239212
705.699239212
705.699239212
705.699239212
705.699239212
704.641069521
704.641069521
704.641069521
704.641069521
704.641069521
704.641069521
704.641069521
704.641069521
704.641069521
704.641069521
704.641069521
704.641069521
704.641069521
704.641069521
704.641069521
704.641069521
704.641069521
704.641069521
704.641069521
703.333263579
703.29006314
703.29006314
703.29006314
703.29006314
703.29006314
703.29006314
700.909314477
700.554636717
700.554636717
698.403191479
698.403191479
698.403191479
698.403191479
698.403191479
698.403191479
691.520553089
691.520553089
691.520553089
691.520553089
691.520553089
691.520553089
688.385084534
688.385084534
688.385084534
688.385084534
688.385084534
688.385084534
688.385084534
688.385084534
688.385084534
688.385084534
688.385084534
670.40342703
670.40342703
670.40342703
670.40342703
670.40342703
670.40342703
670.40342703
670.40342703
670.40342703
670.40342703
670.40342703
670.40342703
668.685148816
668.685148816
661.05196607
661.05196607
661.05196607
661.05196607
661.05196607
661.05196607
661.05196607
661.05196607
661.05196607
649.60127375
649.60127375
649.60127375
649.60127375
649.60127375
649.60127375
649.60127375
649.60127375
649.60127375
649.60127375
649.60127375
649.60127375
649.60127375
649.60127375
649.60127375
649.60127375
649.60127375
649.60127375
649.60127375
649.60127375
649.60127375
645.363467593
645.363467593
645.363467593
645.363467593
641.12124143
641.12124143
641.12124143
641.12124143
641.12124143
641.12124143
641.12124143
641.12124143
641.12124143
641.12124143
641.12124143
641.12124143
641.12124143
641.12124143
641.12124143
641.12124143
641.12124143
635.732368447
635.732368447
635.732368447
635.732368447
620.536106014
620.536106014
620.536106014
620.536106014
620.536106014
620.536106014
620.536106014
620.536106014
614.832745351
614.832745351
614.832745351
614.832745351
614.832745351
614.832745351
611.487025566
611.487025566
611.487025566
611.487025566
611.487025566
609.409841415
609.409841415
609.409841415
609.409841415
606.645002516
606.645002516
606.645002516
606.645002516
603.718244672
603.718244672
603.718244672
603.718244672
603.718244672
603.718244672
603.718244672
603.718244672
603.718244672
603.718244672
603.718244672
603.718244672
602.716582609
602.716582609
602.716582609
602.716582609
602.716582609
602.716582609
602.716582609
602.716582609
602.716582609
602.716582609
602.716582609
602.716582609
602.716582609
602.716582609
602.716582609
602.716582609
602.716582609
602.716582609
596.577819512
596.577819512
596.577819512
596.577819512
596.577819512
596.577819512
596.577819512
596.577819512
596.577819512
596.577819512
596.577819512
596.577819512
596.577819512
596.577819512
596.577819512
596.577819512
596.577819512
596.577819512
596.577819512
590.688086909
590.688086909
590.688086909
590.688086909
590.688086909
590.688086909
590.688086909
590.688086909
590.688086909
590.688086909
590.688086909
590.688086909
590.688086909
590.688086909
590.688086909
590.688086909
590.688086909
588.944996292
588.944996292
588.944996292
574.893848589
574.893848589
574.893848589
574.893848589
574.893848589
574.893848589
574.893848589
574.893848589
574.893848589
574.893848589
574.893848589
574.893848589
574.893848589
574.893848589
574.893848589
574.893848589
574.893848589
574.893848589
574.893848589
574.893848589
574.893848589
574.893848589
574.893848589
574.893848589
574.893848589
574.893848589
574.893848589
574.893848589
574.893848589
574.893848589
574.893848589
574.893848589
574.893848589
569.4249513
569.4249513
568.421179949
568.421179949
565.787482624
565.787482624
565.787482624
565.787482624
565.787482624
565.787482624
565.787482624
565.787482624
565.787482624
565.787482624
565.787482624
565.787482624
565.787482624
565.787482624
565.787482624
562.361756702
562.361756702
562.361756702
562.361756702
562.361756702
562.361756702
562.361756702
562.361756702
562.361756702
562.361756702
562.361756702
562.361756702
562.361756702
562.361756702
562.361756702
562.361756702
562.361756702
562.361756702
562.361756702
562.361756702
562.361756702
562.361756702
562.361756702
562.361756702
562.361756702
562.361756702
562.361756702
562.361756702
562.361756702
562.361756702
562.361756702
562.361756702
562.361756702
562.361756702
562.361756702
562.361756702
562.361756702
562.361756702
562.361756702
562.361756702
562.361756702
554.923678632
554.923678632
554.923678632
554.923678632
554.923678632
554.923678632
554.923678632
554.923678632
554.923678632
554.923678632
554.923678632
554.923678632
554.923678632
554.923678632
554.923678632
554.923678632
554.923678632
554.923678632
554.923678632
554.923678632
554.923678632
554.923678632
554.923678632
554.923678632
554.923678632
554.923678632
554.923678632
554.923678632
554.923678632
554.923678632
554.923678632
554.923678632
554.923678632
554.923678632
554.923678632
554.923678632
554.923678632
554.058305848
554.058305848
554.058305848
554.058305848
554.058305848
554.058305848
554.058305848
554.058305848
554.058305848
554.058305848
554.058305848
554.058305848
554.058305848
554.058305848
554.058305848
554.058305848
554.058305848
554.058305848
554.058305848
554.058305848
554.058305848
554.058305848
554.058305848
554.058305848
554.058305848
554.058305848
554.058305848
554.058305848
554.058305848
554.058305848
554.058305848
554.058305848
554.058305848
554.058305848
554.058305848
554.058305848
547.625428748
547.625428748
547.625428748
547.625428748
547.625428748
547.625428748
547.625428748
547.625428748
547.625428748
547.625428748
547.625428748
547.625428748
547.625428748
547.625428748
547.625428748
547.625428748
547.625428748
547.625428748
547.625428748
547.625428748
547.625428748
547.625428748
547.625428748
547.625428748
547.625428748
547.625428748
547.625428748
547.625428748
547.625428748
547.625428748
547.625428748
547.625428748
547.625428748
547.625428748
547.625428748
547.625428748
547.625428748
547.625428748
547.625428748
547.625428748
547.625428748
547.625428748
547.625428748
547.625428748
547.625428748
547.625428748
547.625428748
547.625428748
547.625428748
547.625428748
547.625428748
547.625428748
547.625428748
547.625428748
547.625428748
547.625428748
547.625428748
547.625428748
547.625428748
547.625428748
547.625428748
547.625428748
547.625428748
547.625428748
547.625428748
544.265874756
544.265874756
544.265874756
544.265874756
544.265874756
544.265874756
544.265874756
544.265874756
544.265874756
544.265874756
544.265874756
544.265874756
544.265874756
544.265874756
544.265874756
544.265874756
544.265874756
544.265874756
544.265874756
544.265874756
544.265874756
541.174900483
541.174900483
541.174900483
541.174900483
541.174900483
541.174900483
541.174900483
541.174900483
541.174900483
541.174900483
541.174900483
541.174900483
541.174900483
541.174900483
541.174900483
541.174900483
541.174900483
541.174900483
541.174900483
541.174900483
541.174900483
541.174900483
541.174900483
541.174900483
541.174900483
541.174900483
541.174900483
541.174900483
541.174900483
541.174900483
541.174900483
541.174900483
541.174900483
541.174900483
541.174900483
541.174900483
541.174900483
541.174900483
541.174900483
541.174900483
541.174900483
541.174900483
541.174900483
541.174900483
541.174900483
541.174900483
541.174900483
541.174900483
541.174900483
541.174900483
541.174900483
541.174900483
541.174900483
541.174900483
541.174900483
541.174900483
541.174900483
541.174900483
541.174900483
541.174900483
541.174900483
541.174900483
541.174900483
541.174900483
541.174900483
541.174900483
541.174900483
541.174900483
541.174900483
541.174900483
541.174900483
541.174900483
541.174900483
541.174900483
541.174900483
541.174900483
541.174900483
541.174900483
541.174900483
541.174900483
541.174900483
541.174900483
541.174900483
541.174900483
541.174900483
541.174900483
541.174900483
541.174900483
541.174900483
541.174900483
541.174900483
541.174900483
541.174900483
541.174900483
541.174900483
541.174900483
541.174900483
541.174900483
541.174900483
541.174900483
541.174900483
541.174900483
541.174900483
541.174900483
541.174900483
541.174900483
539.718196742
539.718196742
539.718196742
539.718196742
539.718196742
539.718196742
539.718196742
539.718196742
539.718196742
539.718196742
539.718196742
539.718196742
539.718196742
539.718196742
539.718196742
539.718196742
539.718196742
539.718196742
539.718196742
539.718196742
539.718196742
539.718196742
539.718196742
539.718196742
539.718196742
539.718196742
539.718196742
539.718196742
539.718196742
539.718196742
539.718196742
539.718196742
539.718196742
539.718196742
539.718196742
539.718196742
539.718196742
539.718196742
539.718196742
539.718196742
539.718196742
539.718196742
539.718196742
539.718196742
539.718196742
539.718196742
539.718196742
539.718196742
539.718196742
539.718196742
539.718196742
539.718196742
539.718196742
539.718196742
539.718196742
539.718196742
539.718196742
539.718196742
539.718196742
539.718196742
539.718196742
539.718196742
539.718196742
539.718196742
539.718196742
539.718196742
539.718196742
539.718196742
539.718196742
539.718196742
539.718196742
539.718196742
539.718196742
539.718196742
539.718196742
539.718196742
539.718196742
539.718196742
539.718196742
539.718196742
539.718196742
539.718196742
539.718196742
539.718196742
539.718196742
539.718196742
539.718196742
539.718196742
539.718196742
539.718196742
539.718196742
539.718196742
539.718196742
539.718196742
539.718196742
539.718196742
539.718196742
539.718196742
539.718196742
539.718196742
539.718196742
539.718196742
539.718196742
539.718196742
539.5397151
539.5397151
539.5397151
539.5397151
539.5397151
539.5397151
539.5397151
539.5397151
539.5397151
539.5397151
539.5397151
539.5397151
539.5397151
539.5397151
539.5397151
539.5397151
539.5397151
539.5397151
539.5397151
539.5397151
539.5397151
539.5397151
539.5397151
539.5397151
539.5397151
539.5397151
539.5397151
539.5397151
539.5397151
539.5397151
539.5397151
539.5397151
539.5397151
539.5397151
539.5397151
539.5397151
539.5397151
539.5397151
539.5397151
539.5397151
539.5397151
539.5397151
539.5397151
539.5397151
539.5397151
539.5397151
539.5397151
539.5397151
539.5397151
539.5397151
539.5397151
539.5397151
539.5397151
539.5397151
539.5397151
539.5397151
539.5397151
539.5397151
539.5397151
539.5397151
539.5397151
539.5397151
539.5397151
539.5397151
539.5397151
539.5397151
539.5397151
539.5397151
539.5397151
539.5397151
539.5397151
539.5397151
539.5397151
539.5397151
539.5397151
539.5397151
539.5397151
539.5397151
539.5397151
539.5397151
539.5397151
539.5397151
539.5397151
539.5397151
539.5397151
539.5397151
539.5397151
539.5397151
539.5397151
539.5397151
539.5397151
539.5397151
539.5397151
539.5397151
539.5397151
539.5397151
539.5397151
539.5397151
539.5397151
539.5397151
539.5397151
539.5397151
539.5397151
539.5397151
539.5397151
539.5397151
539.5397151
539.5397151
539.5397151
539.5397151
539.5397151
539.5397151
539.5397151
539.5397151
539.5397151
539.5397151
539.5397151
539.5397151
539.5397151
539.5397151
539.5397151
539.5397151
539.5397151
539.5397151
539.5397151
539.5397151
539.5397151
539.5397151
539.5397151
539.5397151
539.5397151
539.5397151
539.5397151
539.5397151
539.5397151
539.5397151
539.5397151
539.5397151
539.5397151
539.5397151
539.5397151
539.5397151
539.5397151
539.5397151
539.5397151
539.5397151
539.5397151
539.5397151
539.5397151
539.5397151
539.5397151
539.5397151
539.5397151
539.5397151
539.5397151
539.5397151
539.5397151
539.5397151
539.5397151
539.5397151
539.5397151
539.5397151
539.5397151
539.5397151
539.5397151
539.5397151
539.5397151
539.5397151
539.5397151
539.5397151
539.5397151
539.5397151
539.5397151
539.5397151
539.5397151
539.5397151
539.5397151
539.5397151
539.5397151
539.5397151
539.5397151
539.5397151
539.5397151
539.5397151
539.5397151
539.5397151
539.5397151
539.5397151
539.5397151
536.160516033
536.160516033
536.160516033
536.160516033
536.160516033
536.160516033
536.160516033
536.160516033
536.160516033
536.160516033
536.160516033
536.160516033
536.160516033
536.160516033
536.160516033
536.160516033
536.160516033
536.160516033
536.160516033
536.160516033
536.160516033
536.160516033
536.160516033
536.160516033
536.160516033
536.160516033
536.160516033
536.160516033
536.160516033
536.160516033
536.160516033
536.160516033
536.160516033
536.160516033
536.160516033
536.160516033
536.160516033
536.160516033
536.160516033
536.160516033
536.160516033
536.160516033
536.160516033
536.160516033
536.160516033
536.160516033
536.160516033
536.160516033
536.160516033
536.160516033
536.160516033
536.160516033
536.160516033
536.160516033
536.160516033
536.160516033
536.160516033
536.160516033
536.160516033
536.160516033
536.160516033
536.160516033
536.160516033
536.160516033
536.160516033
536.160516033
536.160516033
536.160516033
536.160516033
536.160516033
536.160516033
536.160516033
536.160516033
536.160516033
536.160516033
536.160516033
536.160516033
536.160516033
536.160516033
536.160516033
536.160516033
536.160516033
536.160516033
536.160516033
536.160516033
536.160516033
536.160516033
536.160516033
536.160516033
536.160516033
536.160516033
536.160516033
536.160516033
536.160516033
536.160516033
536.160516033
536.160516033
536.160516033
536.160516033
536.160516033
536.160516033
536.160516033
536.160516033
536.160516033
536.160516033
536.160516033
536.160516033
536.160516033
536.160516033
536.160516033
536.160516033
536.160516033
536.160516033
536.160516033
536.160516033
536.160516033
536.160516033
536.160516033
536.160516033
536.160516033
536.160516033
536.160516033
536.160516033
536.160516033
536.160516033
536.160516033
536.160516033
536.160516033
536.160516033
536.160516033
536.160516033
536.160516033
536.160516033
536.160516033
536.160516033
536.160516033
536.160516033
536.160516033
536.160516033
536.160516033
536.160516033
536.160516033
536.160516033
536.160516033
536.160516033
536.160516033
536.160516033
536.160516033
536.160516033
536.160516033
536.160516033
536.160516033
536.160516033
536.160516033
536.160516033
536.160516033
536.160516033
536.160516033
536.160516033
536.160516033
536.160516033
536.160516033
536.160516033
536.160516033
536.160516033
536.160516033
536.160516033
536.160516033
536.160516033
536.160516033
536.160516033
536.160516033
536.160516033
536.160516033
536.160516033
536.160516033
536.160516033
536.160516033
536.160516033
536.160516033
536.160516033
536.160516033
536.160516033
536.160516033
536.160516033
536.160516033
536.160516033
536.160516033
536.160516033
536.160516033
536.160516033
536.160516033
536.160516033
536.160516033
536.160516033
536.160516033
536.160516033
536.160516033
536.160516033
536.160516033
536.160516033
536.160516033
536.160516033
536.160516033
536.160516033
536.160516033
536.160516033
536.160516033
536.160516033
536.160516033
536.160516033
536.160516033
536.160516033
536.160516033
536.160516033
536.160516033
536.160516033
536.160516033
536.160516033
536.160516033
536.160516033
536.160516033
536.160516033
536.160516033
536.160516033
536.160516033
536.160516033
536.160516033
536.160516033
536.160516033
536.160516033
536.160516033
536.160516033
536.160516033
536.160516033
536.160516033
536.160516033
536.160516033
536.160516033
536.160516033
536.160516033
536.160516033
536.160516033
536.160516033
536.160516033
536.160516033
536.160516033
536.160516033
536.160516033
536.160516033
536.160516033
536.160516033
536.160516033
536.160516033
536.160516033
536.160516033
536.160516033
536.160516033
536.160516033
536.160516033
536.160516033
536.160516033
536.160516033
536.160516033
536.160516033
536.160516033
536.160516033
536.160516033
536.160516033
536.160516033
536.160516033
536.160516033
536.160516033
536.160516033
536.160516033
536.160516033
536.160516033
536.160516033
536.160516033
536.160516033
536.160516033
536.160516033
536.160516033
536.160516033
536.160516033
536.160516033
536.160516033
536.160516033
536.160516033
536.160516033
536.160516033
536.160516033
536.160516033
536.160516033
536.160516033
536.160516033
536.160516033
536.160516033
536.160516033
536.160516033
536.160516033
536.160516033
536.160516033
536.160516033
536.160516033
536.160516033
536.160516033
536.160516033
536.160516033
536.160516033
536.160516033
536.160516033
536.160516033
536.160516033
536.160516033
536.160516033
536.160516033
536.160516033
536.160516033
536.160516033
536.160516033
536.160516033
536.160516033
536.160516033
536.160516033
536.160516033
536.160516033
536.160516033
536.160516033
536.160516033
536.160516033
536.160516033
536.160516033
536.160516033
536.160516033
536.160516033
536.160516033
536.160516033
536.160516033
536.160516033
536.160516033
536.160516033
536.160516033
536.160516033
536.160516033
536.160516033
536.160516033
536.160516033
536.160516033
536.160516033
536.160516033
536.160516033
536.160516033
536.160516033
536.160516033
536.160516033
536.160516033
536.160516033
536.160516033
536.160516033
536.160516033
536.160516033
536.160516033
536.160516033
536.160516033
536.160516033
536.160516033
536.160516033
536.160516033
536.160516033
536.160516033
536.160516033
536.160516033
536.160516033
536.160516033
536.160516033
536.160516033
536.160516033
536.160516033
536.160516033
536.160516033
536.160516033
536.160516033
536.160516033
536.160516033
536.160516033
536.160516033
536.160516033
536.160516033
536.160516033
536.160516033
536.160516033
536.160516033
536.160516033
536.160516033
536.160516033
536.160516033
536.160516033
536.160516033
536.160516033
536.160516033
536.160516033
536.160516033
536.160516033
536.160516033
536.160516033
536.160516033
536.160516033
536.160516033
536.160516033
536.160516033
536.160516033
536.160516033
536.160516033
536.160516033
536.160516033
536.160516033
536.160516033
536.160516033
536.160516033
536.160516033
536.160516033
536.160516033
536.160516033
536.160516033
536.160516033
536.160516033
536.160516033
536.160516033
536.160516033
536.160516033
536.160516033
536.160516033
536.160516033
536.160516033
536.160516033
536.160516033
536.160516033
536.160516033
536.160516033
536.160516033
536.160516033
536.160516033
536.160516033
536.160516033
536.160516033
536.160516033
536.160516033
536.160516033
536.160516033
536.160516033
536.160516033
536.160516033
536.160516033
536.160516033
536.160516033
536.160516033
536.160516033
536.160516033
536.160516033
536.160516033
536.160516033
536.160516033
536.160516033
536.160516033
536.160516033
536.160516033
536.160516033
536.160516033
536.160516033
536.160516033
536.160516033
536.160516033
536.160516033
536.160516033
536.160516033
536.160516033
536.160516033
536.160516033
536.160516033
536.160516033
536.160516033
536.160516033
536.160516033
536.160516033
536.160516033
536.160516033
536.160516033
536.160516033
536.160516033
536.160516033
536.160516033
536.160516033
536.160516033
536.160516033
536.160516033
536.160516033
536.160516033
536.160516033
536.160516033
536.160516033
536.160516033
536.160516033
536.160516033
536.160516033
536.160516033
536.160516033
536.160516033
536.160516033
536.160516033
536.160516033
536.160516033
536.160516033
536.160516033
536.160516033
536.160516033
536.160516033
536.160516033
536.160516033
536.160516033
536.160516033
536.160516033
536.160516033
536.160516033
536.160516033
536.160516033
536.160516033
536.160516033
536.160516033
536.160516033
536.160516033
536.160516033
536.160516033
536.160516033
536.160516033
536.160516033
536.160516033
536.160516033
536.160516033
536.160516033
536.160516033
536.160516033
536.160516033
536.160516033
536.160516033
536.160516033
536.160516033
536.160516033
536.160516033
536.160516033
536.160516033
536.160516033
536.160516033
536.160516033
536.160516033
536.160516033
536.160516033
536.160516033
536.160516033
536.160516033
536.160516033
536.160516033
536.160516033
536.160516033
536.160516033
536.160516033
536.160516033
536.160516033
536.160516033
536.160516033
536.160516033
536.160516033
536.160516033
536.160516033
536.160516033
536.160516033
536.160516033
536.160516033
536.160516033
536.160516033
536.160516033
536.160516033
536.160516033
536.160516033
536.160516033
536.160516033
536.160516033
536.160516033
536.160516033
536.160516033
536.160516033
536.160516033
536.160516033
536.160516033
536.160516033
536.160516033
536.160516033
536.160516033
536.160516033
536.160516033
536.160516033
536.160516033
536.160516033
536.160516033
536.160516033
536.160516033
536.160516033
536.160516033
536.160516033
536.160516033
536.160516033
536.160516033
536.160516033
536.160516033
536.160516033
536.160516033
536.160516033
536.160516033
536.160516033
536.160516033
536.160516033
536.160516033
536.160516033
536.160516033
536.160516033
536.160516033
536.160516033
536.160516033
536.160516033
536.160516033
536.160516033
536.160516033
536.160516033
536.160516033
536.160516033
536.160516033
536.160516033
536.160516033
536.160516033
536.160516033
536.160516033
536.160516033
536.160516033
536.160516033
536.160516033
536.160516033
536.160516033
536.160516033
536.160516033
536.160516033
536.160516033
536.160516033
536.160516033
536.160516033
536.160516033
536.160516033
536.160516033
536.160516033
536.160516033
536.160516033
536.160516033
536.160516033
536.160516033
536.160516033
536.160516033
536.160516033
536.160516033
536.160516033
536.160516033
536.160516033
536.160516033
536.160516033
536.160516033
536.160516033
536.160516033
536.160516033
536.160516033
536.160516033
536.160516033
536.160516033
536.160516033
536.160516033
536.160516033
536.160516033
536.160516033
536.160516033
536.160516033
536.160516033
536.160516033
536.160516033
536.160516033
536.160516033
536.160516033
536.160516033
536.160516033
536.160516033
536.160516033
536.160516033
536.160516033
536.160516033
536.160516033
536.160516033
536.160516033
536.160516033
536.160516033
536.160516033
536.160516033
536.160516033
536.160516033
536.160516033
536.160516033
536.160516033
536.160516033
536.160516033
536.160516033
536.160516033
536.160516033
536.160516033
536.160516033
536.160516033
536.160516033
536.160516033
536.160516033
536.160516033
536.160516033
536.160516033
536.160516033
536.160516033
536.160516033
536.160516033
536.160516033
536.160516033
536.160516033
536.160516033
536.160516033
536.160516033
536.160516033
536.160516033
536.160516033
536.160516033
536.160516033
536.160516033
536.160516033
536.160516033
536.160516033
536.160516033
536.160516033
536.160516033
536.160516033
536.160516033
536.160516033
536.160516033
536.160516033
536.160516033
536.160516033
536.160516033
536.160516033
536.160516033
536.160516033
536.160516033
536.160516033
536.160516033
536.160516033
536.160516033
536.160516033
536.160516033
536.160516033
536.160516033
536.160516033
536.160516033
536.160516033
536.160516033
536.160516033
536.160516033
536.160516033
536.160516033
536.160516033
536.160516033
536.160516033
536.160516033
536.160516033
536.160516033
536.160516033
536.160516033
536.160516033
536.160516033
536.160516033
536.160516033
536.160516033
536.160516033
536.160516033
536.160516033
536.160516033
536.160516033
536.160516033
536.160516033
536.160516033
536.160516033
536.160516033
536.160516033
536.160516033
536.160516033
536.160516033
536.160516033
536.160516033
536.160516033
536.160516033
536.160516033
536.160516033
536.160516033
536.160516033
536.160516033
536.160516033
536.160516033
536.160516033
536.160516033
536.160516033
536.160516033
536.160516033
536.160516033
536.160516033
536.160516033
536.160516033
536.160516033
536.160516033
536.160516033
536.160516033
536.160516033
536.160516033
536.160516033
536.160516033
536.160516033
536.160516033
536.160516033
536.160516033
536.160516033
536.160516033
536.160516033
536.160516033
536.160516033
536.160516033
536.160516033
536.160516033
536.160516033
536.160516033
536.160516033
536.160516033
536.160516033
536.160516033
536.160516033
536.160516033
536.160516033
536.160516033
536.160516033
536.160516033
536.160516033
536.160516033
536.160516033
536.160516033
536.160516033
536.160516033
536.160516033
536.160516033
536.160516033
536.160516033
536.160516033
536.160516033
536.160516033
536.160516033
536.160516033
536.160516033
536.160516033
536.160516033
536.160516033
536.160516033
536.160516033
536.160516033
536.160516033
536.160516033
536.160516033
536.160516033
536.160516033
536.160516033
536.160516033
536.160516033
536.160516033
536.160516033
536.160516033
536.160516033
536.160516033
536.160516033
536.160516033
536.160516033
536.160516033
536.160516033
536.160516033
536.160516033
536.160516033
536.160516033
536.160516033
536.160516033
536.160516033
536.160516033
536.160516033
536.160516033
536.160516033
536.160516033
536.160516033
536.160516033
536.160516033
536.160516033
536.160516033
536.160516033
536.160516033
536.160516033
536.160516033
536.160516033
536.160516033
536.160516033
536.160516033
536.160516033
536.160516033
536.160516033
536.160516033
536.160516033
536.160516033
536.160516033
536.160516033
536.160516033
536.160516033
536.160516033
536.160516033
536.160516033
536.160516033
536.160516033
536.160516033
536.160516033
536.160516033
536.160516033
536.160516033
536.160516033
536.160516033
536.160516033
536.160516033
536.160516033
536.160516033
536.160516033
536.160516033
536.160516033
536.160516033
536.160516033
536.160516033
536.160516033
536.160516033
536.160516033
536.160516033
536.160516033
536.160516033
536.160516033
536.160516033
536.160516033
536.160516033
536.160516033
536.160516033
536.160516033
536.160516033
536.160516033
536.160516033
536.160516033
536.160516033
536.160516033
536.160516033
536.160516033
536.160516033
536.160516033
536.160516033
536.160516033
536.160516033
536.160516033
536.160516033
536.160516033
536.160516033
536.160516033
536.160516033
536.160516033
536.160516033
536.160516033
536.160516033
536.160516033
536.160516033
536.160516033
536.160516033
536.160516033
536.160516033
536.160516033
536.160516033
536.160516033
536.160516033
536.160516033
536.160516033
536.160516033
536.160516033
536.160516033
536.160516033
536.160516033
536.160516033
536.160516033
536.160516033
536.160516033
536.160516033
536.160516033
536.160516033
536.160516033
536.160516033
536.160516033
536.160516033
536.160516033
536.160516033
536.160516033
536.160516033
536.160516033
536.160516033
536.160516033
536.160516033
536.160516033
536.160516033
536.160516033
536.160516033
536.160516033
536.160516033
536.160516033
536.160516033
536.160516033
536.160516033
536.160516033
536.160516033
536.160516033
536.160516033
536.160516033
536.160516033
536.160516033
536.160516033
536.160516033
536.160516033
536.160516033
536.160516033
536.160516033
536.160516033
536.160516033
536.160516033
536.160516033
536.160516033
536.160516033
536.160516033
536.160516033
536.160516033
536.160516033
536.160516033
536.160516033
536.160516033
536.160516033
536.160516033
536.160516033
536.160516033
536.160516033
536.160516033
536.160516033
536.160516033
536.160516033
536.160516033
536.160516033
536.160516033
536.160516033
536.160516033
536.160516033
536.160516033
536.160516033
536.160516033
536.160516033
536.160516033
536.160516033
536.160516033
536.160516033
536.160516033
536.160516033
536.160516033
536.160516033
536.160516033
536.160516033
536.160516033
536.160516033
536.160516033
536.160516033
536.160516033
536.160516033
536.160516033
536.160516033
536.160516033
536.160516033
536.160516033
536.160516033
536.160516033
536.160516033
536.160516033
536.160516033
536.160516033
536.160516033
536.160516033
536.160516033
536.160516033
536.160516033
536.160516033
536.160516033
536.160516033
536.160516033
536.160516033
536.160516033
536.160516033
536.160516033
536.160516033
536.160516033
536.160516033
536.160516033
536.160516033
536.160516033
536.160516033
536.160516033
536.160516033
536.160516033
536.160516033
536.160516033
536.160516033
536.160516033
536.160516033
536.160516033
536.160516033
536.160516033
536.160516033
536.160516033
536.160516033
536.160516033
536.160516033
536.160516033
536.160516033
536.160516033
536.160516033
536.160516033
536.160516033
536.160516033
536.160516033
536.160516033
536.160516033
536.160516033
536.160516033
536.160516033
536.160516033
536.160516033
536.160516033
536.160516033
536.160516033
536.160516033
536.160516033
536.160516033
536.160516033
536.160516033
536.160516033
536.160516033
536.160516033
536.160516033
536.160516033
536.160516033
536.160516033
536.160516033
536.160516033
536.160516033
536.160516033
536.160516033
536.160516033
536.160516033
536.160516033
536.160516033
536.160516033
536.160516033
536.160516033
536.160516033
536.160516033
536.160516033
536.160516033
536.160516033
536.160516033
536.160516033
536.160516033
536.160516033
536.160516033
536.160516033
536.160516033
536.160516033
536.160516033
536.160516033
536.160516033
536.160516033
536.160516033
536.160516033
536.160516033
536.160516033
536.160516033
536.160516033
536.160516033
536.160516033
536.160516033
536.160516033
536.160516033
536.160516033
536.160516033
536.160516033
536.160516033
536.160516033
536.160516033
536.160516033
536.160516033
536.160516033
536.160516033
536.160516033
536.160516033
536.160516033
536.160516033
536.160516033
536.160516033
536.160516033
536.160516033
536.160516033
536.160516033
536.160516033
536.160516033
536.160516033
536.160516033
536.160516033
536.160516033
536.160516033
536.160516033
536.160516033
536.160516033
536.160516033
536.160516033
536.160516033
536.160516033
536.160516033
536.160516033
536.160516033
536.160516033
536.160516033
536.160516033
536.160516033
536.160516033
536.160516033
536.160516033
536.160516033
536.160516033
536.160516033
536.160516033
536.160516033
536.160516033
536.160516033
536.160516033
536.160516033
536.160516033
536.160516033
536.160516033
536.160516033
536.160516033
536.160516033
536.160516033
536.160516033
536.160516033
536.160516033
536.160516033
536.160516033
536.160516033
536.160516033
536.160516033
536.160516033
536.160516033
536.160516033
536.160516033
536.160516033
536.160516033
536.160516033
536.160516033
536.160516033
536.160516033
536.160516033
536.160516033
536.160516033
536.160516033
536.160516033
536.160516033
536.160516033
536.160516033
536.160516033
536.160516033
536.160516033
536.160516033
536.160516033
536.160516033
536.160516033
536.160516033
536.160516033
536.160516033
536.160516033
536.160516033
536.160516033
536.160516033
536.160516033
536.160516033
536.160516033
536.160516033
536.160516033
536.160516033
536.160516033
536.160516033
536.160516033
536.160516033
536.160516033
536.160516033
536.160516033
536.160516033
536.160516033
536.160516033
536.160516033
536.160516033
536.160516033
536.160516033
536.160516033
536.160516033
536.160516033
536.160516033
536.160516033
536.160516033
536.160516033
536.160516033
536.160516033
536.160516033
536.160516033
536.160516033
536.160516033
536.160516033
536.160516033
536.160516033
536.160516033
536.160516033
536.160516033
536.160516033
536.160516033
536.160516033
536.160516033
536.160516033
536.160516033
536.160516033
536.160516033
536.160516033
536.160516033
536.160516033
536.160516033
536.160516033
536.160516033
536.160516033
536.160516033
536.160516033
536.160516033
536.160516033
536.160516033
536.160516033
536.160516033
536.160516033
536.160516033
536.160516033
536.160516033
536.160516033
536.160516033
536.160516033
536.160516033
536.160516033
536.160516033
536.160516033
536.160516033
536.160516033
536.160516033
536.160516033
536.160516033
536.160516033
536.160516033
536.160516033
536.160516033
536.160516033
536.160516033
536.160516033
536.160516033
536.160516033
536.160516033
536.160516033
536.160516033
536.160516033
536.160516033
536.160516033
536.160516033
536.160516033
536.160516033
536.160516033
536.160516033
536.160516033
536.160516033
536.160516033
536.160516033
536.160516033
536.160516033
536.160516033
536.160516033
536.160516033
536.160516033
536.160516033
536.160516033
536.160516033
536.160516033
536.160516033
536.160516033
536.160516033
536.160516033
536.160516033
536.160516033
536.160516033
536.160516033
536.160516033
536.160516033
536.160516033
536.160516033
536.160516033
536.160516033
536.160516033
536.160516033
536.160516033
536.160516033
536.160516033
536.160516033
536.160516033
536.160516033
536.160516033
536.160516033
536.160516033
536.160516033
536.160516033
536.160516033
536.160516033
536.160516033
536.160516033
536.160516033
536.160516033
536.160516033
536.160516033
536.160516033
536.160516033
536.160516033
536.160516033
536.160516033
536.160516033
536.160516033
536.160516033
536.160516033
536.160516033
536.160516033
536.160516033
536.160516033
536.160516033
536.160516033
536.160516033
536.160516033
536.160516033
536.160516033
536.160516033
536.160516033
536.160516033
536.160516033
536.160516033
536.160516033
536.160516033
536.160516033
536.160516033
536.160516033
536.160516033
536.160516033
536.160516033
536.160516033
536.160516033
536.160516033
536.160516033
536.160516033
536.160516033
536.160516033
536.160516033
536.160516033
536.160516033
536.160516033
536.160516033
536.160516033
536.160516033
536.160516033
536.160516033
536.160516033
536.160516033
536.160516033
536.160516033
536.160516033
536.160516033
536.160516033
536.160516033
536.160516033
536.160516033
536.160516033
536.160516033
536.160516033
536.160516033
536.160516033
536.160516033
536.160516033
536.160516033
536.160516033
536.160516033
536.160516033
536.160516033
536.160516033
536.160516033
536.160516033
536.160516033
536.160516033
536.160516033
536.160516033
536.160516033
536.160516033
536.160516033
536.160516033
536.160516033
536.160516033
536.160516033
536.160516033
536.160516033
536.160516033
536.160516033
536.160516033
536.160516033
536.160516033
536.160516033
536.160516033
536.160516033
536.160516033
536.160516033
536.160516033
536.160516033
536.160516033
536.160516033
536.160516033
536.160516033
536.160516033
536.160516033
536.160516033
536.160516033
536.160516033
536.160516033
536.160516033
536.160516033
536.160516033
536.160516033
536.160516033
536.160516033
536.160516033
536.160516033
536.160516033
536.160516033
536.160516033
536.160516033
536.160516033
536.160516033
536.160516033
536.160516033
536.160516033
536.160516033
536.160516033
536.160516033
536.160516033
536.160516033
536.160516033
536.160516033
536.160516033
536.160516033
536.160516033
536.160516033
536.160516033
536.160516033
536.160516033
536.160516033
536.160516033
536.160516033
536.160516033
536.160516033
536.160516033
536.160516033
536.160516033
536.160516033
536.160516033
536.160516033
536.160516033
536.160516033
536.160516033
536.160516033
536.160516033
536.160516033
536.160516033
536.160516033
536.160516033
536.160516033
536.160516033
536.160516033
536.160516033
536.160516033
536.160516033
536.160516033
536.160516033
536.160516033
536.160516033
536.160516033
536.160516033
536.160516033
536.160516033
536.160516033
536.160516033
536.160516033
536.160516033
536.160516033
536.160516033
536.160516033
536.160516033
536.160516033
536.160516033
536.160516033
536.160516033
536.160516033
536.160516033
536.160516033
536.160516033
536.160516033
536.160516033
536.160516033
536.160516033
536.160516033
536.160516033
536.160516033
536.160516033
536.160516033
536.160516033
536.160516033
536.160516033
536.160516033
536.160516033
536.160516033
536.160516033
536.160516033
536.160516033
536.160516033
536.160516033
536.160516033
536.160516033
536.160516033
536.160516033
536.160516033
536.160516033
536.160516033
536.160516033
536.160516033
536.160516033
536.160516033
536.160516033
536.160516033
536.160516033
536.160516033
536.160516033
536.160516033
536.160516033
536.160516033
536.160516033
536.160516033
536.160516033
536.160516033
536.160516033
536.160516033
536.160516033
536.160516033
536.160516033
536.160516033
536.160516033
536.160516033
536.160516033
536.160516033
536.160516033
536.160516033
536.160516033
536.160516033
536.160516033
536.160516033
536.160516033
536.160516033
536.160516033
536.160516033
536.160516033
536.160516033
536.160516033
536.160516033
536.160516033
536.160516033
536.160516033
536.160516033
536.160516033
536.160516033
536.160516033
536.160516033
536.160516033
536.160516033
536.160516033
536.160516033
536.160516033
536.160516033
536.160516033
536.160516033
536.160516033
536.160516033
536.160516033
536.160516033
536.160516033
536.160516033
536.160516033
536.160516033
536.160516033
536.160516033
536.160516033
536.160516033
536.160516033
536.160516033
536.160516033
536.160516033
536.160516033
536.160516033
536.160516033
536.160516033
536.160516033
536.160516033
536.160516033
536.160516033
536.160516033
536.160516033
536.160516033
536.160516033
536.160516033
536.160516033
536.160516033
536.160516033
536.160516033
536.160516033
536.160516033
536.160516033
536.160516033
536.160516033
536.160516033
536.160516033
536.160516033
536.160516033
536.160516033
536.160516033
536.160516033
536.160516033
536.160516033
536.160516033
536.160516033
536.160516033
536.160516033
536.160516033
536.160516033
536.160516033
536.160516033
536.160516033
536.160516033
536.160516033
536.160516033
536.160516033
536.160516033
536.160516033
536.160516033
536.160516033
536.160516033
536.160516033
536.160516033
536.160516033
536.160516033
536.160516033
536.160516033
536.160516033
536.160516033
536.160516033
536.160516033
536.160516033
536.160516033
536.160516033
536.160516033
536.160516033
536.160516033
536.160516033
536.160516033
536.160516033
536.160516033
536.160516033
536.160516033
536.160516033
536.160516033
536.160516033
536.160516033
536.160516033
536.160516033
536.160516033
536.160516033
536.160516033
536.160516033
536.160516033
536.160516033
536.160516033
536.160516033
536.160516033
536.160516033
536.160516033
536.160516033
536.160516033
536.160516033
536.160516033
536.160516033
536.160516033
536.160516033
536.160516033
536.160516033
536.160516033
536.160516033
536.160516033
536.160516033
536.160516033
536.160516033
536.160516033
536.160516033
536.160516033
536.160516033
536.160516033
536.160516033
536.160516033
536.160516033
536.160516033
536.160516033
536.160516033
536.160516033
536.160516033
536.160516033
536.160516033
536.160516033
536.160516033
536.160516033
536.160516033
536.160516033
536.160516033
536.160516033
536.160516033
536.160516033
536.160516033
536.160516033
536.160516033
536.160516033
536.160516033
536.160516033
536.160516033
536.160516033
536.160516033
536.160516033
536.160516033
536.160516033
536.160516033
536.160516033
536.160516033
536.160516033
536.160516033
536.160516033
536.160516033
536.160516033
536.160516033
536.160516033
536.160516033
536.160516033
536.160516033
536.160516033
536.160516033
536.160516033
536.160516033
536.160516033
536.160516033
536.160516033
536.160516033
536.160516033
536.160516033
536.160516033
536.160516033
536.160516033
536.160516033
536.160516033
536.160516033
536.160516033
536.160516033
536.160516033
536.160516033
536.160516033
536.160516033
536.160516033
536.160516033
536.160516033
536.160516033
536.160516033
536.160516033
536.160516033
536.160516033
536.160516033
536.160516033
536.160516033
536.160516033
536.160516033
536.160516033
536.160516033
536.160516033
536.160516033
536.160516033
536.160516033
536.160516033
536.160516033
536.160516033
536.160516033
536.160516033
536.160516033
536.160516033
536.160516033
536.160516033
536.160516033
536.160516033
536.160516033
536.160516033
536.160516033
536.160516033
536.160516033
536.160516033
536.160516033
536.160516033
536.160516033
536.160516033
536.160516033
536.160516033
536.160516033
536.160516033
536.160516033
536.160516033
536.160516033
536.160516033
536.160516033
536.160516033
536.160516033
536.160516033
536.160516033
536.160516033
536.160516033
536.160516033
536.160516033
536.160516033
536.160516033
536.160516033
536.160516033
536.160516033
536.160516033
536.160516033
536.160516033
536.160516033
536.160516033
536.160516033
536.160516033
536.160516033
536.160516033
536.160516033
536.160516033
536.160516033
536.160516033
536.160516033
536.160516033
536.160516033
536.160516033
536.160516033
536.160516033
536.160516033
536.160516033
536.160516033
536.160516033
536.160516033
536.160516033
536.160516033
536.160516033
536.160516033
536.160516033
536.160516033
536.160516033
536.160516033
536.160516033
536.160516033
536.160516033
536.160516033
536.160516033
536.160516033
536.160516033
536.160516033
536.160516033
536.160516033
536.160516033
536.160516033
536.160516033
536.160516033
536.160516033
536.160516033
536.160516033
536.160516033
536.160516033
536.160516033
536.160516033
536.160516033
536.160516033
536.160516033
536.160516033
536.160516033
536.160516033
536.160516033
536.160516033
536.160516033
536.160516033
536.160516033
536.160516033
536.160516033
536.160516033
536.160516033
536.160516033
536.160516033
536.160516033
536.160516033
536.160516033
536.160516033
536.160516033
536.160516033
536.160516033
536.160516033
536.160516033
536.160516033
536.160516033
536.160516033
536.160516033
536.160516033
536.160516033
536.160516033
536.160516033
536.160516033
536.160516033
536.160516033
536.160516033
536.160516033
536.160516033
536.160516033
536.160516033
536.160516033
536.160516033
536.160516033
536.160516033
536.160516033
536.160516033
536.160516033
536.160516033
536.160516033
536.160516033
536.160516033
536.160516033
536.160516033
536.160516033
536.160516033
536.160516033
536.160516033
536.160516033
536.160516033
536.160516033
536.160516033
536.160516033
536.160516033
536.160516033
536.160516033
536.160516033
536.160516033
536.160516033
536.160516033
536.160516033
536.160516033
536.160516033
536.160516033
536.160516033
536.160516033
536.160516033
536.160516033
536.160516033
536.160516033
536.160516033
536.160516033
536.160516033
536.160516033
536.160516033
536.160516033
536.160516033
536.160516033
536.160516033
536.160516033
536.160516033
536.160516033
536.160516033
536.160516033
536.160516033
536.160516033
536.160516033
536.160516033
536.160516033
536.160516033
536.160516033
536.160516033
536.160516033
536.160516033
536.160516033
536.160516033
536.160516033
536.160516033
536.160516033
536.160516033
536.160516033
536.160516033
536.160516033
536.160516033
536.160516033
536.160516033
536.160516033
536.160516033
536.160516033
536.160516033
536.160516033
536.160516033
536.160516033
536.160516033
536.160516033
536.160516033
536.160516033
536.160516033
536.160516033
536.160516033
536.160516033
536.160516033
536.160516033
536.160516033
536.160516033
536.160516033
536.160516033
536.160516033
536.160516033
536.160516033
536.160516033
536.160516033
536.160516033
536.160516033
536.160516033
536.160516033
536.160516033
536.160516033
536.160516033
536.160516033
536.160516033
536.160516033
536.160516033
536.160516033
536.160516033
536.160516033
536.160516033
536.160516033
536.160516033
536.160516033
536.160516033
536.160516033
536.160516033
536.160516033
536.160516033
536.160516033
536.160516033
536.160516033
536.160516033
536.160516033
536.160516033
536.160516033
536.160516033
536.160516033
536.160516033
536.160516033
536.160516033
536.160516033
536.160516033
536.160516033
536.160516033
536.160516033
536.160516033
536.160516033
536.160516033
536.160516033
536.160516033
536.160516033
536.160516033
536.160516033
536.160516033
536.160516033
536.160516033
536.160516033
536.160516033
536.160516033
536.160516033
536.160516033
536.160516033
536.160516033
536.160516033
536.160516033
536.160516033
536.160516033
536.160516033
536.160516033
536.160516033
536.160516033
536.160516033
536.160516033
536.160516033
536.160516033
536.160516033
536.160516033
536.160516033
536.160516033
536.160516033
536.160516033
536.160516033
536.160516033
536.160516033
536.160516033
536.160516033
536.160516033
536.160516033
536.160516033
536.160516033
536.160516033
536.160516033
536.160516033
536.160516033
536.160516033
536.160516033
536.160516033
536.160516033
536.160516033
536.160516033
536.160516033
536.160516033
536.160516033
536.160516033
536.160516033
536.160516033
536.160516033
536.160516033
536.160516033
536.160516033
536.160516033
536.160516033
536.160516033
536.160516033
536.160516033
536.160516033
536.160516033
536.160516033
536.160516033
536.160516033
536.160516033
536.160516033
536.160516033
536.160516033
536.160516033
536.160516033
536.160516033
536.160516033
536.160516033
536.160516033
536.160516033
536.160516033
536.160516033
536.160516033
536.160516033
536.160516033
536.160516033
536.160516033
536.160516033
536.160516033
536.160516033
536.160516033
536.160516033
536.160516033
536.160516033
536.160516033
536.160516033
536.160516033
536.160516033
536.160516033
536.160516033
536.160516033
536.160516033
536.160516033
536.160516033
536.160516033
536.160516033
536.160516033
536.160516033
536.160516033
536.160516033
536.160516033
536.160516033
536.160516033
536.160516033
536.160516033
536.160516033
536.160516033
536.160516033
536.160516033
536.160516033
536.160516033
536.160516033
536.160516033
536.160516033
536.160516033
536.160516033
536.160516033
536.160516033
536.160516033
536.160516033
536.160516033
536.160516033
536.160516033
536.160516033
536.160516033
536.160516033
536.160516033
536.160516033
536.160516033
536.160516033
536.160516033
536.160516033
536.160516033
536.160516033
536.160516033
536.160516033
536.160516033
536.160516033
536.160516033
536.160516033
536.160516033
536.160516033
536.160516033
536.160516033
536.160516033
536.160516033
536.160516033
536.160516033
536.160516033
536.160516033
536.160516033
536.160516033
536.160516033
536.160516033
536.160516033
536.160516033
536.160516033
536.160516033
536.160516033
536.160516033
536.160516033
536.160516033
536.160516033
536.160516033
536.160516033
536.160516033
536.160516033
536.160516033
536.160516033
536.160516033
536.160516033
536.160516033
536.160516033
536.160516033
536.160516033
536.160516033
536.160516033
536.160516033
536.160516033
536.160516033
536.160516033
536.160516033
536.160516033
536.160516033
536.160516033
536.160516033
536.160516033
536.160516033
536.160516033
536.160516033
536.160516033
536.160516033
536.160516033
536.160516033
536.160516033
536.160516033
536.160516033
536.160516033
536.160516033
536.160516033
536.160516033
536.160516033
536.160516033
536.160516033
536.160516033
536.160516033
536.160516033
536.160516033
536.160516033
536.160516033
536.160516033
536.160516033
536.160516033
536.160516033
536.160516033
536.160516033
536.160516033
536.160516033
536.160516033
536.160516033
536.160516033
536.160516033
536.160516033
536.160516033
536.160516033
536.160516033
536.160516033
536.160516033
536.160516033
536.160516033
536.160516033
536.160516033
536.160516033
536.160516033
536.160516033
536.160516033
536.160516033
536.160516033
536.160516033
536.160516033
536.160516033
536.160516033
536.160516033
536.160516033
536.160516033
536.160516033
536.160516033
536.160516033
536.160516033
536.160516033
536.160516033
536.160516033
536.160516033
536.160516033
536.160516033
536.160516033
536.160516033
536.160516033
536.160516033
536.160516033
536.160516033
536.160516033
536.160516033
536.160516033
536.160516033
536.160516033
536.160516033
536.160516033
536.160516033
536.160516033
536.160516033
536.160516033
536.160516033
536.160516033
536.160516033
536.160516033
536.160516033
536.160516033
536.160516033
536.160516033
536.160516033
536.160516033
536.160516033
536.160516033
536.160516033
536.160516033
536.160516033
536.160516033
536.160516033
536.160516033
536.160516033
536.160516033
536.160516033
536.160516033
536.160516033
536.160516033
536.160516033
536.160516033
536.160516033
536.160516033
536.160516033
536.160516033
536.160516033
536.160516033
536.160516033
536.160516033
536.160516033
536.160516033
536.160516033
536.160516033
536.160516033
536.160516033
536.160516033
536.160516033
536.160516033
536.160516033
536.160516033
536.160516033
536.160516033
536.160516033
536.160516033
536.160516033
536.160516033
536.160516033
536.160516033
536.160516033
536.160516033
536.160516033
536.160516033
536.160516033
536.160516033
536.160516033
536.160516033
536.160516033
536.160516033
536.160516033
536.160516033
536.160516033
536.160516033
536.160516033
536.160516033
536.160516033
536.160516033
536.160516033
536.160516033
536.160516033
536.160516033
536.160516033
536.160516033
536.160516033
536.160516033
536.160516033
536.160516033
536.160516033
536.160516033
536.160516033
536.160516033
536.160516033
536.160516033
536.160516033
536.160516033
536.160516033
536.160516033
536.160516033
536.160516033
536.160516033
536.160516033
536.160516033
536.160516033
536.160516033
536.160516033
536.160516033
536.160516033
536.160516033
536.160516033
536.160516033
536.160516033
536.160516033
536.160516033
536.160516033
536.160516033
536.160516033
536.160516033
536.160516033
536.160516033
536.160516033
536.160516033
536.160516033
536.160516033
536.160516033
536.160516033
536.160516033
536.160516033
536.160516033
536.160516033
536.160516033
536.160516033
536.160516033
536.160516033
536.160516033
536.160516033
536.160516033
536.160516033
536.160516033
536.160516033
536.160516033
536.160516033
536.160516033
536.160516033
536.160516033
536.160516033
536.160516033
536.160516033
536.160516033
536.160516033
536.160516033
536.160516033
536.160516033
536.160516033
536.160516033
536.160516033
536.160516033
536.160516033
536.160516033
536.160516033
536.160516033
536.160516033
536.160516033
536.160516033
536.160516033
536.160516033
536.160516033
536.160516033
536.160516033
536.160516033
536.160516033
536.160516033
536.160516033
536.160516033
536.160516033
536.160516033
536.160516033
536.160516033
536.160516033
536.160516033
536.160516033
536.160516033
536.160516033
536.160516033
536.160516033
536.160516033
536.160516033
536.160516033
536.160516033
536.160516033
536.160516033
536.160516033
536.160516033
536.160516033
536.160516033
536.160516033
536.160516033
536.160516033
536.160516033
536.160516033
536.160516033
536.160516033
536.160516033
536.160516033
536.160516033
536.160516033
536.160516033
536.160516033
536.160516033
536.160516033
536.160516033
536.160516033
536.160516033
536.160516033
536.160516033
536.160516033
536.160516033
536.160516033
536.160516033
536.160516033
536.160516033
536.160516033
536.160516033
536.160516033
536.160516033
536.160516033
536.160516033
536.160516033
536.160516033
536.160516033
536.160516033
536.160516033
536.160516033
536.160516033
536.160516033
536.160516033
536.160516033
536.160516033
536.160516033
536.160516033
536.160516033
536.160516033
536.160516033
536.160516033
536.160516033
536.160516033
536.160516033
536.160516033
536.160516033
536.160516033
536.160516033
536.160516033
536.160516033
536.160516033
536.160516033
536.160516033
536.160516033
536.160516033
536.160516033
536.160516033
536.160516033
536.160516033
536.160516033
536.160516033
536.160516033
536.160516033
536.160516033
536.160516033
536.160516033
536.160516033
536.160516033
536.160516033
536.160516033
536.160516033
536.160516033
536.160516033
536.160516033
536.160516033
536.160516033
536.160516033
536.160516033
536.160516033
536.160516033
536.160516033
536.160516033
536.160516033
536.160516033
536.160516033
536.160516033
536.160516033
536.160516033
536.160516033
536.160516033
536.160516033
536.160516033
536.160516033
536.160516033
536.160516033
536.160516033
536.160516033
536.160516033
536.160516033
536.160516033
536.160516033
536.160516033
536.160516033
536.160516033
536.160516033
536.160516033
536.160516033
536.160516033
536.160516033
536.160516033
536.160516033
536.160516033
536.160516033
536.160516033
536.160516033
536.160516033
536.160516033
536.160516033
536.160516033
536.160516033
536.160516033
536.160516033
536.160516033
536.160516033
536.160516033
536.160516033
536.160516033
536.160516033
536.160516033
536.160516033
536.160516033
536.160516033
536.160516033
536.160516033
536.160516033
536.160516033
536.160516033
536.160516033
536.160516033
536.160516033
536.160516033
536.160516033
536.160516033
536.160516033
536.160516033
536.160516033
536.160516033
536.160516033
536.160516033
536.160516033
536.160516033
536.160516033
536.160516033
536.160516033
536.160516033
536.160516033
536.160516033
536.160516033
536.160516033
536.160516033
536.160516033
536.160516033
536.160516033
536.160516033
536.160516033
536.160516033
536.160516033
536.160516033
536.160516033
536.160516033
536.160516033
536.160516033
536.160516033
536.160516033
536.160516033
536.160516033
536.160516033
536.160516033
536.160516033
536.160516033
536.160516033
536.160516033
536.160516033
536.160516033
536.160516033
536.160516033
536.160516033
536.160516033
536.160516033
536.160516033
536.160516033
536.160516033
536.160516033
536.160516033
536.160516033
536.160516033
536.160516033
536.160516033
536.160516033
536.160516033
536.160516033
536.160516033
536.160516033
536.160516033
536.160516033
536.160516033
536.160516033
536.160516033
536.160516033
536.160516033
536.160516033
536.160516033
536.160516033
536.160516033
536.160516033
536.160516033
536.160516033
536.160516033
536.160516033
536.160516033
536.160516033
536.160516033
536.160516033
536.160516033
536.160516033
536.160516033
536.160516033
536.160516033
536.160516033
536.160516033
536.160516033
536.160516033
536.160516033
536.160516033
536.160516033
536.160516033
536.160516033
536.160516033
536.160516033
536.160516033
536.160516033
536.160516033
536.160516033
536.160516033
536.160516033
536.160516033
536.160516033
536.160516033
536.160516033
536.160516033
536.160516033
536.160516033
536.160516033
536.160516033
536.160516033
536.160516033
536.160516033
536.160516033
536.160516033
536.160516033
536.160516033
536.160516033
536.160516033
536.160516033
536.160516033
536.160516033
536.160516033
536.160516033
536.160516033
536.160516033
536.160516033
536.160516033
536.160516033
536.160516033
536.160516033
536.160516033
536.160516033
536.160516033
536.160516033
536.160516033
536.160516033
536.160516033
536.160516033
536.160516033
536.160516033
536.160516033
536.160516033
536.160516033
536.160516033
536.160516033
536.160516033
536.160516033
536.160516033
536.160516033
536.160516033
536.160516033
536.160516033
536.160516033
536.160516033
536.160516033
536.160516033
536.160516033
536.160516033
536.160516033
536.160516033
536.160516033
536.160516033
536.160516033
536.160516033
536.160516033
536.160516033
536.160516033
536.160516033
536.160516033
536.160516033
536.160516033
536.160516033
536.160516033
536.160516033
536.160516033
536.160516033
536.160516033
536.160516033
536.160516033
536.160516033
536.160516033
536.160516033
536.160516033
536.160516033
536.160516033
536.160516033
536.160516033
536.160516033
536.160516033
536.160516033
536.160516033
536.160516033
536.160516033
536.160516033
536.160516033
536.160516033
536.160516033
536.160516033
536.160516033
536.160516033
536.160516033
536.160516033
536.160516033
536.160516033
536.160516033
536.160516033
536.160516033
536.160516033
536.160516033
536.160516033
536.160516033
536.160516033
536.160516033
536.160516033
536.160516033
536.160516033
536.160516033
536.160516033
536.160516033
536.160516033
536.160516033
536.160516033
536.160516033
536.160516033
536.160516033
536.160516033
536.160516033
536.160516033
536.160516033
536.160516033
536.160516033
536.160516033
536.160516033
536.160516033
536.160516033
536.160516033
536.160516033
536.160516033
536.160516033
536.160516033
536.160516033
536.160516033
536.160516033
536.160516033
536.160516033
536.160516033
536.160516033
536.160516033
536.160516033
536.160516033
536.160516033
536.160516033
536.160516033
536.160516033
536.160516033
536.160516033
536.160516033
536.160516033
536.160516033
536.160516033
536.160516033
536.160516033
536.160516033
536.160516033
536.160516033
536.160516033
536.160516033
536.160516033
536.160516033
536.160516033
536.160516033
536.160516033
536.160516033
536.160516033
536.160516033
536.160516033
536.160516033
536.160516033
536.160516033
536.160516033
536.160516033
536.160516033
536.160516033
536.160516033
536.160516033
536.160516033
536.160516033
536.160516033
536.160516033
536.160516033
536.160516033
536.160516033
536.160516033
536.160516033
536.160516033
536.160516033
536.160516033
536.160516033
536.160516033
536.160516033
536.160516033
536.160516033
536.160516033
536.160516033
536.160516033
536.160516033
536.160516033
536.160516033
536.160516033
536.160516033
536.160516033
536.160516033
536.160516033
536.160516033
536.160516033
536.160516033
536.160516033
536.160516033
536.160516033
536.160516033
536.160516033
536.160516033
536.160516033
536.160516033
536.160516033
536.160516033
536.160516033
536.160516033
536.160516033
536.160516033
536.160516033
536.160516033
536.160516033
536.160516033
536.160516033
536.160516033
536.160516033
536.160516033
536.160516033
536.160516033
536.160516033
536.160516033
536.160516033
536.160516033
536.160516033
536.160516033
536.160516033
536.160516033
536.160516033
536.160516033
536.160516033
536.160516033
536.160516033
536.160516033
536.160516033
536.160516033
536.160516033
536.160516033
536.160516033
536.160516033
536.160516033
536.160516033
536.160516033
536.160516033
536.160516033
536.160516033
536.160516033
536.160516033
536.160516033
536.160516033
536.160516033
536.160516033
536.160516033
536.160516033
536.160516033
536.160516033
536.160516033
536.160516033
536.160516033
536.160516033
536.160516033
536.160516033
536.160516033
536.160516033
536.160516033
536.160516033
536.160516033
536.160516033
536.160516033
536.160516033
536.160516033
536.160516033
536.160516033
536.160516033
536.160516033
536.160516033
536.160516033
536.160516033
536.160516033
536.160516033
536.160516033
536.160516033
536.160516033
536.160516033
536.160516033
536.160516033
536.160516033
536.160516033
536.160516033
536.160516033
536.160516033
536.160516033
536.160516033
536.160516033
536.160516033
536.160516033
536.160516033
536.160516033
536.160516033
536.160516033
536.160516033
536.160516033
536.160516033
536.160516033
536.160516033
536.160516033
536.160516033
536.160516033
536.160516033
536.160516033
536.160516033
536.160516033
536.160516033
536.160516033
536.160516033
536.160516033
536.160516033
536.160516033
536.160516033
536.160516033
536.160516033
536.160516033
536.160516033
536.160516033
536.160516033
536.160516033
536.160516033
536.160516033
536.160516033
536.160516033
536.160516033
536.160516033
536.160516033
536.160516033
536.160516033
536.160516033
536.160516033
536.160516033
536.160516033
536.160516033
536.160516033
536.160516033
536.160516033
536.160516033
536.160516033
536.160516033
536.160516033
536.160516033
536.160516033
536.160516033
536.160516033
536.160516033
536.160516033
536.160516033
536.160516033
536.160516033
536.160516033
536.160516033
536.160516033
536.160516033
536.160516033
536.160516033
536.160516033
536.160516033
536.160516033
536.160516033
536.160516033
536.160516033
536.160516033
536.160516033
536.160516033
536.160516033
536.160516033
536.160516033
536.160516033
536.160516033
536.160516033
536.160516033
536.160516033
536.160516033
536.160516033
536.160516033
536.160516033
536.160516033
536.160516033
536.160516033
536.160516033
536.160516033
536.160516033
536.160516033
536.160516033
536.160516033
536.160516033
536.160516033
536.160516033
536.160516033
536.160516033
536.160516033
536.160516033
536.160516033
536.160516033
536.160516033
536.160516033
536.160516033
536.160516033
536.160516033
536.160516033
536.160516033
536.160516033
536.160516033
536.160516033
536.160516033
536.160516033
536.160516033
536.160516033
536.160516033
536.160516033
536.160516033
536.160516033
536.160516033
536.160516033
536.160516033
536.160516033
536.160516033
536.160516033
536.160516033
536.160516033
536.160516033
536.160516033
536.160516033
536.160516033
536.160516033
536.160516033
536.160516033
536.160516033
536.160516033
536.160516033
536.160516033
536.160516033
536.160516033
536.160516033
536.160516033
536.160516033
536.160516033
536.160516033
536.160516033
536.160516033
536.160516033
536.160516033
536.160516033
536.160516033
536.160516033
536.160516033
536.160516033
536.160516033
536.160516033
536.160516033
536.160516033
536.160516033
536.160516033
536.160516033
536.160516033
536.160516033
536.160516033
536.160516033
536.160516033
536.160516033
536.160516033
536.160516033
536.160516033
536.160516033
536.160516033
536.160516033
536.160516033
536.160516033
536.160516033
536.160516033
536.160516033
536.160516033
536.160516033
536.160516033
536.160516033
536.160516033
536.160516033
536.160516033
536.160516033
536.160516033
536.160516033
536.160516033
536.160516033
536.160516033
536.160516033
536.160516033
536.160516033
536.160516033
536.160516033
536.160516033
536.160516033
536.160516033
536.160516033
536.160516033
536.160516033
536.160516033
536.160516033
536.160516033
536.160516033
536.160516033
536.160516033
536.160516033
536.160516033
536.160516033
536.160516033
536.160516033
536.160516033
536.160516033
536.160516033
536.160516033
536.160516033
536.160516033
536.160516033
536.160516033
536.160516033
536.160516033
536.160516033
536.160516033
536.160516033
536.160516033
536.160516033
536.160516033
536.160516033
536.160516033
536.160516033
536.160516033
536.160516033
536.160516033
536.160516033
536.160516033
536.160516033
536.160516033
536.160516033
536.160516033
536.160516033
536.160516033
536.160516033
536.160516033
536.160516033
536.160516033
536.160516033
536.160516033
536.160516033
536.160516033
536.160516033
536.160516033
536.160516033
536.160516033
536.160516033
536.160516033
536.160516033
536.160516033
536.160516033
536.160516033
536.160516033
536.160516033
536.160516033
536.160516033
536.160516033
536.160516033
536.160516033
536.160516033
536.160516033
536.160516033
536.160516033
536.160516033
536.160516033
536.160516033
536.160516033
536.160516033
536.160516033
536.160516033
536.160516033
536.160516033
536.160516033
536.160516033
536.160516033
536.160516033
536.160516033
536.160516033
536.160516033
536.160516033
536.160516033
536.160516033
536.160516033
536.160516033
536.160516033
536.160516033
536.160516033
536.160516033
536.160516033
536.160516033
536.160516033
536.160516033
536.160516033
536.160516033
536.160516033
536.160516033
536.160516033
536.160516033
536.160516033
536.160516033
536.160516033
536.160516033
536.160516033
536.160516033
536.160516033
536.160516033
536.160516033
536.160516033
536.160516033
536.160516033
536.160516033
536.160516033
536.160516033
536.160516033
536.160516033
536.160516033
536.160516033
536.160516033
536.160516033
536.160516033
536.160516033
536.160516033
536.160516033
536.160516033
536.160516033
536.160516033
536.160516033
536.160516033
536.160516033
536.160516033
536.160516033
536.160516033
536.160516033
536.160516033
536.160516033
536.160516033
536.160516033
536.160516033
536.160516033
536.160516033
536.160516033
536.160516033
536.160516033
536.160516033
536.160516033
536.160516033
536.160516033
536.160516033
536.160516033
536.160516033
536.160516033
536.160516033
536.160516033
536.160516033
536.160516033
536.160516033
536.160516033
536.160516033
536.160516033
536.160516033
536.160516033
536.160516033
536.160516033
536.160516033
536.160516033
536.160516033
536.160516033
536.160516033
536.160516033
536.160516033
536.160516033
536.160516033
536.160516033
536.160516033
536.160516033
536.160516033
536.160516033
536.160516033
536.160516033
536.160516033
536.160516033
536.160516033
536.160516033
536.160516033
536.160516033
536.160516033
536.160516033
536.160516033
536.160516033
536.160516033
536.160516033
536.160516033
536.160516033
536.160516033
536.160516033
536.160516033
536.160516033
536.160516033
536.160516033
536.160516033
536.160516033
536.160516033
536.160516033
536.160516033
536.160516033
536.160516033
536.160516033
536.160516033
536.160516033
536.160516033
536.160516033
536.160516033
536.160516033
536.160516033
536.160516033
536.160516033
536.160516033
536.160516033
536.160516033
536.160516033
536.160516033
536.160516033
536.160516033
536.160516033
536.160516033
536.160516033
536.160516033
536.160516033
536.160516033
536.160516033
536.160516033
536.160516033
536.160516033
536.160516033
536.160516033
536.160516033
536.160516033
536.160516033
536.160516033
536.160516033
536.160516033
536.160516033
536.160516033
536.160516033
536.160516033
536.160516033
536.160516033
536.160516033
536.160516033
536.160516033
536.160516033
536.160516033
536.160516033
536.160516033
536.160516033
536.160516033
536.160516033
536.160516033
536.160516033
536.160516033
536.160516033
536.160516033
536.160516033
536.160516033
536.160516033
536.160516033
536.160516033
536.160516033
536.160516033
536.160516033
536.160516033
536.160516033
536.160516033
536.160516033
536.160516033
536.160516033
536.160516033
536.160516033
536.160516033
536.160516033
536.160516033
536.160516033
536.160516033
536.160516033
536.160516033
536.160516033
536.160516033
536.160516033
536.160516033
536.160516033
536.160516033
536.160516033
536.160516033
536.160516033
536.160516033
536.160516033
536.160516033
536.160516033
536.160516033
536.160516033
536.160516033
536.160516033
536.160516033
536.160516033
536.160516033
536.160516033
536.160516033
536.160516033
536.160516033
536.160516033
536.160516033
536.160516033
536.160516033
536.160516033
536.160516033
536.160516033
536.160516033
536.160516033
536.160516033
536.160516033
536.160516033
536.160516033
536.160516033
536.160516033
536.160516033
536.160516033
536.160516033
536.160516033
536.160516033
536.160516033
536.160516033
536.160516033
536.160516033
536.160516033
536.160516033
536.160516033
536.160516033
536.160516033
536.160516033
536.160516033
536.160516033
536.160516033
536.160516033
536.160516033
536.160516033
536.160516033
536.160516033
536.160516033
536.160516033
536.160516033
536.160516033
536.160516033
536.160516033
536.160516033
536.160516033
536.160516033
536.160516033
536.160516033
536.160516033
536.160516033
536.160516033
536.160516033
536.160516033
536.160516033
536.160516033
536.160516033
536.160516033
536.160516033
536.160516033
536.160516033
536.160516033
536.160516033
536.160516033
536.160516033
536.160516033
536.160516033
536.160516033
536.160516033
536.160516033
536.160516033
536.160516033
536.160516033
536.160516033
536.160516033
536.160516033
536.160516033
536.160516033
536.160516033
536.160516033
536.160516033
536.160516033
536.160516033
536.160516033
536.160516033
536.160516033
536.160516033
536.160516033
536.160516033
536.160516033
536.160516033
536.160516033
536.160516033
536.160516033
536.160516033
536.160516033
536.160516033
536.160516033
536.160516033
536.160516033
536.160516033
536.160516033
536.160516033
536.160516033
536.160516033
536.160516033
536.160516033
536.160516033
536.160516033
536.160516033
536.160516033
536.160516033
536.160516033
536.160516033
536.160516033
536.160516033
536.160516033
536.160516033
536.160516033
536.160516033
536.160516033
536.160516033
536.160516033
536.160516033
536.160516033
536.160516033
536.160516033
536.160516033
536.160516033
536.160516033
536.160516033
536.160516033
536.160516033
536.160516033
536.160516033
536.160516033
536.160516033
536.160516033
536.160516033
536.160516033
536.160516033
536.160516033
536.160516033
536.160516033
536.160516033
536.160516033
