1536.23853665
1404.88010654
1395.08177321
1377.31390773
1336.99085208
1327.31810266
1321.50663948
1316.11741295
1270.82272355
1260.88189833
1240.93962495
1197.42834846
1133.47765339
1114.5918548
1062.28766105
1053.86223675
1046.93235012
1034.96621496
1037.70335506
1049.69638207
1038.11421862
1047.06142805
1049.23995844
1044.71796318
1021.53010061
1016.92927782
1018.04875767
1016.16828205
1006.59471061
1019.18569041
1016.50836121
1027.89735047
1027.89735047
993.13563677
1004.72817099
1014.05344293
1026.63700551
1026.63700551
1017.77590656
986.621917093
966.430604128
966.206586743
929.060182594
941.677516077
944.236095533
940.557515097
928.977327366
944.02815699
933.31378842
943.128490592
928.946415736
939.660784305
947.671157756
955.765682588
958.751443918
958.559035689
937.851941511
936.98606436
926.523392549
931.361386334
944.705676168
933.967754625
938.291105242
938.968652251
940.509894352
940.509894352
940.509894352
933.556377806
933.556377806
913.713357425
913.713357425
911.636173274
909.964999245
909.103364624
915.482826494
890.960329169
881.231361131
881.367004223
864.053717983
853.423958859
853.423958859
854.066388731
854.066388731
860.578472825
851.092365236
857.909109428
857.909109428
857.909109428
857.909109428
873.131755159
873.131755159
873.131755159
873.131755159
873.131755159
873.131755159
873.131755159
873.131755159
873.131755159
873.131755159
873.131755159
869.349409249
872.01848666
849.043660086
840.886665496
840.886665496
840.886665496
840.886665496
827.065732764
827.065732764
827.56988221
827.56988221
827.56988221
825.38668783
811.761753054
811.761753054
811.761753054
812.659962458
812.659962458
806.98968099
791.613617777
791.613617777
791.613617777
793.79946732
793.79946732
793.79946732
785.50996816
785.50996816
785.50996816
785.50996816
785.50996816
785.50996816
785.541809618
785.541809618
785.541809618
785.541809618
779.953687769
779.953687769
779.953687769
779.953687769
779.953687769
779.953687769
779.953687769
779.953687769
779.953687769
779.953687769
779.953687769
782.429952174
771.105543723
771.105543723
767.910919802
767.910919802
767.910919802
767.910919802
767.910919802
767.910919802
767.579729018
767.579729018
760.593335597
760.593335597
760.593335597
760.593335597
760.593335597
758.9753802
758.9753802
758.9753802
749.251717868
749.251717868
748.05035688
748.05035688
748.05035688
748.05035688
748.05035688
741.809752344
741.809752344
741.809752344
741.809752344
737.252216904
737.252216904
734.738867443
734.738867443
734.738867443
733.75376165
733.75376165
733.798107927
733.798107927
733.798107927
733.798107927
733.798107927
733.798107927
733.760513815
733.760513815
733.760513815
733.760513815
733.760513815
733.760513815
733.760513815
733.760513815
733.760513815
733.760513815
733.760513815
733.760513815
733.760513815
731.530519648
731.530519648
731.530519648
731.530519648
731.530519648
731.530519648
731.530519648
731.530519648
731.530519648
731.530519648
716.418232892
716.439767086
714.204150441
714.204150441
714.204150441
714.204150441
714.204150441
714.204150441
703.906330399
703.906330399
703.906330399
701.691749855
701.691749855
701.691749855
701.691749855
689.868960043
689.690478401
687.731518887
687.731518887
687.731518887
687.731518887
687.731518887
682.436218797
682.436218797
682.436218797
682.436218797
682.436218797
678.425968736
678.425968736
671.688703508
671.688703508
660.219449488
660.219449488
660.219449488
660.219449488
660.219449488
660.219449488
659.050505521
659.050505521
659.050505521
659.050505521
659.050505521
659.050505521
659.050505521
659.050505521
652.669734134
652.669734134
652.669734134
652.669734134
652.669734134
652.669734134
652.669734134
652.669734134
652.669734134
651.148724983
651.148724983
651.148724983
651.148724983
649.032259632
649.032259632
649.032259632
649.032259632
649.032259632
649.032259632
649.032259632
649.032259632
645.653060565
645.653060565
639.999763587
639.999763587
639.999763587
639.999763587
639.999763587
628.084271447
628.084271447
628.084271447
628.084271447
628.084271447
628.084271447
628.084271447
628.084271447
628.084271447
628.084271447
628.084271447
628.084271447
628.084271447
628.084271447
628.084271447
628.084271447
628.084271447
628.084271447
628.084271447
628.084271447
628.084271447
628.084271447
628.084271447
628.084271447
628.084271447
628.084271447
628.084271447
628.084271447
628.084271447
628.084271447
628.084271447
628.084271447
628.084271447
628.084271447
628.084271447
628.084271447
628.084271447
628.084271447
628.084271447
628.084271447
628.084271447
628.084271447
628.084271447
628.084271447
628.084271447
628.084271447
628.084271447
628.084271447
628.084271447
628.084271447
628.084271447
628.084271447
628.084271447
628.084271447
628.084271447
628.084271447
628.084271447
628.084271447
628.084271447
628.084271447
628.084271447
628.084271447
628.084271447
628.084271447
628.084271447
628.084271447
628.084271447
628.084271447
628.084271447
628.084271447
628.084271447
625.873537053
625.873537053
625.873537053
625.873537053
625.873537053
625.873537053
625.873537053
625.873537053
625.873537053
625.873537053
625.873537053
625.873537053
625.873537053
625.873537053
625.873537053
622.231349989
622.231349989
622.231349989
622.231349989
616.464507943
616.464507943
616.464507943
616.464507943
616.464507943
616.464507943
616.464507943
616.464507943
616.464507943
616.464507943
616.464507943
616.464507943
616.464507943
616.464507943
616.464507943
616.464507943
613.923117047
613.923117047
613.923117047
613.923117047
613.923117047
613.923117047
613.923117047
613.923117047
613.923117047
613.923117047
613.923117047
613.923117047
613.923117047
613.923117047
613.923117047
613.923117047
613.923117047
613.652203268
613.652203268
613.652203268
613.652203268
613.652203268
613.652203268
613.652203268
613.652203268
613.652203268
613.652203268
613.652203268
613.652203268
613.652203268
613.652203268
613.652203268
613.652203268
613.652203268
613.652203268
613.652203268
613.652203268
613.652203268
613.652203268
613.652203268
613.652203268
613.652203268
613.652203268
613.652203268
613.652203268
613.652203268
613.652203268
613.652203268
613.652203268
613.652203268
613.652203268
613.652203268
613.652203268
613.652203268
613.652203268
613.652203268
613.652203268
611.471063986
611.471063986
611.471063986
611.471063986
611.471063986
611.471063986
611.471063986
611.471063986
611.471063986
611.471063986
611.471063986
611.471063986
611.471063986
611.471063986
611.471063986
611.471063986
611.471063986
611.471063986
611.471063986
611.471063986
611.471063986
611.471063986
611.11937061
611.11937061
611.11937061
611.11937061
611.11937061
611.11937061
611.11937061
611.11937061
611.11937061
611.11937061
611.11937061
611.11937061
611.11937061
611.11937061
611.11937061
611.11937061
611.11937061
611.11937061
611.11937061
611.11937061
611.11937061
611.11937061
611.11937061
611.11937061
611.11937061
611.11937061
611.11937061
611.11937061
611.11937061
611.11937061
611.11937061
611.11937061
611.11937061
611.11937061
611.11937061
611.11937061
611.11937061
611.11937061
611.11937061
611.11937061
611.11937061
611.11937061
610.324374667
610.324374667
610.324374667
610.324374667
610.324374667
610.324374667
610.324374667
610.324374667
610.324374667
610.324374667
610.324374667
610.324374667
610.324374667
610.324374667
610.324374667
610.324374667
610.324374667
610.324374667
610.324374667
610.324374667
610.324374667
610.324374667
610.324374667
610.324374667
610.324374667
610.324374667
610.324374667
610.324374667
610.324374667
610.324374667
610.324374667
610.324374667
610.324374667
610.324374667
610.324374667
610.324374667
610.324374667
610.324374667
610.324374667
610.324374667
610.324374667
610.324374667
610.324374667
610.324374667
610.324374667
610.324374667
610.324374667
610.324374667
610.324374667
608.586134324
608.586134324
608.586134324
608.586134324
608.586134324
608.586134324
608.586134324
608.586134324
608.586134324
608.586134324
608.586134324
608.586134324
608.586134324
608.586134324
608.586134324
608.586134324
608.586134324
608.586134324
608.586134324
608.586134324
608.586134324
608.586134324
608.586134324
608.586134324
608.586134324
608.586134324
608.586134324
608.586134324
608.586134324
608.586134324
608.586134324
608.586134324
608.586134324
608.586134324
608.586134324
608.586134324
608.586134324
608.586134324
608.586134324
608.586134324
608.586134324
608.586134324
608.586134324
608.586134324
608.586134324
608.586134324
608.586134324
608.586134324
608.586134324
608.586134324
608.586134324
608.586134324
608.586134324
608.586134324
607.888257967
607.888257967
607.888257967
607.888257967
607.888257967
607.888257967
607.888257967
607.888257967
607.888257967
607.888257967
607.888257967
607.888257967
607.888257967
607.888257967
607.888257967
607.888257967
607.888257967
607.888257967
607.888257967
607.888257967
607.888257967
607.888257967
607.888257967
607.888257967
607.888257967
607.888257967
607.888257967
607.888257967
607.888257967
607.888257967
607.888257967
607.888257967
607.888257967
607.888257967
607.888257967
607.888257967
607.888257967
607.888257967
607.888257967
607.888257967
607.888257967
607.888257967
607.888257967
607.888257967
607.888257967
607.888257967
607.888257967
607.888257967
607.888257967
607.888257967
607.888257967
607.888257967
607.888257967
607.888257967
607.888257967
607.888257967
607.888257967
607.888257967
607.888257967
607.888257967
607.888257967
607.888257967
607.888257967
607.888257967
607.888257967
607.888257967
607.888257967
607.888257967
607.888257967
607.888257967
607.888257967
607.888257967
607.888257967
607.888257967
607.888257967
607.888257967
607.888257967
607.888257967
607.888257967
607.888257967
607.888257967
607.888257967
607.888257967
607.888257967
607.888257967
607.888257967
607.888257967
607.888257967
607.888257967
607.888257967
607.888257967
607.888257967
607.888257967
607.888257967
607.888257967
607.888257967
607.888257967
607.888257967
607.888257967
607.888257967
607.888257967
607.888257967
607.888257967
607.888257967
607.888257967
607.888257967
607.888257967
607.888257967
607.888257967
607.888257967
607.888257967
607.888257967
607.888257967
607.888257967
607.888257967
607.888257967
607.888257967
607.888257967
607.888257967
607.888257967
607.888257967
607.888257967
607.888257967
607.888257967
601.952363098
601.952363098
601.952363098
601.952363098
601.952363098
583.060894175
583.060894175
583.060894175
583.060894175
583.060894175
583.060894175
583.060894175
583.060894175
583.060894175
583.060894175
580.364615335
580.364615335
580.364615335
580.364615335
580.364615335
580.364615335
580.364615335
580.364615335
580.364615335
580.364615335
580.364615335
580.364615335
580.364615335
580.364615335
579.512287823
579.512287823
579.512287823
579.512287823
579.512287823
579.512287823
579.512287823
579.512287823
579.512287823
579.512287823
579.512287823
579.512287823
579.512287823
579.512287823
579.512287823
579.512287823
579.512287823
579.512287823
579.512287823
579.512287823
579.512287823
579.512287823
579.512287823
579.512287823
579.512287823
579.512287823
579.512287823
579.512287823
579.512287823
579.512287823
579.512287823
579.512287823
579.512287823
579.512287823
579.512287823
579.512287823
579.512287823
579.512287823
579.512287823
579.512287823
579.512287823
579.512287823
579.512287823
579.512287823
579.512287823
579.512287823
579.512287823
579.512287823
579.512287823
579.512287823
579.512287823
579.512287823
579.512287823
579.512287823
579.512287823
579.512287823
579.512287823
579.512287823
579.512287823
579.512287823
579.512287823
579.512287823
579.512287823
579.512287823
579.512287823
579.512287823
579.512287823
575.877224126
575.877224126
575.877224126
575.877224126
575.877224126
575.877224126
575.877224126
575.877224126
575.877224126
575.877224126
575.877224126
575.877224126
575.877224126
575.877224126
575.877224126
575.877224126
575.877224126
575.877224126
575.877224126
575.877224126
575.877224126
575.877224126
575.877224126
575.877224126
575.877224126
575.877224126
575.877224126
575.877224126
575.877224126
575.877224126
575.877224126
575.877224126
575.877224126
575.877224126
575.877224126
575.877224126
575.877224126
575.877224126
575.877224126
575.877224126
575.877224126
575.877224126
572.419483657
572.419483657
572.419483657
572.419483657
572.419483657
572.419483657
572.419483657
572.419483657
572.419483657
572.419483657
572.419483657
572.419483657
572.419483657
572.419483657
572.419483657
572.419483657
572.419483657
572.419483657
572.419483657
572.419483657
572.419483657
572.419483657
572.419483657
572.419483657
572.419483657
572.419483657
572.419483657
572.419483657
572.419483657
572.419483657
572.419483657
572.419483657
572.419483657
572.419483657
572.419483657
572.419483657
572.419483657
572.419483657
572.419483657
572.419483657
572.419483657
572.419483657
572.419483657
572.419483657
572.419483657
572.419483657
572.419483657
572.419483657
572.419483657
572.419483657
572.419483657
572.419483657
572.419483657
572.419483657
572.419483657
572.419483657
572.419483657
572.419483657
572.419483657
572.419483657
572.419483657
572.419483657
572.419483657
572.419483657
572.419483657
572.419483657
572.419483657
572.419483657
572.419483657
572.419483657
572.419483657
572.419483657
572.419483657
572.419483657
572.419483657
572.419483657
572.419483657
572.419483657
572.419483657
572.419483657
572.419483657
572.419483657
572.419483657
572.419483657
572.419483657
572.419483657
572.419483657
572.419483657
572.419483657
572.419483657
572.419483657
572.419483657
572.419483657
572.419483657
572.419483657
572.419483657
572.419483657
572.419483657
572.419483657
572.419483657
572.419483657
572.419483657
572.419483657
572.419483657
572.419483657
572.419483657
572.419483657
572.419483657
572.419483657
572.419483657
572.419483657
572.419483657
572.419483657
572.419483657
572.419483657
572.419483657
572.419483657
572.419483657
572.419483657
572.419483657
572.419483657
572.419483657
572.419483657
572.419483657
572.419483657
572.419483657
572.419483657
572.419483657
572.419483657
572.419483657
572.419483657
572.419483657
572.419483657
572.419483657
572.419483657
572.419483657
572.419483657
572.419483657
572.419483657
572.419483657
572.419483657
572.419483657
572.419483657
572.419483657
572.419483657
572.419483657
572.419483657
572.419483657
572.419483657
572.419483657
572.419483657
572.419483657
572.419483657
572.419483657
572.419483657
572.419483657
572.419483657
572.419483657
572.419483657
572.419483657
572.419483657
572.419483657
572.419483657
572.419483657
572.419483657
572.419483657
572.419483657
572.419483657
564.28574822
564.28574822
564.28574822
564.28574822
564.28574822
564.28574822
564.28574822
564.28574822
564.28574822
564.28574822
564.28574822
564.28574822
564.28574822
564.28574822
564.28574822
564.28574822
564.28574822
564.28574822
564.28574822
564.28574822
564.28574822
564.28574822
564.28574822
564.28574822
564.28574822
564.28574822
564.28574822
564.28574822
564.28574822
564.28574822
564.28574822
564.28574822
564.28574822
564.28574822
564.28574822
564.28574822
564.28574822
564.28574822
564.28574822
564.28574822
564.28574822
564.28574822
564.28574822
564.28574822
564.28574822
564.28574822
564.28574822
564.28574822
564.28574822
564.28574822
562.040860776
562.040860776
562.040860776
562.040860776
562.040860776
562.040860776
562.040860776
562.040860776
562.040860776
562.040860776
562.040860776
562.040860776
562.040860776
562.040860776
562.040860776
562.040860776
562.040860776
562.040860776
562.040860776
562.040860776
562.040860776
562.040860776
562.040860776
562.040860776
562.040860776
562.040860776
562.040860776
562.040860776
562.040860776
562.040860776
562.040860776
562.040860776
562.040860776
562.040860776
562.040860776
562.040860776
562.040860776
562.040860776
562.040860776
562.040860776
562.040860776
562.040860776
562.040860776
562.040860776
562.040860776
562.040860776
562.040860776
562.040860776
562.040860776
562.040860776
562.040860776
562.040860776
562.040860776
562.040860776
562.040860776
562.040860776
562.040860776
562.040860776
562.040860776
562.040860776
562.040860776
562.040860776
562.040860776
562.040860776
562.040860776
562.040860776
562.040860776
562.040860776
562.040860776
562.040860776
562.040860776
562.040860776
562.040860776
562.040860776
562.040860776
562.040860776
562.040860776
562.040860776
562.040860776
562.040860776
562.040860776
562.040860776
562.040860776
562.040860776
562.040860776
562.040860776
562.040860776
562.040860776
562.040860776
562.040860776
562.040860776
562.040860776
562.040860776
562.040860776
562.040860776
562.040860776
562.040860776
562.040860776
562.040860776
562.040860776
562.040860776
562.040860776
562.040860776
562.040860776
562.040860776
562.040860776
562.040860776
562.040860776
562.040860776
562.040860776
562.040860776
562.040860776
562.040860776
562.040860776
562.040860776
562.040860776
562.040860776
562.040860776
562.040860776
562.040860776
562.040860776
562.040860776
562.040860776
562.040860776
562.040860776
562.040860776
562.040860776
562.040860776
562.040860776
562.040860776
562.040860776
562.040860776
562.040860776
562.040860776
562.040860776
562.040860776
562.040860776
562.040860776
562.040860776
562.040860776
562.040860776
562.040860776
562.040860776
562.040860776
562.040860776
562.040860776
562.040860776
562.040860776
562.040860776
562.040860776
562.040860776
562.040860776
562.040860776
562.040860776
562.040860776
562.040860776
562.040860776
562.040860776
562.040860776
562.040860776
562.040860776
562.040860776
562.040860776
562.040860776
562.040860776
562.040860776
562.040860776
562.040860776
562.040860776
562.040860776
562.040860776
562.040860776
562.040860776
562.040860776
562.040860776
562.040860776
562.040860776
562.040860776
562.040860776
562.040860776
562.040860776
562.040860776
562.040860776
562.040860776
562.040860776
562.040860776
562.040860776
562.040860776
562.040860776
562.040860776
562.040860776
562.040860776
562.040860776
562.040860776
562.040860776
562.040860776
562.040860776
562.040860776
562.040860776
562.040860776
562.040860776
562.040860776
562.040860776
562.040860776
562.040860776
562.040860776
562.040860776
562.040860776
562.040860776
562.040860776
562.040860776
562.040860776
562.040860776
562.040860776
562.040860776
562.040860776
562.040860776
562.040860776
562.040860776
562.040860776
562.040860776
562.040860776
562.040860776
562.040860776
562.040860776
562.040860776
562.040860776
562.040860776
562.040860776
562.040860776
562.040860776
562.040860776
562.040860776
562.040860776
562.040860776
562.040860776
562.040860776
562.040860776
562.040860776
562.040860776
562.040860776
562.040860776
562.040860776
562.040860776
562.040860776
562.040860776
562.040860776
562.040860776
562.040860776
562.040860776
562.040860776
562.040860776
562.040860776
562.040860776
562.040860776
562.040860776
562.040860776
562.040860776
562.040860776
562.040860776
562.040860776
562.040860776
562.040860776
562.040860776
562.040860776
562.040860776
562.040860776
562.040860776
562.040860776
562.040860776
562.040860776
562.040860776
562.040860776
562.040860776
562.040860776
562.040860776
562.040860776
562.040860776
562.040860776
562.040860776
562.040860776
562.040860776
562.040860776
562.040860776
562.040860776
562.040860776
562.040860776
562.040860776
562.040860776
562.040860776
562.040860776
562.040860776
562.040860776
562.040860776
562.040860776
562.040860776
562.040860776
562.040860776
562.040860776
562.040860776
562.040860776
562.040860776
562.040860776
562.040860776
562.040860776
562.040860776
562.040860776
562.040860776
562.040860776
562.040860776
562.040860776
562.040860776
562.040860776
562.040860776
562.040860776
562.040860776
562.040860776
562.040860776
562.040860776
562.040860776
562.040860776
562.040860776
562.040860776
562.040860776
562.040860776
562.040860776
562.040860776
562.040860776
562.040860776
562.040860776
562.040860776
562.040860776
562.040860776
562.040860776
562.040860776
562.040860776
562.040860776
562.040860776
562.040860776
562.040860776
562.040860776
561.378805233
561.378805233
561.378805233
561.378805233
559.829136997
559.829136997
559.829136997
559.829136997
559.829136997
559.829136997
559.829136997
559.829136997
559.829136997
559.829136997
559.829136997
559.829136997
559.829136997
559.829136997
559.829136997
559.829136997
559.829136997
559.829136997
559.829136997
559.829136997
559.829136997
559.829136997
559.829136997
559.829136997
559.829136997
559.829136997
559.829136997
559.829136997
559.829136997
559.829136997
559.829136997
559.829136997
559.829136997
556.59646712
556.59646712
556.59646712
556.59646712
556.59646712
556.59646712
556.59646712
556.59646712
556.59646712
556.59646712
556.59646712
556.59646712
556.59646712
556.59646712
556.59646712
556.59646712
556.59646712
556.59646712
556.59646712
556.59646712
556.59646712
556.59646712
556.59646712
556.59646712
556.59646712
555.540203286
555.540203286
555.540203286
555.540203286
555.540203286
555.540203286
555.540203286
555.540203286
555.540203286
555.540203286
555.540203286
555.540203286
555.540203286
555.540203286
555.540203286
555.540203286
555.540203286
555.540203286
555.540203286
555.540203286
555.540203286
555.540203286
555.540203286
555.540203286
555.540203286
555.540203286
555.540203286
555.540203286
555.540203286
555.540203286
555.540203286
555.540203286
555.540203286
555.540203286
555.540203286
555.540203286
555.540203286
555.540203286
555.540203286
555.540203286
555.540203286
555.540203286
555.540203286
555.540203286
555.540203286
555.540203286
555.540203286
555.540203286
555.540203286
555.540203286
555.540203286
555.540203286
555.540203286
555.540203286
555.540203286
555.540203286
555.540203286
555.540203286
555.540203286
555.540203286
555.540203286
555.540203286
555.540203286
555.540203286
555.540203286
555.540203286
555.540203286
555.540203286
555.540203286
555.540203286
555.540203286
555.540203286
555.540203286
555.540203286
555.540203286
555.540203286
555.540203286
555.540203286
555.540203286
555.540203286
555.540203286
555.540203286
555.540203286
555.540203286
555.540203286
555.540203286
555.540203286
555.540203286
555.540203286
555.540203286
555.540203286
555.540203286
555.540203286
555.540203286
555.540203286
555.540203286
555.540203286
555.540203286
555.540203286
555.540203286
555.540203286
555.540203286
555.540203286
555.540203286
555.540203286
555.540203286
555.540203286
555.540203286
555.540203286
555.540203286
555.540203286
555.540203286
555.540203286
555.540203286
555.540203286
555.540203286
555.540203286
555.540203286
555.540203286
555.540203286
555.540203286
555.540203286
555.540203286
555.540203286
555.540203286
555.540203286
555.540203286
555.540203286
555.540203286
555.540203286
555.540203286
555.540203286
555.540203286
555.540203286
555.540203286
555.540203286
555.540203286
555.540203286
555.540203286
555.540203286
555.540203286
555.540203286
555.540203286
553.741637993
553.741637993
553.741637993
553.741637993
553.741637993
553.741637993
553.741637993
553.741637993
553.741637993
553.741637993
553.741637993
553.741637993
553.741637993
553.741637993
553.741637993
553.741637993
553.741637993
553.741637993
553.741637993
553.741637993
553.741637993
553.741637993
553.741637993
553.741637993
553.741637993
553.741637993
553.741637993
553.741637993
553.741637993
553.741637993
553.741637993
553.741637993
553.741637993
553.741637993
553.741637993
553.741637993
553.741637993
553.741637993
553.741637993
553.741637993
553.741637993
553.741637993
553.741637993
553.741637993
553.741637993
553.741637993
553.031263877
553.031263877
553.031263877
553.031263877
553.031263877
553.031263877
553.031263877
553.031263877
553.031263877
553.031263877
553.031263877
553.031263877
553.031263877
553.031263877
553.031263877
553.031263877
553.031263877
553.031263877
553.031263877
553.031263877
553.031263877
553.031263877
553.031263877
553.031263877
553.031263877
553.031263877
553.031263877
553.031263877
553.031263877
553.031263877
553.031263877
553.031263877
553.031263877
553.031263877
553.031263877
553.031263877
553.031263877
553.031263877
553.031263877
553.031263877
553.031263877
553.031263877
553.031263877
553.031263877
553.031263877
553.031263877
553.031263877
553.031263877
553.031263877
553.031263877
553.031263877
553.031263877
553.031263877
553.031263877
553.031263877
553.031263877
553.031263877
553.031263877
553.031263877
553.031263877
553.031263877
553.031263877
553.031263877
553.031263877
553.031263877
553.031263877
553.031263877
553.031263877
553.031263877
553.031263877
553.031263877
553.031263877
553.031263877
553.031263877
553.031263877
553.031263877
553.031263877
553.031263877
553.031263877
553.031263877
553.031263877
553.031263877
553.031263877
553.031263877
553.031263877
553.031263877
553.031263877
553.031263877
553.031263877
553.031263877
553.031263877
553.031263877
553.031263877
553.031263877
553.031263877
553.031263877
553.031263877
553.031263877
553.031263877
553.031263877
553.031263877
553.031263877
553.031263877
553.031263877
553.031263877
553.031263877
553.031263877
553.031263877
553.031263877
553.031263877
553.031263877
553.031263877
553.031263877
553.031263877
553.031263877
553.031263877
553.031263877
553.031263877
553.031263877
553.031263877
553.031263877
553.031263877
553.031263877
553.031263877
553.031263877
553.031263877
553.031263877
553.031263877
553.031263877
553.031263877
553.031263877
553.031263877
553.031263877
553.031263877
553.031263877
553.031263877
553.031263877
553.031263877
553.031263877
553.031263877
553.031263877
553.031263877
553.031263877
553.031263877
553.031263877
553.031263877
553.031263877
553.031263877
553.031263877
553.031263877
553.031263877
553.031263877
553.031263877
553.031263877
553.031263877
553.031263877
553.031263877
553.031263877
553.031263877
553.031263877
553.031263877
553.031263877
553.031263877
553.031263877
553.031263877
553.031263877
553.031263877
553.031263877
553.031263877
553.031263877
553.031263877
553.031263877
553.031263877
553.031263877
553.031263877
553.031263877
553.031263877
553.031263877
553.031263877
553.031263877
553.031263877
553.031263877
553.031263877
553.031263877
553.031263877
553.031263877
553.031263877
553.031263877
553.031263877
553.031263877
553.031263877
553.031263877
553.031263877
553.031263877
553.031263877
553.031263877
553.031263877
553.031263877
553.031263877
553.031263877
553.031263877
553.031263877
553.031263877
553.031263877
553.031263877
553.031263877
553.031263877
553.031263877
553.031263877
553.031263877
553.031263877
553.031263877
553.031263877
553.031263877
553.031263877
553.031263877
553.031263877
553.031263877
553.031263877
553.031263877
553.031263877
553.031263877
553.031263877
553.031263877
553.031263877
553.031263877
553.031263877
553.031263877
553.031263877
553.031263877
553.031263877
553.031263877
553.031263877
553.031263877
553.031263877
553.031263877
553.031263877
553.031263877
553.031263877
553.031263877
553.031263877
553.031263877
553.031263877
553.031263877
553.031263877
553.031263877
553.031263877
553.031263877
553.031263877
553.031263877
553.031263877
553.031263877
553.031263877
553.031263877
553.031263877
553.031263877
553.031263877
553.031263877
553.031263877
553.031263877
553.031263877
553.031263877
553.031263877
553.031263877
553.031263877
553.031263877
553.031263877
553.031263877
553.031263877
553.031263877
553.031263877
553.031263877
553.031263877
553.031263877
553.031263877
553.031263877
553.031263877
553.031263877
553.031263877
553.031263877
553.031263877
553.031263877
553.031263877
553.031263877
553.031263877
553.031263877
553.031263877
553.031263877
553.031263877
553.031263877
553.031263877
553.031263877
553.031263877
553.031263877
553.031263877
553.031263877
553.031263877
553.031263877
553.031263877
553.031263877
553.031263877
553.031263877
553.031263877
553.031263877
553.031263877
553.031263877
553.031263877
553.031263877
553.031263877
553.031263877
553.031263877
553.031263877
553.031263877
553.031263877
553.031263877
553.031263877
553.031263877
553.031263877
553.031263877
553.031263877
553.031263877
553.031263877
553.031263877
553.031263877
553.031263877
553.031263877
553.031263877
553.031263877
553.031263877
553.031263877
553.031263877
553.031263877
553.031263877
553.031263877
553.031263877
553.031263877
553.031263877
553.031263877
553.031263877
553.031263877
553.031263877
553.031263877
553.031263877
553.031263877
553.031263877
553.031263877
553.031263877
553.031263877
553.031263877
553.031263877
553.031263877
553.031263877
553.031263877
553.031263877
553.031263877
553.031263877
553.031263877
553.031263877
553.031263877
553.031263877
553.031263877
553.031263877
553.031263877
553.031263877
553.031263877
553.031263877
553.031263877
553.031263877
553.031263877
553.031263877
553.031263877
553.031263877
553.031263877
553.031263877
553.031263877
553.031263877
553.031263877
553.031263877
553.031263877
553.031263877
553.031263877
553.031263877
553.031263877
553.031263877
553.031263877
553.031263877
553.031263877
553.031263877
553.031263877
553.031263877
553.031263877
553.031263877
553.031263877
553.031263877
553.031263877
553.031263877
553.031263877
553.031263877
553.031263877
553.031263877
553.031263877
553.031263877
553.031263877
553.031263877
553.031263877
553.031263877
553.031263877
553.031263877
553.031263877
553.031263877
553.031263877
553.031263877
553.031263877
553.031263877
553.031263877
553.031263877
553.031263877
553.031263877
553.031263877
553.031263877
553.031263877
553.031263877
553.031263877
553.031263877
553.031263877
553.031263877
553.031263877
553.031263877
553.031263877
553.031263877
553.031263877
553.031263877
553.031263877
553.031263877
553.031263877
553.031263877
553.031263877
553.031263877
553.031263877
553.031263877
553.031263877
553.031263877
553.031263877
553.031263877
553.031263877
553.031263877
553.031263877
553.031263877
553.031263877
553.031263877
553.031263877
553.031263877
553.031263877
553.031263877
553.031263877
553.031263877
553.031263877
553.031263877
553.031263877
553.031263877
553.031263877
553.031263877
553.031263877
553.031263877
553.031263877
553.031263877
553.031263877
553.031263877
553.031263877
553.031263877
553.031263877
553.031263877
553.031263877
553.031263877
553.031263877
553.031263877
553.031263877
553.031263877
553.031263877
553.031263877
553.031263877
553.031263877
553.031263877
553.031263877
553.031263877
553.031263877
553.031263877
553.031263877
553.031263877
553.031263877
553.031263877
553.031263877
553.031263877
553.031263877
553.031263877
553.031263877
553.031263877
553.031263877
553.031263877
553.031263877
553.031263877
553.031263877
553.031263877
553.031263877
553.031263877
553.031263877
553.031263877
553.031263877
553.031263877
553.031263877
553.031263877
553.031263877
553.031263877
553.031263877
553.031263877
553.031263877
553.031263877
553.031263877
553.031263877
553.031263877
553.031263877
553.031263877
553.031263877
553.031263877
553.031263877
553.031263877
553.031263877
553.031263877
553.031263877
553.031263877
553.031263877
553.031263877
553.031263877
553.031263877
553.031263877
553.031263877
553.031263877
553.031263877
553.031263877
553.031263877
553.031263877
553.031263877
553.031263877
553.031263877
553.031263877
553.031263877
553.031263877
553.031263877
553.031263877
553.031263877
553.031263877
553.031263877
553.031263877
553.031263877
553.031263877
553.031263877
553.031263877
553.031263877
553.031263877
553.031263877
553.031263877
553.031263877
553.031263877
553.031263877
553.031263877
553.031263877
553.031263877
553.031263877
553.031263877
553.031263877
553.031263877
553.031263877
553.031263877
553.031263877
553.031263877
553.031263877
553.031263877
553.031263877
553.031263877
553.031263877
553.031263877
553.031263877
553.031263877
553.031263877
553.031263877
553.031263877
553.031263877
553.031263877
553.031263877
553.031263877
553.031263877
553.031263877
553.031263877
553.031263877
553.031263877
553.031263877
553.031263877
553.031263877
553.031263877
553.031263877
553.031263877
553.031263877
553.031263877
553.031263877
553.031263877
553.031263877
553.031263877
553.031263877
553.031263877
553.031263877
553.031263877
553.031263877
553.031263877
553.031263877
553.031263877
553.031263877
553.031263877
553.031263877
553.031263877
553.031263877
553.031263877
553.031263877
553.031263877
553.031263877
553.031263877
553.031263877
553.031263877
553.031263877
553.031263877
553.031263877
553.031263877
553.031263877
553.031263877
553.031263877
553.031263877
553.031263877
553.031263877
553.031263877
553.031263877
553.031263877
553.031263877
553.031263877
553.031263877
553.031263877
553.031263877
553.031263877
553.031263877
553.031263877
553.031263877
553.031263877
553.031263877
553.031263877
553.031263877
553.031263877
553.031263877
553.031263877
553.031263877
553.031263877
553.031263877
553.031263877
553.031263877
553.031263877
553.031263877
553.031263877
553.031263877
553.031263877
553.031263877
553.031263877
553.031263877
553.031263877
553.031263877
553.031263877
553.031263877
553.031263877
553.031263877
553.031263877
553.031263877
553.031263877
553.031263877
553.031263877
553.031263877
553.031263877
553.031263877
553.031263877
553.031263877
553.031263877
553.031263877
553.031263877
553.031263877
553.031263877
553.031263877
553.031263877
553.031263877
553.031263877
553.031263877
553.031263877
553.031263877
553.031263877
553.031263877
553.031263877
553.031263877
553.031263877
553.031263877
553.031263877
553.031263877
553.031263877
553.031263877
553.031263877
553.031263877
553.031263877
553.031263877
553.031263877
553.031263877
553.031263877
553.031263877
553.031263877
553.031263877
553.031263877
553.031263877
553.031263877
553.031263877
553.031263877
553.031263877
553.031263877
553.031263877
553.031263877
553.031263877
553.031263877
553.031263877
553.031263877
553.031263877
553.031263877
553.031263877
553.031263877
553.031263877
553.031263877
553.031263877
553.031263877
553.031263877
553.031263877
553.031263877
553.031263877
553.031263877
553.031263877
553.031263877
553.031263877
553.031263877
553.031263877
553.031263877
553.031263877
553.031263877
553.031263877
553.031263877
553.031263877
553.031263877
553.031263877
553.031263877
553.031263877
553.031263877
553.031263877
553.031263877
553.031263877
553.031263877
553.031263877
553.031263877
553.031263877
553.031263877
553.031263877
553.031263877
553.031263877
553.031263877
553.031263877
553.031263877
553.031263877
553.031263877
553.031263877
553.031263877
553.031263877
553.031263877
553.031263877
553.031263877
553.031263877
553.031263877
553.031263877
553.031263877
553.031263877
553.031263877
553.031263877
553.031263877
553.031263877
553.031263877
553.031263877
553.031263877
553.031263877
553.031263877
553.031263877
553.031263877
553.031263877
553.031263877
553.031263877
553.031263877
553.031263877
553.031263877
553.031263877
553.031263877
553.031263877
553.031263877
553.031263877
553.031263877
553.031263877
553.031263877
553.031263877
553.031263877
553.031263877
553.031263877
553.031263877
553.031263877
553.031263877
553.031263877
553.031263877
553.031263877
553.031263877
553.031263877
553.031263877
553.031263877
553.031263877
553.031263877
553.031263877
553.031263877
553.031263877
553.031263877
553.031263877
553.031263877
553.031263877
553.031263877
553.031263877
553.031263877
553.031263877
553.031263877
553.031263877
553.031263877
553.031263877
553.031263877
553.031263877
553.031263877
553.031263877
553.031263877
553.031263877
553.031263877
553.031263877
553.031263877
553.031263877
553.031263877
553.031263877
553.031263877
553.031263877
553.031263877
553.031263877
553.031263877
553.031263877
553.031263877
553.031263877
553.031263877
553.031263877
553.031263877
553.031263877
553.031263877
553.031263877
553.031263877
553.031263877
553.031263877
553.031263877
553.031263877
553.031263877
553.031263877
553.031263877
553.031263877
553.031263877
553.031263877
553.031263877
553.031263877
553.031263877
553.031263877
553.031263877
553.031263877
553.031263877
553.031263877
553.031263877
553.031263877
553.031263877
553.031263877
553.031263877
553.031263877
553.031263877
553.031263877
553.031263877
553.031263877
553.031263877
553.031263877
553.031263877
553.031263877
553.031263877
553.031263877
553.031263877
553.031263877
553.031263877
553.031263877
553.031263877
553.031263877
553.031263877
553.031263877
553.031263877
553.031263877
553.031263877
553.031263877
553.031263877
553.031263877
553.031263877
553.031263877
553.031263877
553.031263877
553.031263877
553.031263877
553.031263877
553.031263877
553.031263877
553.031263877
553.031263877
553.031263877
553.031263877
553.031263877
553.031263877
553.031263877
553.031263877
553.031263877
553.031263877
553.031263877
553.031263877
553.031263877
553.031263877
553.031263877
553.031263877
553.031263877
553.031263877
553.031263877
553.031263877
553.031263877
553.031263877
553.031263877
553.031263877
553.031263877
553.031263877
553.031263877
553.031263877
553.031263877
553.031263877
553.031263877
553.031263877
553.031263877
553.031263877
553.031263877
553.031263877
553.031263877
553.031263877
553.031263877
553.031263877
553.031263877
553.031263877
553.031263877
553.031263877
553.031263877
553.031263877
553.031263877
553.031263877
553.031263877
553.031263877
553.031263877
553.031263877
553.031263877
553.031263877
553.031263877
553.031263877
553.031263877
553.031263877
553.031263877
553.031263877
553.031263877
553.031263877
553.031263877
553.031263877
553.031263877
553.031263877
553.031263877
553.031263877
553.031263877
553.031263877
553.031263877
553.031263877
553.031263877
553.031263877
553.031263877
553.031263877
553.031263877
553.031263877
553.031263877
553.031263877
553.031263877
553.031263877
553.031263877
553.031263877
553.031263877
553.031263877
553.031263877
553.031263877
553.031263877
553.031263877
553.031263877
553.031263877
553.031263877
553.031263877
553.031263877
553.031263877
553.031263877
553.031263877
553.031263877
553.031263877
553.031263877
553.031263877
553.031263877
553.031263877
553.031263877
553.031263877
553.031263877
553.031263877
553.031263877
553.031263877
553.031263877
553.031263877
553.031263877
553.031263877
553.031263877
553.031263877
553.031263877
553.031263877
553.031263877
553.031263877
553.031263877
553.031263877
553.031263877
553.031263877
553.031263877
553.031263877
553.031263877
553.031263877
553.031263877
553.031263877
553.031263877
553.031263877
553.031263877
553.031263877
553.031263877
553.031263877
553.031263877
553.031263877
553.031263877
553.031263877
553.031263877
553.031263877
553.031263877
553.031263877
553.031263877
553.031263877
553.031263877
553.031263877
553.031263877
553.031263877
553.031263877
553.031263877
553.031263877
553.031263877
553.031263877
553.031263877
553.031263877
553.031263877
553.031263877
553.031263877
553.031263877
553.031263877
553.031263877
553.031263877
553.031263877
553.031263877
553.031263877
553.031263877
553.031263877
553.031263877
553.031263877
553.031263877
553.031263877
553.031263877
553.031263877
553.031263877
553.031263877
553.031263877
553.031263877
553.031263877
553.031263877
553.031263877
553.031263877
553.031263877
553.031263877
553.031263877
553.031263877
553.031263877
553.031263877
553.031263877
553.031263877
553.031263877
553.031263877
553.031263877
553.031263877
553.031263877
553.031263877
553.031263877
553.031263877
553.031263877
553.031263877
553.031263877
553.031263877
553.031263877
553.031263877
553.031263877
553.031263877
553.031263877
553.031263877
553.031263877
553.031263877
553.031263877
553.031263877
553.031263877
553.031263877
553.031263877
553.031263877
553.031263877
553.031263877
553.031263877
553.031263877
553.031263877
553.031263877
553.031263877
553.031263877
553.031263877
553.031263877
553.031263877
553.031263877
553.031263877
553.031263877
553.031263877
553.031263877
553.031263877
553.031263877
553.031263877
553.031263877
553.031263877
553.031263877
553.031263877
553.031263877
553.031263877
553.031263877
553.031263877
553.031263877
553.031263877
553.031263877
553.031263877
553.031263877
553.031263877
553.031263877
553.031263877
553.031263877
553.031263877
553.031263877
553.031263877
553.031263877
553.031263877
553.031263877
553.031263877
553.031263877
553.031263877
553.031263877
553.031263877
553.031263877
553.031263877
553.031263877
553.031263877
553.031263877
553.031263877
553.031263877
553.031263877
553.031263877
553.031263877
553.031263877
553.031263877
553.031263877
553.031263877
553.031263877
553.031263877
553.031263877
553.031263877
553.031263877
553.031263877
553.031263877
553.031263877
553.031263877
553.031263877
553.031263877
553.031263877
553.031263877
553.031263877
553.031263877
553.031263877
553.031263877
553.031263877
553.031263877
553.031263877
553.031263877
553.031263877
553.031263877
553.031263877
553.031263877
553.031263877
553.031263877
553.031263877
553.031263877
553.031263877
553.031263877
553.031263877
553.031263877
553.031263877
553.031263877
553.031263877
553.031263877
553.031263877
553.031263877
553.031263877
553.031263877
553.031263877
553.031263877
553.031263877
553.031263877
553.031263877
553.031263877
553.031263877
553.031263877
553.031263877
553.031263877
553.031263877
553.031263877
553.031263877
553.031263877
553.031263877
553.031263877
553.031263877
553.031263877
553.031263877
553.031263877
553.031263877
553.031263877
553.031263877
553.031263877
553.031263877
553.031263877
553.031263877
553.031263877
553.031263877
553.031263877
553.031263877
553.031263877
553.031263877
553.031263877
553.031263877
553.031263877
553.031263877
553.031263877
553.031263877
553.031263877
553.031263877
553.031263877
553.031263877
553.031263877
553.031263877
553.031263877
553.031263877
553.031263877
553.031263877
553.031263877
553.031263877
553.031263877
553.031263877
553.031263877
553.031263877
553.031263877
553.031263877
553.031263877
553.031263877
553.031263877
553.031263877
553.031263877
553.031263877
553.031263877
553.031263877
553.031263877
553.031263877
553.031263877
553.031263877
553.031263877
553.031263877
553.031263877
553.031263877
553.031263877
553.031263877
553.031263877
553.031263877
553.031263877
553.031263877
553.031263877
553.031263877
553.031263877
553.031263877
553.031263877
553.031263877
553.031263877
553.031263877
553.031263877
553.031263877
553.031263877
553.031263877
553.031263877
553.031263877
553.031263877
553.031263877
553.031263877
553.031263877
553.031263877
553.031263877
553.031263877
553.031263877
553.031263877
553.031263877
553.031263877
553.031263877
553.031263877
553.031263877
553.031263877
553.031263877
553.031263877
553.031263877
553.031263877
553.031263877
553.031263877
553.031263877
553.031263877
553.031263877
553.031263877
553.031263877
553.031263877
553.031263877
553.031263877
553.031263877
553.031263877
553.031263877
553.031263877
553.031263877
553.031263877
553.031263877
553.031263877
553.031263877
553.031263877
553.031263877
553.031263877
553.031263877
553.031263877
553.031263877
553.031263877
553.031263877
553.031263877
553.031263877
553.031263877
553.031263877
553.031263877
553.031263877
553.031263877
553.031263877
553.031263877
553.031263877
553.031263877
553.031263877
553.031263877
553.031263877
553.031263877
553.031263877
553.031263877
553.031263877
553.031263877
553.031263877
553.031263877
553.031263877
553.031263877
553.031263877
553.031263877
553.031263877
553.031263877
553.031263877
553.031263877
553.031263877
553.031263877
553.031263877
553.031263877
553.031263877
553.031263877
553.031263877
553.031263877
553.031263877
553.031263877
553.031263877
553.031263877
553.031263877
553.031263877
553.031263877
553.031263877
553.031263877
553.031263877
553.031263877
553.031263877
553.031263877
553.031263877
553.031263877
553.031263877
553.031263877
553.031263877
553.031263877
553.031263877
553.031263877
553.031263877
553.031263877
553.031263877
553.031263877
553.031263877
553.031263877
553.031263877
553.031263877
553.031263877
553.031263877
553.031263877
553.031263877
553.031263877
553.031263877
553.031263877
553.031263877
553.031263877
553.031263877
553.031263877
553.031263877
553.031263877
553.031263877
553.031263877
553.031263877
553.031263877
553.031263877
553.031263877
553.031263877
553.031263877
553.031263877
553.031263877
553.031263877
553.031263877
553.031263877
553.031263877
553.031263877
553.031263877
553.031263877
553.031263877
553.031263877
553.031263877
553.031263877
553.031263877
553.031263877
553.031263877
553.031263877
553.031263877
553.031263877
553.031263877
553.031263877
553.031263877
553.031263877
553.031263877
553.031263877
553.031263877
553.031263877
553.031263877
553.031263877
553.031263877
553.031263877
553.031263877
553.031263877
553.031263877
553.031263877
553.031263877
553.031263877
553.031263877
553.031263877
553.031263877
553.031263877
553.031263877
553.031263877
553.031263877
553.031263877
553.031263877
553.031263877
553.031263877
553.031263877
553.031263877
553.031263877
553.031263877
553.031263877
553.031263877
553.031263877
553.031263877
553.031263877
553.031263877
553.031263877
553.031263877
553.031263877
553.031263877
553.031263877
553.031263877
553.031263877
553.031263877
553.031263877
553.031263877
553.031263877
553.031263877
553.031263877
553.031263877
553.031263877
553.031263877
553.031263877
553.031263877
553.031263877
553.031263877
553.031263877
553.031263877
553.031263877
553.031263877
553.031263877
553.031263877
553.031263877
553.031263877
553.031263877
553.031263877
553.031263877
553.031263877
553.031263877
553.031263877
553.031263877
553.031263877
553.031263877
553.031263877
553.031263877
553.031263877
553.031263877
553.031263877
553.031263877
553.031263877
553.031263877
553.031263877
553.031263877
553.031263877
553.031263877
553.031263877
553.031263877
553.031263877
553.031263877
553.031263877
553.031263877
553.031263877
553.031263877
553.031263877
553.031263877
553.031263877
553.031263877
553.031263877
553.031263877
553.031263877
553.031263877
553.031263877
553.031263877
553.031263877
553.031263877
553.031263877
553.031263877
553.031263877
553.031263877
553.031263877
553.031263877
553.031263877
553.031263877
553.031263877
553.031263877
553.031263877
553.031263877
553.031263877
553.031263877
553.031263877
553.031263877
553.031263877
553.031263877
553.031263877
553.031263877
553.031263877
553.031263877
553.031263877
553.031263877
553.031263877
553.031263877
553.031263877
553.031263877
553.031263877
553.031263877
553.031263877
553.031263877
553.031263877
553.031263877
553.031263877
553.031263877
553.031263877
553.031263877
553.031263877
553.031263877
553.031263877
553.031263877
553.031263877
553.031263877
553.031263877
553.031263877
553.031263877
553.031263877
553.031263877
553.031263877
553.031263877
553.031263877
553.031263877
553.031263877
553.031263877
553.031263877
553.031263877
553.031263877
553.031263877
553.031263877
553.031263877
553.031263877
553.031263877
553.031263877
553.031263877
553.031263877
553.031263877
553.031263877
553.031263877
553.031263877
553.031263877
553.031263877
553.031263877
553.031263877
553.031263877
553.031263877
553.031263877
553.031263877
553.031263877
553.031263877
553.031263877
553.031263877
553.031263877
553.031263877
553.031263877
553.031263877
553.031263877
553.031263877
553.031263877
553.031263877
553.031263877
553.031263877
553.031263877
553.031263877
553.031263877
553.031263877
553.031263877
553.031263877
553.031263877
553.031263877
553.031263877
553.031263877
553.031263877
553.031263877
553.031263877
553.031263877
553.031263877
553.031263877
553.031263877
553.031263877
553.031263877
553.031263877
553.031263877
553.031263877
553.031263877
553.031263877
553.031263877
553.031263877
553.031263877
553.031263877
553.031263877
553.031263877
553.031263877
553.031263877
553.031263877
553.031263877
553.031263877
553.031263877
553.031263877
553.031263877
553.031263877
553.031263877
553.031263877
553.031263877
553.031263877
553.031263877
553.031263877
553.031263877
553.031263877
553.031263877
553.031263877
553.031263877
553.031263877
553.031263877
553.031263877
553.031263877
553.031263877
553.031263877
553.031263877
553.031263877
553.031263877
553.031263877
553.031263877
553.031263877
553.031263877
553.031263877
553.031263877
553.031263877
553.031263877
553.031263877
553.031263877
553.031263877
553.031263877
553.031263877
553.031263877
553.031263877
553.031263877
553.031263877
553.031263877
553.031263877
553.031263877
553.031263877
553.031263877
553.031263877
553.031263877
553.031263877
553.031263877
553.031263877
553.031263877
553.031263877
553.031263877
553.031263877
553.031263877
553.031263877
553.031263877
553.031263877
553.031263877
553.031263877
553.031263877
553.031263877
553.031263877
553.031263877
553.031263877
553.031263877
553.031263877
553.031263877
553.031263877
553.031263877
553.031263877
553.031263877
553.031263877
553.031263877
553.031263877
553.031263877
553.031263877
553.031263877
553.031263877
553.031263877
553.031263877
553.031263877
553.031263877
553.031263877
553.031263877
553.031263877
553.031263877
553.031263877
553.031263877
553.031263877
553.031263877
553.031263877
553.031263877
553.031263877
553.031263877
553.031263877
553.031263877
553.031263877
553.031263877
553.031263877
553.031263877
553.031263877
553.031263877
553.031263877
553.031263877
553.031263877
553.031263877
553.031263877
553.031263877
553.031263877
553.031263877
553.031263877
553.031263877
553.031263877
553.031263877
553.031263877
553.031263877
553.031263877
553.031263877
553.031263877
553.031263877
553.031263877
553.031263877
553.031263877
553.031263877
553.031263877
553.031263877
553.031263877
553.031263877
553.031263877
553.031263877
553.031263877
553.031263877
553.031263877
553.031263877
553.031263877
553.031263877
553.031263877
553.031263877
553.031263877
553.031263877
553.031263877
553.031263877
553.031263877
553.031263877
553.031263877
553.031263877
553.031263877
553.031263877
553.031263877
553.031263877
553.031263877
553.031263877
553.031263877
553.031263877
553.031263877
553.031263877
553.031263877
553.031263877
553.031263877
553.031263877
553.031263877
553.031263877
553.031263877
553.031263877
553.031263877
553.031263877
553.031263877
553.031263877
553.031263877
553.031263877
553.031263877
553.031263877
553.031263877
553.031263877
553.031263877
553.031263877
553.031263877
553.031263877
553.031263877
553.031263877
553.031263877
553.031263877
553.031263877
553.031263877
553.031263877
553.031263877
553.031263877
553.031263877
553.031263877
553.031263877
553.031263877
553.031263877
553.031263877
553.031263877
553.031263877
553.031263877
553.031263877
553.031263877
553.031263877
553.031263877
553.031263877
553.031263877
553.031263877
553.031263877
553.031263877
553.031263877
553.031263877
553.031263877
553.031263877
553.031263877
553.031263877
553.031263877
553.031263877
553.031263877
553.031263877
553.031263877
553.031263877
553.031263877
553.031263877
553.031263877
553.031263877
553.031263877
553.031263877
553.031263877
553.031263877
553.031263877
553.031263877
553.031263877
553.031263877
553.031263877
553.031263877
553.031263877
553.031263877
553.031263877
553.031263877
553.031263877
553.031263877
553.031263877
553.031263877
553.031263877
553.031263877
553.031263877
553.031263877
553.031263877
553.031263877
553.031263877
553.031263877
553.031263877
553.031263877
553.031263877
553.031263877
553.031263877
553.031263877
553.031263877
553.031263877
553.031263877
553.031263877
553.031263877
553.031263877
553.031263877
553.031263877
553.031263877
553.031263877
553.031263877
553.031263877
553.031263877
553.031263877
553.031263877
553.031263877
553.031263877
553.031263877
553.031263877
553.031263877
553.031263877
553.031263877
553.031263877
553.031263877
553.031263877
553.031263877
553.031263877
553.031263877
553.031263877
553.031263877
553.031263877
553.031263877
553.031263877
553.031263877
553.031263877
553.031263877
553.031263877
553.031263877
553.031263877
553.031263877
553.031263877
553.031263877
553.031263877
553.031263877
553.031263877
553.031263877
553.031263877
553.031263877
553.031263877
553.031263877
553.031263877
553.031263877
553.031263877
553.031263877
553.031263877
553.031263877
553.031263877
553.031263877
553.031263877
553.031263877
553.031263877
553.031263877
553.031263877
553.031263877
553.031263877
553.031263877
553.031263877
553.031263877
553.031263877
553.031263877
553.031263877
553.031263877
553.031263877
553.031263877
553.031263877
553.031263877
553.031263877
553.031263877
553.031263877
553.031263877
553.031263877
553.031263877
553.031263877
553.031263877
553.031263877
553.031263877
553.031263877
553.031263877
553.031263877
553.031263877
553.031263877
553.031263877
553.031263877
553.031263877
553.031263877
553.031263877
553.031263877
553.031263877
553.031263877
553.031263877
553.031263877
553.031263877
553.031263877
553.031263877
553.031263877
553.031263877
553.031263877
553.031263877
553.031263877
553.031263877
553.031263877
553.031263877
553.031263877
553.031263877
553.031263877
553.031263877
553.031263877
553.031263877
553.031263877
553.031263877
553.031263877
553.031263877
553.031263877
553.031263877
553.031263877
553.031263877
553.031263877
553.031263877
553.031263877
553.031263877
553.031263877
553.031263877
553.031263877
553.031263877
553.031263877
553.031263877
553.031263877
553.031263877
553.031263877
553.031263877
553.031263877
553.031263877
553.031263877
553.031263877
553.031263877
553.031263877
553.031263877
553.031263877
553.031263877
553.031263877
553.031263877
553.031263877
553.031263877
553.031263877
553.031263877
553.031263877
553.031263877
553.031263877
553.031263877
553.031263877
553.031263877
553.031263877
553.031263877
553.031263877
553.031263877
553.031263877
553.031263877
553.031263877
553.031263877
553.031263877
553.031263877
553.031263877
553.031263877
553.031263877
553.031263877
553.031263877
553.031263877
553.031263877
553.031263877
553.031263877
553.031263877
553.031263877
553.031263877
553.031263877
553.031263877
553.031263877
553.031263877
553.031263877
553.031263877
553.031263877
553.031263877
553.031263877
553.031263877
553.031263877
553.031263877
553.031263877
553.031263877
553.031263877
553.031263877
553.031263877
553.031263877
553.031263877
553.031263877
553.031263877
553.031263877
553.031263877
553.031263877
553.031263877
553.031263877
553.031263877
553.031263877
553.031263877
553.031263877
553.031263877
553.031263877
553.031263877
553.031263877
553.031263877
553.031263877
553.031263877
553.031263877
553.031263877
553.031263877
553.031263877
553.031263877
553.031263877
553.031263877
553.031263877
553.031263877
553.031263877
553.031263877
553.031263877
553.031263877
553.031263877
553.031263877
553.031263877
553.031263877
553.031263877
553.031263877
553.031263877
553.031263877
553.031263877
553.031263877
553.031263877
553.031263877
553.031263877
553.031263877
553.031263877
553.031263877
553.031263877
553.031263877
553.031263877
553.031263877
553.031263877
553.031263877
553.031263877
553.031263877
553.031263877
553.031263877
553.031263877
553.031263877
553.031263877
553.031263877
553.031263877
553.031263877
553.031263877
553.031263877
553.031263877
553.031263877
553.031263877
553.031263877
553.031263877
553.031263877
553.031263877
553.031263877
553.031263877
553.031263877
553.031263877
553.031263877
553.031263877
553.031263877
553.031263877
553.031263877
553.031263877
553.031263877
553.031263877
553.031263877
553.031263877
553.031263877
553.031263877
553.031263877
553.031263877
553.031263877
553.031263877
553.031263877
553.031263877
553.031263877
553.031263877
553.031263877
553.031263877
553.031263877
553.031263877
553.031263877
553.031263877
553.031263877
553.031263877
553.031263877
553.031263877
553.031263877
553.031263877
553.031263877
553.031263877
553.031263877
553.031263877
553.031263877
553.031263877
553.031263877
553.031263877
553.031263877
553.031263877
553.031263877
553.031263877
553.031263877
553.031263877
553.031263877
553.031263877
553.031263877
553.031263877
553.031263877
553.031263877
553.031263877
553.031263877
553.031263877
553.031263877
553.031263877
553.031263877
553.031263877
553.031263877
553.031263877
553.031263877
553.031263877
553.031263877
553.031263877
553.031263877
553.031263877
553.031263877
553.031263877
553.031263877
553.031263877
553.031263877
553.031263877
553.031263877
553.031263877
553.031263877
553.031263877
553.031263877
553.031263877
553.031263877
553.031263877
553.031263877
553.031263877
553.031263877
553.031263877
553.031263877
553.031263877
553.031263877
553.031263877
553.031263877
553.031263877
553.031263877
553.031263877
553.031263877
553.031263877
553.031263877
553.031263877
553.031263877
553.031263877
553.031263877
553.031263877
553.031263877
553.031263877
553.031263877
553.031263877
553.031263877
553.031263877
553.031263877
553.031263877
553.031263877
553.031263877
553.031263877
553.031263877
553.031263877
553.031263877
553.031263877
553.031263877
553.031263877
553.031263877
553.031263877
553.031263877
553.031263877
553.031263877
553.031263877
553.031263877
553.031263877
553.031263877
553.031263877
553.031263877
553.031263877
553.031263877
553.031263877
553.031263877
553.031263877
553.031263877
553.031263877
553.031263877
553.031263877
553.031263877
553.031263877
553.031263877
553.031263877
553.031263877
553.031263877
553.031263877
553.031263877
553.031263877
553.031263877
553.031263877
553.031263877
553.031263877
553.031263877
553.031263877
553.031263877
553.031263877
553.031263877
553.031263877
553.031263877
553.031263877
553.031263877
553.031263877
553.031263877
553.031263877
553.031263877
553.031263877
553.031263877
553.031263877
553.031263877
553.031263877
553.031263877
553.031263877
553.031263877
553.031263877
553.031263877
553.031263877
553.031263877
553.031263877
553.031263877
553.031263877
553.031263877
553.031263877
553.031263877
553.031263877
553.031263877
553.031263877
553.031263877
553.031263877
553.031263877
553.031263877
553.031263877
553.031263877
553.031263877
553.031263877
553.031263877
553.031263877
553.031263877
553.031263877
553.031263877
553.031263877
553.031263877
553.031263877
553.031263877
553.031263877
553.031263877
553.031263877
553.031263877
553.031263877
553.031263877
553.031263877
553.031263877
553.031263877
553.031263877
553.031263877
553.031263877
553.031263877
553.031263877
553.031263877
553.031263877
553.031263877
553.031263877
553.031263877
553.031263877
553.031263877
553.031263877
553.031263877
553.031263877
553.031263877
553.031263877
553.031263877
553.031263877
553.031263877
553.031263877
553.031263877
553.031263877
553.031263877
553.031263877
553.031263877
553.031263877
553.031263877
553.031263877
553.031263877
553.031263877
553.031263877
553.031263877
553.031263877
553.031263877
553.031263877
553.031263877
553.031263877
553.031263877
553.031263877
553.031263877
553.031263877
553.031263877
553.031263877
553.031263877
553.031263877
553.031263877
553.031263877
553.031263877
553.031263877
553.031263877
553.031263877
553.031263877
553.031263877
553.031263877
553.031263877
553.031263877
553.031263877
553.031263877
553.031263877
553.031263877
553.031263877
553.031263877
553.031263877
553.031263877
553.031263877
553.031263877
553.031263877
553.031263877
553.031263877
553.031263877
553.031263877
553.031263877
553.031263877
553.031263877
553.031263877
553.031263877
553.031263877
553.031263877
553.031263877
553.031263877
553.031263877
553.031263877
553.031263877
553.031263877
553.031263877
553.031263877
553.031263877
553.031263877
553.031263877
553.031263877
553.031263877
553.031263877
553.031263877
553.031263877
553.031263877
553.031263877
553.031263877
553.031263877
553.031263877
553.031263877
553.031263877
553.031263877
553.031263877
553.031263877
553.031263877
553.031263877
553.031263877
553.031263877
553.031263877
553.031263877
553.031263877
553.031263877
553.031263877
553.031263877
553.031263877
553.031263877
553.031263877
553.031263877
553.031263877
553.031263877
553.031263877
553.031263877
553.031263877
553.031263877
553.031263877
553.031263877
553.031263877
553.031263877
553.031263877
553.031263877
553.031263877
553.031263877
553.031263877
553.031263877
553.031263877
553.031263877
553.031263877
553.031263877
553.031263877
553.031263877
553.031263877
553.031263877
553.031263877
553.031263877
553.031263877
553.031263877
553.031263877
553.031263877
553.031263877
553.031263877
553.031263877
553.031263877
553.031263877
553.031263877
553.031263877
553.031263877
553.031263877
553.031263877
553.031263877
553.031263877
553.031263877
553.031263877
553.031263877
553.031263877
553.031263877
553.031263877
553.031263877
553.031263877
553.031263877
553.031263877
553.031263877
553.031263877
553.031263877
553.031263877
553.031263877
553.031263877
553.031263877
553.031263877
553.031263877
553.031263877
553.031263877
553.031263877
553.031263877
553.031263877
553.031263877
553.031263877
553.031263877
553.031263877
553.031263877
553.031263877
553.031263877
553.031263877
553.031263877
553.031263877
553.031263877
553.031263877
553.031263877
553.031263877
553.031263877
553.031263877
553.031263877
553.031263877
553.031263877
553.031263877
553.031263877
553.031263877
553.031263877
553.031263877
553.031263877
553.031263877
553.031263877
553.031263877
553.031263877
553.031263877
553.031263877
553.031263877
553.031263877
553.031263877
553.031263877
553.031263877
553.031263877
553.031263877
553.031263877
553.031263877
553.031263877
553.031263877
553.031263877
553.031263877
553.031263877
553.031263877
553.031263877
553.031263877
553.031263877
553.031263877
553.031263877
553.031263877
553.031263877
553.031263877
553.031263877
553.031263877
553.031263877
553.031263877
553.031263877
553.031263877
553.031263877
553.031263877
553.031263877
553.031263877
553.031263877
553.031263877
553.031263877
553.031263877
553.031263877
553.031263877
553.031263877
553.031263877
553.031263877
553.031263877
553.031263877
553.031263877
553.031263877
553.031263877
553.031263877
553.031263877
553.031263877
553.031263877
553.031263877
553.031263877
553.031263877
553.031263877
553.031263877
553.031263877
553.031263877
553.031263877
553.031263877
553.031263877
553.031263877
553.031263877
553.031263877
553.031263877
553.031263877
553.031263877
553.031263877
553.031263877
553.031263877
553.031263877
553.031263877
553.031263877
553.031263877
553.031263877
553.031263877
553.031263877
553.031263877
553.031263877
553.031263877
553.031263877
553.031263877
553.031263877
553.031263877
553.031263877
553.031263877
553.031263877
553.031263877
553.031263877
553.031263877
553.031263877
553.031263877
553.031263877
553.031263877
553.031263877
553.031263877
553.031263877
553.031263877
553.031263877
553.031263877
553.031263877
553.031263877
553.031263877
553.031263877
553.031263877
553.031263877
553.031263877
553.031263877
553.031263877
553.031263877
553.031263877
553.031263877
553.031263877
553.031263877
553.031263877
553.031263877
553.031263877
553.031263877
553.031263877
553.031263877
553.031263877
553.031263877
553.031263877
553.031263877
553.031263877
553.031263877
553.031263877
553.031263877
553.031263877
553.031263877
553.031263877
553.031263877
553.031263877
553.031263877
553.031263877
553.031263877
553.031263877
553.031263877
553.031263877
553.031263877
553.031263877
553.031263877
553.031263877
553.031263877
553.031263877
553.031263877
553.031263877
553.031263877
553.031263877
553.031263877
553.031263877
553.031263877
553.031263877
553.031263877
553.031263877
553.031263877
553.031263877
553.031263877
553.031263877
553.031263877
553.031263877
553.031263877
553.031263877
553.031263877
553.031263877
553.031263877
553.031263877
553.031263877
553.031263877
553.031263877
553.031263877
553.031263877
553.031263877
553.031263877
553.031263877
553.031263877
553.031263877
553.031263877
553.031263877
553.031263877
553.031263877
553.031263877
553.031263877
553.031263877
553.031263877
553.031263877
553.031263877
553.031263877
553.031263877
553.031263877
553.031263877
553.031263877
553.031263877
553.031263877
553.031263877
553.031263877
553.031263877
553.031263877
553.031263877
553.031263877
553.031263877
553.031263877
553.031263877
553.031263877
553.031263877
553.031263877
553.031263877
553.031263877
553.031263877
553.031263877
553.031263877
553.031263877
553.031263877
553.031263877
553.031263877
553.031263877
553.031263877
553.031263877
553.031263877
553.031263877
553.031263877
553.031263877
553.031263877
553.031263877
553.031263877
553.031263877
553.031263877
553.031263877
553.031263877
553.031263877
553.031263877
553.031263877
553.031263877
553.031263877
553.031263877
553.031263877
553.031263877
553.031263877
553.031263877
553.031263877
553.031263877
553.031263877
553.031263877
553.031263877
553.031263877
553.031263877
553.031263877
553.031263877
553.031263877
553.031263877
553.031263877
553.031263877
553.031263877
553.031263877
553.031263877
553.031263877
553.031263877
553.031263877
553.031263877
553.031263877
553.031263877
553.031263877
553.031263877
553.031263877
553.031263877
553.031263877
553.031263877
553.031263877
553.031263877
553.031263877
553.031263877
553.031263877
553.031263877
553.031263877
553.031263877
553.031263877
553.031263877
553.031263877
553.031263877
553.031263877
553.031263877
553.031263877
553.031263877
553.031263877
553.031263877
553.031263877
553.031263877
553.031263877
553.031263877
553.031263877
553.031263877
553.031263877
553.031263877
553.031263877
553.031263877
553.031263877
553.031263877
553.031263877
553.031263877
553.031263877
553.031263877
553.031263877
553.031263877
553.031263877
553.031263877
553.031263877
553.031263877
553.031263877
553.031263877
553.031263877
553.031263877
553.031263877
553.031263877
553.031263877
553.031263877
553.031263877
553.031263877
553.031263877
553.031263877
553.031263877
553.031263877
553.031263877
553.031263877
553.031263877
553.031263877
553.031263877
553.031263877
553.031263877
553.031263877
553.031263877
553.031263877
553.031263877
553.031263877
553.031263877
553.031263877
553.031263877
553.031263877
553.031263877
553.031263877
553.031263877
553.031263877
553.031263877
553.031263877
553.031263877
553.031263877
553.031263877
553.031263877
553.031263877
553.031263877
553.031263877
553.031263877
553.031263877
553.031263877
553.031263877
553.031263877
553.031263877
553.031263877
553.031263877
553.031263877
553.031263877
553.031263877
553.031263877
553.031263877
553.031263877
553.031263877
553.031263877
553.031263877
553.031263877
553.031263877
553.031263877
553.031263877
553.031263877
553.031263877
553.031263877
553.031263877
553.031263877
553.031263877
553.031263877
553.031263877
553.031263877
553.031263877
553.031263877
553.031263877
553.031263877
553.031263877
553.031263877
553.031263877
553.031263877
553.031263877
553.031263877
553.031263877
553.031263877
553.031263877
553.031263877
553.031263877
553.031263877
553.031263877
553.031263877
553.031263877
553.031263877
553.031263877
553.031263877
553.031263877
553.031263877
553.031263877
553.031263877
553.031263877
553.031263877
553.031263877
553.031263877
553.031263877
553.031263877
553.031263877
553.031263877
553.031263877
553.031263877
553.031263877
553.031263877
553.031263877
553.031263877
553.031263877
553.031263877
553.031263877
553.031263877
553.031263877
553.031263877
553.031263877
553.031263877
553.031263877
553.031263877
553.031263877
553.031263877
553.031263877
553.031263877
553.031263877
553.031263877
553.031263877
553.031263877
553.031263877
553.031263877
553.031263877
553.031263877
553.031263877
553.031263877
553.031263877
553.031263877
553.031263877
553.031263877
553.031263877
553.031263877
553.031263877
553.031263877
553.031263877
553.031263877
553.031263877
553.031263877
553.031263877
553.031263877
553.031263877
553.031263877
553.031263877
553.031263877
553.031263877
553.031263877
553.031263877
553.031263877
553.031263877
553.031263877
553.031263877
553.031263877
553.031263877
553.031263877
553.031263877
553.031263877
553.031263877
553.031263877
553.031263877
553.031263877
553.031263877
553.031263877
553.031263877
553.031263877
553.031263877
553.031263877
553.031263877
553.031263877
553.031263877
553.031263877
553.031263877
553.031263877
553.031263877
553.031263877
553.031263877
553.031263877
553.031263877
553.031263877
553.031263877
553.031263877
553.031263877
553.031263877
553.031263877
553.031263877
553.031263877
553.031263877
553.031263877
553.031263877
553.031263877
553.031263877
553.031263877
553.031263877
553.031263877
553.031263877
553.031263877
553.031263877
553.031263877
553.031263877
553.031263877
553.031263877
553.031263877
553.031263877
553.031263877
553.031263877
553.031263877
553.031263877
553.031263877
553.031263877
553.031263877
553.031263877
553.031263877
553.031263877
553.031263877
553.031263877
553.031263877
553.031263877
553.031263877
553.031263877
553.031263877
553.031263877
553.031263877
553.031263877
553.031263877
553.031263877
553.031263877
553.031263877
553.031263877
553.031263877
553.031263877
553.031263877
553.031263877
553.031263877
553.031263877
553.031263877
553.031263877
553.031263877
553.031263877
553.031263877
553.031263877
553.031263877
553.031263877
553.031263877
553.031263877
553.031263877
553.031263877
553.031263877
553.031263877
553.031263877
553.031263877
553.031263877
553.031263877
553.031263877
553.031263877
553.031263877
553.031263877
553.031263877
553.031263877
553.031263877
553.031263877
553.031263877
553.031263877
553.031263877
553.031263877
553.031263877
553.031263877
553.031263877
553.031263877
553.031263877
553.031263877
553.031263877
553.031263877
553.031263877
553.031263877
553.031263877
553.031263877
553.031263877
553.031263877
553.031263877
553.031263877
553.031263877
553.031263877
553.031263877
553.031263877
553.031263877
553.031263877
553.031263877
553.031263877
553.031263877
553.031263877
553.031263877
553.031263877
553.031263877
553.031263877
553.031263877
553.031263877
553.031263877
553.031263877
553.031263877
553.031263877
553.031263877
553.031263877
553.031263877
553.031263877
553.031263877
553.031263877
553.031263877
553.031263877
553.031263877
553.031263877
553.031263877
