1601.02530634
1530.26786164
1517.20416996
1489.52919226
1458.19977301
1450.50562548
1444.80700279
1442.95026899
1403.05178366
1369.64768123
1381.61993441
1332.89145083
1330.03363614
1333.15346598
1317.36031177
1328.2142858
1289.59299513
1282.57607014
1260.69674474
1245.37802024
1223.34512176
1217.8842928
1195.86480705
1213.40205391
1183.0441638
1160.91108509
1144.48582334
1140.18553499
1124.67486329
1108.25247622
1078.27060102
1091.91823912
1103.81856176
1099.15847707
1125.39742743
1105.56812946
1101.17974653
1088.01497741
1051.35189381
1063.1912152
1070.26345013
1077.55781996
1080.55834731
1056.41336633
1056.32989567
1036.5082509
1027.23385562
1034.05718978
1026.85464313
1026.85464313
1023.4842475
1014.42714501
1021.4087933
1013.13262217
1003.67502369
1003.67502369
970.700897891
966.48444327
970.199602817
935.29933013
897.073203993
900.889869598
900.889869598
915.311387628
926.445458976
931.962782075
917.481700387
917.481700387
901.446126677
901.446126677
893.36509644
893.36509644
893.36509644
892.361290394
892.361290394
886.740240414
879.372329208
874.979369462
872.204333219
877.656381062
877.656381062
876.967640296
872.265421179
883.992509062
880.920349612
911.46409192
911.46409192
906.401129901
902.892749443
902.892749443
899.935580681
903.739331907
898.068813467
889.878770742
889.878770742
893.694927996
893.694927996
893.694927996
890.116406896
890.116406896
892.718981658
888.902824404
888.158914611
887.750859264
887.750859264
887.750859264
887.750859264
887.750859264
887.750859264
887.750859264
874.718765722
874.718765722
873.158684043
873.158684043
873.158684043
873.158684043
873.158684043
873.158684043
873.158684043
875.921843514
875.921843514
875.921843514
875.921843514
875.921843514
875.921843514
868.20021725
868.20021725
856.631528484
856.631528484
856.631528484
856.631528484
854.52777094
854.52777094
840.949268105
840.949268105
840.949268105
839.366085668
839.366085668
839.366085668
839.366085668
839.366085668
839.366085668
839.366085668
839.366085668
839.366085668
833.709823089
833.709823089
833.709823089
833.709823089
833.709823089
820.476504395
820.476504395
820.476504395
820.476504395
820.476504395
818.802465965
818.802465965
816.799556472
816.799556472
816.799556472
816.929465567
816.929465567
816.929465567
816.929465567
816.929465567
816.929465567
816.929465567
815.723147376
815.723147376
806.136923618
806.136923618
806.136923618
806.136923618
806.136923618
806.136923618
806.136923618
806.136923618
806.136923618
806.136923618
806.136923618
806.136923618
799.275287009
799.275287009
798.145541218
798.145541218
798.145541218
798.377589458
798.377589458
798.377589458
798.377589458
798.377589458
798.377589458
798.377589458
798.377589458
798.377589458
798.377589458
798.377589458
798.377589458
798.377589458
798.377589458
798.377589458
798.377589458
798.377589458
798.377589458
793.20877292
793.20877292
793.20877292
793.20877292
792.891014473
783.534637867
782.928895937
782.063523154
782.063523154
782.063523154
779.644437582
779.644437582
779.644437582
779.644437582
779.644437582
779.644437582
779.644437582
779.644437582
779.644437582
779.644437582
779.644437582
779.644437582
779.644437582
779.644437582
779.644437582
779.644437582
779.644437582
779.644437582
779.644437582
779.644437582
779.644437582
779.644437582
779.644437582
779.644437582
779.644437582
779.644437582
779.644437582
779.644437582
779.644437582
779.644437582
779.644437582
779.644437582
779.644437582
779.644437582
778.469822228
778.469822228
778.464546598
778.464546598
778.464546598
778.464546598
778.464546598
767.105444411
767.105444411
767.105444411
767.105444411
767.105444411
767.105444411
767.105444411
767.105444411
767.105444411
767.105444411
767.105444411
767.105444411
767.105444411
767.105444411
767.105444411
767.105444411
767.105444411
767.105444411
767.105444411
767.105444411
764.056478038
764.056478038
764.056478038
764.056478038
764.056478038
764.056478038
764.056478038
764.056478038
764.056478038
764.056478038
764.056478038
764.056478038
764.056478038
764.056478038
758.326369697
758.326369697
758.326369697
758.326369697
758.232881973
758.232881973
755.071409922
755.071409922
755.071409922
755.071409922
755.071409922
755.071409922
755.071409922
755.071409922
755.071409922
755.071409922
755.071409922
755.071409922
755.071409922
747.350300077
747.350300077
747.350300077
747.350300077
747.350300077
747.350300077
747.350300077
747.350300077
747.350300077
747.350300077
747.350300077
746.021976263
746.021976263
746.021976263
746.021976263
746.021976263
746.021976263
746.021976263
746.021976263
746.021976263
746.021976263
746.021976263
746.021976263
739.956111471
739.956111471
739.956111471
735.261031094
735.261031094
735.261031094
735.261031094
735.261031094
735.261031094
735.261031094
735.261031094
735.261031094
735.261031094
735.261031094
735.261031094
735.261031094
735.261031094
735.261031094
735.261031094
735.261031094
735.261031094
735.261031094
735.261031094
735.261031094
735.261031094
735.261031094
733.148847348
733.148847348
733.148847348
733.148847348
730.206801952
730.206801952
729.500430782
729.500430782
729.500430782
729.500430782
729.500430782
729.109442929
729.109442929
729.109442929
729.109442929
729.109442929
729.109442929
729.109442929
729.109442929
729.109442929
729.109442929
729.109442929
729.109442929
729.109442929
729.109442929
729.109442929
729.109442929
729.109442929
729.109442929
722.471651042
722.471651042
722.471651042
722.471651042
722.471651042
722.471651042
717.403008894
717.403008894
717.403008894
717.403008894
717.403008894
713.181804661
713.181804661
713.181804661
713.181804661
713.181804661
713.181804661
713.181804661
713.181804661
713.181804661
705.22037741
705.22037741
705.22037741
705.22037741
705.22037741
705.22037741
705.22037741
705.22037741
705.22037741
705.22037741
705.22037741
705.22037741
705.22037741
705.22037741
705.22037741
705.22037741
705.22037741
705.22037741
705.22037741
705.22037741
705.22037741
705.22037741
705.22037741
705.22037741
705.22037741
705.22037741
705.22037741
705.22037741
705.22037741
704.517253587
704.517253587
704.517253587
704.517253587
704.517253587
704.517253587
704.517253587
704.517253587
704.517253587
704.517253587
704.517253587
704.517253587
704.517253587
704.517253587
704.517253587
704.517253587
704.517253587
704.517253587
704.517253587
704.517253587
704.517253587
700.537758369
700.537758369
700.537758369
700.537758369
698.026089752
698.026089752
698.026089752
698.026089752
698.026089752
698.026089752
698.026089752
698.026089752
698.026089752
698.026089752
698.026089752
698.026089752
698.026089752
698.026089752
695.721877807
695.721877807
695.721877807
695.721877807
695.721877807
695.721877807
695.721877807
695.721877807
695.721877807
695.721877807
695.721877807
695.721877807
695.721877807
695.721877807
695.721877807
695.721877807
695.721877807
695.721877807
695.721877807
695.721877807
695.721877807
695.721877807
695.721877807
695.721877807
695.721877807
695.721877807
695.721877807
695.721877807
695.721877807
695.721877807
695.721877807
695.721877807
695.721877807
691.429992493
691.429992493
691.429992493
691.429992493
691.429992493
691.429992493
691.429992493
687.826592426
687.826592426
687.826592426
684.322583325
684.322583325
684.322583325
684.322583325
684.322583325
681.730842572
681.730842572
681.730842572
681.730842572
681.730842572
681.730842572
681.730842572
681.730842572
681.730842572
681.730842572
681.410092873
681.410092873
681.410092873
681.410092873
681.410092873
681.410092873
681.410092873
678.279599754
678.279599754
678.279599754
678.279599754
678.279599754
678.279599754
678.279599754
678.279599754
678.279599754
678.279599754
674.96621351
674.96621351
674.96621351
674.96621351
674.96621351
674.96621351
674.96621351
674.96621351
674.96621351
674.96621351
674.96621351
674.96621351
674.96621351
674.96621351
674.96621351
674.96621351
674.96621351
674.96621351
674.96621351
674.96621351
674.96621351
674.96621351
674.96621351
674.96621351
674.96621351
674.96621351
674.96621351
674.96621351
674.96621351
674.96621351
674.96621351
674.96621351
674.96621351
674.96621351
674.96621351
674.96621351
674.96621351
674.96621351
674.96621351
674.96621351
674.96621351
674.96621351
674.96621351
674.96621351
674.96621351
674.96621351
674.96621351
674.96621351
674.96621351
674.96621351
674.96621351
674.96621351
674.96621351
674.505769241
674.505769241
674.505769241
674.505769241
674.505769241
674.505769241
674.505769241
674.505769241
674.505769241
674.505769241
674.505769241
674.505769241
674.505769241
674.505769241
674.505769241
674.505769241
674.505769241
674.505769241
674.505769241
674.505769241
674.505769241
674.505769241
674.505769241
674.505769241
674.505769241
674.505769241
674.505769241
670.507495999
670.507495999
670.507495999
670.507495999
670.507495999
670.507495999
670.507495999
670.507495999
670.507495999
670.507495999
670.507495999
670.507495999
670.507495999
670.507495999
670.507495999
670.507495999
670.507495999
670.507495999
670.507495999
670.507495999
670.507495999
670.507495999
670.507495999
670.507495999
670.507495999
670.507495999
670.507495999
670.507495999
670.507495999
670.507495999
670.507495999
670.507495999
670.507495999
670.507495999
670.507495999
670.507495999
670.507495999
670.507495999
670.507495999
670.507495999
670.507495999
670.507495999
670.507495999
670.507495999
670.507495999
670.507495999
670.507495999
670.507495999
670.507495999
670.507495999
670.507495999
670.507495999
670.507495999
670.507495999
670.507495999
666.548324898
666.548324898
666.548324898
666.548324898
666.548324898
666.548324898
666.548324898
666.548324898
666.548324898
666.548324898
666.548324898
666.548324898
666.548324898
666.548324898
666.548324898
666.548324898
666.548324898
666.548324898
666.548324898
666.548324898
666.548324898
666.548324898
666.548324898
666.548324898
666.548324898
666.548324898
666.548324898
666.548324898
666.548324898
666.548324898
666.548324898
666.548324898
666.548324898
666.548324898
666.548324898
666.548324898
666.548324898
666.548324898
666.548324898
666.548324898
666.548324898
666.548324898
666.548324898
666.548324898
666.548324898
666.548324898
666.548324898
666.548324898
666.548324898
666.548324898
666.548324898
666.548324898
666.548324898
666.548324898
666.548324898
666.548324898
666.548324898
666.548324898
666.548324898
666.548324898
666.548324898
666.548324898
666.548324898
666.548324898
666.548324898
666.548324898
666.548324898
666.548324898
666.548324898
666.548324898
666.548324898
666.548324898
666.548324898
666.548324898
666.548324898
666.548324898
666.548324898
666.548324898
666.548324898
666.548324898
666.548324898
666.548324898
666.548324898
666.548324898
666.548324898
666.548324898
666.548324898
666.548324898
666.548324898
666.548324898
666.548324898
666.548324898
666.548324898
666.548324898
666.548324898
666.548324898
666.548324898
666.548324898
666.548324898
666.548324898
662.416881505
662.416881505
662.416881505
662.416881505
662.416881505
662.416881505
662.416881505
662.416881505
662.416881505
662.416881505
662.416881505
662.416881505
662.416881505
662.416881505
662.416881505
662.416881505
662.416881505
662.416881505
662.416881505
662.416881505
662.416881505
662.416881505
662.416881505
662.416881505
662.416881505
662.416881505
662.416881505
662.416881505
662.416881505
662.416881505
662.416881505
662.416881505
662.416881505
662.416881505
662.416881505
662.416881505
662.416881505
662.416881505
662.416881505
662.416881505
662.416881505
662.416881505
662.416881505
662.416881505
662.416881505
662.416881505
662.416881505
662.416881505
662.416881505
662.416881505
662.416881505
662.416881505
662.416881505
662.416881505
662.416881505
662.416881505
662.416881505
662.416881505
662.416881505
662.416881505
662.416881505
662.416881505
662.416881505
662.416881505
662.416881505
662.416881505
662.416881505
662.416881505
662.416881505
662.416881505
662.416881505
662.416881505
662.416881505
662.416881505
662.416881505
662.416881505
662.416881505
662.416881505
662.416881505
662.416881505
662.416881505
662.416881505
662.416881505
662.416881505
662.416881505
662.416881505
662.416881505
662.416881505
662.416881505
662.416881505
662.416881505
662.416881505
662.416881505
662.416881505
662.416881505
662.416881505
662.416881505
662.416881505
662.416881505
662.416881505
662.416881505
662.416881505
662.416881505
662.416881505
662.416881505
662.416881505
662.416881505
662.416881505
662.416881505
662.416881505
662.416881505
662.416881505
662.416881505
662.416881505
662.416881505
662.416881505
662.416881505
662.416881505
662.416881505
662.416881505
662.416881505
662.416881505
662.416881505
662.416881505
662.416881505
662.416881505
662.416881505
662.416881505
662.416881505
662.416881505
662.416881505
662.416881505
662.416881505
662.416881505
662.416881505
662.416881505
662.416881505
662.416881505
662.416881505
662.416881505
662.416881505
662.416881505
662.416881505
662.416881505
662.416881505
662.416881505
662.416881505
662.416881505
662.416881505
662.416881505
662.416881505
662.416881505
662.416881505
662.416881505
662.416881505
662.416881505
662.416881505
662.416881505
662.416881505
662.416881505
662.416881505
662.416881505
662.416881505
662.416881505
662.416881505
662.416881505
662.416881505
662.416881505
662.416881505
662.416881505
662.416881505
662.416881505
662.416881505
662.416881505
662.416881505
662.416881505
662.416881505
662.416881505
662.416881505
662.416881505
662.416881505
662.416881505
662.416881505
662.416881505
662.416881505
662.416881505
662.416881505
662.416881505
662.416881505
662.416881505
662.416881505
662.416881505
662.416881505
662.416881505
662.416881505
662.416881505
662.416881505
662.416881505
662.416881505
662.416881505
662.416881505
662.416881505
662.416881505
662.416881505
662.416881505
662.416881505
662.416881505
662.416881505
662.416881505
662.416881505
662.416881505
662.416881505
662.416881505
662.416881505
662.416881505
662.416881505
662.416881505
662.416881505
662.416881505
662.416881505
662.416881505
662.416881505
662.416881505
662.416881505
662.416881505
662.416881505
662.416881505
662.416881505
662.416881505
662.416881505
662.416881505
662.416881505
662.416881505
662.416881505
662.416881505
662.416881505
662.416881505
662.416881505
662.416881505
662.416881505
662.416881505
662.416881505
662.416881505
662.416881505
662.416881505
662.416881505
662.416881505
662.416881505
662.416881505
662.416881505
662.416881505
661.345113389
661.345113389
661.345113389
661.345113389
661.345113389
661.345113389
661.345113389
661.345113389
661.345113389
661.345113389
661.345113389
661.345113389
661.345113389
661.345113389
661.345113389
661.345113389
661.345113389
661.345113389
661.345113389
661.345113389
661.345113389
661.345113389
661.345113389
661.345113389
661.345113389
661.345113389
661.345113389
661.345113389
661.345113389
661.345113389
661.345113389
661.345113389
661.345113389
661.345113389
661.345113389
661.345113389
661.345113389
661.345113389
661.345113389
659.568531574
659.568531574
659.568531574
659.568531574
659.568531574
659.568531574
659.568531574
659.568531574
659.568531574
659.568531574
659.568531574
659.568531574
659.568531574
659.568531574
659.568531574
659.568531574
659.568531574
659.568531574
659.568531574
659.568531574
659.568531574
659.568531574
659.568531574
659.568531574
659.568531574
659.568531574
659.568531574
659.568531574
659.568531574
659.568531574
659.568531574
659.568531574
659.568531574
659.568531574
659.568531574
659.568531574
659.568531574
659.568531574
659.568531574
659.568531574
659.568531574
659.568531574
659.568531574
659.568531574
659.568531574
659.568531574
659.568531574
659.568531574
659.568531574
659.568531574
659.568531574
659.568531574
659.568531574
659.568531574
659.568531574
659.568531574
659.568531574
659.568531574
659.568531574
659.568531574
659.568531574
659.568531574
659.568531574
659.568531574
659.568531574
659.568531574
659.568531574
659.568531574
659.568531574
659.568531574
659.568531574
659.568531574
659.568531574
659.568531574
659.568531574
659.568531574
659.568531574
659.568531574
659.568531574
659.568531574
659.568531574
659.568531574
659.568531574
659.568531574
659.568531574
659.568531574
659.568531574
659.568531574
659.568531574
659.568531574
659.568531574
659.568531574
659.568531574
659.568531574
659.568531574
659.568531574
659.568531574
659.568531574
659.568531574
659.568531574
659.568531574
659.568531574
659.568531574
659.568531574
659.568531574
659.568531574
659.568531574
659.568531574
659.568531574
659.568531574
659.568531574
659.568531574
659.568531574
659.568531574
659.568531574
659.568531574
659.568531574
659.568531574
659.568531574
659.568531574
659.568531574
659.568531574
659.568531574
659.568531574
659.568531574
659.568531574
659.568531574
659.568531574
659.568531574
659.568531574
659.568531574
659.568531574
659.568531574
659.568531574
659.568531574
659.568531574
659.568531574
659.568531574
659.568531574
659.568531574
659.568531574
659.568531574
659.568531574
659.568531574
659.568531574
659.568531574
659.568531574
659.568531574
659.568531574
659.568531574
659.568531574
659.568531574
659.568531574
659.568531574
659.568531574
659.568531574
659.568531574
659.568531574
659.568531574
659.568531574
659.568531574
659.568531574
659.568531574
659.568531574
659.568531574
659.568531574
659.568531574
659.568531574
659.568531574
659.568531574
659.568531574
659.568531574
659.568531574
659.568531574
659.568531574
659.568531574
659.568531574
659.568531574
659.568531574
659.568531574
659.568531574
659.568531574
659.568531574
659.568531574
659.568531574
659.568531574
659.568531574
659.568531574
659.568531574
659.568531574
659.568531574
659.568531574
659.568531574
659.568531574
659.568531574
659.568531574
659.568531574
659.568531574
659.568531574
659.568531574
659.568531574
659.568531574
659.568531574
659.568531574
659.568531574
659.568531574
659.568531574
659.568531574
659.568531574
659.568531574
659.568531574
659.568531574
659.568531574
659.568531574
659.568531574
659.568531574
659.568531574
659.568531574
659.568531574
659.568531574
659.568531574
659.568531574
659.568531574
659.568531574
659.568531574
659.568531574
659.568531574
659.568531574
659.568531574
659.568531574
659.568531574
659.568531574
659.568531574
659.568531574
659.568531574
659.568531574
659.568531574
659.568531574
659.568531574
659.568531574
659.568531574
659.568531574
659.568531574
659.568531574
659.568531574
659.568531574
659.568531574
659.568531574
659.568531574
659.568531574
659.568531574
659.568531574
659.568531574
659.568531574
659.568531574
659.568531574
659.568531574
659.568531574
659.568531574
659.568531574
659.568531574
659.568531574
659.568531574
659.568531574
659.568531574
659.568531574
659.568531574
659.568531574
659.568531574
659.568531574
659.568531574
659.568531574
659.568531574
659.568531574
653.070324652
653.070324652
653.070324652
653.070324652
653.070324652
653.070324652
653.070324652
653.070324652
653.070324652
653.070324652
653.070324652
653.070324652
653.070324652
653.070324652
653.070324652
653.070324652
653.070324652
653.070324652
653.070324652
653.070324652
653.070324652
653.070324652
653.070324652
653.070324652
653.070324652
653.070324652
653.070324652
653.070324652
653.070324652
653.070324652
653.070324652
653.070324652
653.070324652
653.070324652
653.070324652
653.070324652
653.070324652
653.070324652
653.070324652
653.070324652
653.070324652
653.070324652
653.070324652
653.070324652
653.070324652
653.070324652
653.070324652
653.070324652
648.175442497
648.175442497
648.175442497
648.175442497
648.175442497
648.175442497
648.175442497
648.175442497
648.175442497
648.175442497
648.175442497
648.175442497
648.175442497
648.175442497
648.175442497
648.175442497
648.175442497
648.175442497
648.175442497
648.175442497
648.175442497
648.175442497
648.175442497
648.175442497
648.175442497
648.175442497
648.175442497
648.175442497
648.175442497
648.175442497
648.175442497
648.175442497
648.175442497
648.175442497
648.175442497
648.175442497
648.175442497
648.175442497
648.175442497
648.175442497
648.175442497
648.175442497
648.175442497
648.175442497
648.175442497
648.175442497
648.175442497
648.175442497
648.175442497
648.175442497
648.175442497
648.175442497
648.175442497
648.175442497
648.175442497
648.175442497
648.175442497
648.175442497
648.175442497
648.175442497
648.175442497
648.175442497
648.175442497
648.175442497
648.175442497
648.175442497
648.175442497
646.140683962
646.140683962
646.087348942
646.087348942
642.756995757
642.756995757
642.756995757
642.756995757
642.756995757
642.756995757
642.756995757
642.756995757
642.756995757
642.756995757
642.756995757
642.756995757
642.756995757
642.756995757
642.756995757
642.756995757
642.756995757
642.756995757
642.756995757
642.756995757
642.756995757
642.756995757
642.756995757
642.756995757
642.756995757
642.756995757
642.756995757
642.756995757
642.756995757
642.756995757
642.756995757
642.756995757
642.756995757
642.756995757
642.756995757
642.756995757
642.756995757
642.756995757
642.756995757
642.756995757
642.756995757
642.756995757
642.756995757
642.756995757
642.756995757
642.756995757
642.756995757
642.756995757
642.756995757
642.756995757
642.756995757
642.756995757
642.756995757
642.756995757
642.756995757
642.756995757
642.756995757
642.756995757
642.756995757
642.756995757
642.756995757
642.756995757
642.756995757
642.756995757
642.756995757
642.756995757
642.756995757
642.756995757
642.756995757
642.756995757
642.756995757
642.756995757
642.756995757
642.756995757
642.756995757
642.756995757
642.756995757
642.756995757
642.756995757
642.756995757
642.756995757
642.756995757
642.756995757
642.756995757
642.756995757
642.756995757
642.756995757
642.756995757
642.756995757
642.756995757
642.756995757
642.756995757
642.756995757
642.756995757
642.756995757
642.756995757
642.756995757
642.756995757
642.756995757
642.756995757
642.756995757
642.756995757
642.756995757
642.756995757
642.756995757
642.756995757
642.756995757
642.756995757
642.756995757
642.756995757
642.756995757
642.756995757
642.756995757
642.756995757
642.756995757
642.756995757
642.756995757
642.756995757
642.756995757
640.835176713
640.835176713
640.835176713
640.835176713
640.835176713
640.835176713
640.835176713
640.835176713
640.835176713
640.835176713
640.835176713
640.835176713
640.835176713
640.835176713
640.835176713
640.835176713
640.835176713
640.835176713
640.835176713
640.835176713
640.835176713
636.890867057
636.890867057
636.890867057
636.890867057
636.890867057
636.890867057
636.890867057
636.890867057
636.890867057
636.890867057
636.890867057
636.890867057
636.890867057
636.890867057
636.890867057
636.890867057
636.890867057
636.890867057
636.890867057
636.890867057
636.890867057
636.890867057
636.890867057
636.890867057
636.890867057
636.890867057
636.890867057
636.890867057
636.890867057
636.890867057
636.890867057
636.890867057
636.890867057
636.890867057
636.890867057
636.890867057
636.890867057
636.890867057
636.890867057
636.890867057
636.890867057
636.890867057
636.890867057
636.890867057
636.890867057
636.890867057
636.890867057
636.890867057
636.890867057
636.890867057
636.890867057
636.890867057
636.890867057
636.890867057
636.890867057
636.890867057
636.890867057
636.890867057
636.890867057
636.890867057
636.890867057
636.890867057
636.890867057
636.890867057
636.890867057
636.890867057
636.890867057
636.890867057
636.890867057
636.890867057
636.890867057
636.890867057
636.890867057
636.890867057
636.890867057
636.890867057
636.890867057
636.890867057
636.890867057
636.890867057
636.890867057
636.890867057
636.890867057
636.890867057
636.890867057
636.890867057
636.890867057
636.890867057
636.890867057
636.890867057
636.890867057
636.890867057
636.890867057
636.890867057
636.890867057
636.890867057
636.890867057
636.890867057
636.890867057
636.890867057
636.890867057
636.890867057
636.890867057
636.890867057
636.890867057
636.890867057
636.890867057
636.890867057
636.890867057
636.890867057
636.890867057
636.890867057
636.890867057
636.890867057
636.890867057
636.890867057
636.890867057
636.890867057
636.890867057
636.890867057
636.890867057
636.890867057
636.890867057
636.890867057
636.890867057
636.890867057
636.890867057
636.890867057
636.890867057
636.890867057
636.890867057
636.890867057
636.890867057
636.890867057
636.890867057
636.890867057
636.890867057
636.890867057
636.890867057
636.890867057
636.890867057
632.255209198
632.255209198
632.255209198
632.255209198
632.255209198
632.255209198
632.255209198
632.255209198
632.255209198
632.255209198
632.255209198
632.255209198
632.255209198
632.255209198
632.255209198
632.255209198
632.255209198
632.255209198
632.255209198
632.255209198
632.255209198
632.255209198
632.255209198
632.255209198
632.255209198
632.255209198
632.255209198
632.255209198
632.255209198
632.255209198
632.255209198
632.255209198
632.255209198
632.255209198
632.255209198
632.255209198
632.255209198
632.255209198
632.255209198
632.255209198
632.255209198
632.255209198
632.255209198
632.255209198
632.255209198
632.255209198
632.255209198
632.255209198
632.255209198
632.255209198
632.255209198
632.255209198
632.255209198
632.255209198
632.255209198
632.255209198
632.255209198
632.255209198
632.255209198
632.255209198
632.255209198
632.255209198
632.255209198
632.255209198
632.255209198
632.255209198
632.255209198
632.255209198
632.255209198
632.255209198
632.255209198
632.255209198
632.255209198
632.255209198
632.255209198
632.255209198
632.255209198
632.255209198
632.255209198
632.255209198
632.255209198
632.255209198
632.255209198
632.255209198
632.255209198
632.255209198
632.255209198
632.255209198
632.255209198
632.255209198
632.255209198
632.255209198
632.255209198
632.255209198
632.255209198
632.255209198
632.255209198
632.255209198
632.255209198
632.255209198
632.255209198
632.255209198
632.255209198
632.255209198
632.255209198
632.255209198
632.255209198
632.255209198
632.255209198
632.255209198
632.255209198
632.255209198
632.255209198
632.255209198
632.255209198
632.255209198
632.255209198
632.255209198
632.255209198
632.255209198
632.255209198
632.255209198
632.255209198
632.255209198
632.255209198
632.255209198
632.255209198
632.255209198
632.255209198
632.255209198
632.255209198
632.255209198
632.255209198
632.255209198
632.255209198
632.255209198
632.255209198
632.255209198
632.255209198
632.255209198
632.255209198
632.255209198
632.255209198
632.255209198
632.255209198
632.255209198
632.255209198
632.255209198
632.255209198
632.255209198
632.255209198
632.255209198
632.255209198
632.255209198
631.552912638
631.552912638
631.552912638
631.552912638
631.552912638
631.552912638
631.552912638
631.552912638
631.552912638
631.552912638
631.552912638
631.552912638
631.552912638
631.552912638
631.552912638
631.552912638
631.552912638
631.552912638
631.552912638
631.552912638
631.552912638
631.552912638
631.552912638
631.552912638
631.552912638
631.552912638
631.552912638
631.552912638
631.552912638
631.552912638
631.552912638
631.552912638
631.552912638
631.552912638
631.552912638
631.552912638
631.552912638
631.552912638
631.552912638
631.552912638
631.552912638
631.552912638
631.552912638
631.552912638
631.552912638
631.552912638
631.552912638
631.552912638
631.552912638
631.552912638
631.552912638
631.552912638
631.552912638
631.552912638
631.552912638
631.552912638
631.552912638
631.552912638
631.552912638
631.552912638
631.552912638
631.552912638
631.552912638
631.552912638
631.552912638
631.552912638
631.552912638
631.552912638
631.552912638
631.552912638
631.552912638
631.552912638
631.552912638
631.552912638
631.552912638
631.552912638
631.552912638
631.552912638
631.552912638
631.552912638
631.552912638
631.552912638
631.552912638
631.552912638
631.552912638
631.552912638
631.552912638
631.552912638
631.552912638
631.552912638
631.552912638
631.552912638
631.552912638
631.552912638
631.552912638
631.552912638
631.552912638
631.552912638
631.552912638
631.552912638
631.552912638
631.552912638
631.552912638
631.552912638
631.552912638
631.552912638
631.552912638
631.552912638
631.552912638
631.552912638
631.552912638
631.552912638
631.552912638
631.552912638
631.552912638
631.552912638
631.552912638
631.552912638
631.552912638
629.903598684
629.903598684
629.903598684
629.903598684
629.903598684
629.903598684
629.903598684
629.903598684
629.903598684
629.903598684
629.903598684
629.903598684
629.903598684
629.903598684
629.903598684
629.903598684
629.903598684
629.903598684
629.903598684
629.903598684
629.903598684
629.903598684
629.903598684
629.903598684
629.903598684
629.903598684
629.903598684
629.903598684
629.903598684
629.903598684
629.903598684
629.903598684
629.903598684
629.903598684
629.903598684
629.903598684
629.903598684
629.903598684
629.903598684
629.903598684
629.903598684
629.903598684
629.903598684
629.903598684
629.903598684
629.903598684
629.903598684
629.903598684
629.903598684
629.903598684
629.903598684
629.903598684
629.903598684
629.903598684
629.903598684
629.903598684
629.903598684
629.903598684
629.903598684
629.903598684
629.903598684
629.903598684
629.903598684
629.903598684
629.903598684
629.903598684
629.903598684
629.903598684
629.903598684
629.903598684
629.903598684
629.903598684
629.903598684
629.903598684
629.903598684
629.903598684
629.903598684
629.903598684
629.903598684
629.903598684
629.903598684
629.903598684
629.903598684
629.903598684
629.903598684
629.903598684
629.903598684
629.903598684
629.903598684
629.903598684
629.903598684
629.903598684
629.903598684
629.903598684
629.903598684
629.903598684
629.903598684
629.903598684
629.903598684
629.903598684
629.903598684
629.903598684
629.903598684
629.903598684
629.903598684
629.903598684
629.903598684
629.903598684
629.903598684
629.903598684
629.903598684
629.903598684
629.903598684
629.903598684
629.903598684
629.903598684
629.903598684
629.903598684
629.903598684
629.903598684
629.903598684
629.903598684
629.903598684
629.903598684
629.903598684
629.903598684
629.903598684
629.903598684
629.903598684
629.903598684
629.903598684
629.903598684
629.903598684
629.903598684
629.903598684
629.903598684
629.903598684
629.903598684
629.903598684
629.903598684
629.903598684
629.903598684
629.903598684
629.903598684
629.903598684
629.903598684
629.903598684
629.903598684
629.903598684
629.903598684
629.903598684
629.903598684
629.903598684
629.903598684
629.903598684
629.903598684
629.903598684
629.903598684
629.903598684
629.903598684
629.903598684
629.903598684
629.903598684
629.903598684
629.903598684
629.903598684
629.903598684
629.903598684
629.903598684
629.903598684
629.903598684
629.903598684
629.903598684
629.903598684
629.903598684
629.903598684
629.903598684
629.903598684
629.903598684
629.903598684
629.903598684
629.903598684
629.903598684
629.903598684
629.903598684
629.903598684
629.903598684
629.903598684
629.903598684
629.903598684
629.903598684
629.903598684
629.903598684
629.903598684
629.903598684
629.903598684
629.903598684
629.903598684
629.903598684
629.903598684
629.903598684
629.903598684
629.903598684
629.903598684
629.903598684
629.903598684
629.903598684
629.903598684
629.903598684
629.903598684
629.903598684
629.903598684
629.903598684
629.903598684
629.903598684
629.903598684
629.903598684
629.903598684
629.903598684
629.903598684
629.903598684
629.903598684
629.903598684
629.903598684
629.903598684
629.903598684
629.903598684
629.903598684
629.903598684
629.903598684
629.903598684
629.903598684
629.903598684
629.903598684
629.903598684
629.903598684
629.903598684
629.903598684
629.903598684
629.903598684
629.903598684
629.903598684
629.903598684
629.903598684
629.903598684
629.903598684
629.903598684
629.903598684
629.903598684
629.903598684
629.903598684
629.903598684
629.903598684
629.903598684
629.903598684
629.903598684
629.903598684
629.903598684
629.903598684
629.903598684
629.903598684
629.903598684
629.903598684
629.903598684
629.903598684
629.903598684
629.903598684
629.903598684
629.903598684
629.903598684
629.903598684
629.903598684
629.903598684
629.903598684
629.903598684
629.903598684
629.903598684
629.903598684
629.903598684
629.903598684
629.903598684
629.903598684
629.903598684
629.903598684
629.903598684
629.903598684
629.903598684
629.903598684
629.903598684
629.903598684
629.903598684
629.903598684
629.903598684
629.903598684
629.903598684
629.903598684
629.903598684
629.903598684
629.903598684
629.903598684
629.903598684
629.903598684
629.903598684
629.903598684
629.903598684
629.903598684
629.903598684
629.903598684
629.903598684
629.903598684
629.903598684
629.903598684
629.903598684
629.903598684
629.903598684
629.903598684
629.903598684
629.903598684
629.903598684
629.903598684
629.903598684
629.903598684
629.903598684
629.903598684
629.903598684
629.903598684
629.903598684
629.903598684
629.903598684
629.903598684
629.903598684
629.903598684
629.903598684
629.903598684
629.903598684
629.903598684
629.903598684
629.903598684
629.903598684
629.903598684
629.903598684
629.903598684
629.903598684
629.903598684
629.903598684
629.903598684
629.903598684
629.903598684
629.903598684
629.903598684
629.903598684
629.903598684
629.903598684
629.903598684
629.903598684
629.903598684
629.903598684
629.903598684
629.903598684
629.903598684
629.903598684
629.903598684
629.903598684
629.903598684
629.903598684
629.903598684
629.903598684
629.903598684
629.903598684
629.903598684
629.903598684
629.903598684
629.903598684
629.903598684
629.903598684
629.903598684
629.903598684
629.903598684
629.903598684
629.903598684
629.903598684
629.903598684
629.903598684
629.903598684
629.903598684
629.903598684
629.903598684
629.903598684
629.903598684
629.903598684
629.903598684
629.903598684
629.903598684
629.903598684
629.903598684
629.903598684
629.903598684
629.903598684
629.903598684
629.903598684
629.903598684
629.903598684
629.903598684
629.903598684
629.903598684
629.903598684
629.903598684
629.903598684
629.903598684
629.903598684
629.903598684
629.903598684
629.903598684
629.903598684
629.903598684
629.903598684
629.903598684
629.903598684
629.903598684
629.903598684
629.903598684
629.903598684
629.903598684
629.903598684
629.903598684
629.903598684
629.903598684
629.903598684
629.903598684
629.903598684
629.903598684
629.903598684
629.903598684
629.903598684
629.903598684
629.903598684
629.903598684
629.903598684
629.903598684
629.903598684
629.903598684
629.903598684
629.903598684
629.903598684
629.903598684
629.903598684
629.903598684
629.903598684
629.903598684
629.903598684
629.903598684
629.903598684
629.903598684
629.903598684
629.903598684
629.903598684
629.903598684
629.903598684
629.903598684
629.903598684
629.903598684
629.903598684
629.903598684
629.903598684
629.903598684
629.903598684
629.903598684
629.903598684
629.903598684
629.903598684
629.903598684
629.903598684
629.903598684
629.903598684
629.903598684
629.903598684
629.903598684
629.903598684
629.903598684
629.903598684
629.903598684
629.903598684
629.903598684
629.903598684
629.903598684
629.903598684
629.903598684
629.903598684
629.903598684
629.903598684
629.903598684
629.903598684
629.903598684
629.903598684
629.903598684
629.903598684
629.903598684
629.903598684
629.903598684
629.903598684
629.903598684
629.903598684
629.903598684
629.903598684
629.903598684
629.903598684
629.903598684
629.903598684
629.903598684
629.903598684
629.903598684
629.903598684
629.903598684
629.903598684
629.903598684
629.903598684
629.903598684
629.903598684
629.903598684
629.903598684
629.903598684
629.903598684
629.903598684
629.903598684
629.903598684
629.903598684
629.903598684
629.903598684
629.903598684
629.903598684
629.903598684
629.903598684
629.903598684
629.903598684
629.903598684
629.903598684
629.903598684
629.903598684
629.903598684
629.903598684
629.903598684
629.903598684
629.903598684
629.903598684
629.903598684
629.903598684
629.903598684
629.903598684
629.903598684
629.903598684
629.903598684
629.903598684
629.903598684
629.903598684
629.903598684
629.903598684
629.903598684
629.903598684
629.903598684
629.903598684
629.903598684
629.903598684
629.903598684
629.903598684
629.903598684
629.903598684
629.903598684
629.903598684
629.903598684
629.903598684
629.903598684
629.903598684
629.903598684
629.903598684
629.903598684
629.903598684
629.903598684
629.903598684
629.903598684
629.903598684
629.903598684
629.903598684
629.903598684
629.903598684
629.903598684
629.903598684
629.903598684
629.903598684
629.903598684
629.903598684
629.903598684
629.903598684
629.903598684
629.903598684
629.903598684
629.903598684
629.903598684
629.903598684
629.903598684
629.903598684
629.903598684
629.903598684
629.903598684
629.903598684
629.903598684
629.903598684
629.903598684
629.903598684
629.903598684
629.903598684
629.903598684
629.903598684
629.903598684
629.903598684
629.903598684
629.903598684
629.903598684
629.903598684
629.903598684
629.903598684
629.903598684
629.903598684
629.903598684
629.903598684
629.903598684
629.903598684
629.903598684
629.903598684
629.903598684
629.903598684
629.903598684
629.903598684
629.903598684
629.903598684
629.903598684
629.903598684
629.903598684
629.903598684
629.903598684
629.903598684
629.903598684
629.903598684
629.903598684
629.903598684
629.903598684
629.903598684
629.903598684
629.903598684
629.903598684
629.903598684
629.903598684
629.903598684
629.903598684
629.903598684
629.903598684
629.903598684
629.903598684
629.903598684
629.903598684
629.903598684
629.903598684
629.903598684
629.903598684
629.903598684
629.903598684
629.903598684
629.903598684
629.903598684
629.903598684
629.903598684
629.903598684
629.903598684
629.903598684
629.903598684
629.903598684
629.903598684
629.903598684
629.903598684
629.903598684
629.903598684
629.903598684
629.903598684
629.903598684
629.903598684
629.903598684
629.903598684
629.903598684
629.903598684
629.903598684
629.903598684
629.903598684
629.903598684
629.903598684
629.903598684
629.903598684
629.903598684
629.903598684
629.903598684
629.903598684
629.903598684
629.903598684
629.903598684
629.903598684
629.903598684
629.903598684
629.903598684
629.903598684
629.903598684
629.903598684
629.903598684
629.903598684
629.903598684
629.903598684
629.903598684
629.903598684
629.903598684
629.903598684
629.903598684
629.903598684
629.903598684
629.903598684
629.903598684
629.903598684
629.903598684
629.903598684
629.903598684
629.903598684
629.903598684
629.903598684
629.903598684
629.903598684
629.903598684
629.903598684
629.903598684
629.903598684
629.903598684
629.903598684
629.903598684
629.903598684
629.903598684
629.903598684
629.903598684
629.903598684
629.903598684
629.903598684
629.903598684
629.903598684
629.903598684
629.903598684
629.903598684
629.903598684
629.903598684
629.903598684
629.903598684
629.903598684
629.903598684
629.903598684
629.903598684
629.903598684
629.903598684
629.903598684
629.903598684
629.903598684
629.903598684
629.903598684
629.903598684
629.903598684
629.903598684
629.903598684
629.903598684
629.903598684
629.903598684
629.903598684
629.903598684
629.903598684
629.903598684
629.903598684
629.903598684
629.903598684
629.903598684
629.903598684
629.903598684
629.903598684
629.903598684
629.903598684
629.903598684
629.903598684
629.903598684
629.903598684
629.903598684
629.903598684
629.903598684
629.903598684
629.903598684
629.903598684
629.903598684
629.903598684
629.903598684
629.903598684
629.903598684
629.903598684
629.903598684
629.903598684
629.903598684
629.903598684
629.903598684
629.903598684
629.903598684
629.903598684
629.903598684
629.903598684
629.903598684
629.903598684
629.903598684
629.903598684
629.903598684
629.903598684
629.903598684
629.903598684
629.903598684
629.903598684
629.903598684
629.903598684
629.903598684
629.903598684
629.903598684
629.903598684
629.903598684
629.903598684
629.903598684
629.903598684
629.903598684
629.903598684
629.903598684
629.903598684
629.903598684
629.903598684
629.903598684
629.903598684
629.903598684
629.903598684
629.903598684
629.903598684
629.903598684
629.903598684
629.903598684
629.903598684
629.903598684
629.903598684
629.903598684
629.903598684
629.903598684
629.903598684
629.903598684
629.903598684
629.903598684
629.903598684
629.903598684
629.903598684
629.903598684
629.903598684
629.903598684
629.903598684
629.903598684
629.903598684
629.903598684
629.903598684
629.903598684
629.903598684
629.903598684
629.903598684
629.903598684
629.903598684
629.903598684
629.903598684
629.903598684
629.903598684
629.903598684
629.903598684
629.903598684
629.903598684
629.903598684
629.903598684
629.903598684
629.903598684
629.903598684
629.903598684
629.903598684
629.903598684
629.903598684
629.903598684
629.903598684
629.903598684
629.903598684
629.903598684
629.903598684
629.903598684
629.903598684
629.903598684
629.903598684
629.903598684
629.903598684
629.903598684
629.903598684
629.903598684
629.903598684
629.903598684
629.903598684
629.903598684
629.903598684
629.903598684
629.903598684
629.903598684
629.903598684
629.903598684
629.903598684
629.903598684
629.903598684
629.903598684
629.903598684
629.903598684
629.903598684
629.903598684
629.903598684
629.903598684
629.903598684
629.903598684
629.903598684
629.903598684
629.903598684
629.903598684
629.903598684
629.903598684
629.903598684
629.903598684
629.903598684
629.903598684
629.903598684
629.903598684
629.903598684
629.903598684
629.903598684
629.903598684
629.903598684
629.903598684
629.903598684
629.903598684
629.903598684
629.903598684
629.903598684
629.903598684
629.903598684
629.903598684
629.903598684
629.903598684
629.903598684
629.903598684
629.903598684
629.903598684
629.903598684
629.903598684
629.903598684
629.903598684
629.903598684
629.903598684
629.903598684
629.903598684
629.903598684
629.903598684
629.903598684
629.903598684
629.903598684
629.903598684
629.903598684
629.903598684
629.903598684
629.903598684
629.903598684
629.903598684
629.903598684
629.903598684
629.903598684
629.903598684
629.903598684
629.903598684
629.903598684
629.903598684
629.903598684
629.903598684
629.903598684
629.903598684
629.903598684
629.903598684
629.903598684
629.903598684
629.903598684
629.903598684
629.903598684
629.903598684
629.903598684
629.903598684
629.903598684
629.903598684
629.903598684
629.903598684
629.903598684
629.903598684
629.903598684
629.903598684
629.903598684
629.903598684
629.903598684
629.903598684
629.903598684
629.903598684
629.903598684
629.903598684
629.903598684
629.903598684
629.903598684
629.903598684
629.903598684
629.903598684
629.903598684
629.903598684
629.903598684
629.903598684
629.903598684
629.903598684
629.903598684
629.903598684
629.903598684
629.903598684
629.903598684
629.903598684
629.903598684
629.903598684
629.903598684
629.903598684
629.903598684
629.903598684
629.903598684
629.903598684
629.903598684
629.903598684
629.903598684
629.903598684
629.903598684
629.903598684
629.903598684
629.903598684
629.903598684
629.903598684
629.903598684
629.903598684
629.903598684
629.903598684
629.903598684
629.903598684
629.903598684
629.903598684
629.903598684
629.903598684
629.903598684
629.903598684
629.903598684
629.903598684
629.903598684
629.903598684
629.903598684
629.903598684
629.903598684
629.903598684
629.903598684
629.903598684
629.903598684
629.903598684
629.903598684
629.903598684
629.903598684
629.903598684
629.903598684
629.903598684
629.903598684
629.903598684
629.903598684
629.903598684
629.903598684
629.903598684
629.903598684
629.903598684
629.903598684
629.903598684
629.903598684
629.903598684
629.903598684
629.903598684
629.903598684
629.903598684
629.903598684
629.903598684
629.903598684
629.903598684
629.903598684
629.903598684
629.903598684
629.903598684
629.903598684
629.903598684
629.903598684
629.903598684
629.903598684
629.903598684
629.903598684
629.903598684
629.903598684
629.903598684
629.903598684
629.903598684
629.903598684
629.903598684
629.903598684
629.903598684
629.903598684
629.903598684
629.903598684
629.903598684
629.903598684
629.903598684
629.903598684
629.903598684
629.903598684
629.903598684
629.903598684
629.903598684
629.903598684
629.903598684
629.903598684
629.903598684
629.903598684
629.903598684
629.903598684
629.903598684
629.903598684
629.903598684
629.903598684
629.903598684
629.903598684
629.903598684
629.903598684
629.903598684
629.903598684
629.903598684
629.903598684
629.903598684
629.903598684
629.903598684
629.903598684
629.903598684
629.903598684
629.903598684
629.903598684
629.903598684
629.903598684
629.903598684
629.903598684
629.903598684
629.903598684
629.903598684
629.903598684
629.903598684
629.903598684
629.903598684
629.903598684
629.903598684
629.903598684
629.903598684
629.903598684
629.903598684
629.903598684
629.903598684
629.903598684
629.903598684
629.903598684
629.903598684
629.903598684
629.903598684
629.903598684
629.903598684
629.903598684
629.903598684
629.903598684
629.903598684
629.903598684
629.903598684
629.903598684
629.903598684
629.903598684
629.903598684
629.903598684
629.903598684
629.903598684
629.903598684
629.903598684
629.903598684
629.903598684
629.903598684
629.903598684
629.903598684
629.903598684
629.903598684
629.903598684
629.903598684
629.903598684
629.903598684
629.903598684
629.903598684
629.903598684
629.903598684
629.903598684
629.903598684
629.903598684
629.903598684
629.903598684
629.903598684
629.903598684
629.903598684
629.903598684
629.903598684
629.903598684
629.903598684
629.903598684
629.903598684
629.903598684
629.903598684
629.903598684
629.903598684
629.903598684
629.903598684
629.903598684
629.903598684
629.903598684
629.903598684
629.903598684
629.903598684
629.903598684
629.903598684
629.903598684
629.903598684
629.903598684
629.903598684
629.903598684
629.903598684
629.903598684
629.903598684
629.903598684
629.903598684
629.903598684
629.903598684
629.903598684
629.903598684
629.903598684
629.903598684
629.903598684
629.903598684
629.903598684
629.903598684
629.903598684
629.903598684
629.903598684
629.903598684
629.903598684
629.903598684
629.903598684
629.903598684
629.903598684
629.903598684
629.903598684
629.903598684
629.903598684
629.903598684
629.903598684
629.903598684
629.903598684
629.903598684
629.903598684
629.903598684
629.903598684
629.903598684
629.903598684
629.903598684
629.903598684
629.903598684
629.903598684
629.903598684
629.903598684
629.903598684
629.903598684
629.903598684
629.903598684
629.903598684
629.903598684
629.903598684
629.903598684
629.903598684
629.903598684
629.903598684
629.903598684
629.903598684
629.903598684
629.903598684
629.903598684
629.903598684
629.903598684
629.903598684
629.903598684
629.903598684
629.903598684
629.903598684
629.903598684
629.903598684
629.903598684
629.903598684
629.903598684
629.903598684
629.903598684
629.903598684
629.903598684
629.903598684
629.903598684
629.903598684
629.903598684
629.903598684
629.903598684
629.903598684
629.903598684
629.903598684
629.903598684
629.903598684
629.903598684
629.903598684
629.903598684
629.903598684
629.903598684
629.903598684
629.903598684
629.903598684
629.903598684
629.903598684
629.903598684
629.903598684
629.903598684
629.903598684
629.903598684
629.903598684
629.903598684
629.903598684
629.903598684
629.903598684
629.903598684
629.903598684
629.903598684
629.903598684
629.903598684
629.903598684
629.903598684
629.903598684
629.903598684
629.903598684
629.903598684
629.903598684
629.903598684
629.903598684
629.903598684
629.903598684
629.903598684
629.903598684
629.903598684
629.903598684
629.903598684
629.903598684
629.903598684
629.903598684
629.903598684
629.903598684
629.903598684
629.903598684
629.903598684
629.903598684
629.903598684
629.903598684
629.903598684
629.903598684
629.903598684
629.903598684
629.903598684
629.903598684
629.903598684
629.903598684
629.903598684
629.903598684
629.903598684
629.903598684
629.903598684
629.903598684
629.903598684
629.903598684
629.903598684
629.903598684
629.903598684
629.903598684
629.903598684
629.903598684
629.903598684
629.903598684
629.903598684
629.903598684
629.903598684
629.903598684
629.903598684
629.903598684
629.903598684
629.903598684
629.903598684
629.903598684
629.903598684
629.903598684
629.903598684
629.903598684
629.903598684
629.903598684
629.903598684
629.903598684
629.903598684
629.903598684
629.903598684
629.903598684
629.903598684
629.903598684
629.903598684
629.903598684
629.903598684
629.903598684
629.903598684
629.903598684
629.903598684
629.903598684
629.903598684
629.903598684
629.903598684
629.903598684
629.903598684
629.903598684
629.903598684
629.903598684
629.903598684
629.903598684
629.903598684
629.903598684
629.903598684
629.903598684
629.903598684
629.903598684
629.903598684
629.903598684
629.903598684
629.903598684
629.903598684
629.903598684
629.903598684
629.903598684
629.903598684
629.903598684
629.903598684
629.903598684
629.903598684
629.903598684
629.903598684
629.903598684
629.903598684
629.903598684
629.903598684
629.903598684
629.903598684
629.903598684
629.903598684
629.903598684
629.903598684
629.903598684
629.903598684
629.903598684
629.903598684
629.903598684
629.903598684
629.903598684
629.903598684
629.903598684
629.903598684
629.903598684
629.903598684
629.903598684
629.903598684
629.903598684
629.903598684
629.903598684
629.903598684
629.903598684
629.903598684
629.903598684
629.903598684
629.903598684
629.903598684
629.903598684
629.903598684
629.903598684
629.903598684
629.903598684
629.903598684
629.903598684
629.903598684
629.903598684
629.903598684
629.903598684
629.903598684
629.903598684
629.903598684
629.903598684
629.903598684
629.903598684
629.903598684
629.903598684
629.903598684
629.903598684
629.903598684
629.903598684
629.903598684
629.903598684
629.903598684
629.903598684
629.903598684
629.903598684
629.903598684
629.903598684
629.903598684
629.903598684
629.903598684
629.903598684
629.903598684
629.903598684
629.903598684
629.903598684
629.903598684
629.903598684
629.903598684
629.903598684
629.903598684
629.903598684
629.903598684
629.903598684
629.903598684
629.903598684
629.903598684
629.903598684
629.903598684
629.903598684
629.903598684
629.903598684
629.903598684
629.903598684
629.903598684
629.903598684
629.903598684
629.903598684
629.903598684
629.903598684
629.903598684
629.903598684
629.903598684
629.903598684
629.903598684
629.903598684
629.903598684
629.903598684
629.903598684
629.903598684
629.903598684
629.903598684
629.903598684
629.903598684
629.903598684
629.903598684
629.903598684
629.903598684
629.903598684
629.903598684
629.903598684
629.903598684
629.903598684
629.903598684
629.903598684
629.903598684
629.903598684
629.903598684
629.903598684
629.903598684
629.903598684
629.903598684
629.903598684
629.903598684
629.903598684
629.903598684
629.903598684
629.903598684
629.903598684
629.903598684
629.903598684
629.903598684
629.903598684
629.903598684
629.903598684
629.903598684
629.903598684
629.903598684
629.903598684
629.903598684
629.903598684
629.903598684
629.903598684
629.903598684
629.903598684
629.903598684
629.903598684
629.903598684
629.903598684
629.903598684
629.903598684
629.903598684
629.903598684
629.903598684
629.903598684
629.903598684
629.903598684
629.903598684
629.903598684
629.903598684
629.903598684
629.903598684
629.903598684
629.903598684
629.903598684
629.903598684
629.903598684
629.903598684
629.903598684
629.903598684
629.903598684
629.903598684
629.903598684
629.903598684
629.903598684
629.903598684
629.903598684
629.903598684
629.903598684
629.903598684
629.903598684
629.903598684
629.903598684
629.903598684
629.903598684
629.903598684
629.903598684
629.903598684
629.903598684
629.903598684
629.903598684
629.903598684
629.903598684
629.903598684
629.903598684
629.903598684
629.903598684
629.903598684
629.903598684
629.903598684
629.903598684
629.903598684
629.903598684
629.903598684
629.903598684
629.903598684
629.903598684
629.903598684
629.903598684
629.903598684
629.903598684
629.903598684
629.903598684
629.903598684
629.903598684
629.903598684
629.903598684
629.903598684
629.903598684
629.903598684
629.903598684
629.903598684
629.903598684
629.903598684
629.903598684
629.903598684
629.903598684
629.903598684
629.903598684
629.903598684
629.903598684
629.903598684
629.903598684
629.903598684
629.903598684
629.903598684
629.903598684
629.903598684
629.903598684
629.903598684
629.903598684
629.903598684
629.903598684
629.903598684
629.903598684
629.903598684
629.903598684
629.903598684
629.903598684
629.903598684
629.903598684
629.903598684
629.903598684
629.903598684
629.903598684
629.903598684
629.903598684
629.903598684
629.903598684
629.903598684
629.903598684
629.903598684
629.903598684
629.903598684
629.903598684
629.903598684
629.903598684
629.903598684
629.903598684
629.903598684
629.903598684
629.903598684
629.903598684
629.903598684
629.903598684
629.903598684
629.903598684
629.903598684
629.903598684
629.903598684
629.903598684
629.903598684
629.903598684
629.903598684
629.903598684
629.903598684
629.903598684
629.903598684
629.903598684
629.903598684
629.903598684
629.903598684
629.903598684
629.903598684
629.903598684
629.903598684
629.903598684
629.903598684
629.903598684
629.903598684
629.903598684
629.903598684
629.903598684
629.903598684
629.903598684
629.903598684
629.903598684
629.903598684
629.903598684
629.903598684
629.903598684
629.903598684
629.903598684
629.903598684
629.903598684
629.903598684
629.903598684
629.903598684
629.903598684
629.903598684
629.903598684
629.903598684
629.903598684
629.903598684
629.903598684
629.903598684
629.903598684
629.903598684
629.903598684
629.903598684
629.903598684
629.903598684
629.903598684
629.903598684
629.903598684
629.903598684
629.903598684
629.903598684
629.903598684
629.903598684
629.903598684
629.903598684
629.903598684
629.903598684
629.903598684
629.903598684
629.903598684
629.903598684
629.903598684
629.903598684
629.903598684
629.903598684
629.903598684
629.903598684
629.903598684
629.903598684
629.903598684
629.903598684
629.903598684
629.903598684
629.903598684
629.903598684
629.903598684
629.903598684
629.903598684
629.903598684
629.903598684
629.903598684
629.903598684
629.903598684
629.903598684
629.903598684
629.903598684
629.903598684
629.903598684
629.903598684
629.903598684
629.903598684
629.903598684
629.903598684
629.903598684
629.903598684
629.903598684
629.903598684
629.903598684
629.903598684
629.903598684
629.903598684
629.903598684
629.903598684
629.903598684
629.903598684
629.903598684
629.903598684
629.903598684
629.903598684
629.903598684
629.903598684
629.903598684
629.903598684
629.903598684
629.903598684
629.903598684
629.903598684
629.903598684
629.903598684
629.903598684
629.903598684
629.903598684
629.903598684
629.903598684
629.903598684
629.903598684
629.903598684
629.903598684
629.903598684
629.903598684
629.903598684
629.903598684
629.903598684
629.903598684
629.903598684
629.903598684
629.903598684
629.903598684
629.903598684
629.903598684
629.903598684
629.903598684
629.903598684
629.903598684
629.903598684
629.903598684
629.903598684
629.903598684
629.903598684
629.903598684
629.903598684
629.903598684
629.903598684
629.903598684
629.903598684
629.903598684
629.903598684
629.903598684
629.903598684
629.903598684
629.903598684
629.903598684
629.903598684
629.903598684
629.903598684
629.903598684
629.903598684
629.903598684
629.903598684
629.903598684
629.903598684
629.903598684
629.903598684
629.903598684
629.903598684
629.903598684
629.903598684
629.903598684
629.903598684
629.903598684
629.903598684
629.903598684
629.903598684
629.903598684
629.903598684
629.903598684
629.903598684
629.903598684
629.903598684
629.903598684
629.903598684
629.903598684
629.903598684
629.903598684
629.903598684
629.903598684
629.903598684
629.903598684
629.903598684
629.903598684
629.903598684
629.903598684
629.903598684
629.903598684
629.903598684
629.903598684
629.903598684
629.903598684
629.903598684
629.903598684
629.903598684
629.903598684
629.903598684
629.903598684
629.903598684
629.903598684
629.903598684
629.903598684
629.903598684
629.903598684
629.903598684
629.903598684
629.903598684
629.903598684
629.903598684
629.903598684
629.903598684
629.903598684
629.903598684
629.903598684
629.903598684
629.903598684
629.903598684
629.903598684
629.903598684
629.903598684
629.903598684
629.903598684
629.903598684
629.903598684
629.903598684
629.903598684
629.903598684
629.903598684
629.903598684
629.903598684
629.903598684
629.903598684
629.903598684
629.903598684
629.903598684
629.903598684
629.903598684
629.903598684
629.903598684
629.903598684
629.903598684
629.903598684
629.903598684
629.903598684
629.903598684
629.903598684
629.903598684
629.903598684
629.903598684
629.903598684
629.903598684
629.903598684
629.903598684
629.903598684
629.903598684
629.903598684
629.903598684
629.903598684
629.903598684
629.903598684
629.903598684
629.903598684
629.903598684
629.903598684
629.903598684
629.903598684
629.903598684
629.903598684
629.903598684
629.903598684
629.903598684
629.903598684
629.903598684
629.903598684
629.903598684
629.903598684
629.903598684
629.903598684
629.903598684
629.903598684
629.903598684
629.903598684
629.903598684
629.903598684
629.903598684
629.903598684
629.903598684
629.903598684
629.903598684
629.903598684
629.903598684
629.903598684
629.903598684
629.903598684
629.903598684
629.903598684
629.903598684
629.903598684
629.903598684
629.903598684
629.903598684
629.903598684
629.903598684
629.903598684
629.903598684
629.903598684
629.903598684
629.903598684
629.903598684
629.903598684
629.903598684
629.903598684
629.903598684
629.903598684
629.903598684
629.903598684
629.903598684
629.903598684
629.903598684
629.903598684
629.903598684
629.903598684
629.903598684
629.903598684
629.903598684
629.903598684
629.903598684
629.903598684
629.903598684
629.903598684
629.903598684
629.903598684
629.903598684
629.903598684
629.903598684
629.903598684
629.903598684
629.903598684
629.903598684
629.903598684
629.903598684
629.903598684
629.903598684
629.903598684
629.903598684
629.903598684
629.903598684
629.903598684
629.903598684
629.903598684
629.903598684
629.903598684
629.903598684
629.903598684
629.903598684
629.903598684
629.903598684
629.903598684
629.903598684
629.903598684
629.903598684
629.903598684
629.903598684
629.903598684
629.903598684
629.903598684
629.903598684
629.903598684
629.903598684
629.903598684
629.903598684
629.903598684
629.903598684
629.903598684
629.903598684
629.903598684
629.903598684
629.903598684
629.903598684
629.903598684
629.903598684
629.903598684
629.903598684
629.903598684
629.903598684
629.903598684
629.903598684
629.903598684
629.903598684
629.903598684
629.903598684
629.903598684
629.903598684
629.903598684
629.903598684
629.903598684
629.903598684
629.903598684
629.903598684
629.903598684
629.903598684
629.903598684
629.903598684
629.903598684
629.903598684
629.903598684
629.903598684
629.903598684
629.903598684
629.903598684
629.903598684
629.903598684
629.903598684
629.903598684
629.903598684
629.903598684
629.903598684
629.903598684
629.903598684
629.903598684
629.903598684
629.903598684
629.903598684
629.903598684
629.903598684
629.903598684
629.903598684
629.903598684
629.903598684
629.903598684
629.903598684
629.903598684
629.903598684
629.903598684
629.903598684
629.903598684
629.903598684
629.903598684
629.903598684
629.903598684
629.903598684
629.903598684
629.903598684
629.903598684
629.903598684
629.903598684
629.903598684
629.903598684
629.903598684
629.903598684
629.903598684
629.903598684
629.903598684
629.903598684
629.903598684
629.903598684
629.903598684
629.903598684
629.903598684
629.903598684
629.903598684
629.903598684
629.903598684
629.903598684
629.903598684
629.903598684
629.903598684
629.903598684
629.903598684
629.903598684
629.903598684
629.903598684
629.903598684
629.903598684
629.903598684
629.903598684
629.903598684
629.903598684
629.903598684
629.903598684
629.903598684
629.903598684
629.903598684
629.903598684
629.903598684
629.903598684
629.903598684
629.903598684
629.903598684
629.903598684
629.903598684
629.903598684
629.903598684
629.903598684
629.903598684
629.903598684
629.903598684
629.903598684
629.903598684
629.903598684
629.903598684
629.903598684
629.903598684
629.903598684
629.903598684
629.903598684
629.903598684
629.903598684
629.903598684
629.903598684
629.903598684
629.903598684
629.903598684
629.903598684
629.903598684
629.903598684
629.903598684
629.903598684
629.903598684
629.903598684
629.903598684
629.903598684
629.903598684
629.903598684
629.903598684
629.903598684
629.903598684
629.903598684
629.903598684
629.903598684
629.903598684
629.903598684
629.903598684
629.903598684
629.903598684
629.903598684
629.903598684
629.903598684
629.903598684
629.903598684
629.903598684
629.903598684
629.903598684
629.903598684
629.903598684
629.903598684
629.903598684
629.903598684
629.903598684
629.903598684
629.903598684
629.903598684
629.903598684
629.903598684
629.903598684
629.903598684
629.903598684
629.903598684
629.903598684
629.903598684
629.903598684
629.903598684
629.903598684
629.903598684
629.903598684
629.903598684
629.903598684
629.903598684
629.903598684
629.903598684
629.903598684
629.903598684
629.903598684
629.903598684
629.903598684
629.903598684
629.903598684
629.903598684
629.903598684
629.903598684
629.903598684
629.903598684
629.903598684
629.903598684
629.903598684
629.903598684
629.903598684
629.903598684
629.903598684
629.903598684
629.903598684
629.903598684
629.903598684
629.903598684
629.903598684
629.903598684
629.903598684
629.903598684
629.903598684
629.903598684
629.903598684
629.903598684
629.903598684
629.903598684
629.903598684
629.903598684
629.903598684
629.903598684
629.903598684
629.903598684
629.903598684
629.903598684
629.903598684
629.903598684
629.903598684
629.903598684
629.903598684
629.903598684
629.903598684
629.903598684
629.903598684
629.903598684
629.903598684
629.903598684
629.903598684
629.903598684
629.903598684
629.903598684
629.903598684
629.903598684
629.903598684
629.903598684
629.903598684
629.903598684
629.903598684
629.903598684
629.903598684
629.903598684
629.903598684
629.903598684
629.903598684
629.903598684
629.903598684
629.903598684
629.903598684
629.903598684
629.903598684
629.903598684
629.903598684
629.903598684
629.903598684
629.903598684
629.903598684
629.903598684
629.903598684
629.903598684
629.903598684
629.903598684
629.903598684
629.903598684
629.903598684
629.903598684
629.903598684
629.903598684
629.903598684
629.903598684
629.903598684
629.903598684
629.903598684
629.903598684
629.903598684
629.903598684
629.903598684
629.903598684
629.903598684
629.903598684
629.903598684
629.903598684
629.903598684
629.903598684
629.903598684
629.903598684
629.903598684
629.903598684
629.903598684
629.903598684
629.903598684
629.903598684
629.903598684
629.903598684
629.903598684
629.903598684
629.903598684
629.903598684
629.903598684
629.903598684
629.903598684
629.903598684
629.903598684
629.903598684
629.903598684
629.903598684
629.903598684
629.903598684
629.903598684
629.903598684
629.903598684
629.903598684
629.903598684
629.903598684
629.903598684
629.903598684
629.903598684
629.903598684
629.903598684
629.903598684
629.903598684
629.903598684
629.903598684
629.903598684
629.903598684
629.903598684
629.903598684
629.903598684
629.903598684
629.903598684
629.903598684
629.903598684
629.903598684
629.903598684
629.903598684
629.903598684
629.903598684
629.903598684
629.903598684
629.903598684
629.903598684
629.903598684
629.903598684
629.903598684
629.903598684
629.903598684
629.903598684
629.903598684
629.903598684
629.903598684
629.903598684
629.903598684
629.903598684
629.903598684
629.903598684
629.903598684
629.903598684
629.903598684
629.903598684
629.903598684
629.903598684
629.903598684
629.903598684
629.903598684
629.903598684
629.903598684
629.903598684
629.903598684
629.903598684
629.903598684
629.903598684
629.903598684
629.903598684
629.903598684
629.903598684
629.903598684
629.903598684
629.903598684
629.903598684
629.903598684
629.903598684
629.903598684
629.903598684
629.903598684
629.903598684
629.903598684
629.903598684
629.903598684
629.903598684
629.903598684
629.903598684
629.903598684
629.903598684
629.903598684
629.903598684
629.903598684
629.903598684
629.903598684
629.903598684
629.903598684
629.903598684
629.903598684
629.903598684
629.903598684
629.903598684
629.903598684
629.903598684
629.903598684
629.903598684
629.903598684
629.903598684
629.903598684
629.903598684
629.903598684
629.903598684
629.903598684
629.903598684
629.903598684
629.903598684
629.903598684
629.903598684
629.903598684
629.903598684
629.903598684
629.903598684
629.903598684
629.903598684
629.903598684
629.903598684
629.903598684
629.903598684
629.903598684
629.903598684
629.903598684
629.903598684
629.903598684
629.903598684
629.903598684
629.903598684
629.903598684
629.903598684
629.903598684
629.903598684
629.903598684
629.903598684
629.903598684
629.903598684
629.903598684
629.903598684
629.903598684
629.903598684
629.903598684
629.903598684
629.903598684
629.903598684
629.903598684
629.903598684
629.903598684
629.903598684
629.903598684
629.903598684
629.903598684
629.903598684
629.903598684
629.903598684
629.903598684
629.903598684
629.903598684
629.903598684
629.903598684
629.903598684
629.903598684
629.903598684
629.903598684
629.903598684
629.903598684
629.903598684
629.903598684
629.903598684
629.903598684
629.903598684
629.903598684
629.903598684
629.903598684
629.903598684
629.903598684
629.903598684
629.903598684
629.903598684
629.903598684
629.903598684
629.903598684
629.903598684
629.903598684
629.903598684
629.903598684
629.903598684
629.903598684
629.903598684
629.903598684
629.903598684
629.903598684
629.903598684
629.903598684
629.903598684
629.903598684
629.903598684
629.903598684
629.903598684
629.903598684
629.903598684
629.903598684
629.903598684
629.903598684
629.903598684
629.903598684
629.903598684
629.903598684
629.903598684
629.903598684
629.903598684
629.903598684
629.903598684
629.903598684
629.903598684
629.903598684
629.903598684
629.903598684
629.903598684
629.903598684
629.903598684
629.903598684
629.903598684
629.903598684
629.903598684
629.903598684
629.903598684
629.903598684
629.903598684
629.903598684
629.903598684
629.903598684
629.903598684
629.903598684
629.903598684
629.903598684
629.903598684
629.903598684
629.903598684
629.903598684
629.903598684
629.903598684
629.903598684
629.903598684
629.903598684
629.903598684
629.903598684
629.903598684
629.903598684
629.903598684
629.903598684
629.903598684
629.903598684
629.903598684
629.903598684
629.903598684
629.903598684
629.903598684
629.903598684
629.903598684
629.903598684
629.903598684
629.903598684
629.903598684
629.903598684
629.903598684
629.903598684
629.903598684
629.903598684
629.903598684
629.903598684
629.903598684
629.903598684
629.903598684
629.903598684
629.903598684
629.903598684
629.903598684
629.903598684
629.903598684
629.903598684
629.903598684
629.903598684
629.903598684
629.903598684
629.903598684
629.903598684
629.903598684
629.903598684
629.903598684
629.903598684
629.903598684
629.903598684
629.903598684
629.903598684
629.903598684
629.903598684
629.903598684
629.903598684
629.903598684
629.903598684
629.903598684
629.903598684
629.903598684
629.903598684
629.903598684
629.903598684
629.903598684
629.903598684
629.903598684
629.903598684
629.903598684
629.903598684
629.903598684
629.903598684
629.903598684
629.903598684
629.903598684
629.903598684
629.903598684
629.903598684
629.903598684
629.903598684
629.903598684
629.903598684
629.903598684
629.903598684
629.903598684
629.903598684
629.903598684
629.903598684
629.903598684
629.903598684
629.903598684
629.903598684
629.903598684
629.903598684
629.903598684
629.903598684
629.903598684
629.903598684
629.903598684
629.903598684
629.903598684
629.903598684
629.903598684
629.903598684
629.903598684
629.903598684
629.903598684
629.903598684
629.903598684
629.903598684
629.903598684
629.903598684
629.903598684
629.903598684
629.903598684
629.903598684
629.903598684
629.903598684
629.903598684
629.903598684
629.903598684
629.903598684
629.903598684
629.903598684
629.903598684
629.903598684
629.903598684
629.903598684
629.903598684
629.903598684
629.903598684
629.903598684
629.903598684
629.903598684
629.903598684
629.903598684
629.903598684
629.903598684
629.903598684
629.903598684
629.903598684
629.903598684
629.903598684
629.903598684
629.903598684
629.903598684
629.903598684
629.903598684
629.903598684
629.903598684
629.903598684
629.903598684
629.903598684
629.903598684
629.903598684
629.903598684
629.903598684
629.903598684
629.903598684
629.903598684
629.903598684
629.903598684
629.903598684
629.903598684
629.903598684
629.903598684
629.903598684
629.903598684
629.903598684
629.903598684
629.903598684
629.903598684
629.903598684
629.903598684
629.903598684
629.903598684
629.903598684
629.903598684
629.903598684
629.903598684
629.903598684
629.903598684
629.903598684
629.903598684
629.903598684
629.903598684
629.903598684
629.903598684
629.903598684
629.903598684
629.903598684
629.903598684
629.903598684
629.903598684
629.903598684
629.903598684
629.903598684
629.903598684
629.903598684
629.903598684
629.903598684
629.903598684
629.903598684
629.903598684
629.903598684
629.903598684
629.903598684
629.903598684
629.903598684
629.903598684
629.903598684
629.903598684
629.903598684
629.903598684
629.903598684
629.903598684
629.903598684
629.903598684
629.903598684
629.903598684
629.903598684
629.903598684
629.903598684
629.903598684
629.903598684
629.903598684
629.903598684
629.903598684
629.903598684
629.903598684
629.903598684
629.903598684
629.903598684
629.903598684
629.903598684
629.903598684
629.903598684
629.903598684
629.903598684
629.903598684
629.903598684
629.903598684
